"Frequency"	"Magnitude"
1.010000000000E+02	9.891698E-07
1.041800000000E+02	2.023783E-06
1.073610000000E+02	2.879860E-06
1.105410000000E+02	2.966658E-06
1.137210000000E+02	2.841604E-06
1.169020000000E+02	1.276578E-06
1.200820000000E+02	6.777348E-07
1.232620000000E+02	6.387795E-07
1.264430000000E+02	5.550163E-07
1.296230000000E+02	5.991135E-07
1.328030000000E+02	6.971864E-07
1.359830000000E+02	5.983990E-07
1.391640000000E+02	5.305409E-07
1.423440000000E+02	6.379155E-07
1.455240000000E+02	3.050714E-06
1.487050000000E+02	4.623209E-06
1.518850000000E+02	4.612656E-06
1.550650000000E+02	4.184295E-06
1.582460000000E+02	1.608322E-06
1.614260000000E+02	6.148188E-07
1.646060000000E+02	5.482142E-07
1.677870000000E+02	5.325168E-07
1.709670000000E+02	5.104894E-07
1.741470000000E+02	5.168989E-07
1.773280000000E+02	4.995088E-07
1.805080000000E+02	4.675427E-07
1.836880000000E+02	5.865001E-07
1.868680000000E+02	6.618008E-07
1.900490000000E+02	7.002666E-07
1.932290000000E+02	6.539102E-07
1.964090000000E+02	6.456125E-07
1.995900000000E+02	6.678728E-07
2.027700000000E+02	6.512888E-07
2.059500000000E+02	7.574948E-07
2.091310000000E+02	7.639265E-07
2.123110000000E+02	7.804642E-07
2.154910000000E+02	7.024101E-07
2.186720000000E+02	5.720558E-07
2.218520000000E+02	4.838923E-07
2.250320000000E+02	4.815759E-07
2.282130000000E+02	4.523243E-07
2.313930000000E+02	3.795540E-07
2.345730000000E+02	4.140936E-07
2.377530000000E+02	5.033893E-07
2.409340000000E+02	4.806732E-07
2.441140000000E+02	4.918853E-07
2.472940000000E+02	8.056811E-07
2.504750000000E+02	1.365804E-06
2.536550000000E+02	1.519836E-06
2.568350000000E+02	1.448581E-06
2.600160000000E+02	7.588879E-07
2.631960000000E+02	5.115489E-07
2.641960000000E+02	6.689936E-07
2.725980000000E+02	5.175169E-07
2.810010000000E+02	4.163672E-07
2.894030000000E+02	4.016721E-07
2.978060000000E+02	4.357835E-07
3.062080000000E+02	4.430016E-07
3.146110000000E+02	4.408255E-07
3.230130000000E+02	4.945091E-07
3.314150000000E+02	6.273189E-07
3.398180000000E+02	6.609945E-07
3.482200000000E+02	6.350444E-07
3.566230000000E+02	5.267368E-07
3.650250000000E+02	4.635945E-07
3.734280000000E+02	4.102522E-07
3.818300000000E+02	4.088436E-07
3.902320000000E+02	3.877414E-07
3.986350000000E+02	3.344951E-07
4.070370000000E+02	3.146816E-07
4.154400000000E+02	3.034520E-07
4.238420000000E+02	2.633906E-07
4.322450000000E+02	2.821717E-07
4.406470000000E+02	3.939525E-07
4.490490000000E+02	4.217808E-07
4.574520000000E+02	4.178182E-07
4.658540000000E+02	3.506441E-07
4.742570000000E+02	3.145805E-07
4.826590000000E+02	2.741485E-07
4.910620000000E+02	2.082900E-07
4.994640000000E+02	1.909722E-07
5.078670000000E+02	3.089519E-07
5.162690000000E+02	3.425275E-07
5.246710000000E+02	3.388640E-07
5.330740000000E+02	3.629002E-07
5.414760000000E+02	4.828075E-07
5.498790000000E+02	6.109319E-07
5.582810000000E+02	6.142679E-07
5.666840000000E+02	5.894813E-07
5.750860000000E+02	3.107618E-07
5.834880000000E+02	2.090408E-07
5.918910000000E+02	2.069634E-07
6.002930000000E+02	2.168491E-07
6.086960000000E+02	1.976915E-07
6.170980000000E+02	2.202264E-07
6.255010000000E+02	2.478241E-07
6.339030000000E+02	2.715010E-07
6.423050000000E+02	4.162071E-07
6.507080000000E+02	4.582571E-07
6.591100000000E+02	4.450625E-07
6.675130000000E+02	4.335857E-07
6.759150000000E+02	3.575901E-07
6.843180000000E+02	2.210785E-07
6.927200000000E+02	2.173379E-07
6.937200000000E+02	2.693978E-07
7.158670000000E+02	1.929673E-07
7.380140000000E+02	4.133642E-07
7.601610000000E+02	5.532759E-07
7.823070000000E+02	3.889218E-07
8.044540000000E+02	2.231298E-07
8.266010000000E+02	2.441316E-07
8.487480000000E+02	4.653184E-07
8.708950000000E+02	3.298134E-07
8.930420000000E+02	2.877340E-07
9.151890000000E+02	2.354136E-07
9.373350000000E+02	2.051672E-07
9.594820000000E+02	2.888593E-07
9.816290000000E+02	2.449397E-07
1.003776000000E+03	6.307338E-07
1.025923000000E+03	3.733312E-07
1.048070000000E+03	3.411737E-07
1.070217000000E+03	3.630874E-07
1.092364000000E+03	1.875347E-07
1.114510000000E+03	1.961063E-07
1.136657000000E+03	1.561290E-07
1.158804000000E+03	1.718559E-07
1.180951000000E+03	2.191265E-07
1.203098000000E+03	2.121795E-07
1.225245000000E+03	2.157325E-07
1.247392000000E+03	1.602864E-07
1.269538000000E+03	2.178139E-07
1.291685000000E+03	1.479738E-07
1.313832000000E+03	1.520311E-07
1.335979000000E+03	9.709022E-08
1.358126000000E+03	1.525442E-07
1.380273000000E+03	1.765803E-07
1.402420000000E+03	1.595114E-07
1.424566000000E+03	1.669304E-07
1.446713000000E+03	2.073902E-07
1.468860000000E+03	1.339821E-07
1.491007000000E+03	1.406661E-07
1.513154000000E+03	1.409990E-07
1.535301000000E+03	1.321668E-07
1.557448000000E+03	1.998013E-07
1.579595000000E+03	1.642971E-07
1.601741000000E+03	1.399047E-07
1.623888000000E+03	1.331437E-07
1.646035000000E+03	1.359963E-07
1.668182000000E+03	2.082127E-07
1.690329000000E+03	1.982409E-07
1.712476000000E+03	1.736768E-07
1.734623000000E+03	1.636604E-07
1.756769000000E+03	1.636009E-07
1.778916000000E+03	1.413456E-07
1.801063000000E+03	1.086872E-07
1.823210000000E+03	1.324272E-07
1.824210000000E+03	1.158407E-07
1.882531000000E+03	1.291945E-07
1.940853000000E+03	1.298244E-07
1.999174000000E+03	1.989064E-07
2.057495000000E+03	1.583418E-07
2.115817000000E+03	1.116769E-07
2.174138000000E+03	8.172935E-08
2.232460000000E+03	9.259651E-08
2.290781000000E+03	1.175226E-07
2.349102000000E+03	1.129180E-07
2.407424000000E+03	8.134199E-08
2.465745000000E+03	8.767687E-08
2.524066000000E+03	9.508417E-08
2.582388000000E+03	9.675755E-08
2.640709000000E+03	7.828807E-08
2.699031000000E+03	7.994200E-08
2.757352000000E+03	9.133725E-08
2.815673000000E+03	8.610281E-08
2.873995000000E+03	7.924184E-08
2.932316000000E+03	8.461912E-08
2.990637000000E+03	8.179293E-08
3.048959000000E+03	8.855753E-08
3.107280000000E+03	8.510082E-08
3.165602000000E+03	6.757617E-08
3.223923000000E+03	5.847973E-08
3.282244000000E+03	5.971081E-08
3.340566000000E+03	6.714522E-08
3.398887000000E+03	5.875220E-08
3.457208000000E+03	4.459224E-08
3.515530000000E+03	5.948927E-08
3.573851000000E+03	6.339773E-08
3.632173000000E+03	5.444778E-08
3.690494000000E+03	5.787414E-08
3.748815000000E+03	6.291955E-08
3.807137000000E+03	5.981035E-08
3.865458000000E+03	5.694936E-08
3.923779000000E+03	6.452616E-08
3.982101000000E+03	5.785265E-08
4.040422000000E+03	4.416208E-08
4.098744000000E+03	4.199999E-08
4.157065000000E+03	4.933549E-08
4.215386000000E+03	4.879682E-08
4.273708000000E+03	5.446135E-08
4.332029000000E+03	5.103654E-08
4.390350000000E+03	4.916321E-08
4.448672000000E+03	4.563332E-08
4.506993000000E+03	5.036389E-08
4.565315000000E+03	4.251417E-08
4.623636000000E+03	4.754584E-08
4.681957000000E+03	4.370088E-08
4.740279000000E+03	4.397650E-08
4.798600000000E+03	4.666731E-08
4.799600000000E+03	4.651245E-08
4.953131000000E+03	4.381610E-08
5.106663000000E+03	3.817497E-08
5.260194000000E+03	3.195417E-08
5.413725000000E+03	4.056279E-08
5.567257000000E+03	3.878341E-08
5.720788000000E+03	3.396189E-08
5.874320000000E+03	4.065636E-08
6.027851000000E+03	3.792418E-08
6.181382000000E+03	3.586334E-08
6.334914000000E+03	2.823406E-08
6.488445000000E+03	3.836290E-08
6.641976000000E+03	4.448309E-08
6.795508000000E+03	4.195673E-08
6.949039000000E+03	3.342184E-08
7.102571000000E+03	2.800151E-08
7.256102000000E+03	2.675669E-08
7.409633000000E+03	3.210266E-08
7.563165000000E+03	3.676182E-08
7.716696000000E+03	3.326435E-08
7.870227000000E+03	3.036531E-08
8.023759000000E+03	2.524340E-08
8.177290000000E+03	2.728373E-08
8.330822000000E+03	3.320809E-08
8.484353000000E+03	3.337001E-08
8.637884000000E+03	3.148269E-08
8.791416000000E+03	2.979965E-08
8.944947000000E+03	3.121910E-08
9.098478000000E+03	2.967732E-08
9.252010000000E+03	2.630865E-08
9.405541000000E+03	3.342908E-08
9.559073000000E+03	3.617853E-08
9.712604000000E+03	3.003647E-08
9.866135000000E+03	2.896745E-08
1.001966700000E+04	2.491307E-08
1.017319800000E+04	2.917703E-08
1.032672900000E+04	3.529802E-08
1.048026100000E+04	3.508920E-08
1.063379200000E+04	2.898863E-08
1.078732400000E+04	2.215015E-08
1.094085500000E+04	2.680659E-08
1.109438600000E+04	2.878676E-08
1.124791800000E+04	2.232890E-08
1.140144900000E+04	2.367299E-08
1.155498000000E+04	2.570180E-08
1.170851200000E+04	2.393134E-08
1.186204300000E+04	2.626788E-08
1.201557500000E+04	2.904252E-08
1.216910600000E+04	2.938807E-08
1.232263700000E+04	2.641533E-08
1.247616900000E+04	2.951243E-08
1.262970000000E+04	2.521313E-08
1.263070000000E+04	2.221821E-08
1.303482200000E+04	2.283484E-08
1.343894300000E+04	2.594266E-08
1.384306500000E+04	2.397826E-08
1.424718600000E+04	2.296103E-08
1.465130800000E+04	1.997897E-08
1.505542900000E+04	1.920044E-08
1.545955100000E+04	2.647486E-08
1.586367300000E+04	2.699538E-08
1.626779400000E+04	2.556145E-08
1.667191600000E+04	2.359372E-08
1.707603700000E+04	2.587285E-08
1.748015900000E+04	3.188169E-08
1.788428000000E+04	6.122757E-08
1.828840200000E+04	6.185564E-08
1.869252400000E+04	4.283785E-08
1.909664500000E+04	1.981618E-08
1.950076700000E+04	2.194168E-08
1.990488800000E+04	1.989248E-08
2.030901000000E+04	2.462026E-08
2.071313100000E+04	2.915136E-08
2.111725300000E+04	3.464059E-08
2.152137500000E+04	2.949787E-08
2.192549600000E+04	2.284041E-08
2.232961800000E+04	2.240067E-08
2.273373900000E+04	2.683111E-08
2.313786100000E+04	2.819684E-08
2.354198200000E+04	2.749113E-08
2.394610400000E+04	2.529975E-08
2.435022500000E+04	2.253633E-08
2.475434700000E+04	1.905219E-08
2.515846900000E+04	2.335410E-08
2.556259000000E+04	2.518698E-08
2.596671200000E+04	2.343323E-08
2.637083300000E+04	2.363759E-08
2.677495500000E+04	2.978057E-08
2.717907600000E+04	3.015103E-08
2.758319800000E+04	2.972588E-08
2.798732000000E+04	2.846575E-08
2.839144100000E+04	2.155238E-08
2.879556300000E+04	2.023132E-08
2.919968400000E+04	1.776118E-08
2.960380600000E+04	1.779424E-08
3.000792700000E+04	2.012585E-08
3.041204900000E+04	2.310347E-08
3.081617100000E+04	2.233618E-08
3.122029200000E+04	1.784947E-08
3.162441400000E+04	1.993229E-08
3.202853500000E+04	1.652474E-08
3.243265700000E+04	1.882171E-08
3.283677800000E+04	2.205536E-08
3.324090000000E+04	2.665604E-08
3.324190000000E+04	2.248776E-08
3.430555900000E+04	1.853662E-08
3.536921800000E+04	1.858346E-08
3.643287600000E+04	2.953882E-08
3.749653500000E+04	3.102422E-08
3.856019400000E+04	2.757757E-08
3.962385300000E+04	3.610444E-08
4.068751200000E+04	4.095886E-08
4.175117100000E+04	4.066491E-08
4.281482900000E+04	3.487386E-08
4.387848800000E+04	3.191164E-08
4.494214700000E+04	3.181213E-08
4.600580600000E+04	2.991882E-08
4.706946500000E+04	2.683562E-08
4.813312400000E+04	2.530246E-08
4.919678200000E+04	2.510413E-08
5.026044100000E+04	2.582433E-08
5.132410000000E+04	2.274743E-08
5.238775900000E+04	2.025590E-08
5.345141800000E+04	1.970961E-08
5.451507600000E+04	2.316670E-08
5.557873500000E+04	2.711080E-08
5.664239400000E+04	2.686923E-08
5.770605300000E+04	2.058013E-08
5.876971200000E+04	1.867465E-08
5.983337100000E+04	2.276088E-08
6.089702900000E+04	2.415013E-08
6.196068800000E+04	2.380261E-08
6.302434700000E+04	2.270538E-08
6.408800600000E+04	1.991793E-08
6.515166500000E+04	1.846545E-08
6.621532400000E+04	1.856668E-08
6.727898200000E+04	1.991235E-08
6.834264100000E+04	1.907006E-08
6.940630000000E+04	1.864561E-08
7.046995900000E+04	1.787169E-08
7.153361800000E+04	1.765367E-08
7.259727600000E+04	1.663685E-08
7.366093500000E+04	1.728085E-08
7.472459400000E+04	1.802053E-08
7.578825300000E+04	1.773324E-08
7.685191200000E+04	1.779063E-08
7.791557100000E+04	1.640640E-08
7.897922900000E+04	1.614782E-08
8.004288800000E+04	1.803657E-08
8.110654700000E+04	1.865585E-08
8.217020600000E+04	1.798225E-08
8.323386500000E+04	2.005359E-08
8.429752400000E+04	2.302835E-08
8.536118200000E+04	2.249705E-08
8.642484100000E+04	2.171854E-08
8.748850000000E+04	2.079962E-08
8.748950000000E+04	1.615699E-08
9.028903900000E+04	1.716064E-08
9.308857800000E+04	1.810155E-08
9.588811800000E+04	1.982621E-08
9.868765700000E+04	2.066250E-08
1.014871960000E+05	2.023897E-08
1.042867350000E+05	2.248768E-08
1.070862750000E+05	2.126148E-08
1.098858140000E+05	1.756131E-08
1.126853530000E+05	1.720669E-08
1.154848920000E+05	1.607787E-08
1.182844310000E+05	1.500991E-08
1.210839710000E+05	1.702023E-08
1.238835100000E+05	1.828876E-08
1.266830490000E+05	1.801496E-08
1.294825880000E+05	1.835683E-08
1.322821270000E+05	1.962587E-08
1.350816670000E+05	1.979334E-08
1.378812060000E+05	2.164544E-08
1.406807450000E+05	2.084058E-08
1.434802840000E+05	2.084857E-08
1.462798240000E+05	1.893147E-08
1.490793630000E+05	1.604535E-08
1.518789020000E+05	1.740635E-08
1.546784410000E+05	1.742386E-08
1.574779800000E+05	1.729444E-08
1.602775200000E+05	1.617141E-08
1.630770590000E+05	2.000954E-08
1.658765980000E+05	2.180640E-08
1.686761370000E+05	2.435855E-08
1.714756760000E+05	2.420717E-08
1.742752160000E+05	2.076509E-08
1.770747550000E+05	1.389454E-08
1.798742940000E+05	1.324458E-08
1.826738330000E+05	1.327838E-08
1.854733730000E+05	1.430691E-08
1.882729120000E+05	1.523797E-08
1.910724510000E+05	1.683084E-08
1.938719900000E+05	1.809524E-08
1.966715290000E+05	1.966350E-08
1.994710690000E+05	2.156405E-08
2.022706080000E+05	2.265727E-08
2.050701470000E+05	2.167028E-08
2.078696860000E+05	2.433415E-08
2.106692250000E+05	2.294603E-08
2.134687650000E+05	2.284249E-08
2.162683040000E+05	2.096360E-08
2.190678430000E+05	2.123020E-08
2.218673820000E+05	2.104408E-08
2.246669220000E+05	2.121874E-08
2.274664610000E+05	2.103083E-08
2.302660000000E+05	1.820817E-08
2.302670000000E+05	2.217701E-08
2.376352940000E+05	1.991513E-08
2.450035880000E+05	3.774039E-07
2.523718820000E+05	8.129471E-07
2.597401760000E+05	1.088887E-07
2.671084710000E+05	1.960785E-08
2.744767650000E+05	1.816810E-08
2.818450590000E+05	1.128598E-08
2.892133530000E+05	2.148463E-08
2.965816470000E+05	2.053217E-08
3.039499410000E+05	1.766748E-08
3.113182350000E+05	2.330509E-08
3.186865290000E+05	2.324388E-08
3.260548240000E+05	1.258977E-08
3.334231180000E+05	1.895099E-08
3.407914120000E+05	2.593094E-08
3.481597060000E+05	1.643779E-08
3.555280000000E+05	1.101567E-08
3.628962940000E+05	1.762913E-08
3.702645880000E+05	2.335926E-08
3.776328820000E+05	1.737646E-08
3.850011760000E+05	1.784216E-08
3.923694710000E+05	1.640039E-08
3.997377650000E+05	1.600124E-08
4.071060590000E+05	1.720992E-08
4.144743530000E+05	1.755788E-08
4.218426470000E+05	1.510205E-08
4.292109410000E+05	2.013375E-08
4.365792350000E+05	2.334595E-08
4.439475290000E+05	1.977325E-08
4.513158240000E+05	1.839418E-08
4.586841180000E+05	1.555893E-08
4.660524120000E+05	1.684189E-08
4.734207060000E+05	1.875453E-08
4.807890000000E+05	2.164951E-08
4.881572940000E+05	1.579017E-08
4.955255880000E+05	1.659424E-08
5.028938820000E+05	8.750776E-08
5.102621760000E+05	8.703039E-08
5.176304710000E+05	1.125895E-08
5.249987650000E+05	1.662290E-08
5.323670590000E+05	1.631777E-08
5.397353530000E+05	1.701324E-08
5.471036470000E+05	1.710860E-08
5.544719410000E+05	1.791357E-08
5.618402350000E+05	1.598460E-08
5.692085290000E+05	1.517797E-08
5.765768240000E+05	1.987336E-08
5.839451180000E+05	1.378377E-08
5.913134120000E+05	2.097943E-08
5.986817060000E+05	1.267955E-08
6.060500000000E+05	1.727972E-08
6.060510000000E+05	1.585179E-08
6.254441180000E+05	2.091935E-08
6.448372350000E+05	2.411766E-08
6.642303530000E+05	1.438959E-08
6.836234710000E+05	2.452777E-08
7.030165880000E+05	1.849171E-08
7.224097060000E+05	1.836198E-08
7.418028240000E+05	1.780380E-08
7.611959410000E+05	1.744269E-08
7.805890590000E+05	1.856495E-08
7.999821760000E+05	1.753602E-08
8.193752940000E+05	2.090219E-08
8.387684120000E+05	1.271562E-08
8.581615290000E+05	1.886379E-08
8.775546470000E+05	1.508178E-08
8.969477650000E+05	2.415767E-08
9.163408820000E+05	1.669369E-08
9.357340000000E+05	1.099440E-08
9.551271180000E+05	2.064847E-08
9.745202350000E+05	1.419666E-08
9.939133530000E+05	2.964400E-08
1.013306471000E+06	3.694842E-08
1.032699588000E+06	2.532876E-08
1.052092706000E+06	2.167811E-08
1.071485824000E+06	2.323276E-08
1.090878941000E+06	2.755923E-08
1.110272059000E+06	3.197011E-08
1.129665176000E+06	4.267313E-08
1.149058294000E+06	2.400093E-08
1.168451412000E+06	3.365387E-08
1.187844529000E+06	3.863768E-08
1.207237647000E+06	2.995906E-08
1.226630765000E+06	2.038025E-08
1.246023882000E+06	4.789687E-08
1.265417000000E+06	2.722160E-08
1.284810118000E+06	2.560883E-08
1.304203235000E+06	2.170401E-08
1.323596353000E+06	2.192912E-08
1.342989471000E+06	2.263277E-08
1.362382588000E+06	2.196868E-08
1.381775706000E+06	2.053179E-08
1.401168824000E+06	1.739608E-08
1.420561941000E+06	1.853516E-08
1.439955059000E+06	1.663847E-08
1.459348176000E+06	1.493391E-08
1.478741294000E+06	1.545041E-08
1.498134412000E+06	1.671689E-08
1.517527529000E+06	1.696457E-08
1.536920647000E+06	1.680345E-08
1.556313765000E+06	1.872072E-08
1.575706882000E+06	1.595478E-08
1.595100000000E+06	1.861854E-08
1.595100000000E+06	2.378566E-08
1.646141765000E+06	1.903186E-08
1.697183529000E+06	2.282818E-08
1.748225294000E+06	2.023686E-08
1.799267059000E+06	2.175180E-08
1.850308824000E+06	2.358477E-08
1.901350588000E+06	2.089355E-08
1.952392353000E+06	2.059089E-08
2.003434118000E+06	1.758595E-08
2.054475882000E+06	2.236333E-08
2.105517647000E+06	1.614565E-08
2.156559412000E+06	1.595548E-08
2.207601176000E+06	1.479964E-08
2.258642941000E+06	1.643738E-08
2.309684706000E+06	1.195725E-08
2.360726471000E+06	1.613853E-08
2.411768235000E+06	1.452903E-08
2.462810000000E+06	1.477908E-08
2.513851765000E+06	1.069015E-08
2.564893529000E+06	1.717233E-08
2.615935294000E+06	1.212384E-08
2.666977059000E+06	1.315084E-08
2.718018824000E+06	1.606026E-08
2.769060588000E+06	1.724931E-08
2.820102353000E+06	1.528705E-08
2.871144118000E+06	1.057469E-08
2.922185882000E+06	1.541838E-08
2.973227647000E+06	2.190310E-08
3.024269412000E+06	1.452289E-08
3.075311176000E+06	1.626634E-08
3.126352941000E+06	1.697277E-08
3.177394706000E+06	1.663446E-08
3.228436471000E+06	1.626107E-08
3.279478235000E+06	2.417140E-08
3.330520000000E+06	1.192957E-08
3.381561765000E+06	1.300572E-08
3.432603529000E+06	1.414238E-08
3.483645294000E+06	2.001764E-08
3.534687059000E+06	1.627673E-08
3.585728824000E+06	1.734509E-08
3.636770588000E+06	1.415545E-08
3.687812353000E+06	1.523438E-08
3.738854118000E+06	1.682643E-08
3.789895882000E+06	1.487941E-08
3.840937647000E+06	1.519847E-08
3.891979412000E+06	1.573326E-08
3.943021176000E+06	1.860979E-08
3.994062941000E+06	1.652452E-08
4.045104706000E+06	1.349043E-08
4.096146471000E+06	1.601766E-08
4.147188235000E+06	1.625180E-08
4.198230000000E+06	1.481100E-08
4.198230000000E+06	1.658590E-08
4.332570588000E+06	1.262554E-08
4.466911176000E+06	1.453440E-08
4.601251765000E+06	1.549788E-08
4.735592353000E+06	1.444548E-08
4.869932941000E+06	1.655554E-08
5.004273529000E+06	1.845850E-08
5.138614118000E+06	1.527062E-08
5.272954706000E+06	1.481290E-08
5.407295294000E+06	1.642346E-08
5.541635882000E+06	1.777670E-08
5.675976471000E+06	1.270140E-08
5.810317059000E+06	1.370293E-08
5.944657647000E+06	1.538881E-08
6.078998235000E+06	1.372887E-08
6.213338824000E+06	1.485589E-08
6.347679412000E+06	1.787198E-08
6.482020000000E+06	1.634692E-08
6.616360588000E+06	1.907391E-08
6.750701176000E+06	1.860396E-08
6.885041765000E+06	1.405571E-08
7.019382353000E+06	1.671661E-08
7.153722941000E+06	1.227525E-08
7.288063529000E+06	1.678905E-08
7.422404118000E+06	1.989882E-08
7.556744706000E+06	1.211495E-08
7.691085294000E+06	1.412601E-08
7.825425882000E+06	1.598106E-08
7.959766471000E+06	1.858693E-08
8.094107059000E+06	1.986215E-08
8.228447647000E+06	1.702294E-08
8.362788235000E+06	1.542732E-08
8.497128824000E+06	1.472806E-08
8.631469412000E+06	1.451007E-08
8.765810000000E+06	1.541760E-08
8.900150588000E+06	1.988659E-08
9.034491176000E+06	1.747324E-08
9.168831765000E+06	1.730084E-08
9.303172353000E+06	1.796602E-08
9.437512941000E+06	1.957273E-08
9.571853529000E+06	1.570160E-08
9.706194118000E+06	2.076591E-08
9.840534706000E+06	1.740015E-08
9.974875294000E+06	1.811295E-08
1.010921588200E+07	1.375228E-08
1.024355647100E+07	1.452905E-08
1.037789705900E+07	1.802678E-08
1.051223764700E+07	1.454927E-08
1.064657823500E+07	1.946042E-08
1.078091882400E+07	1.924269E-08
1.091525941200E+07	1.531194E-08
1.104960000000E+07	1.974055E-08
1.104960000000E+07	1.452333E-08
1.140317451000E+07	1.679768E-08
1.175674902000E+07	1.506779E-08
1.211032352900E+07	1.574465E-08
1.246389803900E+07	1.743496E-08
1.281747254900E+07	1.160637E-08
1.317104705900E+07	1.771596E-08
1.352462156900E+07	9.653164E-09
1.387819607800E+07	2.154764E-08
1.423177058800E+07	2.153223E-08
1.458534509800E+07	1.355989E-08
1.493891960800E+07	1.795027E-08
1.529249411800E+07	2.025003E-08
1.564606862700E+07	1.729015E-08
1.599964313700E+07	1.590362E-08
1.635321764700E+07	1.266397E-08
1.670679215700E+07	1.584907E-08
1.706036666700E+07	2.133025E-08
1.741394117600E+07	2.147856E-08
1.776751568600E+07	1.571027E-08
1.812109019600E+07	2.129874E-08
1.847466470600E+07	1.690792E-08
1.882823921600E+07	2.092947E-08
1.918181372500E+07	1.970821E-08
1.953538823500E+07	1.832687E-08
1.988896274500E+07	1.588292E-08
2.024253725500E+07	1.790895E-08
2.059611176500E+07	1.190008E-08
2.094968627500E+07	1.604086E-08
2.130326078400E+07	2.110226E-08
2.165683529400E+07	1.880647E-08
2.201040980400E+07	1.619312E-08
2.236398431400E+07	1.823997E-08
2.271755882400E+07	1.754119E-08
2.307113333300E+07	1.488763E-08
2.342470784300E+07	1.820062E-08
2.377828235300E+07	1.848415E-08
2.413185686300E+07	2.046657E-08
2.448543137300E+07	2.091110E-08
2.483900588200E+07	1.700768E-08
2.519258039200E+07	1.774293E-08
2.554615490200E+07	1.943657E-08
2.589972941200E+07	1.789469E-08
2.625330392200E+07	1.369717E-08
2.660687843100E+07	1.397279E-08
2.696045294100E+07	2.098851E-08
2.731402745100E+07	1.973393E-08
2.766760196100E+07	2.154961E-08
2.802117647100E+07	2.353502E-08
2.837475098000E+07	1.729439E-08
2.872832549000E+07	1.764410E-08
2.908190000000E+07	2.120098E-08
2.908190000000E+07	2.275377E-08
3.001249803900E+07	1.924812E-08
3.094309607800E+07	1.712539E-08
3.187369411800E+07	1.605565E-08
3.280429215700E+07	2.151552E-08
3.373489019600E+07	1.842060E-08
3.466548823500E+07	1.616353E-08
3.559608627500E+07	2.563851E-08
3.652668431400E+07	1.831730E-08
3.745728235300E+07	1.959551E-08
3.838788039200E+07	1.715625E-08
3.931847843100E+07	2.296856E-08
4.024907647100E+07	2.110937E-08
4.117967451000E+07	3.286381E-08
4.211027254900E+07	2.868896E-08
4.304087058800E+07	2.809900E-08
4.397146862700E+07	2.573783E-08
4.490206666700E+07	2.403239E-08
4.583266470600E+07	2.593620E-08
4.676326274500E+07	1.966996E-08
4.769386078400E+07	2.349499E-08
4.862445882400E+07	2.459354E-08
4.955505686300E+07	2.664074E-08
5.048565490200E+07	3.122154E-08
5.141625294100E+07	3.108340E-08
5.234685098000E+07	2.698579E-08
5.327744902000E+07	2.420473E-08
5.420804705900E+07	3.956625E-08
5.513864509800E+07	2.565301E-08
5.606924313700E+07	2.523724E-08
5.699984117600E+07	2.569308E-08
5.793043921600E+07	1.904678E-08
5.886103725500E+07	2.396932E-08
5.979163529400E+07	3.067542E-08
6.072223333300E+07	2.498993E-08
6.165283137300E+07	2.452673E-08
6.258342941200E+07	2.346233E-08
6.351402745100E+07	1.797539E-08
6.444462549000E+07	1.774105E-08
6.537522352900E+07	2.469954E-08
6.630582156900E+07	1.749694E-08
6.723641960800E+07	2.377408E-08
6.816701764700E+07	1.856014E-08
6.909761568600E+07	1.995060E-08
7.002821372500E+07	1.644932E-08
7.095881176500E+07	2.056918E-08
7.188940980400E+07	1.893101E-08
7.282000784300E+07	2.328268E-08
7.375060588200E+07	1.424854E-08
7.468120392200E+07	1.723827E-08
7.561180196100E+07	1.401566E-08
7.654240000000E+07	1.430451E-08
7.654240000000E+07	1.484978E-08
7.899168627500E+07	1.817212E-08
8.144097254900E+07	1.652908E-08
8.389025882400E+07	1.525214E-08
8.633954509800E+07	1.879823E-08
8.878883137300E+07	3.941901E-08
9.123811764700E+07	1.328537E-08
9.368740392200E+07	2.258103E-08
9.613669019600E+07	1.389576E-07
9.858597647100E+07	1.515673E-08
1.010352627450E+08	1.594192E-08
1.034845490200E+08	3.517803E-08
1.059338352940E+08	1.049591E-08
1.083831215690E+08	1.400839E-08
1.108324078430E+08	1.417152E-08
1.132816941180E+08	1.179175E-08
1.157309803920E+08	1.068685E-08
1.181802666670E+08	1.350374E-08
1.206295529410E+08	1.437913E-08
1.230788392160E+08	1.163969E-08
1.255281254900E+08	1.051987E-08
1.279774117650E+08	8.455926E-09
1.304266980390E+08	1.296382E-08
1.328759843140E+08	8.502277E-09
1.353252705880E+08	1.365035E-08
1.377745568630E+08	8.891065E-09
1.402238431370E+08	1.056182E-08
1.426731294120E+08	9.458411E-09
1.451224156860E+08	1.243332E-08
1.475717019610E+08	9.805575E-09
1.500209882350E+08	7.928922E-09
1.524702745100E+08	1.083338E-08
1.549195607840E+08	9.408754E-09
1.573688470590E+08	1.122834E-08
1.598181333330E+08	9.448149E-09
1.622674196080E+08	1.027657E-08
1.647167058820E+08	8.518369E-09
1.671659921570E+08	1.191770E-08
1.696152784310E+08	8.601786E-09
1.720645647060E+08	8.566783E-09
1.745138509800E+08	9.801958E-09
1.769631372550E+08	9.672996E-09
1.794124235290E+08	1.016355E-08
1.818617098040E+08	1.103703E-08
1.843109960780E+08	1.010433E-08
1.867602823530E+08	8.058618E-09
1.892095686270E+08	8.193855E-09
1.916588549020E+08	9.605466E-09
1.941081411760E+08	8.803963E-09
1.965574274510E+08	7.414998E-09
1.990067137250E+08	1.056495E-08
2.014560000000E+08	6.367470E-09
