Vgs	Gm_Vds=0.01V	Gm_Vds=0.02V	Gm_Vds=0.03V	Gm_Vds=0.04V	Gm_Vds=0.05V	Gm_Vds=0.06V	Gm_Vds=0.07V	Gm_Vds=0.08V	Gm_Vds=0.09V	Gm_Vds=0.10V
-0.3	-2.6881e-09	-4.1988e-09	-4.4241e-09	-2.6376e-09	-3.7496e-09	-5.2847e-09	-4.1124e-09	-4.8746e-09	-5.4275e-09	-5.7717e-09
-0.295	-2.7869e-09	-3.8819e-09	-4.1389e-09	-2.801e-09	-3.6333e-09	-5.0004e-09	-4.1189e-09	-4.6869e-09	-5.2057e-09	-5.4213e-09
-0.29	-2.9277e-09	-3.5228e-09	-3.7897e-09	-3.003e-09	-3.5951e-09	-4.5323e-09	-4.1521e-09	-4.4445e-09	-4.9423e-09	-5.0874e-09
-0.285	-2.9645e-09	-3.1448e-09	-3.3806e-09	-3.3368e-09	-3.5361e-09	-4.0596e-09	-4.0659e-09	-4.2597e-09	-4.7294e-09	-4.7592e-09
-0.28	-2.9528e-09	-2.7959e-09	-3.0359e-09	-3.5349e-09	-3.3911e-09	-3.7433e-09	-3.9407e-09	-4.0652e-09	-4.4343e-09	-4.397e-09
-0.275	-2.9743e-09	-2.6888e-09	-2.9303e-09	-3.5262e-09	-3.3366e-09	-3.5372e-09	-3.8997e-09	-3.8217e-09	-4.1652e-09	-4.2327e-09
-0.27	-2.8777e-09	-2.7277e-09	-2.8739e-09	-3.4842e-09	-3.3947e-09	-3.3647e-09	-3.8021e-09	-3.7258e-09	-4.0826e-09	-4.2401e-09
-0.265	-2.6764e-09	-2.6507e-09	-2.7354e-09	-3.2127e-09	-3.3168e-09	-3.3462e-09	-3.5912e-09	-3.7207e-09	-3.9459e-09	-4.1328e-09
-0.26	-2.6216e-09	-2.5506e-09	-2.6874e-09	-2.9244e-09	-3.1945e-09	-3.3342e-09	-3.4599e-09	-3.5644e-09	-3.6858e-09	-3.9424e-09
-0.255	-2.6249e-09	-2.5699e-09	-2.6694e-09	-2.7499e-09	-3.2051e-09	-3.1682e-09	-3.4045e-09	-3.364e-09	-3.5502e-09	-3.855e-09
-0.25	-2.4827e-09	-2.577e-09	-2.5294e-09	-2.6069e-09	-3.1724e-09	-3.08e-09	-3.2717e-09	-3.3076e-09	-3.4961e-09	-3.8005e-09
-0.245	-2.3277e-09	-2.4676e-09	-2.4532e-09	-2.7905e-09	-3.0114e-09	-3.1038e-09	-3.0911e-09	-3.2521e-09	-3.3878e-09	-3.5983e-09
-0.24	-2.2935e-09	-2.4279e-09	-2.4938e-09	-2.9891e-09	-2.9442e-09	-2.9946e-09	-3.0179e-09	-3.1006e-09	-3.3647e-09	-3.3967e-09
-0.235	-2.1848e-09	-2.4778e-09	-2.4491e-09	-2.7888e-09	-2.9748e-09	-2.8585e-09	-2.9671e-09	-3.0572e-09	-3.4146e-09	-3.3498e-09
-0.23	-1.9688e-09	-2.4111e-09	-2.3511e-09	-2.6818e-09	-2.8738e-09	-2.8406e-09	-2.8031e-09	-3.0859e-09	-3.3165e-09	-3.2963e-09
-0.225	-1.8903e-09	-2.2892e-09	-2.3765e-09	-2.5364e-09	-2.7456e-09	-2.7459e-09	-2.7157e-09	-2.9855e-09	-3.1029e-09	-3.1694e-09
-0.22	-1.8839e-09	-2.2857e-09	-2.3704e-09	-2.1109e-09	-2.705e-09	-2.5921e-09	-2.7247e-09	-2.868e-09	-2.981e-09	-3.123e-09
-0.215	-1.7482e-09	-2.2783e-09	-2.2382e-09	-2.083e-09	-2.5853e-09	-2.5514e-09	-2.6233e-09	-2.8951e-09	-2.8848e-09	-3.101e-09
-0.21	-1.6335e-09	-2.1381e-09	-2.1813e-09	-2.1471e-09	-2.3762e-09	-2.5057e-09	-2.5186e-09	-2.8693e-09	-2.7318e-09	-2.949e-09
-0.205	-1.6664e-09	-2.0559e-09	-2.1918e-09	-1.9508e-09	-2.2936e-09	-2.3701e-09	-2.5506e-09	-2.7303e-09	-2.7012e-09	-2.8287e-09
-0.2	-1.6195e-09	-2.0457e-09	-2.1056e-09	-1.9124e-09	-2.2554e-09	-2.3312e-09	-2.5025e-09	-2.7018e-09	-2.7518e-09	-2.8532e-09
-0.195	-1.4846e-09	-1.9118e-09	-1.9931e-09	-1.8627e-09	-2.109e-09	-2.325e-09	-2.3417e-09	-2.6936e-09	-2.664e-09	-2.8562e-09
-0.19	-1.4417e-09	-1.7203e-09	-2.0021e-09	-1.7196e-09	-2.0105e-09	-2.2006e-09	-2.2817e-09	-2.5614e-09	-2.5232e-09	-2.7483e-09
-0.185	-1.4337e-09	-1.6494e-09	-1.9773e-09	-1.7686e-09	-1.987e-09	-2.136e-09	-2.2822e-09	-2.4642e-09	-2.4969e-09	-2.6918e-09
-0.18	-1.3498e-09	-1.5993e-09	-1.818e-09	-1.8539e-09	-1.85e-09	-2.1662e-09	-2.2031e-09	-2.4642e-09	-2.4392e-09	-2.6675e-09
-0.175	-1.2732e-09	-1.4604e-09	-1.7188e-09	-1.8401e-09	-1.6452e-09	-2.103e-09	-2.1268e-09	-2.3684e-09	-2.2943e-09	-2.5406e-09
-0.17	-1.3329e-09	-1.385e-09	-1.7093e-09	-1.736e-09	-1.5886e-09	-1.9854e-09	-2.1451e-09	-2.2158e-09	-2.2513e-09	-2.4318e-09
-0.165	-1.3733e-09	-1.3801e-09	-1.5818e-09	-1.6113e-09	-1.5496e-09	-1.9487e-09	-2.0557e-09	-2.1581e-09	-2.2733e-09	-2.4503e-09
-0.16	-1.2939e-09	-1.2789e-09	-1.4136e-09	-1.6258e-09	-1.3925e-09	-1.8752e-09	-1.828e-09	-2.0798e-09	-2.1709e-09	-2.3991e-09
-0.155	-1.2601e-09	-1.1144e-09	-1.3795e-09	-1.5771e-09	-1.2952e-09	-1.7274e-09	-1.7309e-09	-1.8902e-09	-2.0476e-09	-2.2006e-09
-0.15	-1.3295e-09	-1.0583e-09	-1.2871e-09	-1.4655e-09	-1.3035e-09	-1.6405e-09	-1.7106e-09	-1.7236e-09	-2.0365e-09	-2.0858e-09
-0.145	-1.3107e-09	-1.0128e-09	-1.1063e-09	-1.4863e-09	-1.221e-09	-1.589e-09	-1.5591e-09	-1.6289e-09	-1.9379e-09	-1.982e-09
-0.14	-1.22e-09	-8.715e-10	-1.0157e-09	-1.4066e-09	-1.0787e-09	-1.4514e-09	-1.4282e-09	-1.4446e-09	-1.7262e-09	-1.7597e-09
-0.135	-1.2493e-09	-8.181e-10	-9.573e-10	-1.1692e-09	-1.0708e-09	-1.2491e-09	-1.4186e-09	-1.2053e-09	-1.5825e-09	-1.5956e-09
-0.13	-1.2436e-09	-8.413e-10	-7.886e-10	-1.0752e-09	-1.049e-09	-1.115e-09	-1.2613e-09	-1.0629e-09	-1.4557e-09	-1.5184e-09
-0.125	-1.0689e-09	-7.434e-10	-6.248e-10	-1.018e-09	-9.035e-10	-9.486e-10	-9.954e-10	-9.329e-10	-1.2014e-09	-1.3102e-09
-0.12	-8.846e-10	-5.956e-10	-5.74e-10	-8.385e-10	-7.905e-10	-6.867e-10	-8.674e-10	-7.223e-10	-9.531e-10	-9.966e-10
-0.115	-8.223e-10	-5.882e-10	-4.462e-10	-6.342e-10	-7.384e-10	-4.938e-10	-7.595e-10	-5.341e-10	-8.149e-10	-7.738e-10
-0.11	-7.094e-10	-5.547e-10	-2.481e-10	-4.612e-10	-5.782e-10	-3.643e-10	-4.894e-10	-3.985e-10	-5.745e-10	-5.45e-10
-0.105	-5.259e-10	-3.874e-10	-1.804e-10	-2.656e-10	-3.684e-10	-1.229e-10	-2.115e-10	-1.617e-10	-2.317e-10	-2.052e-10
-0.1	-4.755e-10	-2.926e-10	-1.339e-10	1.33e-11	-2.45e-10	1.788e-10	-1.78e-11	1.327e-10	6.15e-11	1.309e-10
-0.095	-4.385e-10	-2.549e-10	9.19e-11	1.89e-10	-1.93e-11	3.736e-10	3.18e-10	3.796e-10	3.804e-10	4.256e-10
-0.09	-2.614e-10	-9.31e-11	2.888e-10	3.394e-10	3.199e-10	6.381e-10	7.339e-10	6.784e-10	8.204e-10	8.749e-10
-0.085	-7.42e-11	1.266e-10	3.785e-10	6.637e-10	6.044e-10	1.0414e-09	1.0656e-09	1.0946e-09	1.2487e-09	1.4266e-09
-0.08	1.43e-11	2.279e-10	6.15e-10	1.0019e-09	9.116e-10	1.3933e-09	1.4486e-09	1.5082e-09	1.6519e-09	1.8759e-09
-0.075	1.758e-10	3.637e-10	9.384e-10	1.3201e-09	1.3848e-09	1.7313e-09	1.9863e-09	1.9195e-09	2.215e-09	2.4088e-09
-0.07	4.331e-10	6.604e-10	1.1754e-09	1.7773e-09	1.8967e-09	2.2472e-09	2.5261e-09	2.5304e-09	2.889e-09	3.1153e-09
-0.065	6.073e-10	9.392e-10	1.463e-09	2.292e-09	2.3715e-09	2.8705e-09	3.05e-09	3.2456e-09	3.5918e-09	3.8639e-09
-0.06	7.639e-10	1.2071e-09	1.9634e-09	2.7561e-09	3.0088e-09	3.4591e-09	3.775e-09	3.948e-09	4.4275e-09	4.7211e-09
-0.055	1.0469e-09	1.6458e-09	2.4904e-09	3.3579e-09	3.8026e-09	4.1946e-09	4.699e-09	4.8357e-09	5.4914e-09	5.8301e-09
-0.05	1.3542e-09	2.1968e-09	2.9936e-09	4.1264e-09	4.6177e-09	5.1378e-09	5.6927e-09	5.9963e-09	6.6412e-09	7.0817e-09
-0.045	1.5622e-09	2.7005e-09	3.7201e-09	4.9339e-09	5.5598e-09	6.144e-09	6.8452e-09	7.253e-09	7.8782e-09	8.4413e-09
-0.04	1.8707e-09	3.3324e-09	4.6311e-09	5.8287e-09	6.8117e-09	7.2847e-09	8.281e-09	8.6718e-09	9.4443e-09	1.01093e-08
-0.035	2.3277e-09	4.1699e-09	5.5544e-09	6.9772e-09	8.2268e-09	8.7727e-09	9.8507e-09	1.04911e-08	1.13186e-08	1.21035e-08
-0.03	2.7526e-09	5.0341e-09	6.6662e-09	8.3518e-09	9.7276e-09	1.05399e-08	1.16078e-08	1.25983e-08	1.34135e-08	1.43888e-08
-0.025	3.2396e-09	6.0115e-09	8.1239e-09	9.8804e-09	1.1573e-08	1.24989e-08	1.38475e-08	1.4968e-08	1.58655e-08	1.70845e-08
-0.02	3.9564e-09	7.2931e-09	9.712e-09	1.17667e-08	1.37615e-08	1.48864e-08	1.65116e-08	1.78316e-08	1.88743e-08	2.02829e-08
-0.015	4.773e-09	8.8113e-09	1.14811e-08	1.40224e-08	1.62031e-08	1.77527e-08	1.9512e-08	2.12704e-08	2.24842e-08	2.40098e-08
-0.01	5.6019e-09	1.04623e-08	1.36729e-08	1.65159e-08	1.91136e-08	2.10651e-08	2.31447e-08	2.52934e-08	2.66327e-08	2.85291e-08
-0.005	6.7056e-09	1.24391e-08	1.62533e-08	1.94354e-08	2.26544e-08	2.50255e-08	2.74744e-08	3.00098e-08	3.14456e-08	3.39592e-08
0	8.1242e-09	1.47883e-08	1.9211e-08	2.30868e-08	2.67299e-08	2.97529e-08	3.2373e-08	3.5454e-08	3.72185e-08	4.01947e-08
0.005	9.6072e-09	1.74181e-08	2.26855e-08	2.74376e-08	3.14208e-08	3.52991e-08	3.819e-08	4.17494e-08	4.40113e-08	4.75076e-08
0.01	1.1282e-08	2.04753e-08	2.68381e-08	3.2418e-08	3.70546e-08	4.17724e-08	4.52277e-08	4.91229e-08	5.18856e-08	5.61305e-08
0.015	1.34306e-08	2.41538e-08	3.17981e-08	3.83186e-08	4.37469e-08	4.92949e-08	5.34119e-08	5.76707e-08	6.13101e-08	6.6004e-08
0.02	1.58826e-08	2.8593e-08	3.76095e-08	4.52766e-08	5.1543e-08	5.80026e-08	6.2941e-08	6.7777e-08	7.2563e-08	7.7374e-08
0.025	1.8631e-08	3.38862e-08	4.43125e-08	5.34987e-08	6.08688e-08	6.8215e-08	7.4363e-08	7.9887e-08	8.5708e-08	9.1022e-08
0.03	2.22084e-08	4.00389e-08	5.22332e-08	6.3222e-08	7.2013e-08	8.0193e-08	8.7866e-08	9.418e-08	1.01021e-07	1.07515e-07
0.035	2.65421e-08	4.71201e-08	6.15546e-08	7.4535e-08	8.5066e-08	9.4351e-08	1.03563e-07	1.11215e-07	1.1885e-07	1.26985e-07
0.04	3.14316e-08	5.54475e-08	7.2383e-08	8.8018e-08	1.00443e-07	1.1143e-07	1.22074e-07	1.31474e-07	1.39866e-07	1.49656e-07
0.045	3.7395e-08	6.51758e-08	8.5443e-08	1.04069e-07	1.18371e-07	1.31637e-07	1.44122e-07	1.5521e-07	1.64589e-07	1.76421e-07
0.05	4.42181e-08	7.6399e-08	1.01272e-07	1.22481e-07	1.39172e-07	1.55183e-07	1.69679e-07	1.82972e-07	1.93456e-07	2.07925e-07
0.055	5.1764e-08	8.9672e-08	1.19853e-07	1.44121e-07	1.63745e-07	1.82889e-07	1.99444e-07	2.15159e-07	2.27837e-07	2.44247e-07
0.06	6.09802e-08	1.05835e-07	1.4158e-07	1.7002e-07	1.93166e-07	2.15839e-07	2.35774e-07	2.53432e-07	2.6933e-07	2.87234e-07
0.065	7.2138e-08	1.2507e-07	1.66917e-07	1.99921e-07	2.28637e-07	2.54488e-07	2.79117e-07	2.99729e-07	3.18254e-07	3.3897e-07
0.07	8.5386e-08	1.47886e-07	1.96426e-07	2.35771e-07	2.70781e-07	3.00127e-07	3.29287e-07	3.54044e-07	3.75716e-07	3.99689e-07
0.075	1.00912e-07	1.74895e-07	2.31447e-07	2.79648e-07	3.19715e-07	3.55012e-07	3.88817e-07	4.16906e-07	4.43334e-07	4.70612e-07
0.08	1.19225e-07	2.06486e-07	2.73243e-07	3.30163e-07	3.7732e-07	4.19482e-07	4.59208e-07	4.90884e-07	5.22471e-07	5.55007e-07
0.085	1.40846e-07	2.44357e-07	3.22577e-07	3.88652e-07	4.45301e-07	4.94381e-07	5.40082e-07	5.78615e-07	6.15833e-07	6.54593e-07
0.09	1.6594e-07	2.89599e-07	3.81033e-07	4.59649e-07	5.24226e-07	5.83071e-07	6.35208e-07	6.82332e-07	7.262e-07	7.7156e-07
0.095	1.94756e-07	3.41426e-07	4.50211e-07	5.4302e-07	6.17109e-07	6.86876e-07	7.48324e-07	8.0317e-07	8.5675e-07	9.0946e-07
0.1	2.29759e-07	4.02542e-07	5.30352e-07	6.38536e-07	7.27916e-07	8.08746e-07	8.81452e-07	9.45434e-07	1.011264e-06	1.072728e-06
0.105	2.7362e-07	4.76074e-07	6.23193e-07	7.51886e-07	8.58776e-07	9.5397e-07	1.039364e-06	1.115846e-06	1.193796e-06	1.26568e-06
0.11	3.25596e-07	5.59843e-07	7.35878e-07	8.88168e-07	1.013848e-06	1.124354e-06	1.22464e-06	1.31816e-06	1.409466e-06	1.492934e-06
0.115	3.86596e-07	6.56277e-07	8.70772e-07	1.04788e-06	1.196952e-06	1.324002e-06	1.441906e-06	1.55625e-06	1.663126e-06	1.761098e-06
0.12	4.58858e-07	7.71102e-07	1.027574e-06	1.235852e-06	1.413664e-06	1.562028e-06	1.701418e-06	1.835876e-06	1.95927e-06	2.07813e-06
0.125	5.41185e-07	9.08072e-07	1.212528e-06	1.461338e-06	1.671278e-06	1.842196e-06	2.007064e-06	2.163934e-06	2.300436e-06	2.455258e-06
0.13	6.35282e-07	1.074038e-06	1.427516e-06	1.725666e-06	1.971914e-06	2.173674e-06	2.367592e-06	2.550238e-06	2.70689e-06	2.898986e-06
0.135	7.48482e-07	1.27128e-06	1.674544e-06	2.03211e-06	2.324918e-06	2.561144e-06	2.795256e-06	3.003872e-06	3.19973e-06	3.419036e-06
0.14	8.82526e-07	1.498838e-06	1.974246e-06	2.393482e-06	2.7444e-06	3.011506e-06	3.290562e-06	3.531914e-06	3.764854e-06	4.024742e-06
0.145	1.040216e-06	1.769508e-06	2.336384e-06	2.821866e-06	3.23612e-06	3.55501e-06	3.872494e-06	4.163286e-06	4.418438e-06	4.726786e-06
0.15	1.231594e-06	2.096204e-06	2.753208e-06	3.327872e-06	3.810422e-06	4.205788e-06	4.561256e-06	4.910886e-06	5.215644e-06	5.560614e-06
0.155	1.45888e-06	2.489512e-06	3.25481e-06	3.931332e-06	4.488156e-06	4.966508e-06	5.369588e-06	5.784508e-06	6.195684e-06	6.557904e-06
0.16	1.725754e-06	2.957714e-06	3.850048e-06	4.653902e-06	5.281998e-06	5.849906e-06	6.332634e-06	6.816108e-06	7.3534e-06	7.7244e-06
0.165	2.042072e-06	3.500338e-06	4.532724e-06	5.486112e-06	6.22274e-06	6.891382e-06	7.4858e-06	8.0342e-06	8.6888e-06	9.1128e-06
0.17	2.406916e-06	4.13006e-06	5.351982e-06	6.439286e-06	7.348e-06	8.1196e-06	8.8228e-06	9.4804e-06	1.0223e-05	1.07608e-05
0.175	2.84067e-06	4.865538e-06	6.344666e-06	7.5864e-06	8.6786e-06	9.5734e-06	1.04024e-05	1.12356e-05	1.19748e-05	1.26742e-05
0.18	3.381688e-06	5.732618e-06	7.482e-06	8.9738e-06	1.02624e-05	1.1291e-05	1.22932e-05	1.3294e-05	1.4016e-05	1.49436e-05
0.185	4.009062e-06	6.750758e-06	8.7928e-06	1.0595e-05	1.21278e-05	1.32926e-05	1.44776e-05	1.5613e-05	1.6459e-05	1.76374e-05
0.19	4.7003e-06	7.92e-06	1.03494e-05	1.25172e-05	1.42818e-05	1.5646e-05	1.7094e-05	1.83534e-05	1.9456e-05	2.07676e-05
0.195	5.493162e-06	9.3136e-06	1.2196e-05	1.48088e-05	1.68254e-05	1.84612e-05	2.02356e-05	2.16166e-05	2.3153e-05	2.45122e-05
0.2	6.430502e-06	1.09926e-05	1.43694e-05	1.74184e-05	1.98372e-05	2.17468e-05	2.38078e-05	2.54404e-05	2.74818e-05	2.89432e-05
0.205	7.5684e-06	1.29092e-05	1.68874e-05	2.0442e-05	2.33454e-05	2.5625e-05	2.79874e-05	2.99938e-05	3.23814e-05	3.39966e-05
0.21	8.925e-06	1.51444e-05	1.9866e-05	2.41318e-05	2.74588e-05	3.02664e-05	3.30694e-05	3.53874e-05	3.80674e-05	3.99598e-05
0.215	1.05504e-05	1.78288e-05	2.34662e-05	2.84636e-05	3.2294e-05	3.56078e-05	3.88788e-05	4.1613e-05	4.45462e-05	4.70612e-05
0.22	1.24854e-05	2.0935e-05	2.76696e-05	3.34216e-05	3.79218e-05	4.18646e-05	4.54904e-05	4.89494e-05	5.19678e-05	5.52754e-05
0.225	1.47068e-05	2.45248e-05	3.24676e-05	3.9287e-05	4.45834e-05	4.92356e-05	5.34648e-05	5.75322e-05	6.09186e-05	6.48988e-05
0.23	1.73436e-05	2.87482e-05	3.81584e-05	4.62504e-05	5.24674e-05	5.77476e-05	6.29196e-05	6.73884e-05	7.1667e-05	7.6325e-05
0.235	2.04306e-05	3.37828e-05	4.49834e-05	5.43366e-05	6.16692e-05	6.7898e-05	7.3803e-05	7.901e-05	8.4233e-05	8.9587e-05
0.24	2.40162e-05	3.96952e-05	5.296e-05	6.37136e-05	7.2544e-05	8.0034e-05	8.6644e-05	9.2611e-05	9.8943e-05	0.000105028
0.245	2.81952e-05	4.656e-05	6.21598e-05	7.4916e-05	8.5186e-05	9.3957e-05	0.000101993	0.000108427	0.000116159	0.000123228
0.25	3.31146e-05	5.47534e-05	7.2914e-05	8.8119e-05	9.962e-05	0.000110318	0.000119727	0.000127258	0.000136173	0.000144541
0.255	3.87156e-05	6.43068e-05	8.5628e-05	0.000103098	0.000116282	0.000129879	0.000140179	0.000149575	0.000159117	0.000169183
0.26	4.47104e-05	7.519e-05	0.000100605	0.000120411	0.000136105	0.000152184	0.000164102	0.000175293	0.000185574	0.000197854
0.265	5.149e-05	8.7819e-05	0.000118365	0.000140645	0.000159451	0.000177562	0.000191551	0.000204978	0.000216846	0.000231489
0.27	5.9598e-05	0.000102644	0.000138493	0.000164008	0.000186655	0.00020742	0.000223296	0.000239841	0.000253472	0.000270536
0.275	6.8946e-05	0.000119534	0.000160608	0.000191183	0.000218522	0.000242021	0.000260297	0.000280016	0.000295632	0.000315169
0.28	7.9717e-05	0.000138744	0.000186887	0.000222899	0.000254637	0.00028171	0.000302867	0.000325661	0.000344469	0.000365754
0.285	9.2741e-05	0.000160953	0.000216908	0.000259155	0.000295447	0.000327703	0.000352113	0.000378005	0.000401104	0.000423933
0.29	0.000107655	0.000186273	0.000248824	0.000300596	0.000343192	0.000380505	0.00040984	0.000439203	0.000465795	0.000491714
0.295	0.000124047	0.000215355	0.000286166	0.000348684	0.000397794	0.000440457	0.000475972	0.00050967	0.000539178	0.000569795
0.3	0.000142546	0.000248501	0.000330768	0.00040342	0.00045896	0.000508735	0.000550238	0.000588992	0.00062286	0.00065874
0.305	0.000163284	0.000285412	0.000380865	0.00046494	0.000530036	0.000586846	0.00063582	0.00068042	0.00071924	0.00076122
0.31	0.00018606	0.000326736	0.00043853	0.000534804	0.00061202	0.00067618	0.00073412	0.00078516	0.00082922	0.000878
0.315	0.000211474	0.000374515	0.00050588	0.00061536	0.00070394	0.00077868	0.00084628	0.0009027	0.00095488	0.00100936
0.32	0.000240273	0.000428996	0.00058122	0.00070696	0.00080874	0.00089656	0.00097548	0.00103844	0.0011003	0.00116046
0.325	0.000273414	0.00048971	0.00066536	0.00080924	0.00092788	0.00102982	0.00112156	0.00119452	0.00126552	0.00133292
0.33	0.000309991	0.00055788	0.0007599	0.00092582	0.00106198	0.00117824	0.00128436	0.00136814	0.00144964	0.00152562
0.335	0.000348095	0.00063288	0.00086308	0.0010565	0.0012117	0.00134528	0.00146606	0.00156394	0.00165624	0.00174308
0.34	0.000390329	0.00071462	0.0009774	0.00119822	0.0013767	0.0015326	0.00166734	0.00178512	0.00188908	0.00198908
0.345	0.000438076	0.00080526	0.00110594	0.00135432	0.00156014	0.00173858	0.00188984	0.00202782	0.0021499	0.00226264
0.35	0.0004886	0.00090508	0.0012467	0.00152888	0.00176558	0.00196748	0.0021412	0.00229866	0.0024416	0.00256818
0.355	0.0005438	0.00101304	0.00140084	0.00172006	0.0019917	0.00222388	0.00242262	0.00260336	0.00276224	0.00290884
0.36	0.00060682	0.0011317	0.0015718	0.00192974	0.0022413	0.00250636	0.00273154	0.00293602	0.00311224	0.00328074
0.365	0.00067274	0.00126104	0.0017551	0.0021633	0.00251708	0.0028129	0.00306862	0.00329688	0.00349704	0.00368322
0.37	0.00074148	0.0013969	0.00195214	0.0024168	0.00281284	0.00314504	0.00343376	0.00369152	0.00391674	0.00412096
0.375	0.0008175	0.00154142	0.00216756	0.00268374	0.00312736	0.00350238	0.00382836	0.00411638	0.00436732	0.0045934
0.38	0.00089706	0.00169848	0.00239356	0.00296932	0.0034633	0.00388334	0.00425276	0.00456864	0.0048526	0.0051036
0.385	0.00097664	0.0018658	0.0026276	0.00327406	0.00381916	0.00428922	0.0047046	0.0050546	0.005378	0.0056584
0.39	0.00106106	0.00204068	0.0028756	0.00358964	0.00419622	0.004721	0.005185	0.0055772	0.0059394	0.0062534
0.395	0.00115068	0.00222276	0.0031329	0.00391962	0.004596	0.0051772	0.0056936	0.006132	0.0065326	0.0068818
0.4	0.00123978	0.0024095	0.0033972	0.0042678	0.0050138	0.0056578	0.006229	0.0067188	0.007163	0.0075472
0.405	0.00133116	0.00259874	0.0036732	0.0046234	0.0054472	0.0061606	0.0067926	0.0073348	0.0078238	0.0082474
0.41	0.00142838	0.00279024	0.0039582	0.0049884	0.005895	0.00668	0.0073784	0.0079756	0.0085048	0.0089758
0.415	0.00152512	0.00298104	0.0042506	0.0053666	0.0063542	0.0072156	0.0079798	0.0086398	0.0092136	0.009732
0.42	0.00162168	0.0031708	0.0045466	0.0057474	0.0068214	0.0077648	0.0085974	0.0093216	0.0099512	0.010518
0.425	0.00172182	0.00336	0.0048386	0.0061334	0.007295	0.0083206	0.0092262	0.010018	0.0107104	0.0113304
0.43	0.0018178	0.0035532	0.0051306	0.0065312	0.0077784	0.0088836	0.0098626	0.0107312	0.011488	0.0121594
0.435	0.00191034	0.0037524	0.0054278	0.0069272	0.0082678	0.0094526	0.0105082	0.0114546	0.0122766	0.0130022
0.44	0.00200446	0.0039434	0.0057194	0.0073126	0.0087512	0.0100196	0.0111592	0.012175	0.0130728	0.0138624
0.445	0.00209414	0.0041258	0.0059994	0.0076946	0.0092236	0.0105842	0.0118122	0.0129016	0.013874	0.0147302
0.45	0.00217692	0.0043114	0.0062752	0.008067	0.0096884	0.0111516	0.0124638	0.0136384	0.0146668	0.0155906
0.455	0.0022594	0.0044882	0.0065414	0.0084254	0.0101406	0.0117042	0.0131014	0.0143636	0.0154604	0.0164646
0.46	0.0023356	0.0046436	0.006795	0.0087768	0.010582	0.0122342	0.0137296	0.015073	0.0162738	0.017349
0.465	0.0024012	0.0048018	0.007047	0.0091178	0.0110206	0.0127614	0.0143488	0.0157854	0.0170802	0.0182142
0.47	0.0024696	0.0049656	0.0072922	0.0094432	0.011446	0.013282	0.01495	0.0164916	0.0178592	0.0190694
0.475	0.0025398	0.0051074	0.0075156	0.0097564	0.0118548	0.0137748	0.0155518	0.017158	0.018625	0.0199144
0.48	0.0026064	0.0052386	0.0077242	0.0100586	0.0122486	0.0142442	0.016136	0.0177976	0.0193634	0.0207334
0.485	0.0026674	0.0053706	0.0079256	0.0103428	0.012611	0.0147064	0.0166766	0.0184296	0.0200566	0.02153
0.49	0.0027218	0.005491	0.008108	0.0106046	0.0129504	0.0151466	0.0171976	0.0190328	0.020722	0.022298
0.495	0.0027774	0.0055956	0.0082792	0.0108552	0.0132858	0.015549	0.017695	0.019598	0.021376	0.023034
0.5	0.0028302	0.0056858	0.00845	0.0110924	0.0135822	0.0159204	0.018136	0.020142	0.022008	0.023752
0.505	0.002864	0.0057626	0.0086092	0.011295	0.0138332	0.01627	0.018548	0.020672	0.02261	0.024436
0.51	0.0028872	0.0058414	0.0087304	0.0114768	0.0140878	0.016596	0.018954	0.021168	0.02319	0.025076
0.515	0.0029182	0.0059228	0.0088252	0.0116582	0.0143288	0.0169	0.019326	0.021616	0.023738	0.025692
0.52	0.0029462	0.0059888	0.0089332	0.0118226	0.014522	0.01718	0.019668	0.022024	0.024238	0.02628
0.525	0.0029672	0.0060444	0.0090338	0.0119702	0.014708	0.01743	0.019988	0.02241	0.024698	0.026822
0.53	0.0029908	0.006089	0.0091092	0.0120996	0.014902	0.017658	0.02027	0.022764	0.025122	0.027316
0.535	0.003011	0.0061226	0.009192	0.012196	0.015066	0.017868	0.020524	0.023068	0.025502	0.027776
0.54	0.0030174	0.0061462	0.0092698	0.012268	0.0152	0.018046	0.020758	0.023352	0.025848	0.028202
0.545	0.0030102	0.006155	0.009309	0.01232	0.015318	0.018188	0.020944	0.023632	0.026158	0.028566
0.55	0.0030078	0.0061638	0.0093236	0.012356	0.015404	0.018302	0.021102	0.023866	0.026428	0.028878
0.555	0.0030166	0.0061794	0.0093282	0.012402	0.015464	0.018394	0.021268	0.024038	0.026682	0.029172
0.56	0.0030108	0.0061884	0.009334	0.012456	0.01551	0.01848	0.021408	0.024198	0.026914	0.029444
0.565	0.0029956	0.006189	0.009332	0.012488	0.015534	0.018554	0.021506	0.02435	0.027094	0.029692
0.57	0.0030002	0.0061836	0.009318	0.0125	0.015552	0.018606	0.02159	0.024446	0.027238	0.029908
0.575	0.0029962	0.006177	0.009316	0.012494	0.015578	0.018658	0.02164	0.02451	0.027356	0.030078
0.58	0.0029794	0.0061656	0.009306	0.012454	0.015576	0.018694	0.021646	0.024586	0.02742	0.030216
0.585	0.0029888	0.0061322	0.009264	0.01239	0.015544	0.018662	0.02164	0.024632	0.027462	0.030302
0.59	0.0029874	0.0060932	0.009238	0.012332	0.015526	0.018596	0.021614	0.024618	0.027542	0.030334
0.595	0.0029634	0.0060728	0.009226	0.012292	0.015492	0.018538	0.021578	0.024586	0.027584	0.030372
0.6	0.0029454	0.0060416	0.009176	0.012254	0.015394	0.018462	0.02154	0.024548	0.027534	0.030406
0.605	0.0029076	0.005991	0.009114	0.01219	0.015274	0.018384	0.02148	0.024482	0.027508	0.030386
0.61	0.002853	0.0059384	0.009052	0.012116	0.01519	0.01831	0.02139	0.024416	0.027492	0.030358
0.615	0.0028326	0.005877	0.008964	0.012068	0.015096	0.018214	0.021272	0.024348	0.027376	0.030332
0.62	0.002823	0.005826	0.008866	0.011998	0.014978	0.018114	0.021156	0.02425	0.027224	0.030232
0.625	0.0027926	0.005784	0.00878	0.01187	0.014896	0.018018	0.021054	0.024138	0.027114	0.030094
0.63	0.0027642	0.00573	0.008708	0.011776	0.014834	0.017894	0.020928	0.023998	0.026982	0.029976
0.635	0.0027384	0.005684	0.00867	0.011716	0.014732	0.01774	0.020784	0.023818	0.026818	0.029834
0.64	0.0027112	0.005642	0.00863	0.011582	0.014592	0.01758	0.02066	0.023628	0.026642	0.02964
0.645	0.0026896	0.00558	0.00854	0.011448	0.014464	0.017428	0.020508	0.023464	0.026482	0.029462
0.65	0.00266	0.005526	0.008446	0.01137	0.014346	0.01729	0.020302	0.023286	0.026326	0.029302
0.655	0.0026304	0.005476	0.008362	0.011254	0.014218	0.017152	0.02012	0.02309	0.026096	0.029098
0.66	0.0026236	0.005412	0.008244	0.011116	0.014066	0.017002	0.019954	0.022908	0.02585	0.028856
0.665	0.0025792	0.005336	0.008128	0.011012	0.013896	0.016846	0.019758	0.02272	0.025674	0.028622
0.67	0.00251	0.005252	0.008056	0.010884	0.013724	0.016684	0.019552	0.022506	0.025474	0.028392
0.675	0.0024842	0.005176	0.007978	0.01073	0.013566	0.0165	0.019348	0.022284	0.025218	0.028156
0.68	0.0024618	0.005124	0.007854	0.010612	0.01341	0.016284	0.019144	0.02207	0.025018	0.02793
0.685	0.002431	0.005082	0.007736	0.010496	0.013244	0.016074	0.01893	0.021834	0.024796	0.027658
0.69	0.0024202	0.005024	0.007648	0.010356	0.013098	0.015892	0.01871	0.021586	0.024478	0.027352
0.695	0.0023822	0.004976	0.007548	0.010224	0.012972	0.0157	0.018496	0.021348	0.024188	0.02708
0.7	0.0023262	0.004934	0.007456	0.010118	0.012836	0.0155	0.018294	0.021116	0.023978	0.026796
0.705	0.0023196	0.004856	0.007406	0.01	0.012676	0.015336	0.018088	0.020872	0.023722	0.02646
0.71	0.002316	0.00477	0.007322	0.009852	0.012516	0.01518	0.01787	0.020614	0.023406	0.026178
0.715	0.0022748	0.004728	0.007164	0.009716	0.012354	0.014996	0.01765	0.02036	0.023134	0.025952
0.72	0.0022428	0.00465	0.007024	0.00959	0.012162	0.014812	0.01742	0.020102	0.022886	0.025652
0.725	0.0022266	0.004526	0.006926	0.009448	0.011948	0.014622	0.017182	0.019826	0.022586	0.025318
0.73	0.0021708	0.004464	0.006814	0.0093	0.011772	0.014422	0.016974	0.019556	0.022266	0.025028
0.735	0.0020974	0.004426	0.006712	0.009174	0.011636	0.014218	0.016802	0.019336	0.021984	0.024722
0.74	0.0020878	0.00434	0.00667	0.009072	0.011512	0.013996	0.01659	0.019128	0.021698	0.02438
0.745	0.0021086	0.004272	0.006632	0.00896	0.011386	0.01377	0.016346	0.018868	0.0214	0.024064
0.75	0.0020736	0.004246	0.00654	0.008832	0.01123	0.01356	0.016136	0.018614	0.02113	0.023738
0.755	0.002025	0.004184	0.006434	0.008706	0.011052	0.01333	0.015886	0.018366	0.020878	0.023378
0.76	0.0020176	0.004114	0.006356	0.008572	0.01087	0.013112	0.01559	0.018068	0.020604	0.023056
0.765	0.001972	0.004058	0.006248	0.008436	0.010686	0.012968	0.01534	0.017788	0.020306	0.022748
0.77	0.0018832	0.003968	0.00611	0.00833	0.010498	0.012804	0.015128	0.017572	0.01999	0.022442
0.775	0.0018474	0.003898	0.006008	0.008224	0.010338	0.01262	0.014898	0.017348	0.019658	0.022166
0.78	0.0018418	0.003882	0.00593	0.008084	0.010218	0.012498	0.014662	0.017102	0.019382	0.021888
0.785	0.0017916	0.00381	0.005828	0.007928	0.010076	0.01235	0.014458	0.016858	0.019174	0.021582
0.79	0.0017474	0.00372	0.005736	0.00777	0.009908	0.01213	0.014288	0.016602	0.018952	0.021284
0.795	0.001751	0.00371	0.005672	0.007626	0.009774	0.01193	0.014098	0.016344	0.018678	0.020984
0.8	0.001747	0.00367	0.005588	0.007524	0.009646	0.011738	0.013874	0.016094	0.01842	0.020652
0.805	0.0017182	0.003558	0.005492	0.007456	0.009472	0.011532	0.013688	0.015866	0.018146	0.02033
0.81	0.001683	0.003488	0.005398	0.007392	0.009318	0.011382	0.01351	0.015636	0.017804	0.020032
0.815	0.0016626	0.00347	0.005314	0.007306	0.009216	0.011242	0.01329	0.01538	0.017506	0.019736
0.82	0.0016398	0.003424	0.00525	0.007166	0.009106	0.011066	0.01308	0.015128	0.01728	0.019456
0.825	0.0016042	0.00336	0.005192	0.00702	0.008942	0.010898	0.012908	0.014904	0.017036	0.01923
0.83	0.0015942	0.003332	0.005102	0.006916	0.008766	0.01071	0.012716	0.014698	0.016766	0.018994
0.835	0.0015814	0.00329	0.005012	0.00681	0.008646	0.010506	0.01252	0.014498	0.01653	0.018698
0.84	0.0015666	0.003192	0.004952	0.006694	0.008518	0.010354	0.012332	0.014288	0.016292	0.018404
0.845	0.0015456	0.00314	0.004864	0.006606	0.008364	0.010238	0.012108	0.014052	0.016042	0.018098
0.85	0.0014746	0.003122	0.004758	0.006492	0.008248	0.01011	0.011894	0.013814	0.015786	0.017766
0.855	0.0013972	0.00306	0.004684	0.006364	0.008134	0.009966	0.011718	0.013598	0.015526	0.01751
0.86	0.0013942	0.002996	0.004618	0.006276	0.007984	0.009802	0.011532	0.013404	0.015296	0.017278
0.865	0.0014274	0.002956	0.004542	0.006178	0.007842	0.009602	0.011342	0.013208	0.015076	0.016846
0.87	0.0014208	0.002924	0.004462	0.006072	0.007688	0.009382	0.011202	0.013006	0.014812	0.016622
0.875	0.0014262	0.002886	0.004368	0.005984	0.007562	0.009198	0.011044	0.012808	0.014558	0.016898
0.88	0.0014362	0.002844	0.004292	0.00588	0.007494	0.00908	0.01083	0.012594	0.014368	0.016966
0.885	0.0013758	0.002812	0.004258	0.005764	0.0074	0.008974	0.010648	0.012364	0.014162	0.01669
0.89	0.0012634	0.002786	0.004226	0.005686	0.007298	0.00887	0.010542	0.01217	0.013956	0.01657
0.895	0.00119	0.002714	0.004208	0.00563	0.007256	0.00881	0.01048	0.012032	0.013838	0.01629
0.9	0.001174	0.00265	0.004218	0.005598	0.00724	0.008788	0.010438	0.01195	0.013802	0.015656
