vd	id_vg = 0.0V	ig_vg = 0.0V	is_vg = 0.0V	iavdd_vg = 0.0V	ignd_vg = 0.0V	id_vg = 0.15V	ig_vg = 0.15V	is_vg = 0.15V	iavdd_vg = 0.15V	ignd_vg = 0.15V	id_vg = 0.3V	ig_vg = 0.3V	is_vg = 0.3V	iavdd_vg = 0.3V	ignd_vg = 0.3V	id_vg = 0.45V	ig_vg = 0.45V	is_vg = 0.45V	iavdd_vg = 0.45V	ignd_vg = 0.45V	id_vg = 0.6V	ig_vg = 0.6V	is_vg = 0.6V	iavdd_vg = 0.6V	ignd_vg = 0.6V	id_vg = 0.75V	ig_vg = 0.75V	is_vg = 0.75V	iavdd_vg = 0.75V	ignd_vg = 0.75V	id_vg = 0.9V	ig_vg = 0.9V	is_vg = 0.9V	iavdd_vg = 0.9V	ignd_vg = 0.9V
0.0	-1.6977000000000002e-10	-5.120000000000001e-12	-6.3e-13	3.2542e-07	-3.2524e-07	-4.9225e-09	2.1124e-10	1.4e-13	3.251e-07	-3.2114e-07	-5.7654e-09	1.1636e-09	-1.18e-12	3.2518e-07	-3.2102e-07	-1.0781599999999998e-08	5.9489e-09	3.7000000000000004e-13	3.251e-07	-3.2082e-07	-2.84184e-08	2.30396e-08	-6.700000000000002e-13	3.2504e-07	-3.2022e-07	-8.78286e-08	8.28404e-08	-5.300000000000002e-13	3.249e-07	-3.203e-07	-3.3752e-07	3.334e-07	-7e-13	3.249e-07	-3.2096e-07
0.005	-7.125e-11	-1.062e-11	-7.100000000000001e-13	3.2534e-07	-3.253e-07	-3.8463e-09	2.0175000000000003e-10	-5.9e-13	3.251e-07	-3.2152e-07	-4.8378e-09	1.0905e-09	3.000000000000001e-13	3.251e-07	-3.2144e-07	-9.574799999999999e-09	5.6457e-09	1.8000000000000004e-13	3.2502e-07	-3.212e-07	-2.66938e-08	2.20702e-08	-4.7e-13	3.2508e-07	-3.2058e-07	-8.35928e-08	7.920139999999999e-08	-1.4e-13	3.2492e-07	-3.2068e-07	-3.2114e-07	3.171e-07	-3.5e-13	3.2488e-07	-3.2108e-07
0.01	1.96e-12	-1.754e-11	-7.3e-13	3.254e-07	-3.2536e-07	-3.4968e-09	1.8868e-10	-2.300000000000001e-13	3.2512e-07	-3.2186e-07	-4.4364e-09	1.0297e-09	-6.000000000000002e-13	3.251e-07	-3.2174e-07	-8.9363e-09	5.3663e-09	-7.100000000000001e-13	3.251e-07	-3.216e-07	-2.54184e-08	2.11208e-08	-3.0000000000000005e-14	3.2506e-07	-3.2078e-07	-7.98592e-08	7.577039999999999e-08	-1.4e-13	3.2488e-07	-3.209e-07	-3.0596e-07	3.0238e-07	-1.02e-12	3.2488e-07	-3.213e-07
0.015	6.450000000000001e-11	-2.672e-11	6.6e-13	3.2536e-07	-3.2542e-07	-3.1912e-09	1.7727000000000002e-10	2.2000000000000002e-13	3.251e-07	-3.2216e-07	-4.0737e-09	9.6641e-10	-9.700000000000001e-13	3.2498e-07	-3.22e-07	-8.3599e-09	5.0915e-09	-6.700000000000002e-13	3.2508e-07	-3.2186e-07	-2.42328e-08	2.02224e-08	1.1000000000000001e-13	3.2504e-07	-3.2114e-07	-7.632819999999999e-08	7.24878e-08	-9.200000000000001e-13	3.2488e-07	-3.212e-07	-2.9142e-07	2.8778e-07	-7.3e-13	3.2494e-07	-3.2136e-07
0.02	1.3003000000000002e-10	-3.393e-11	-1.0000000000000002e-14	3.2538e-07	-3.254e-07	-2.9252e-09	1.6982e-10	-8.400000000000001e-13	3.2506e-07	-3.224e-07	-3.6884e-09	9.0874e-10	-5e-14	3.2506e-07	-3.2226e-07	-7.8386e-09	4.8409e-09	-2.1000000000000001e-13	3.2506e-07	-3.2208e-07	-2.3106e-08	1.93628e-08	3.1000000000000004e-13	3.2498e-07	-3.2128e-07	-7.297699999999998e-08	6.93892e-08	-1.7e-13	3.2488e-07	-3.2138e-07	-2.7756e-07	2.7436e-07	1.0000000000000002e-14	3.2486e-07	-3.216e-07
0.025	1.9276e-10	-3.908e-11	-9e-14	3.2534e-07	-3.2542e-07	-2.694e-09	1.5874e-10	-1.21e-12	3.25e-07	-3.226e-07	-3.4132e-09	8.5445e-10	-2.900000000000001e-13	3.2504e-07	-3.2248e-07	-7.359e-09	4.5847e-09	-3.4e-13	3.2516e-07	-3.2242e-07	-2.20272e-08	1.852e-08	5.800000000000002e-13	3.2496e-07	-3.2144e-07	-6.976819999999999e-08	6.638879999999999e-08	-5.7e-13	3.2494e-07	-3.2162e-07	-2.6442e-07	2.6132e-07	-6.400000000000001e-13	3.2494e-07	-3.2186e-07
0.03	2.3027e-10	-4.956e-11	2.1000000000000001e-13	3.2536e-07	-3.2546e-07	-2.4838e-09	1.4885e-10	-6.500000000000002e-13	3.251e-07	-3.2278e-07	-3.1698e-09	8.037e-10	-1.04e-12	3.25e-07	-3.2266e-07	-6.9097e-09	4.3482e-09	-2.5e-13	3.2498e-07	-3.2244e-07	-2.10246e-08	1.7719599999999997e-08	-1.7e-13	3.25e-07	-3.217e-07	-6.673659999999999e-08	6.356819999999999e-08	-5.4e-13	3.2492e-07	-3.2174e-07	-2.5204e-07	2.489e-07	-2.4000000000000004e-13	3.249e-07	-3.2188e-07
0.035	2.9062000000000003e-10	-5.7380000000000006e-11	-6.000000000000001e-14	3.2534e-07	-3.2552e-07	-2.2882e-09	1.4136000000000002e-10	5.500000000000001e-13	3.2514e-07	-3.2304e-07	-2.9542e-09	7.518e-10	-1.3000000000000001e-12	3.2502e-07	-3.2292e-07	-6.4996e-09	4.1185e-09	-6.8e-13	3.2498e-07	-3.2262e-07	-2.0058e-08	1.69736e-08	1.5000000000000004e-13	3.2502e-07	-3.2184e-07	-6.377339999999999e-08	6.078799999999999e-08	-9.200000000000001e-13	3.2486e-07	-3.219e-07	-2.4008e-07	2.3716e-07	2.1000000000000001e-13	3.2488e-07	-3.2198e-07
0.04	3.4442000000000004e-10	-6.36e-11	-3.5e-13	3.2532e-07	-3.256e-07	-2.1206e-09	1.3430000000000002e-10	-1.2900000000000002e-12	3.2512e-07	-3.2314e-07	-2.744e-09	7.066900000000001e-10	-4e-13	3.2502e-07	-3.2302e-07	-6.1113e-09	3.9006e-09	-2.7e-13	3.2494e-07	-3.2278e-07	-1.91508e-08	1.624e-08	1e-13	3.2492e-07	-3.2202e-07	-6.10344e-08	5.82124e-08	5.500000000000001e-13	3.2498e-07	-3.2208e-07	-2.289e-07	2.2616e-07	-3.900000000000001e-13	3.249e-07	-3.222e-07
0.045	3.8778e-10	-7.286e-11	-1.4700000000000002e-12	3.2534e-07	-3.2558e-07	-1.957e-09	1.2424e-10	1.6000000000000005e-13	3.2512e-07	-3.233e-07	-2.5572e-09	6.6704e-10	-1.0100000000000001e-12	3.2508e-07	-3.2316e-07	-5.745e-09	3.6913e-09	-2.5e-13	3.2502e-07	-3.23e-07	-1.8253e-08	1.5517999999999997e-08	-2.0000000000000003e-14	3.2492e-07	-3.222e-07	-5.83698e-08	5.57154e-08	2.900000000000001e-13	3.2488e-07	-3.2218e-07	-2.181e-07	2.1546e-07	1.8000000000000004e-13	3.2492e-07	-3.2222e-07
0.05	4.3512e-10	-8.34e-11	-2.6e-13	3.2536e-07	-3.2566e-07	-1.8005e-09	1.1698000000000002e-10	-3.600000000000001e-13	3.2512e-07	-3.2338e-07	-2.3789e-09	6.2592e-10	-1.26e-12	3.251e-07	-3.2334e-07	-5.4019e-09	3.4943e-09	-4e-13	3.2508e-07	-3.2322e-07	-1.7415799999999998e-08	1.48296e-08	5.7e-13	3.2496e-07	-3.224e-07	-5.58582e-08	5.333739999999999e-08	6.900000000000001e-13	3.2494e-07	-3.2242e-07	-2.0802e-07	2.0554e-07	-4.0000000000000006e-14	3.2492e-07	-3.2232e-07
0.055	4.9148e-10	-9.254e-11	1.9000000000000002e-13	3.2532e-07	-3.2564e-07	-1.6648e-09	1.1082e-10	-6.000000000000002e-13	3.2512e-07	-3.2364e-07	-2.2231e-09	5.8794e-10	5.2e-13	3.25e-07	-3.234e-07	-5.0876e-09	3.3075e-09	-1.4e-12	3.2504e-07	-3.2332e-07	-1.66022e-08	1.4164999999999998e-08	1.1000000000000001e-13	3.2498e-07	-3.225e-07	-5.3449e-08	5.10584e-08	1.3e-13	3.2492e-07	-3.2254e-07	-1.9834e-07	1.9598e-07	-8.400000000000001e-13	3.2488e-07	-3.2248e-07
0.06	5.400100000000001e-10	-1.0264e-10	-5.500000000000001e-13	3.2524e-07	-3.2566e-07	-1.5404e-09	1.0372e-10	-1.36e-12	3.251e-07	-3.2378e-07	-2.0637e-09	5.556800000000001e-10	-7.5e-13	3.2504e-07	-3.2348e-07	-4.7847e-09	3.1276e-09	2.0000000000000003e-14	3.2504e-07	-3.2338e-07	-1.5847e-08	1.3558799999999998e-08	2.2000000000000002e-13	3.2494e-07	-3.2268e-07	-5.11578e-08	4.88976e-08	5e-14	3.2492e-07	-3.2268e-07	-1.892e-07	1.8684e-07	-1.0000000000000002e-14	3.2486e-07	-3.2262e-07
0.065	5.692000000000001e-10	-1.1307e-10	6.200000000000001e-13	3.253e-07	-3.2576e-07	-1.4261e-09	9.543e-11	-6.500000000000002e-13	3.251e-07	-3.238e-07	-1.9241e-09	5.2371e-10	-9.5e-13	3.25e-07	-3.2358e-07	-4.4944e-09	2.9586e-09	-2.300000000000001e-13	3.2504e-07	-3.2356e-07	-1.51126e-08	1.29392e-08	3.1000000000000004e-13	3.2496e-07	-3.228e-07	-4.89688e-08	4.68546e-08	-1.0000000000000002e-14	3.249e-07	-3.2278e-07	-1.805e-07	1.7832e-07	2.0000000000000003e-14	3.2482e-07	-3.2264e-07
0.07	6.2166e-10	-1.232e-10	7.200000000000002e-13	3.2528e-07	-3.2576e-07	-1.2994e-09	8.956000000000001e-11	-6.500000000000002e-13	3.2512e-07	-3.2388e-07	-1.7962e-09	4.9209e-10	-6.900000000000001e-13	3.2502e-07	-3.2376e-07	-4.2228e-09	2.7978e-09	-1.27e-12	3.251e-07	-3.2364e-07	-1.44062e-08	1.23596e-08	-5.4e-13	3.2496e-07	-3.2288e-07	-4.685599999999999e-08	4.48404e-08	4e-13	3.2486e-07	-3.229e-07	-1.7216e-07	1.7006e-07	-8.2e-13	3.2482e-07	-3.2276e-07
0.075	6.189200000000001e-10	-1.3357e-10	-8e-13	3.2526e-07	-3.2578e-07	-1.1967e-09	8.44e-11	-8.100000000000001e-13	3.251e-07	-3.2402e-07	-1.663e-09	4.6398e-10	2.0000000000000003e-14	3.25e-07	-3.238e-07	-3.9722e-09	2.6435e-09	-6.700000000000002e-13	3.25e-07	-3.2372e-07	-1.37318e-08	1.1801e-08	3.900000000000001e-13	3.2494e-07	-3.2304e-07	-4.48362e-08	4.29508e-08	1.6000000000000005e-13	3.249e-07	-3.2296e-07	-1.6418e-07	1.6228e-07	6.000000000000001e-14	3.2488e-07	-3.2278e-07
0.08	6.7531e-10	-1.4603e-10	-8.100000000000001e-13	3.2536e-07	-3.2582e-07	-1.094e-09	7.678e-11	-9e-14	3.2516e-07	-3.2404e-07	-1.5483e-09	4.4037000000000005e-10	-5.500000000000001e-13	3.2502e-07	-3.2392e-07	-3.7257e-09	2.4965e-09	-9.5e-13	3.2504e-07	-3.2378e-07	-1.30738e-08	1.1264199999999998e-08	-4.1e-13	3.2502e-07	-3.232e-07	-4.28872e-08	4.11044e-08	1.5000000000000004e-13	3.249e-07	-3.231e-07	-1.566e-07	1.5478e-07	-3.600000000000001e-13	3.2486e-07	-3.2292e-07
0.085	6.8974e-10	-1.5635e-10	-3.4e-13	3.2532e-07	-3.2588e-07	-9.988e-10	7.115000000000001e-11	-3.3e-13	3.251e-07	-3.2414e-07	-1.4431e-09	4.1521e-10	-1.1600000000000001e-12	3.2498e-07	-3.2398e-07	-3.4834e-09	2.3585e-09	-2.7e-13	3.2504e-07	-3.2394e-07	-1.2455799999999998e-08	1.07578e-08	-5.300000000000002e-13	3.25e-07	-3.2328e-07	-4.10486e-08	3.93868e-08	-5.4e-13	3.2492e-07	-3.2326e-07	-1.4956e-07	1.4772e-07	-1.21e-12	3.2482e-07	-3.2298e-07
0.09	6.949e-10	-1.7203000000000003e-10	-1.4e-13	3.2528e-07	-3.2578e-07	-9.049199999999999e-10	6.848e-11	-1.55e-12	3.251e-07	-3.2432e-07	-1.3359e-09	3.9092e-10	9e-14	3.2502e-07	-3.2406e-07	-3.2730999999999998e-09	2.2254e-09	-3.5e-13	3.25e-07	-3.2398e-07	-1.18602e-08	1.0250199999999998e-08	-9.3e-13	3.2506e-07	-3.234e-07	-3.92926e-08	3.77174e-08	-1.4e-13	3.2496e-07	-3.2338e-07	-1.4272e-07	1.4104e-07	-6.000000000000001e-14	3.2488e-07	-3.2302e-07
0.095	7.3819e-10	-1.7839000000000002e-10	3.0000000000000005e-14	3.254e-07	-3.2584e-07	-8.1228e-10	6.078000000000001e-11	-5.300000000000002e-13	3.2504e-07	-3.243e-07	-1.2319e-09	3.7137e-10	-3.2000000000000005e-13	3.25e-07	-3.2416e-07	-3.0731e-09	2.0994e-09	1.2500000000000001e-12	3.25e-07	-3.2402e-07	-1.12834e-08	9.7689e-09	-7.5e-13	3.2498e-07	-3.2348e-07	-3.76044e-08	3.61232e-08	-8.600000000000001e-13	3.2494e-07	-3.2338e-07	-1.3628e-07	1.3464e-07	-6.400000000000001e-13	3.2488e-07	-3.2316e-07
0.1	7.5319e-10	-1.9189e-10	-6.200000000000001e-13	3.2538e-07	-3.259e-07	-7.149700000000001e-10	5.5270000000000007e-11	-2.8e-13	3.251e-07	-3.2436e-07	-1.1292e-09	3.5322000000000005e-10	-6.900000000000001e-13	3.25e-07	-3.2416e-07	-2.8616e-09	1.981e-09	1e-13	3.25e-07	-3.2416e-07	-1.0714199999999998e-08	9.304e-09	-4.7e-13	3.25e-07	-3.2356e-07	-3.59944e-08	3.45926e-08	1.4e-13	3.2498e-07	-3.235e-07	-1.3004e-07	1.2854e-07	6.000000000000001e-14	3.2482e-07	-3.2324e-07
0.105	7.897e-10	-2.0527e-10	1.8000000000000004e-13	3.2546e-07	-3.2594e-07	-6.3732e-10	5.2240000000000005e-11	-8.9e-13	3.251e-07	-3.245e-07	-1.0442e-09	3.3325e-10	-1.5000000000000004e-13	3.25e-07	-3.243e-07	-2.6723e-09	1.871e-09	-8.100000000000001e-13	3.2496e-07	-3.242e-07	-1.018e-08	8.8756e-09	-2.4000000000000004e-13	3.25e-07	-3.2368e-07	-3.4438999999999995e-08	3.31378e-08	-2.8e-13	3.2486e-07	-3.2356e-07	-1.2424e-07	1.2278e-07	-1.6000000000000005e-13	3.249e-07	-3.2336e-07
0.11	8.0862e-10	-2.1603000000000003e-10	-7e-13	3.2532e-07	-3.2586e-07	-5.6411e-10	4.57e-11	-7.900000000000001e-13	3.2512e-07	-3.2456e-07	-9.5181e-10	3.1586000000000003e-10	-4.4000000000000004e-13	3.2506e-07	-3.2442e-07	-2.4933e-09	1.7626e-09	-1.26e-12	3.2504e-07	-3.2428e-07	-9.679799999999999e-09	8.4499e-09	-5.300000000000002e-13	3.25e-07	-3.2378e-07	-3.2907e-08	3.17156e-08	-1.2000000000000002e-13	3.2488e-07	-3.2356e-07	-1.1866e-07	1.1726e-07	-1.2000000000000001e-12	3.2486e-07	-3.2334e-07
0.115	8.6176e-10	-2.2918000000000003e-10	-8.300000000000001e-13	3.2534e-07	-3.26e-07	-4.8849e-10	3.9610000000000006e-11	-2.7e-13	3.2512e-07	-3.247e-07	-8.5403e-10	3.0152e-10	-9.700000000000001e-13	3.2504e-07	-3.2448e-07	-2.3243e-09	1.6602e-09	-3.900000000000001e-13	3.2498e-07	-3.2428e-07	-9.203e-09	8.0459e-09	-1.46e-12	3.25e-07	-3.2384e-07	-3.15136e-08	3.0369399999999994e-08	-6.8e-13	3.2492e-07	-3.2374e-07	-1.1332e-07	1.12e-07	-4.7e-13	3.2486e-07	-3.235e-07
0.12	8.880300000000001e-10	-2.4063000000000003e-10	-3.900000000000001e-13	3.2528e-07	-3.2596e-07	-4.1429e-10	3.632e-11	-9.600000000000002e-13	3.2504e-07	-3.247e-07	-7.7947e-10	2.8424000000000004e-10	-3.7000000000000004e-13	3.2506e-07	-3.2454e-07	-2.152e-09	1.5669e-09	-5.7e-13	3.2504e-07	-3.2436e-07	-8.7168e-09	7.6531e-09	-8.7e-13	3.2498e-07	-3.239e-07	-3.01032e-08	2.90642e-08	-5.7e-13	3.2492e-07	-3.2382e-07	-1.0816e-07	1.0702e-07	2.8e-13	3.2482e-07	-3.2352e-07
0.125	9.1246e-10	-2.5523e-10	-6.1e-13	3.253e-07	-3.2596e-07	-3.4681e-10	3.091e-11	-1.26e-12	3.2514e-07	-3.2476e-07	-6.9562e-10	2.6871e-10	-2.6e-13	3.25e-07	-3.246e-07	-1.9955e-09	1.4781e-09	-1.6200000000000004e-12	3.2496e-07	-3.245e-07	-8.254e-09	7.2842e-09	3.4e-13	3.25e-07	-3.2404e-07	-2.88126e-08	2.78374e-08	-4.500000000000001e-13	3.2488e-07	-3.2388e-07	-1.0338e-07	1.0228e-07	-1.5300000000000001e-12	3.2488e-07	-3.2366e-07
0.13	9.4357e-10	-2.6610000000000004e-10	-1.2500000000000001e-12	3.253e-07	-3.2588e-07	-2.7099e-10	2.306e-11	-1.7e-13	3.2512e-07	-3.2482e-07	-6.1161e-10	2.5659000000000004e-10	-9.700000000000001e-13	3.2504e-07	-3.2466e-07	-1.8572e-09	1.3905e-09	-5.300000000000002e-13	3.2504e-07	-3.2452e-07	-7.8165e-09	6.9326e-09	-8.7e-13	3.2494e-07	-3.2408e-07	-2.75576e-08	2.66546e-08	-6.8e-13	3.2488e-07	-3.2392e-07	-9.88914e-08	9.774879999999999e-08	-5.4e-13	3.2486e-07	-3.2374e-07
0.135	9.933e-10	-2.8216000000000004e-10	-1e-13	3.2524e-07	-3.259e-07	-1.9831e-10	1.894e-11	-1.2000000000000001e-12	3.2506e-07	-3.2492e-07	-5.463000000000001e-10	2.4269e-10	-1.41e-12	3.2504e-07	-3.2474e-07	-1.7055e-09	1.31e-09	4e-13	3.2496e-07	-3.2458e-07	-7.3903e-09	6.5883e-09	-3.2000000000000005e-13	3.2504e-07	-3.2416e-07	-2.63406e-08	2.55064e-08	-1.0500000000000002e-12	3.2488e-07	-3.2402e-07	-9.439439999999999e-08	9.34032e-08	-8.100000000000001e-13	3.2482e-07	-3.2384e-07
0.14	1.0474e-09	-2.9407e-10	-1.4300000000000002e-12	3.253e-07	-3.2596e-07	-1.3691000000000002e-10	1.386e-11	-6.6e-13	3.2512e-07	-3.2494e-07	-4.8006e-10	2.2858000000000003e-10	-3.800000000000001e-13	3.2506e-07	-3.2478e-07	-1.5597e-09	1.2338e-09	-9.200000000000001e-13	3.2504e-07	-3.247e-07	-6.9822e-09	6.257e-09	-1.9000000000000002e-13	3.2494e-07	-3.2426e-07	-2.51676e-08	2.44368e-08	-6.200000000000001e-13	3.2498e-07	-3.2416e-07	-9.02392e-08	8.92968e-08	-7.200000000000002e-13	3.2474e-07	-3.2388e-07
0.145	1.1162e-09	-3.1035e-10	-2.6e-13	3.2528e-07	-3.26e-07	-7.895000000000001e-11	6.15e-12	-7.100000000000001e-13	3.2502e-07	-3.2494e-07	-4.0357e-10	2.1754e-10	-9.4e-13	3.2508e-07	-3.2484e-07	-1.4311e-09	1.1603e-09	-1.12e-12	3.2498e-07	-3.2476e-07	-6.5875e-09	5.9554e-09	5e-14	3.2494e-07	-3.2434e-07	-2.40474e-08	2.3392e-08	-1.03e-12	3.249e-07	-3.2422e-07	-8.61958e-08	8.53712e-08	-6.900000000000001e-13	3.2494e-07	-3.2398e-07
0.15	1.1712e-09	-3.2284000000000005e-10	-2.2000000000000002e-13	3.2528e-07	-3.2604e-07	-1.9970000000000003e-11	5.6e-13	7e-14	3.25e-07	-3.2502e-07	-3.4056e-10	2.0637e-10	-1.1100000000000001e-12	3.2512e-07	-3.25e-07	-1.3056e-09	1.0896e-09	-4.0000000000000006e-14	3.2506e-07	-3.2482e-07	-6.2194e-09	5.6474e-09	-5.7e-13	3.249e-07	-3.2434e-07	-2.29888e-08	2.23862e-08	-1.45e-12	3.2492e-07	-3.2424e-07	-8.24032e-08	8.163859999999999e-08	-1.1000000000000002e-12	3.2486e-07	-3.2406e-07
0.155	1.2195e-09	-3.3651e-10	-9.9e-13	3.2524e-07	-3.2614e-07	4.8570000000000007e-11	-4.550000000000001e-12	-1.12e-12	3.2504e-07	-3.2506e-07	-2.8184000000000003e-10	1.9516000000000003e-10	-1e-13	3.251e-07	-3.2496e-07	-1.1815e-09	1.0236e-09	4.800000000000001e-13	3.2492e-07	-3.2476e-07	-5.8556e-09	5.3552e-09	-4.1e-13	3.249e-07	-3.2436e-07	-2.19364e-08	2.14038e-08	-1.0100000000000001e-12	3.248e-07	-3.2428e-07	-7.87434e-08	7.807e-08	-9.9e-13	3.249e-07	-3.2408e-07
0.16	1.2626e-09	-3.5610000000000004e-10	-1.0000000000000002e-14	3.2524e-07	-3.2608e-07	1.0298e-10	-1.096e-11	-1.78e-12	3.2512e-07	-3.2516e-07	-2.0900000000000003e-10	1.8366e-10	4.0000000000000006e-14	3.2504e-07	-3.2496e-07	-1.0645e-09	9.6678e-10	-8.600000000000001e-13	3.2494e-07	-3.2478e-07	-5.5125e-09	5.079e-09	-1.5000000000000004e-13	3.2492e-07	-3.2456e-07	-2.094e-08	2.05052e-08	-1.0600000000000001e-12	3.2486e-07	-3.2434e-07	-7.52944e-08	7.468139999999999e-08	-6.8e-13	3.2484e-07	-3.2416e-07
0.165	1.3238e-09	-3.7217e-10	-1.8000000000000004e-13	3.2522e-07	-3.2614e-07	1.6234e-10	-1.871e-11	-4.0000000000000006e-14	3.2508e-07	-3.2514e-07	-1.4359000000000002e-10	1.7678e-10	-2.4000000000000004e-13	3.2506e-07	-3.2508e-07	-9.6478e-10	9.0348e-10	-6.000000000000001e-14	3.2498e-07	-3.249e-07	-5.1761e-09	4.8148e-09	1.3e-13	3.2492e-07	-3.2452e-07	-2.00008e-08	1.95916e-08	-8.600000000000001e-13	3.2486e-07	-3.244e-07	-7.19604e-08	7.140639999999999e-08	-1.22e-12	3.2488e-07	-3.2426e-07
0.17	1.3814e-09	-3.86e-10	-1.78e-12	3.2514e-07	-3.2604e-07	2.2763e-10	-2.4740000000000003e-11	-1.6000000000000005e-13	3.2516e-07	-3.2526e-07	-8.353e-11	1.6483e-10	-2.1000000000000001e-13	3.2512e-07	-3.2516e-07	-8.4836e-10	8.5237e-10	-2.2000000000000002e-13	3.25e-07	-3.2496e-07	-4.857e-09	4.5659e-09	-1.04e-12	3.2496e-07	-3.2462e-07	-1.90678e-08	1.8741e-08	-1.1100000000000001e-12	3.2486e-07	-3.2452e-07	-6.883659999999999e-08	6.83336e-08	-8.2e-13	3.2482e-07	-3.2428e-07
0.175	1.4237e-09	-4.0500000000000005e-10	-1.21e-12	3.2512e-07	-3.2618e-07	2.8671000000000004e-10	-3.109e-11	-7.200000000000002e-13	3.252e-07	-3.2536e-07	-2.425e-11	1.5461000000000002e-10	-3.600000000000001e-13	3.2492e-07	-3.2516e-07	-7.4393e-10	8.0023e-10	-4.9e-13	3.25e-07	-3.2496e-07	-4.5565e-09	4.3251e-09	4.9e-13	3.2492e-07	-3.2472e-07	-1.81826e-08	1.79308e-08	-1.65e-12	3.2482e-07	-3.2452e-07	-6.57614e-08	6.53578e-08	-1.7e-13	3.2478e-07	-3.2436e-07
0.18	1.4823e-09	-4.2218e-10	-3.5e-13	3.252e-07	-3.2622e-07	3.3629000000000004e-10	-3.985e-11	-3.5e-13	3.2514e-07	-3.2548e-07	4.014e-11	1.48e-10	-5.2e-13	3.2498e-07	-3.2518e-07	-6.524500000000001e-10	7.525200000000001e-10	-4.800000000000001e-13	3.2492e-07	-3.25e-07	-4.274e-09	4.0937e-09	-9e-14	3.2492e-07	-3.247e-07	-1.7354799999999998e-08	1.7139e-08	-1.23e-12	3.2494e-07	-3.2466e-07	-6.28936e-08	6.25296e-08	-6.3e-13	3.249e-07	-3.2446e-07
0.185	1.5243e-09	-4.4090000000000005e-10	-7.200000000000002e-13	3.2524e-07	-3.2632e-07	4.0866e-10	-4.732e-11	2.900000000000001e-13	3.2516e-07	-3.255e-07	9.012e-11	1.4006e-10	-9.4e-13	3.2504e-07	-3.2518e-07	-5.4696e-10	7.0689e-10	-1.3e-13	3.2494e-07	-3.2512e-07	-3.9861e-09	3.885e-09	-1.1900000000000002e-12	3.2496e-07	-3.2478e-07	-1.65358e-08	1.63974e-08	-7.600000000000002e-13	3.249e-07	-3.2478e-07	-6.0118e-08	5.981019999999999e-08	-9.5e-13	3.2484e-07	-3.2448e-07
0.19	1.5716e-09	-4.5772000000000005e-10	-1.2400000000000002e-12	3.2518e-07	-3.263e-07	4.706e-10	-5.351e-11	-1.1900000000000002e-12	3.2512e-07	-3.2556e-07	1.4385e-10	1.3004e-10	-1.0000000000000002e-14	3.251e-07	-3.253e-07	-4.5516000000000006e-10	6.683600000000001e-10	-1.9000000000000002e-13	3.2498e-07	-3.2512e-07	-3.7203e-09	3.6798e-09	-5.6e-13	3.2488e-07	-3.2488e-07	-1.5733199999999997e-08	1.5658199999999998e-08	-7.3e-13	3.2492e-07	-3.2478e-07	-5.748959999999999e-08	5.726639999999999e-08	-1.0100000000000001e-12	3.2488e-07	-3.2454e-07
0.195	1.6217e-09	-4.791e-10	-9.3e-13	3.253e-07	-3.2636e-07	5.1834e-10	-6.234e-11	-2.8e-13	3.251e-07	-3.2554e-07	2.0927e-10	1.2360000000000002e-10	3.000000000000001e-13	3.2504e-07	-3.2536e-07	-3.6137e-10	6.268e-10	-2.2000000000000002e-13	3.2488e-07	-3.2522e-07	-3.4738e-09	3.4807e-09	-1.0100000000000001e-12	3.2488e-07	-3.2492e-07	-1.49784e-08	1.4961799999999998e-08	-1.3e-13	3.2492e-07	-3.2484e-07	-5.49564e-08	5.47834e-08	-9.5e-13	3.2476e-07	-3.246e-07
0.2	1.6805e-09	-4.9935e-10	-9.000000000000001e-13	3.252e-07	-3.2642e-07	5.7573e-10	-7.195000000000001e-11	7e-13	3.2516e-07	-3.2554e-07	2.6569000000000004e-10	1.179e-10	-9.000000000000001e-13	3.2504e-07	-3.2542e-07	-2.7059000000000004e-10	5.906200000000001e-10	3.1000000000000004e-13	3.2492e-07	-3.2524e-07	-3.2239e-09	3.2955e-09	-6.000000000000001e-14	3.2496e-07	-3.2496e-07	-1.4250999999999998e-08	1.42904e-08	-1.1000000000000001e-13	3.249e-07	-3.2498e-07	-5.25598e-08	5.24502e-08	-9.000000000000001e-13	3.2482e-07	-3.246e-07
0.205	1.7376e-09	-5.193000000000001e-10	-4.7e-13	3.2522e-07	-3.264e-07	6.277e-10	-7.844e-11	-5.500000000000001e-13	3.2516e-07	-3.2568e-07	3.0629000000000004e-10	1.09e-10	-5.300000000000002e-13	3.2504e-07	-3.2538e-07	-1.8138e-10	5.590300000000001e-10	-7.200000000000002e-13	3.2492e-07	-3.252e-07	-2.9862e-09	3.1182e-09	-1.2000000000000002e-13	3.2492e-07	-3.2502e-07	-1.3549399999999998e-08	1.36546e-08	-3.7000000000000004e-13	3.2496e-07	-3.2502e-07	-5.023879999999999e-08	5.02108e-08	-8.9e-13	3.2488e-07	-3.2478e-07
0.21	1.7822e-09	-5.4033e-10	-1.6300000000000001e-12	3.2518e-07	-3.2638e-07	6.7643e-10	-8.914e-11	-7.900000000000001e-13	3.2512e-07	-3.2572e-07	3.7213e-10	1.0237e-10	-1.5000000000000004e-13	3.2498e-07	-3.2548e-07	-1.0924e-10	5.2878e-10	-7.900000000000001e-13	3.2492e-07	-3.2532e-07	-2.7635e-09	2.9476e-09	-1.2900000000000002e-12	3.2488e-07	-3.2506e-07	-1.2876999999999998e-08	1.30416e-08	7e-14	3.2494e-07	-3.2502e-07	-4.80128e-08	4.805419999999999e-08	-5.300000000000002e-13	3.2492e-07	-3.2482e-07
0.215	1.8342e-09	-5.6493e-10	4.2000000000000003e-13	3.2516e-07	-3.2642e-07	6.9603e-10	-9.791e-11	-1.6000000000000005e-13	3.251e-07	-3.2566e-07	4.4797000000000006e-10	9.746e-11	8.000000000000001e-14	3.2508e-07	-3.2554e-07	-4.1140000000000006e-11	4.9678e-10	-6.6e-13	3.2494e-07	-3.2538e-07	-2.548e-09	2.7885e-09	-2.4000000000000004e-13	3.2498e-07	-3.252e-07	-1.2215999999999998e-08	1.2450199999999998e-08	-5.500000000000001e-13	3.2494e-07	-3.251e-07	-4.59246e-08	4.600779999999999e-08	-6.6e-13	3.2488e-07	-3.2488e-07
0.22	1.8923e-09	-5.8619e-10	-7e-13	3.2522e-07	-3.2648e-07	7.3728e-10	-1.0483e-10	-4.2000000000000003e-13	3.2504e-07	-3.2568e-07	4.949e-10	9.137e-11	-8.500000000000002e-13	3.2504e-07	-3.2554e-07	3.905e-11	4.7142e-10	-4.1e-13	3.249e-07	-3.2542e-07	-2.3462e-09	2.6413e-09	-1.0100000000000001e-12	3.2488e-07	-3.2514e-07	-1.15794e-08	1.18598e-08	5.4e-13	3.2488e-07	-3.2514e-07	-4.38776e-08	4.40328e-08	-6.000000000000002e-13	3.2484e-07	-3.25e-07
0.225	1.9399e-09	-6.0984e-10	-1.4900000000000001e-12	3.2518e-07	-3.2656e-07	7.753100000000001e-10	-1.1728e-10	1.4e-13	3.2504e-07	-3.2576e-07	5.4133e-10	8.348e-11	3.0000000000000005e-14	3.25e-07	-3.2562e-07	1.1348e-10	4.4716e-10	-1.41e-12	3.2492e-07	-3.2548e-07	-2.1449e-09	2.4977999999999998e-09	-1.36e-12	3.2484e-07	-3.2524e-07	-1.09818e-08	1.13206e-08	-6.000000000000001e-14	3.2492e-07	-3.2516e-07	-4.19412e-08	4.2139e-08	-7.3e-13	3.2492e-07	-3.2496e-07
0.23	1.9968e-09	-6.3455e-10	-3.000000000000001e-13	3.2518e-07	-3.2654e-07	8.3462e-10	-1.2303e-10	-1.5000000000000004e-13	3.2502e-07	-3.2572e-07	6.073000000000001e-10	7.785e-11	3.7000000000000004e-13	3.2498e-07	-3.257e-07	1.7836000000000002e-10	4.2267000000000005e-10	-4.1e-13	3.2498e-07	-3.255e-07	-1.9527e-09	2.3572e-09	-7.900000000000001e-13	3.2482e-07	-3.2516e-07	-1.0394e-08	1.08102e-08	-7e-14	3.2492e-07	-3.252e-07	-4.00682e-08	4.03458e-08	-2.6e-13	3.2484e-07	-3.2508e-07
0.235	2.0594e-09	-6.588300000000001e-10	-1.3e-13	3.252e-07	-3.2666e-07	8.709900000000001e-10	-1.3451e-10	-4.7e-13	3.2504e-07	-3.2572e-07	6.5271e-10	7.523e-11	-9.9e-13	3.2498e-07	-3.257e-07	2.5607000000000003e-10	3.9999e-10	-9e-14	3.2498e-07	-3.2562e-07	-1.771e-09	2.2265e-09	4.9e-13	3.2492e-07	-3.2538e-07	-9.837399999999999e-09	1.02922e-08	-9.4e-13	3.2496e-07	-3.253e-07	-3.82852e-08	3.86234e-08	-6.000000000000001e-14	3.2484e-07	-3.2508e-07
0.24	2.1187e-09	-6.839200000000001e-10	-6.6e-13	3.2524e-07	-3.2668e-07	9.2608e-10	-1.4329e-10	-3.7000000000000004e-13	3.251e-07	-3.259e-07	6.7218e-10	6.758e-11	-4.0000000000000006e-14	3.2508e-07	-3.2574e-07	3.2863000000000003e-10	3.8127e-10	-1.23e-12	3.2496e-07	-3.2566e-07	-1.5943e-09	2.1007e-09	-1.0100000000000001e-12	3.2492e-07	-3.2536e-07	-9.3735e-09	9.814199999999997e-09	-3.7000000000000004e-13	3.2488e-07	-3.253e-07	-3.6568e-08	3.69662e-08	-1.7e-13	3.2486e-07	-3.252e-07
0.245	2.1699e-09	-7.1083e-10	-1.0100000000000001e-12	3.2524e-07	-3.267e-07	9.735e-10	-1.5428e-10	2.900000000000001e-13	3.251e-07	-3.2588e-07	6.956400000000001e-10	6.6e-11	-2.06e-12	3.2502e-07	-3.2576e-07	3.9648e-10	3.6096e-10	-9.600000000000002e-13	3.2492e-07	-3.257e-07	-1.4277e-09	1.985e-09	-7.800000000000002e-13	3.2488e-07	-3.2538e-07	-8.8681e-09	9.3348e-09	-1.4e-13	3.2486e-07	-3.253e-07	-3.49522e-08	3.5392199999999994e-08	1e-13	3.2486e-07	-3.2524e-07
0.25	2.2416e-09	-7.4065e-10	-1.2000000000000002e-13	3.252e-07	-3.2672e-07	1.0528e-09	-1.6577e-10	9.9e-13	3.2506e-07	-3.2594e-07	7.311000000000001e-10	5.692e-11	-6.000000000000002e-13	3.25e-07	-3.2584e-07	4.6407e-10	3.4076e-10	-2.900000000000001e-13	3.25e-07	-3.258e-07	-1.2564e-09	1.8634e-09	1.8000000000000004e-13	3.2486e-07	-3.2546e-07	-8.3915e-09	8.9095e-09	-6.900000000000001e-13	3.2488e-07	-3.2536e-07	-3.3355199999999994e-08	3.3878999999999995e-08	-3.000000000000001e-13	3.249e-07	-3.2526e-07
0.255	2.3029e-09	-7.6631e-10	-5.6e-13	3.252e-07	-3.2674e-07	1.1291e-09	-1.7402e-10	-5.800000000000002e-13	3.251e-07	-3.2598e-07	7.7922e-10	5.38e-11	-8.7e-13	3.25e-07	-3.258e-07	5.2952e-10	3.2442e-10	-1.41e-12	3.2498e-07	-3.2576e-07	-1.0977e-09	1.7627e-09	-1.4e-13	3.2492e-07	-3.2556e-07	-7.9121e-09	8.4605e-09	-2e-13	3.2488e-07	-3.2542e-07	-3.1872e-08	3.24274e-08	1.0000000000000002e-14	3.2482e-07	-3.253e-07
0.26	2.358e-09	-7.9436e-10	-1.17e-12	3.2528e-07	-3.2684e-07	1.179e-09	-1.8582e-10	-5.1e-13	3.2502e-07	-3.2604e-07	8.2275e-10	4.712e-11	-6.8e-13	3.25e-07	-3.2586e-07	5.9277e-10	3.0948e-10	-1.37e-12	3.2492e-07	-3.2584e-07	-9.7114e-10	1.6617e-09	-1.4700000000000002e-12	3.2488e-07	-3.2558e-07	-7.4331e-09	8.0498e-09	6.8e-13	3.2494e-07	-3.2554e-07	-3.03936e-08	3.1041e-08	1e-13	3.2488e-07	-3.2538e-07
0.265	2.4234e-09	-8.2575e-10	-3.0000000000000005e-14	3.2528e-07	-3.2676e-07	1.2398e-09	-1.9794e-10	-9.9e-13	3.2506e-07	-3.2604e-07	8.763300000000001e-10	4.2590000000000005e-11	-3.5e-13	3.2498e-07	-3.258e-07	6.4984e-10	2.9204e-10	-9.000000000000001e-13	3.2484e-07	-3.2584e-07	-8.2173e-10	1.5677e-09	-7e-13	3.2494e-07	-3.2568e-07	-6.991e-09	7.6604e-09	-6.1e-13	3.2486e-07	-3.2548e-07	-2.90208e-08	2.96936e-08	-3.600000000000001e-13	3.2486e-07	-3.2544e-07
0.27	2.4942e-09	-8.560800000000001e-10	-4.500000000000001e-13	3.2528e-07	-3.2684e-07	1.3183e-09	-2.0824e-10	-4.800000000000001e-13	3.2506e-07	-3.2614e-07	9.0724e-10	3.821e-11	-2.5e-13	3.2494e-07	-3.2594e-07	7.0378e-10	2.7631e-10	-4.0000000000000006e-14	3.2502e-07	-3.2596e-07	-6.6188e-10	1.4779e-09	2e-13	3.2492e-07	-3.2568e-07	-6.5733e-09	7.2882e-09	-1.0600000000000001e-12	3.2488e-07	-3.2554e-07	-2.76988e-08	2.84424e-08	-9e-14	3.2482e-07	-3.2544e-07
0.275	2.5674e-09	-8.8505e-10	-1.13e-12	3.2516e-07	-3.268e-07	1.3744e-09	-2.1768e-10	-7.600000000000002e-13	3.2498e-07	-3.2614e-07	9.5197e-10	3.194e-11	-1.7e-13	3.2506e-07	-3.259e-07	7.3369e-10	2.6428000000000004e-10	-7.900000000000001e-13	3.2496e-07	-3.259e-07	-5.231600000000001e-10	1.3896e-09	-4.4000000000000004e-13	3.2492e-07	-3.2574e-07	-6.1602e-09	6.9218e-09	-1e-13	3.2484e-07	-3.256e-07	-2.64252e-08	2.7193e-08	-3.000000000000001e-13	3.2476e-07	-3.2542e-07
0.28	2.6172e-09	-9.1846e-10	-1.45e-12	3.2516e-07	-3.2682e-07	1.4289e-09	-2.318e-10	9e-14	3.2502e-07	-3.262e-07	1.0072e-09	2.5920000000000003e-11	7e-13	3.2496e-07	-3.2602e-07	7.6694e-10	2.4896000000000004e-10	1.32e-12	3.25e-07	-3.2602e-07	-4.0019e-10	1.3099e-09	-6.700000000000002e-13	3.2498e-07	-3.2582e-07	-5.7529e-09	6.5779e-09	-8.500000000000002e-13	3.2482e-07	-3.2568e-07	-2.5203e-08	2.6041e-08	-1.5000000000000004e-13	3.2482e-07	-3.256e-07
0.285	2.6886e-09	-9.5144e-10	-1.1000000000000001e-13	3.2518e-07	-3.2688e-07	1.4897e-09	-2.4543e-10	1.3e-13	3.2502e-07	-3.262e-07	1.085e-09	2.131e-11	6.000000000000001e-14	3.2498e-07	-3.2602e-07	8.198100000000001e-10	2.4011e-10	-9.5e-13	3.2502e-07	-3.261e-07	-2.68e-10	1.2321e-09	-1.2000000000000002e-13	3.2486e-07	-3.2578e-07	-5.36e-09	6.2441e-09	-1.3800000000000002e-12	3.249e-07	-3.257e-07	-2.3996e-08	2.49038e-08	3.5e-13	3.2482e-07	-3.2566e-07
0.29	2.7694e-09	-9.8343e-10	-2.4000000000000004e-13	3.2512e-07	-3.269e-07	1.5519e-09	-2.5569e-10	-6.700000000000002e-13	3.25e-07	-3.263e-07	1.1419e-09	1.754e-11	-4.600000000000002e-13	3.2494e-07	-3.2618e-07	8.5986e-10	2.2457e-10	-5.4e-13	3.2492e-07	-3.2596e-07	-1.3455000000000002e-10	1.1608e-09	1.1000000000000001e-13	3.2494e-07	-3.2588e-07	-5.0079e-09	5.9294e-09	-1.22e-12	3.248e-07	-3.2574e-07	-2.28766e-08	2.3832e-08	1e-13	3.248e-07	-3.2568e-07
0.295	2.8276e-09	-1.01767e-09	-6.8e-13	3.2514e-07	-3.2694e-07	1.6135e-09	-2.7033000000000004e-10	-7.3e-13	3.2502e-07	-3.2636e-07	1.2179e-09	1.0850000000000002e-11	1e-13	3.2504e-07	-3.2622e-07	9.1149e-10	2.142e-10	-2.6e-13	3.2494e-07	-3.2602e-07	-2.1660000000000003e-11	1.0931e-09	-8.2e-13	3.2488e-07	-3.2588e-07	-4.6459e-09	5.6414e-09	-6.900000000000001e-13	3.248e-07	-3.2586e-07	-2.17934e-08	2.27984e-08	-5e-13	3.2482e-07	-3.2572e-07
0.3	2.8981e-09	-1.0545400000000002e-09	2.300000000000001e-13	3.2516e-07	-3.2704e-07	1.6687e-09	-2.8518000000000004e-10	-8.800000000000002e-13	3.2498e-07	-3.2636e-07	1.2848e-09	4.07e-12	-1.4e-13	3.2496e-07	-3.2624e-07	9.5177e-10	2.0322e-10	-1.08e-12	3.2498e-07	-3.2608e-07	9.051e-11	1.0259e-09	-9.000000000000001e-13	3.2488e-07	-3.2606e-07	-4.3123e-09	5.3857e-09	-9.600000000000002e-13	3.2486e-07	-3.2594e-07	-2.07426e-08	2.18104e-08	-4.800000000000001e-13	3.2482e-07	-3.2582e-07
0.305	2.9752e-09	-1.09093e-09	-6.500000000000002e-13	3.252e-07	-3.2698e-07	1.7411e-09	-3.0012000000000005e-10	-7.900000000000001e-13	3.2494e-07	-3.264e-07	1.3401e-09	7.3e-13	-3.000000000000001e-13	3.2496e-07	-3.2638e-07	1.0116e-09	1.9174000000000003e-10	-1.0100000000000001e-12	3.2498e-07	-3.2614e-07	2.0487e-10	9.6582e-10	-5.800000000000002e-13	3.2492e-07	-3.2604e-07	-4.0047e-09	5.0874e-09	-1.0100000000000001e-12	3.2486e-07	-3.2594e-07	-1.97384e-08	2.08522e-08	-1.08e-12	3.2482e-07	-3.2584e-07
0.31	3.0429e-09	-1.12553e-09	-1.5400000000000001e-12	3.2516e-07	-3.2704e-07	1.7979e-09	-3.1287000000000003e-10	-1.5200000000000002e-12	3.2494e-07	-3.2654e-07	1.3943e-09	-4.97e-12	-1.78e-12	3.2502e-07	-3.2632e-07	1.1031e-09	1.8173e-10	-1.1000000000000001e-13	3.25e-07	-3.2628e-07	3.0494000000000003e-10	9.0837e-10	-1e-12	3.2494e-07	-3.2614e-07	-3.6935e-09	4.8297e-09	-4.1e-13	3.249e-07	-3.26e-07	-1.87584e-08	1.99548e-08	-6.400000000000001e-13	3.2484e-07	-3.259e-07
0.315	3.1144e-09	-1.1634e-09	-1.85e-12	3.2516e-07	-3.2708e-07	1.8591e-09	-3.3063e-10	-6.700000000000002e-13	3.2508e-07	-3.2656e-07	1.4507e-09	-1.325e-11	-3.7000000000000004e-13	3.2502e-07	-3.2642e-07	1.1832e-09	1.7422000000000002e-10	-6.1e-13	3.2496e-07	-3.2632e-07	4.0165000000000006e-10	8.5261e-10	-1.14e-12	3.2488e-07	-3.2618e-07	-3.3739e-09	4.5729e-09	1.0000000000000002e-14	3.2482e-07	-3.2604e-07	-1.78308e-08	1.9078e-08	3.600000000000001e-13	3.2476e-07	-3.2596e-07
0.32	3.1679e-09	-1.202e-09	-5.4e-13	3.2518e-07	-3.2708e-07	1.931e-09	-3.4709000000000004e-10	-4.9e-13	3.2496e-07	-3.2662e-07	1.5224e-09	-1.8310000000000003e-11	-1.07e-12	3.25e-07	-3.2646e-07	1.2338e-09	1.6451e-10	-1.3500000000000001e-12	3.2494e-07	-3.2638e-07	5.111400000000001e-10	8.0252e-10	2e-13	3.2488e-07	-3.262e-07	-3.0962e-09	4.337e-09	-1.2800000000000002e-12	3.2486e-07	-3.2614e-07	-1.6925599999999997e-08	1.82374e-08	-1.13e-12	3.2476e-07	-3.2604e-07
0.325	3.2571e-09	-1.2453e-09	-9.4e-13	3.2518e-07	-3.2714e-07	1.9926e-09	-3.6101e-10	-7.3e-13	3.25e-07	-3.2656e-07	1.574e-09	-2.36e-11	-1.6100000000000002e-12	3.2498e-07	-3.2654e-07	1.2989e-09	1.5377e-10	-7e-14	3.2498e-07	-3.2642e-07	6.2869e-10	7.5888e-10	-1.2900000000000002e-12	3.2488e-07	-3.2636e-07	-2.8101e-09	4.1071e-09	-8.2e-13	3.2492e-07	-3.2614e-07	-1.60564e-08	1.7431e-08	-7.400000000000001e-13	3.248e-07	-3.2604e-07
0.33	3.3443e-09	-1.2817e-09	-6.500000000000002e-13	3.2514e-07	-3.2712e-07	2.0481e-09	-3.7944e-10	-1.31e-12	3.251e-07	-3.267e-07	1.6224e-09	-3.175e-11	-8.9e-13	3.2496e-07	-3.2654e-07	1.3721e-09	1.4683e-10	2.900000000000001e-13	3.25e-07	-3.2642e-07	7.2381e-10	7.1277e-10	-1.17e-12	3.2494e-07	-3.2632e-07	-2.5468e-09	3.8929e-09	2e-13	3.2492e-07	-3.262e-07	-1.52496e-08	1.6650799999999997e-08	-1.23e-12	3.2482e-07	-3.261e-07
0.335	3.4168e-09	-1.3233e-09	-1.09e-12	3.2516e-07	-3.2718e-07	2.1078e-09	-3.9866000000000005e-10	-1.1500000000000001e-12	3.251e-07	-3.268e-07	1.6913e-09	-3.8370000000000006e-11	-5e-13	3.249e-07	-3.2656e-07	1.4303e-09	1.395e-10	-1.14e-12	3.2498e-07	-3.2662e-07	7.7288e-10	6.710000000000001e-10	7.600000000000002e-13	3.2498e-07	-3.264e-07	-2.2731e-09	3.6829999999999998e-09	-2.300000000000001e-13	3.2494e-07	-3.263e-07	-1.4436399999999998e-08	1.59e-08	-9.3e-13	3.2484e-07	-3.262e-07
0.34	3.4989e-09	-1.3671e-09	-1.03e-12	3.2516e-07	-3.2726e-07	2.1797e-09	-4.1580000000000005e-10	-3.7000000000000004e-13	3.2506e-07	-3.2684e-07	1.7549e-09	-4.451e-11	-5.500000000000001e-13	3.25e-07	-3.2664e-07	1.4891e-09	1.2979e-10	-6.400000000000001e-13	3.2502e-07	-3.2656e-07	7.9158e-10	6.344e-10	-1.2500000000000001e-12	3.2498e-07	-3.2636e-07	-2.0337e-09	3.4884e-09	-8.2e-13	3.2488e-07	-3.2636e-07	-1.3680599999999998e-08	1.5195599999999997e-08	-1.1500000000000001e-12	3.2486e-07	-3.263e-07
0.345	3.5858e-09	-1.411e-09	-7e-14	3.2512e-07	-3.2728e-07	2.2517e-09	-4.3435000000000006e-10	-1.13e-12	3.2508e-07	-3.2686e-07	1.8131e-09	-5.1150000000000006e-11	-7.900000000000001e-13	3.2494e-07	-3.267e-07	1.5621e-09	1.2328e-10	7e-14	3.2498e-07	-3.2674e-07	8.6483e-10	5.952600000000001e-10	-6.700000000000002e-13	3.2492e-07	-3.2638e-07	-1.79e-09	3.3006e-09	-5e-13	3.2492e-07	-3.2636e-07	-1.29088e-08	1.44984e-08	-1.46e-12	3.248e-07	-3.2638e-07
0.35	3.6806e-09	-1.4547e-09	-8.300000000000001e-13	3.2516e-07	-3.2734e-07	2.3078e-09	-4.5541e-10	-7.800000000000002e-13	3.2506e-07	-3.2684e-07	1.8577e-09	-6.055e-11	-5.6e-13	3.2494e-07	-3.2676e-07	1.6298e-09	1.1691e-10	-1.1900000000000002e-12	3.2496e-07	-3.2668e-07	9.4217e-10	5.646e-10	-2.8e-13	3.2494e-07	-3.2648e-07	-1.5562e-09	3.1222e-09	-3.5e-13	3.249e-07	-3.265e-07	-1.21924e-08	1.3841399999999998e-08	-8.600000000000001e-13	3.2488e-07	-3.2642e-07
0.355	3.7632e-09	-1.4989e-09	-1.07e-12	3.2514e-07	-3.274e-07	2.3829e-09	-4.7693e-10	-1.6000000000000005e-13	3.2504e-07	-3.2692e-07	1.9243e-09	-6.634e-11	-5e-13	3.2496e-07	-3.268e-07	1.6782e-09	1.109e-10	-1.0500000000000002e-12	3.2498e-07	-3.2678e-07	1.0211e-09	5.3489e-10	-7.700000000000001e-13	3.2502e-07	-3.2654e-07	-1.3344e-09	2.9569e-09	-1.0100000000000001e-12	3.2488e-07	-3.2652e-07	-1.14968e-08	1.3227399999999998e-08	-9.700000000000001e-13	3.2482e-07	-3.2656e-07
0.36	3.8515e-09	-1.5477e-09	-8.9e-13	3.2514e-07	-3.275e-07	2.4624e-09	-4.9577e-10	-3.3e-13	3.2504e-07	-3.2702e-07	1.9931e-09	-7.252000000000001e-11	-1.2900000000000002e-12	3.2496e-07	-3.269e-07	1.74e-09	1.0282e-10	6.700000000000002e-13	3.2496e-07	-3.268e-07	1.1118e-09	5.067e-10	-1.2800000000000002e-12	3.2492e-07	-3.266e-07	-1.1198e-09	2.7959e-09	-7.3e-13	3.249e-07	-3.2654e-07	-1.08304e-08	1.2604399999999998e-08	-1.5400000000000001e-12	3.2488e-07	-3.2662e-07
0.365	3.9482e-09	-1.5943e-09	-7.3e-13	3.2516e-07	-3.2748e-07	2.5179e-09	-5.1855e-10	-1.03e-12	3.2506e-07	-3.2708e-07	2.0407e-09	-8.161e-11	-1.03e-12	3.2504e-07	-3.269e-07	1.8152e-09	9.813e-11	1e-13	3.2494e-07	-3.2682e-07	1.2096e-09	4.7788e-10	5.7e-13	3.2498e-07	-3.2658e-07	-9.3365e-10	2.6415e-09	-1.9000000000000002e-13	3.2488e-07	-3.2654e-07	-1.01852e-08	1.2033e-08	-7.800000000000002e-13	3.2488e-07	-3.2664e-07
0.37	4.0408e-09	-1.6404e-09	-8.800000000000002e-13	3.2514e-07	-3.2752e-07	2.5981e-09	-5.4133e-10	-2.6e-13	3.2504e-07	-3.2712e-07	2.1047e-09	-9.075e-11	-2.1000000000000001e-13	3.25e-07	-3.27e-07	1.8734e-09	9.3e-11	-1.3300000000000002e-12	3.2494e-07	-3.2686e-07	1.3027e-09	4.5426e-10	-4.800000000000001e-13	3.2494e-07	-3.2672e-07	-7.2756e-10	2.4999e-09	-1.23e-12	3.2484e-07	-3.2666e-07	-9.6601e-09	1.1479399999999998e-08	-4.3000000000000004e-13	3.2482e-07	-3.2662e-07
0.375	4.1343e-09	-1.6899e-09	-5.500000000000001e-13	3.2512e-07	-3.276e-07	2.6803e-09	-5.6501e-10	-4.7e-13	3.2506e-07	-3.2716e-07	2.1707e-09	-9.671e-11	-1e-13	3.2492e-07	-3.2704e-07	1.8771e-09	8.510000000000001e-11	1.5000000000000004e-13	3.249e-07	-3.269e-07	1.3981e-09	4.3227000000000005e-10	-1.6700000000000004e-12	3.2498e-07	-3.2668e-07	-5.320400000000001e-10	2.3609e-09	-1.0100000000000001e-12	3.249e-07	-3.2676e-07	-9.0889e-09	1.09274e-08	-1.3300000000000002e-12	3.2486e-07	-3.2672e-07
0.38	4.224e-09	-1.7406e-09	-2.5e-13	3.251e-07	-3.2756e-07	2.7446e-09	-5.872100000000001e-10	-6.6e-13	3.2502e-07	-3.272e-07	2.2258e-09	-1.0457e-10	-1.6200000000000004e-12	3.2498e-07	-3.2708e-07	1.9392e-09	8.031e-11	1.4e-13	3.2492e-07	-3.2698e-07	1.4623e-09	4.0692e-10	-2.7e-13	3.2488e-07	-3.2676e-07	-3.5216e-10	2.2406e-09	-4.9e-13	3.249e-07	-3.2674e-07	-8.523e-09	1.0417399999999998e-08	-1.41e-12	3.2482e-07	-3.2672e-07
0.385	4.3251e-09	-1.7909e-09	-5.500000000000001e-13	3.2512e-07	-3.2758e-07	2.8217e-09	-6.1354e-10	-1.0000000000000002e-14	3.2504e-07	-3.2722e-07	2.2801e-09	-1.1573e-10	-1.4e-13	3.2488e-07	-3.271e-07	2.0114e-09	7.699000000000001e-11	-1.3900000000000001e-12	3.2492e-07	-3.2698e-07	1.5585e-09	3.8818000000000005e-10	-6.900000000000001e-13	3.2488e-07	-3.2682e-07	-1.5416e-10	2.1193e-09	3.2000000000000005e-13	3.2484e-07	-3.2682e-07	-7.9946e-09	9.9362e-09	-3.900000000000001e-13	3.248e-07	-3.2678e-07
0.39	4.3665e-09	-1.842e-09	-1.45e-12	3.2512e-07	-3.276e-07	2.9009e-09	-6.3904e-10	-4.800000000000001e-13	3.2502e-07	-3.2728e-07	2.351e-09	-1.2317e-10	-6.900000000000001e-13	3.25e-07	-3.2714e-07	2.063e-09	7.028e-11	-8.600000000000001e-13	3.2492e-07	-3.2708e-07	1.6271e-09	3.6993e-10	-1.5200000000000002e-12	3.2494e-07	-3.2692e-07	1.8640000000000003e-11	1.991e-09	-2.7e-13	3.2492e-07	-3.2688e-07	-7.4765e-09	9.453399999999999e-09	-4e-13	3.2486e-07	-3.2686e-07
0.395	4.4649e-09	-1.8957e-09	-4.7e-13	3.2504e-07	-3.2764e-07	2.9947e-09	-6.633700000000001e-10	-5.300000000000002e-13	3.2506e-07	-3.2734e-07	2.4147e-09	-1.3001e-10	-1.14e-12	3.2488e-07	-3.272e-07	2.117e-09	6.416e-11	-9.3e-13	3.2488e-07	-3.2698e-07	1.6863e-09	3.5027e-10	-9.4e-13	3.249e-07	-3.2692e-07	1.7988e-10	1.878e-09	-4.7e-13	3.2488e-07	-3.27e-07	-6.974e-09	8.9849e-09	-7e-13	3.2486e-07	-3.2688e-07
0.4	4.5677e-09	-1.9513e-09	-1.4e-13	3.251e-07	-3.2766e-07	3.0626e-09	-6.902000000000001e-10	-3.5e-13	3.2506e-07	-3.2744e-07	2.4654e-09	-1.4211e-10	-6.000000000000002e-13	3.2488e-07	-3.2726e-07	2.1803e-09	6.043e-11	-9.600000000000002e-13	3.2494e-07	-3.2716e-07	1.7773e-09	3.3373000000000005e-10	1.0000000000000002e-14	3.2498e-07	-3.2704e-07	3.5159e-10	1.7703e-09	2.300000000000001e-13	3.2492e-07	-3.269e-07	-6.5009e-09	8.5543e-09	-1.7e-13	3.2486e-07	-3.2686e-07
0.405	4.6734e-09	-2.0029e-09	-3.000000000000001e-13	3.2508e-07	-3.2776e-07	3.1346e-09	-7.1962e-10	-2.4000000000000004e-13	3.2502e-07	-3.2746e-07	2.5279e-09	-1.5085e-10	3.1000000000000004e-13	3.25e-07	-3.2734e-07	2.2487e-09	5.754e-11	-1.23e-12	3.2488e-07	-3.2716e-07	1.8653e-09	3.1836e-10	-1.08e-12	3.2494e-07	-3.271e-07	5.250400000000001e-10	1.6693e-09	-5.4e-13	3.2486e-07	-3.271e-07	-6.021e-09	8.1395e-09	3.000000000000001e-13	3.2492e-07	-3.2696e-07
0.41	4.7788e-09	-2.0604e-09	-1.74e-12	3.251e-07	-3.2776e-07	3.2306e-09	-7.4718e-10	2.0000000000000003e-14	3.251e-07	-3.2748e-07	2.5946e-09	-1.5971e-10	-6.000000000000002e-13	3.2494e-07	-3.2734e-07	2.3046e-09	4.9480000000000006e-11	-1.3500000000000001e-12	3.2492e-07	-3.2726e-07	1.9352e-09	3.0252e-10	-1.4800000000000004e-12	3.25e-07	-3.2718e-07	6.661900000000001e-10	1.5722e-09	-9.600000000000002e-13	3.2486e-07	-3.2712e-07	-5.5538e-09	7.7322e-09	-5.300000000000002e-13	3.2482e-07	-3.2696e-07
0.415	4.8831e-09	-2.1187e-09	5e-14	3.2504e-07	-3.2776e-07	3.306e-09	-7.7412e-10	-6.700000000000002e-13	3.2502e-07	-3.2752e-07	2.664e-09	-1.7008000000000002e-10	-8.800000000000002e-13	3.2492e-07	-3.2748e-07	2.3743e-09	4.537e-11	1e-13	3.2488e-07	-3.273e-07	2.0064e-09	2.8516000000000003e-10	-6.200000000000001e-13	3.249e-07	-3.272e-07	7.906900000000001e-10	1.4806e-09	1.4e-13	3.2488e-07	-3.271e-07	-5.1301e-09	7.3678e-09	-1.23e-12	3.2484e-07	-3.2702e-07
0.42	4.9881e-09	-2.1773e-09	-4.3000000000000004e-13	3.2512e-07	-3.279e-07	3.3864e-09	-8.037200000000001e-10	-3.2000000000000005e-13	3.2506e-07	-3.2758e-07	2.7357e-09	-1.8342e-10	-2.7e-13	3.2492e-07	-3.2754e-07	2.4428e-09	4.253e-11	-1.2500000000000001e-12	3.2488e-07	-3.2734e-07	2.0904e-09	2.7185e-10	-1.8000000000000004e-13	3.2488e-07	-3.2726e-07	9.0692e-10	1.399e-09	2.0000000000000003e-14	3.2488e-07	-3.2718e-07	-4.6785e-09	6.9858e-09	-5.2e-13	3.2484e-07	-3.2708e-07
0.425	5.0995e-09	-2.2347e-09	-1.2900000000000002e-12	3.2506e-07	-3.2788e-07	3.4697e-09	-8.3722e-10	3.2000000000000005e-13	3.2508e-07	-3.2768e-07	2.7959e-09	-1.9202000000000003e-10	-2e-13	3.2494e-07	-3.2756e-07	2.4901e-09	3.687e-11	-1.3400000000000003e-12	3.2486e-07	-3.2738e-07	2.1564e-09	2.6028e-10	-6.1e-13	3.2492e-07	-3.2726e-07	1.0403e-09	1.3163e-09	-1.13e-12	3.2488e-07	-3.2724e-07	-4.2721e-09	6.6423e-09	-1.59e-12	3.2478e-07	-3.2716e-07
0.43	5.2241e-09	-2.2982e-09	-4.4000000000000004e-13	3.2516e-07	-3.281e-07	3.5743e-09	-8.6567e-10	-4.7e-13	3.2502e-07	-3.277e-07	2.8744e-09	-2.029e-10	-6.500000000000002e-13	3.2494e-07	-3.2756e-07	2.5551e-09	2.9220000000000004e-11	-3.900000000000001e-13	3.2496e-07	-3.2752e-07	2.2184e-09	2.4481e-10	-7.5e-13	3.2494e-07	-3.2738e-07	1.1836e-09	1.2371e-09	-8.2e-13	3.2486e-07	-3.2726e-07	-3.8699e-09	6.3034e-09	-1.31e-12	3.2478e-07	-3.2722e-07
0.435	5.3778e-09	-2.3596e-09	-9e-14	3.2514e-07	-3.281e-07	3.6564e-09	-8.988200000000001e-10	-4.500000000000001e-13	3.2508e-07	-3.278e-07	2.9277e-09	-2.1715e-10	-6.6e-13	3.2498e-07	-3.2762e-07	2.6376e-09	2.69e-11	-3.000000000000001e-13	3.2482e-07	-3.275e-07	2.316e-09	2.3249e-10	7e-14	3.2494e-07	-3.274e-07	1.3435e-09	1.1643e-09	-1.3e-13	3.2496e-07	-3.2738e-07	-3.5006e-09	6.0009e-09	-1.04e-12	3.248e-07	-3.2728e-07
0.44	5.5132e-09	-2.4223e-09	-3.2000000000000005e-13	3.2512e-07	-3.282e-07	3.7492e-09	-9.3362e-10	-8.600000000000001e-13	3.2506e-07	-3.2786e-07	2.9979e-09	-2.3021000000000002e-10	-5.300000000000002e-13	3.2498e-07	-3.2774e-07	2.6954e-09	2.14e-11	-1.5300000000000001e-12	3.2488e-07	-3.2752e-07	2.3857e-09	2.2256e-10	-1.2400000000000002e-12	3.2494e-07	-3.2746e-07	1.4867e-09	1.0957e-09	-3.0000000000000005e-14	3.249e-07	-3.2744e-07	-3.1174e-09	5.6735e-09	3.5e-13	3.2482e-07	-3.2734e-07
0.445	5.6223e-09	-2.4845e-09	-9.4e-13	3.2512e-07	-3.2826e-07	3.8514e-09	-9.6632e-10	-7.700000000000001e-13	3.2504e-07	-3.279e-07	3.0813e-09	-2.4115000000000004e-10	-1.4e-12	3.2498e-07	-3.278e-07	2.7578e-09	1.524e-11	-6.3e-13	3.2486e-07	-3.2764e-07	2.4664e-09	2.1033e-10	-7.800000000000002e-13	3.249e-07	-3.2762e-07	1.6136e-09	1.0304e-09	-1.5700000000000002e-12	3.2482e-07	-3.2746e-07	-2.7677e-09	5.389e-09	-8.7e-13	3.2484e-07	-3.274e-07
0.45	5.74e-09	-2.5524e-09	-3.000000000000001e-13	3.2512e-07	-3.283e-07	3.9221e-09	-9.9877e-10	-7.600000000000002e-13	3.2506e-07	-3.2798e-07	3.1438e-09	-2.5562000000000004e-10	-1.2500000000000001e-12	3.2492e-07	-3.278e-07	2.8185e-09	9.93e-12	-2.5e-13	3.2494e-07	-3.2768e-07	2.5282e-09	1.9901e-10	1.9000000000000002e-13	3.2492e-07	-3.2764e-07	1.7419e-09	9.6683e-10	-3.4e-13	3.2488e-07	-3.2756e-07	-2.432e-09	5.1099e-09	-7e-13	3.2488e-07	-3.2748e-07
0.455	5.8678e-09	-2.618e-09	1.9000000000000002e-13	3.2508e-07	-3.2836e-07	4.0083e-09	-1.03575e-09	-5e-14	3.2506e-07	-3.2802e-07	3.2272e-09	-2.7053e-10	-7.700000000000001e-13	3.2496e-07	-3.2782e-07	2.899e-09	6.420000000000001e-12	-1.02e-12	3.249e-07	-3.2784e-07	2.6227e-09	1.8884e-10	2.900000000000001e-13	3.2492e-07	-3.2768e-07	1.8585e-09	9.1149e-10	-8.000000000000001e-14	3.249e-07	-3.2758e-07	-2.1038e-09	4.8405e-09	-1.1000000000000001e-13	3.2486e-07	-3.2756e-07
0.46	6.0051e-09	-2.6833e-09	3.000000000000001e-13	3.2506e-07	-3.2836e-07	4.12e-09	-1.0722600000000002e-09	-2.6e-13	3.2516e-07	-3.281e-07	3.3124e-09	-2.8379e-10	-8.7e-13	3.2494e-07	-3.2792e-07	2.9536e-09	7.700000000000001e-13	-1.07e-12	3.2488e-07	-3.2786e-07	2.6784e-09	1.8198e-10	-1.2800000000000002e-12	3.2488e-07	-3.2772e-07	1.9174e-09	8.572500000000001e-10	-1.1000000000000002e-12	3.2482e-07	-3.2756e-07	-1.7677e-09	4.5863e-09	-1.1000000000000001e-13	3.2478e-07	-3.2754e-07
0.465	6.1093e-09	-2.7527e-09	-7.200000000000002e-13	3.2512e-07	-3.2842e-07	4.2126e-09	-1.10847e-09	-1.74e-12	3.2504e-07	-3.2812e-07	3.3852e-09	-2.9894e-10	-1.09e-12	3.2486e-07	-3.2798e-07	3.0258e-09	-5.720000000000001e-12	-5.1e-13	3.2494e-07	-3.28e-07	2.7482e-09	1.6996e-10	-5.9e-13	3.2492e-07	-3.2776e-07	2.0298e-09	8.0652e-10	2.5e-13	3.2486e-07	-3.2764e-07	-1.4677e-09	4.3495e-09	-7.200000000000002e-13	3.2484e-07	-3.277e-07
0.47	6.2416e-09	-2.8251e-09	-1.9000000000000002e-13	3.2508e-07	-3.285e-07	4.3098e-09	-1.14574e-09	-1.46e-12	3.2506e-07	-3.2822e-07	3.4537e-09	-3.1618000000000004e-10	-7.100000000000001e-13	3.2492e-07	-3.2814e-07	3.0987e-09	-1.096e-11	-7.100000000000001e-13	3.2486e-07	-3.28e-07	2.842e-09	1.6004000000000002e-10	-6.1e-13	3.2486e-07	-3.2786e-07	2.1642e-09	7.596e-10	3.0000000000000005e-14	3.2486e-07	-3.2764e-07	-1.1753e-09	4.1177e-09	-5.7e-13	3.2476e-07	-3.2768e-07
0.475	6.3684e-09	-2.8923e-09	-5e-13	3.2508e-07	-3.2858e-07	4.4118e-09	-1.1858e-09	-9.5e-13	3.25e-07	-3.2818e-07	3.5298e-09	-3.3331e-10	-5.500000000000001e-13	3.2492e-07	-3.2816e-07	3.1676e-09	-1.566e-11	-4.2000000000000003e-13	3.2494e-07	-3.2808e-07	2.9107e-09	1.5358e-10	-5.800000000000002e-13	3.2492e-07	-3.2792e-07	2.2595e-09	7.1829e-10	-7.100000000000001e-13	3.2474e-07	-3.2776e-07	-9.2179e-10	3.9049e-09	-6.8e-13	3.2486e-07	-3.278e-07
0.48	6.5191e-09	-2.9632e-09	-1.5200000000000002e-12	3.2508e-07	-3.286e-07	4.4897e-09	-1.2284e-09	-9.4e-13	3.2512e-07	-3.283e-07	3.6131e-09	-3.4704e-10	-1.4700000000000002e-12	3.2492e-07	-3.282e-07	3.2396e-09	-2.255e-11	-7.600000000000002e-13	3.249e-07	-3.2812e-07	2.9799e-09	1.4667000000000002e-10	-1.45e-12	3.2488e-07	-3.2794e-07	2.3644e-09	6.776e-10	-6.900000000000001e-13	3.248e-07	-3.278e-07	-6.296700000000001e-10	3.6979e-09	-9.200000000000001e-13	3.2486e-07	-3.2782e-07
0.485	6.6458e-09	-3.038e-09	-1.18e-12	3.251e-07	-3.2864e-07	4.5937e-09	-1.2685e-09	1.1000000000000001e-13	3.2504e-07	-3.2838e-07	3.6992e-09	-3.6687000000000005e-10	-6.000000000000002e-13	3.2486e-07	-3.2828e-07	3.3204e-09	-2.9000000000000003e-11	3.3e-13	3.2492e-07	-3.2812e-07	3.0519e-09	1.3727e-10	-4.2000000000000003e-13	3.249e-07	-3.281e-07	2.4858e-09	6.3968e-10	3.800000000000001e-13	3.248e-07	-3.2798e-07	-3.683e-10	3.5e-09	-8.7e-13	3.2478e-07	-3.2788e-07
0.49	6.7809e-09	-3.1125e-09	-2.2000000000000002e-13	3.2506e-07	-3.287e-07	4.7155e-09	-1.3083e-09	-8.2e-13	3.2504e-07	-3.2836e-07	3.6965e-09	-3.8587e-10	-5.800000000000002e-13	3.2494e-07	-3.2826e-07	3.3706e-09	-3.1950000000000003e-11	-9.4e-13	3.2484e-07	-3.282e-07	3.1589e-09	1.3203e-10	-2.8e-13	3.2488e-07	-3.2806e-07	2.5931e-09	6.059400000000001e-10	-8.000000000000001e-14	3.248e-07	-3.2804e-07	-8.827000000000001e-11	3.3138e-09	-5.300000000000002e-13	3.2476e-07	-3.2798e-07
0.495	6.9201e-09	-3.1872e-09	-1.3000000000000001e-12	3.2504e-07	-3.2872e-07	4.8107e-09	-1.3522e-09	-3.600000000000001e-13	3.2496e-07	-3.2838e-07	3.7894e-09	-4.0279e-10	-1.5000000000000004e-13	3.249e-07	-3.283e-07	3.4501e-09	-3.9640000000000005e-11	-4.0000000000000006e-14	3.2488e-07	-3.283e-07	3.2238e-09	1.2491e-10	-4.3000000000000004e-13	3.249e-07	-3.2816e-07	2.6928e-09	5.7445e-10	-9.5e-13	3.2476e-07	-3.2798e-07	1.3853e-10	3.1396e-09	1.8000000000000004e-13	3.2476e-07	-3.2804e-07
0.5	7.054e-09	-3.2638e-09	-1.45e-12	3.2508e-07	-3.2882e-07	4.9238e-09	-1.3966e-09	-4.3000000000000004e-13	3.249e-07	-3.2846e-07	3.8661e-09	-4.2241e-10	-1.2000000000000001e-12	3.2488e-07	-3.2838e-07	3.5307e-09	-4.6130000000000006e-11	-2.5e-13	3.2486e-07	-3.2834e-07	3.2908e-09	1.1771e-10	-4.4000000000000004e-13	3.2492e-07	-3.283e-07	2.7902e-09	5.4059e-10	-1.5000000000000004e-13	3.248e-07	-3.281e-07	3.7748e-10	2.9737e-09	-1.55e-12	3.2474e-07	-3.2808e-07
0.505	7.2125e-09	-3.3432e-09	-8.100000000000001e-13	3.2504e-07	-3.2888e-07	5.0432e-09	-1.4405e-09	-8.600000000000001e-13	3.2498e-07	-3.286e-07	3.9328e-09	-4.4409e-10	-6.3e-13	3.2492e-07	-3.2844e-07	3.6015e-09	-5.025e-11	-1e-12	3.2494e-07	-3.2848e-07	3.3930999999999998e-09	1.0913e-10	5e-13	3.2486e-07	-3.283e-07	2.8964e-09	5.1287e-10	-6.8e-13	3.2478e-07	-3.2816e-07	6.1861e-10	2.811e-09	2.6e-13	3.2486e-07	-3.2816e-07
0.51	7.2692e-09	-3.4259e-09	-8.2e-13	3.251e-07	-3.2886e-07	5.1581e-09	-1.4841e-09	-1.17e-12	3.25e-07	-3.2858e-07	4.0343e-09	-4.6557e-10	-1.9000000000000002e-13	3.2494e-07	-3.2848e-07	3.6919e-09	-5.656e-11	-1.32e-12	3.249e-07	-3.2856e-07	3.4755e-09	1.0691e-10	-8.300000000000001e-13	3.2494e-07	-3.2848e-07	3.0114e-09	4.887600000000001e-10	-4.7e-13	3.2478e-07	-3.2834e-07	8.6147e-10	2.66e-09	6.6e-13	3.248e-07	-3.2828e-07
0.515	7.4178e-09	-3.5019e-09	-6.6e-13	3.25e-07	-3.2892e-07	5.2692e-09	-1.5314e-09	-7e-13	3.2506e-07	-3.287e-07	4.1413e-09	-4.8341e-10	-7.200000000000002e-13	3.2486e-07	-3.2856e-07	3.745e-09	-6.527000000000001e-11	-4.3000000000000004e-13	3.2492e-07	-3.2854e-07	3.5317e-09	9.94e-11	-1.1500000000000001e-12	3.2486e-07	-3.2854e-07	3.1019e-09	4.6251e-10	-9.8e-13	3.248e-07	-3.2834e-07	1.0526e-09	2.5092e-09	5.500000000000001e-13	3.2474e-07	-3.2836e-07
0.52	7.5654e-09	-3.5857e-09	-9.4e-13	3.2504e-07	-3.2894e-07	5.3998e-09	-1.5803e-09	-7.400000000000001e-13	3.2498e-07	-3.2878e-07	4.2312e-09	-5.0787e-10	-6.8e-13	3.2494e-07	-3.286e-07	3.8304e-09	-7.139000000000001e-11	-1.9000000000000002e-13	3.2486e-07	-3.2858e-07	3.6078e-09	9.261e-11	-1.4e-12	3.2494e-07	-3.2856e-07	3.182e-09	4.3919e-10	1.5000000000000004e-13	3.248e-07	-3.2838e-07	1.2523e-09	2.3761e-09	-1.18e-12	3.248e-07	-3.2838e-07
0.525	7.7034e-09	-3.6696e-09	-6.8e-13	3.251e-07	-3.2914e-07	5.5159e-09	-1.6253e-09	-1.37e-12	3.2494e-07	-3.2888e-07	4.3031e-09	-5.3242e-10	-4.500000000000001e-13	3.2488e-07	-3.2864e-07	3.8862e-09	-7.623e-11	-1.4e-12	3.249e-07	-3.2868e-07	3.7048e-09	8.784e-11	-6.8e-13	3.2486e-07	-3.2864e-07	3.3152e-09	4.1819e-10	-7.5e-13	3.248e-07	-3.2846e-07	1.4761e-09	2.2422e-09	-1.46e-12	3.2478e-07	-3.2846e-07
0.53	7.8764e-09	-3.7538e-09	-9e-14	3.2506e-07	-3.2908e-07	5.6301e-09	-1.6753e-09	-6.000000000000002e-13	3.2494e-07	-3.2884e-07	4.4076e-09	-5.548000000000001e-10	-2.6e-13	3.2494e-07	-3.288e-07	3.9634e-09	-8.659e-11	-8.7e-13	3.249e-07	-3.2874e-07	3.779e-09	8.492e-11	-1.59e-12	3.2492e-07	-3.2874e-07	3.3956e-09	3.9816000000000005e-10	-9.100000000000002e-13	3.2476e-07	-3.2856e-07	1.6835e-09	2.1157e-09	-7.400000000000001e-13	3.248e-07	-3.286e-07
0.535	8.0204e-09	-3.8381e-09	-1.2900000000000002e-12	3.2502e-07	-3.2922e-07	5.7424e-09	-1.7273e-09	-8.800000000000002e-13	3.2484e-07	-3.2892e-07	4.4908e-09	-5.773000000000001e-10	-8e-13	3.25e-07	-3.2882e-07	4.0621e-09	-9.477e-11	1.6000000000000005e-13	3.2486e-07	-3.2882e-07	3.8565e-09	7.676e-11	1.0000000000000002e-14	3.248e-07	-3.288e-07	3.4819e-09	3.7811000000000005e-10	-4.500000000000001e-13	3.2474e-07	-3.2862e-07	1.8772e-09	2.0011e-09	6.000000000000001e-14	3.2472e-07	-3.2864e-07
0.54	8.1954e-09	-3.9278e-09	-2.7e-13	3.2506e-07	-3.2928e-07	5.8946e-09	-1.7786e-09	-1e-13	3.25e-07	-3.2908e-07	4.6094e-09	-6.0496e-10	-5.800000000000002e-13	3.2488e-07	-3.289e-07	4.149e-09	-1.0057e-10	-7.100000000000001e-13	3.2488e-07	-3.289e-07	3.9351e-09	7.237e-11	-6.8e-13	3.2488e-07	-3.288e-07	3.5795e-09	3.6004000000000003e-10	-6.1e-13	3.2486e-07	-3.2874e-07	2.0549e-09	1.8887e-09	-1.4700000000000002e-12	3.2476e-07	-3.2872e-07
0.545	8.3433e-09	-4.0181e-09	-7e-14	3.2504e-07	-3.2936e-07	6.0322e-09	-1.8285e-09	-1.59e-12	3.2498e-07	-3.2914e-07	4.7295e-09	-6.307200000000001e-10	-1.7e-13	3.2488e-07	-3.29e-07	4.2083e-09	-1.0765e-10	-6.700000000000002e-13	3.2484e-07	-3.2906e-07	4.0493e-09	6.976e-11	-5.4e-13	3.2492e-07	-3.2898e-07	3.6836e-09	3.4375000000000003e-10	-3.4e-13	3.2476e-07	-3.2894e-07	2.236e-09	1.7822e-09	-7.700000000000001e-13	3.248e-07	-3.288e-07
0.55	8.4994e-09	-4.1041e-09	-2.6e-13	3.251e-07	-3.2938e-07	6.1617e-09	-1.8848e-09	-1.07e-12	3.2496e-07	-3.2922e-07	4.8068e-09	-6.5487e-10	-8.2e-13	3.2488e-07	-3.2906e-07	4.3095e-09	-1.1947e-10	-3.800000000000001e-13	3.2486e-07	-3.29e-07	4.1135e-09	6.311e-11	-1.2800000000000002e-12	3.2488e-07	-3.2898e-07	3.7917e-09	3.2581000000000004e-10	-6.6e-13	3.2486e-07	-3.2896e-07	2.4475e-09	1.679e-09	-8e-13	3.2474e-07	-3.2886e-07
0.555	8.6812e-09	-4.1946e-09	-6.6e-13	3.2504e-07	-3.2952e-07	6.3069e-09	-1.9416e-09	-1.6000000000000005e-13	3.2488e-07	-3.2918e-07	4.8939e-09	-6.8318e-10	-9e-14	3.249e-07	-3.2914e-07	4.3889e-09	-1.276e-10	2.0000000000000003e-14	3.2482e-07	-3.2914e-07	4.1782e-09	5.751e-11	-6.000000000000001e-14	3.2486e-07	-3.2914e-07	3.8802e-09	3.0893000000000004e-10	2.2000000000000002e-13	3.248e-07	-3.2898e-07	2.6245e-09	1.5845e-09	-5.7e-13	3.2468e-07	-3.29e-07
0.56	8.8177e-09	-4.2894e-09	-8.300000000000001e-13	3.2506e-07	-3.2958e-07	6.4169e-09	-1.9948e-09	-7.600000000000002e-13	3.2496e-07	-3.2932e-07	5.0263e-09	-7.1087e-10	-5.800000000000002e-13	3.2494e-07	-3.2914e-07	4.4678e-09	-1.3515000000000002e-10	-1.7000000000000002e-12	3.2492e-07	-3.2924e-07	4.3101e-09	5.364e-11	-3.3e-13	3.249e-07	-3.2922e-07	3.9943e-09	2.9707000000000004e-10	-8.7e-13	3.2486e-07	-3.291e-07	2.7967e-09	1.4957e-09	-1.3800000000000002e-12	3.2476e-07	-3.29e-07
0.565	8.9917e-09	-4.3823e-09	-1e-13	3.25e-07	-3.296e-07	6.571e-09	-2.0505e-09	-1.08e-12	3.2486e-07	-3.2938e-07	5.1144e-09	-7.394e-10	-2.4000000000000004e-13	3.2488e-07	-3.2924e-07	4.5832e-09	-1.4719e-10	-3.900000000000001e-13	3.2486e-07	-3.2932e-07	4.4013e-09	5.0240000000000006e-11	-1.4200000000000002e-12	3.2476e-07	-3.2922e-07	4.0888e-09	2.8173e-10	-1.85e-12	3.2486e-07	-3.2922e-07	2.9538e-09	1.4054e-09	-2.0000000000000003e-14	3.2482e-07	-3.2912e-07
0.57	9.1628e-09	-4.4768e-09	-1.5600000000000002e-12	3.2504e-07	-3.2976e-07	6.5852e-09	-2.111e-09	-1.17e-12	3.2496e-07	-3.2938e-07	5.2071e-09	-7.6618e-10	-1.22e-12	3.2494e-07	-3.2932e-07	4.6553e-09	-1.5843000000000002e-10	2.8e-13	3.248e-07	-3.2932e-07	4.5003e-09	4.4310000000000006e-11	-5.6e-13	3.248e-07	-3.2928e-07	4.1808e-09	2.6622000000000004e-10	-9.3e-13	3.2486e-07	-3.2932e-07	3.1415e-09	1.3259e-09	-1.0000000000000002e-14	3.2466e-07	-3.2924e-07
0.575	9.356e-09	-4.5738e-09	2.0000000000000003e-14	3.2504e-07	-3.298e-07	6.7312e-09	-2.1688e-09	-4.0000000000000006e-14	3.2498e-07	-3.2946e-07	5.3148e-09	-7.9923e-10	-3.3e-13	3.2486e-07	-3.2936e-07	4.7432e-09	-1.6727e-10	-3.600000000000001e-13	3.2488e-07	-3.2946e-07	4.5857e-09	3.802e-11	-6.1e-13	3.2482e-07	-3.2936e-07	4.2814e-09	2.5461e-10	-1e-13	3.2492e-07	-3.2936e-07	3.3303e-09	1.2469e-09	-1.17e-12	3.2474e-07	-3.2928e-07
0.58	9.5621e-09	-4.6721e-09	-4.9e-13	3.2504e-07	-3.2982e-07	6.8933e-09	-2.2274e-09	-3.800000000000001e-13	3.2492e-07	-3.2962e-07	5.4515e-09	-8.3056e-10	1.6000000000000005e-13	3.2492e-07	-3.2954e-07	4.8172e-09	-1.7967e-10	-7.900000000000001e-13	3.2486e-07	-3.2948e-07	4.6751e-09	3.7640000000000005e-11	-8e-13	3.2482e-07	-3.2952e-07	4.3907e-09	2.4377000000000003e-10	-8.2e-13	3.249e-07	-3.2952e-07	3.4567e-09	1.1712e-09	-5.800000000000002e-13	3.2468e-07	-3.2932e-07
0.585	9.706699999999999e-09	-4.7704e-09	-5.500000000000001e-13	3.2504e-07	-3.3002e-07	6.9984e-09	-2.2888e-09	-7.800000000000002e-13	3.2488e-07	-3.296e-07	5.5491e-09	-8.5951e-10	-1.32e-12	3.248e-07	-3.2954e-07	4.9186e-09	-1.9238e-10	-7e-13	3.249e-07	-3.2958e-07	4.7655e-09	3.0500000000000005e-11	-7.700000000000001e-13	3.248e-07	-3.2956e-07	4.4994e-09	2.2959e-10	-9.200000000000001e-13	3.2486e-07	-3.2952e-07	3.6104e-09	1.1015e-09	4.7e-13	3.2472e-07	-3.294e-07
0.59	9.8807e-09	-4.8709e-09	-1.4e-12	3.2506e-07	-3.3008e-07	7.1334e-09	-2.3521e-09	-1.1000000000000001e-13	3.2488e-07	-3.297e-07	5.6705e-09	-8.938300000000001e-10	-5.800000000000002e-13	3.2486e-07	-3.2958e-07	5.0089e-09	-2.0438e-10	-1.7e-13	3.2488e-07	-3.2972e-07	4.8708e-09	2.59e-11	-5.9e-13	3.2486e-07	-3.2974e-07	4.5733e-09	2.1819e-10	1.8000000000000004e-13	3.2486e-07	-3.2962e-07	3.7819e-09	1.0356e-09	-2.1000000000000001e-13	3.2478e-07	-3.296e-07
0.595	1.00667e-08	-4.9744e-09	-5.4e-13	3.2502e-07	-3.301e-07	7.2764e-09	-2.4131e-09	5.1e-13	3.2498e-07	-3.2974e-07	5.7794e-09	-9.279500000000001e-10	-3.000000000000001e-13	3.2488e-07	-3.2966e-07	5.1221e-09	-2.1524e-10	-8.2e-13	3.248e-07	-3.2974e-07	4.9555e-09	2.205e-11	3.000000000000001e-13	3.2478e-07	-3.2978e-07	4.6939e-09	2.0953000000000003e-10	-1.17e-12	3.2482e-07	-3.2978e-07	3.9557e-09	9.7813e-10	-1.41e-12	3.247e-07	-3.2962e-07
0.6	1.0291e-08	-5.0807e-09	-5.4e-13	3.2506e-07	-3.3022e-07	7.489e-09	-2.4777e-09	-1.23e-12	3.2494e-07	-3.2988e-07	5.9004e-09	-9.6106e-10	-6.8e-13	3.2486e-07	-3.2982e-07	5.2046e-09	-2.3022e-10	-5.300000000000002e-13	3.2484e-07	-3.298e-07	5.0737999999999996e-09	1.9020000000000003e-11	-1.9200000000000003e-12	3.2476e-07	-3.298e-07	4.7631e-09	1.9856e-10	-1.12e-12	3.248e-07	-3.298e-07	4.0898e-09	9.1858e-10	-3.900000000000001e-13	3.2476e-07	-3.2968e-07
0.605	1.04918e-08	-5.183e-09	-1.1600000000000001e-12	3.2508e-07	-3.303e-07	7.5812e-09	-2.5433e-09	-8.600000000000001e-13	3.2492e-07	-3.2992e-07	6.0246e-09	-9.9429e-10	-1.7600000000000002e-12	3.2486e-07	-3.2994e-07	5.3158e-09	-2.454e-10	-3.1000000000000004e-13	3.2482e-07	-3.2998e-07	5.1304e-09	1.242e-11	-8.400000000000001e-13	3.2482e-07	-3.2992e-07	4.8906e-09	1.8684e-10	-7.600000000000002e-13	3.2482e-07	-3.2994e-07	4.2005e-09	8.6731e-10	-2.300000000000001e-13	3.2476e-07	-3.2982e-07
0.61	1.06275e-08	-5.2884e-09	-6.3e-13	3.2498e-07	-3.3038e-07	7.7241e-09	-2.6094e-09	-4.0000000000000006e-14	3.249e-07	-3.3006e-07	6.1351e-09	-1.03185e-09	-5.300000000000002e-13	3.2492e-07	-3.3006e-07	5.4e-09	-2.5873e-10	-4.9e-13	3.248e-07	-3.3006e-07	5.2531e-09	7.480000000000001e-12	6.000000000000001e-14	3.2478e-07	-3.3002e-07	5.055e-09	1.7958000000000001e-10	-1.17e-12	3.2484e-07	-3.3008e-07	4.366e-09	8.1817e-10	-4.500000000000001e-13	3.2478e-07	-3.299e-07
0.615	1.08233e-08	-5.397e-09	-5e-13	3.25e-07	-3.3044e-07	7.9177e-09	-2.6757e-09	-6.8e-13	3.2492e-07	-3.3014e-07	6.2955e-09	-1.06865e-09	-4.800000000000001e-13	3.2494e-07	-3.3008e-07	5.5012e-09	-2.7364e-10	-7.200000000000002e-13	3.2484e-07	-3.3006e-07	5.3292e-09	6.0100000000000004e-12	-1e-12	3.2482e-07	-3.3008e-07	5.0941e-09	1.7139000000000002e-10	-8e-13	3.2478e-07	-3.3012e-07	4.5566e-09	7.710200000000001e-10	-9.5e-13	3.2478e-07	-3.2998e-07
0.62	1.10275e-08	-5.5065e-09	4.0000000000000006e-14	3.2504e-07	-3.3054e-07	8.0633e-09	-2.744e-09	-1.36e-12	3.2488e-07	-3.3022e-07	6.4448e-09	-1.10565e-09	-9.5e-13	3.2486e-07	-3.3018e-07	5.6349e-09	-2.9127e-10	-9.100000000000002e-13	3.249e-07	-3.3018e-07	5.4083e-09	-4.500000000000001e-13	1.6000000000000005e-13	3.2482e-07	-3.3024e-07	5.246e-09	1.6146e-10	-1e-12	3.248e-07	-3.301e-07	4.6695e-09	7.2586e-10	-2.4000000000000004e-13	3.2474e-07	-3.3002e-07
0.625	1.12472e-08	-5.614e-09	-6.6e-13	3.251e-07	-3.3068e-07	8.2315e-09	-2.8152e-09	-1.3000000000000001e-12	3.2488e-07	-3.303e-07	6.5316e-09	-1.1447700000000002e-09	-1.17e-12	3.2492e-07	-3.3024e-07	5.7686e-09	-3.0678e-10	1e-13	3.2486e-07	-3.3022e-07	5.5068e-09	-5.160000000000001e-12	-7e-14	3.248e-07	-3.3026e-07	5.3184e-09	1.5239e-10	4.2000000000000003e-13	3.248e-07	-3.3026e-07	4.7767e-09	6.887300000000001e-10	-5e-13	3.2474e-07	-3.3028e-07
0.63	1.14564e-08	-5.7266e-09	-1.04e-12	3.2504e-07	-3.3076e-07	8.39e-09	-2.8863e-09	-4.1e-13	3.2494e-07	-3.3048e-07	6.6544e-09	-1.1835e-09	-1.3800000000000002e-12	3.248e-07	-3.3024e-07	5.8214e-09	-3.2203e-10	-1.04e-12	3.2482e-07	-3.3032e-07	5.6197e-09	-8.810000000000001e-12	-2.1000000000000001e-13	3.248e-07	-3.3044e-07	5.3951e-09	1.4686000000000002e-10	-5.300000000000002e-13	3.2474e-07	-3.3032e-07	4.9416e-09	6.5096e-10	-3.5e-13	3.247e-07	-3.3032e-07
0.635	1.16966e-08	-5.8427e-09	-6.200000000000001e-13	3.2496e-07	-3.3086e-07	8.6045e-09	-2.958e-09	-1.4e-12	3.2492e-07	-3.305e-07	6.7838e-09	-1.2259e-09	-2.0000000000000003e-14	3.2488e-07	-3.3042e-07	5.9307e-09	-3.4057000000000005e-10	-1.1900000000000002e-12	3.2492e-07	-3.3048e-07	5.7064e-09	-1.259e-11	-1.2900000000000002e-12	3.248e-07	-3.3048e-07	5.5711e-09	1.3788000000000002e-10	-1.1000000000000002e-12	3.2468e-07	-3.3038e-07	5.1173e-09	6.122200000000001e-10	-4.0000000000000006e-14	3.248e-07	-3.3042e-07
0.64	1.19256e-08	-5.955e-09	-1.0600000000000001e-12	3.2498e-07	-3.3094e-07	8.746699999999998e-09	-3.0323e-09	-1.4400000000000001e-12	3.2498e-07	-3.306e-07	6.9183e-09	-1.2659e-09	-7.700000000000001e-13	3.248e-07	-3.305e-07	6.0311e-09	-3.5967e-10	-5e-13	3.249e-07	-3.306e-07	5.7929e-09	-1.928e-11	2.0000000000000003e-14	3.2484e-07	-3.3056e-07	5.6771e-09	1.2901e-10	1.9000000000000002e-13	3.2474e-07	-3.3054e-07	5.2066e-09	5.8471e-10	4.500000000000001e-13	3.2476e-07	-3.3062e-07
0.645	1.21602e-08	-6.076e-09	-1.1600000000000001e-12	3.25e-07	-3.3114e-07	8.9023e-09	-3.1085e-09	-5.800000000000002e-13	3.2488e-07	-3.3066e-07	7.0393e-09	-1.3069e-09	-9.200000000000001e-13	3.2492e-07	-3.3066e-07	6.1685e-09	-3.7672e-10	-3.000000000000001e-13	3.2488e-07	-3.306e-07	5.9447e-09	-2.655e-11	3.800000000000001e-13	3.2476e-07	-3.306e-07	5.7476e-09	1.2473000000000002e-10	-1.0100000000000001e-12	3.2476e-07	-3.3068e-07	5.3531e-09	5.5508e-10	-1.02e-12	3.2476e-07	-3.3056e-07
0.65	1.2401799999999998e-08	-6.1978e-09	-7.100000000000001e-13	3.2506e-07	-3.312e-07	9.0924e-09	-3.1809e-09	-8e-13	3.2502e-07	-3.3082e-07	7.1794e-09	-1.3516e-09	-1.13e-12	3.2492e-07	-3.3076e-07	6.3321e-09	-3.9475e-10	-1.3500000000000001e-12	3.2496e-07	-3.3084e-07	6.0456e-09	-2.7380000000000003e-11	-1.45e-12	3.2484e-07	-3.3078e-07	5.9124e-09	1.1828e-10	-1.8000000000000004e-13	3.2482e-07	-3.3078e-07	5.4454e-09	5.251600000000001e-10	-9.700000000000001e-13	3.2482e-07	-3.308e-07
0.655	1.26398e-08	-6.3148e-09	-1.0600000000000001e-12	3.2508e-07	-3.3128e-07	9.2422e-09	-3.2591e-09	-1.09e-12	3.2498e-07	-3.3092e-07	7.3216e-09	-1.3959e-09	-2.4000000000000004e-13	3.249e-07	-3.3082e-07	6.4249e-09	-4.17e-10	-2.2000000000000002e-13	3.2482e-07	-3.3078e-07	6.1216e-09	-3.463e-11	-1.1000000000000002e-12	3.2476e-07	-3.308e-07	6.006e-09	1.1058e-10	-1e-12	3.2478e-07	-3.308e-07	5.5944e-09	4.983900000000001e-10	3.900000000000001e-13	3.248e-07	-3.3092e-07
0.66	1.28618e-08	-6.4377e-09	-6.400000000000001e-13	3.25e-07	-3.3134e-07	9.4383e-09	-3.3372e-09	-7.600000000000002e-13	3.2494e-07	-3.311e-07	7.4994e-09	-1.4383e-09	-4e-13	3.2492e-07	-3.3086e-07	6.5659e-09	-4.371e-10	2.4000000000000004e-13	3.2492e-07	-3.3098e-07	6.2619e-09	-4.05e-11	1.1000000000000001e-13	3.2476e-07	-3.3092e-07	6.0627e-09	1.0596000000000001e-10	6.8e-13	3.2478e-07	-3.309e-07	5.7534e-09	4.7518e-10	-1.4e-13	3.2476e-07	-3.3098e-07
0.665	1.3132399999999998e-08	-6.5558e-09	-4.3000000000000004e-13	3.2502e-07	-3.3158e-07	9.6043e-09	-3.419e-09	-1.6000000000000005e-13	3.2498e-07	-3.312e-07	7.673e-09	-1.484e-09	-1.08e-12	3.2492e-07	-3.3112e-07	6.6286e-09	-4.5624e-10	-4.7e-13	3.2492e-07	-3.3114e-07	6.3564e-09	-4.745e-11	-1.4e-13	3.2474e-07	-3.3108e-07	6.1962e-09	1.0183e-10	-8.2e-13	3.2478e-07	-3.3102e-07	5.9162e-09	4.5194e-10	-1.18e-12	3.2482e-07	-3.312e-07
0.67	1.33784e-08	-6.6811e-09	-7.900000000000001e-13	3.2502e-07	-3.3164e-07	9.8288e-09	-3.4976e-09	-2.7e-13	3.25e-07	-3.3128e-07	7.8258e-09	-1.5321e-09	2.0000000000000003e-14	3.248e-07	-3.3114e-07	6.8065e-09	-4.7958e-10	-6.700000000000002e-13	3.249e-07	-3.3116e-07	6.4271e-09	-5.154e-11	-6.8e-13	3.247e-07	-3.3106e-07	6.3703e-09	9.465e-11	-7.3e-13	3.247e-07	-3.3116e-07	6.0228e-09	4.2875e-10	-7.800000000000002e-13	3.2476e-07	-3.3118e-07
0.675	1.3598599999999998e-08	-6.8087e-09	-4.0000000000000006e-14	3.2496e-07	-3.3168e-07	9.9913e-09	-3.582e-09	-7.5e-13	3.2488e-07	-3.3128e-07	7.9644e-09	-1.5795e-09	2.5e-13	3.2492e-07	-3.3132e-07	6.9489e-09	-5.036200000000001e-10	-5e-13	3.2492e-07	-3.3126e-07	6.5468e-09	-5.988e-11	-6.900000000000001e-13	3.2472e-07	-3.3132e-07	6.4284e-09	8.829000000000001e-11	8.000000000000001e-14	3.2468e-07	-3.3134e-07	6.1681e-09	4.0905000000000005e-10	-5.500000000000001e-13	3.2486e-07	-3.314e-07
0.68	1.3862599999999998e-08	-6.9346e-09	-8.600000000000001e-13	3.25e-07	-3.3194e-07	1.01862e-08	-3.6655e-09	-3.600000000000001e-13	3.2492e-07	-3.3156e-07	8.1083e-09	-1.6262e-09	-7.5e-13	3.2492e-07	-3.3138e-07	7.0055e-09	-5.2456e-10	-3.4e-13	3.248e-07	-3.314e-07	6.6494e-09	-6.693000000000001e-11	-5e-14	3.2482e-07	-3.3138e-07	6.5878e-09	8.549e-11	-6.500000000000002e-13	3.248e-07	-3.3144e-07	6.3072e-09	3.9033e-10	-7.400000000000001e-13	3.248e-07	-3.3154e-07
0.685	1.41108e-08	-7.0639e-09	-5.300000000000002e-13	3.2498e-07	-3.3198e-07	1.03913e-08	-3.7506e-09	-4.800000000000001e-13	3.2498e-07	-3.3158e-07	8.2538e-09	-1.6786e-09	-1.3000000000000001e-12	3.2492e-07	-3.3156e-07	7.1449e-09	-5.476500000000001e-10	-9.8e-13	3.2476e-07	-3.3132e-07	6.8108e-09	-7.349000000000001e-11	-1.6200000000000004e-12	3.2476e-07	-3.315e-07	6.7196e-09	8.043e-11	-8.300000000000001e-13	3.2474e-07	-3.3148e-07	6.4693e-09	3.6996e-10	-6.500000000000002e-13	3.2482e-07	-3.316e-07
0.69	1.4376199999999998e-08	-7.1889e-09	-1.2800000000000002e-12	3.2498e-07	-3.3206e-07	1.05869e-08	-3.8342e-09	-1.07e-12	3.2494e-07	-3.3158e-07	8.4165e-09	-1.7292e-09	-8.400000000000001e-13	3.2488e-07	-3.3152e-07	7.2608e-09	-5.7393e-10	-7e-13	3.2482e-07	-3.3158e-07	6.8897e-09	-8.163e-11	-1.8000000000000002e-12	3.2476e-07	-3.3164e-07	6.7867e-09	7.431e-11	-4.800000000000001e-13	3.248e-07	-3.3168e-07	6.624e-09	3.5223000000000003e-10	-3.1000000000000004e-13	3.248e-07	-3.3176e-07
0.695	1.4599999999999998e-08	-7.3243e-09	-1.08e-12	3.2498e-07	-3.3228e-07	1.08156e-08	-3.9228e-09	-1.4200000000000002e-12	3.2492e-07	-3.3168e-07	8.5522e-09	-1.7796e-09	-7.3e-13	3.2482e-07	-3.3158e-07	7.4462e-09	-5.9946e-10	-4.3000000000000004e-13	3.2478e-07	-3.3172e-07	6.9775e-09	-9.035e-11	-3.000000000000001e-13	3.248e-07	-3.3172e-07	6.9559e-09	6.972e-11	-3.7000000000000004e-13	3.2472e-07	-3.3166e-07	6.7516e-09	3.3843000000000004e-10	-1e-12	3.248e-07	-3.318e-07
0.7	1.48448e-08	-7.4599e-09	1.3e-13	3.2498e-07	-3.3242e-07	1.09485e-08	-4.0134e-09	-5.6e-13	3.2486e-07	-3.3192e-07	8.7306e-09	-1.8327e-09	-2.21e-12	3.2492e-07	-3.3182e-07	7.5321e-09	-6.237800000000001e-10	-6.1e-13	3.2478e-07	-3.3178e-07	7.1922e-09	-9.824e-11	-6.500000000000002e-13	3.2482e-07	-3.318e-07	7.1023e-09	6.795000000000001e-11	-1.0600000000000001e-12	3.2472e-07	-3.3194e-07	6.8411e-09	3.2027e-10	-9.600000000000002e-13	3.2478e-07	-3.32e-07
0.705	1.5151599999999997e-08	-7.5974e-09	-1.6800000000000001e-12	3.2502e-07	-3.3264e-07	1.11589e-08	-4.1002e-09	1.1000000000000001e-13	3.2482e-07	-3.3192e-07	8.9786e-09	-1.8878e-09	-9.8e-13	3.249e-07	-3.3186e-07	7.7473e-09	-6.5152e-10	-1.09e-12	3.2488e-07	-3.3182e-07	7.2424e-09	-1.0714e-10	-1.73e-12	3.2476e-07	-3.3182e-07	7.1381e-09	6.253e-11	-8.9e-13	3.2476e-07	-3.3204e-07	7.0288e-09	3.0518e-10	-1e-13	3.248e-07	-3.32e-07
0.71	1.5436799999999997e-08	-7.7353e-09	-3.4e-13	3.2504e-07	-3.3262e-07	1.1394e-08	-4.1928e-09	-1.9000000000000002e-13	3.2486e-07	-3.321e-07	9.0862e-09	-1.9435e-09	-1.1000000000000001e-13	3.249e-07	-3.3206e-07	7.8447e-09	-6.8078e-10	-6.000000000000001e-14	3.248e-07	-3.3194e-07	7.3822e-09	-1.1813e-10	-2.0000000000000003e-14	3.248e-07	-3.3208e-07	7.2785e-09	5.692e-11	-7.200000000000002e-13	3.2482e-07	-3.3224e-07	7.1323e-09	2.9188000000000003e-10	-7.600000000000002e-13	3.2474e-07	-3.3218e-07
0.715	1.5680399999999997e-08	-7.8712e-09	-4.600000000000002e-13	3.2504e-07	-3.3274e-07	1.16852e-08	-4.2849e-09	-5.6e-13	3.2478e-07	-3.321e-07	9.2141e-09	-1.996e-09	-8.400000000000001e-13	3.2486e-07	-3.3208e-07	7.9895e-09	-7.0649e-10	-1.3400000000000003e-12	3.2486e-07	-3.321e-07	7.4941e-09	-1.2768000000000002e-10	-7.200000000000002e-13	3.2482e-07	-3.3212e-07	7.4033e-09	5.489e-11	-1.2400000000000002e-12	3.2486e-07	-3.3242e-07	7.2551e-09	2.7914000000000003e-10	-1.41e-12	3.248e-07	-3.3234e-07
0.72	1.59728e-08	-8.0088e-09	-7.5e-13	3.2504e-07	-3.3288e-07	1.19172e-08	-4.3811e-09	-4.600000000000002e-13	3.2482e-07	-3.3228e-07	9.4568e-09	-2.0534e-09	-8.7e-13	3.2494e-07	-3.3222e-07	8.1031e-09	-7.3496e-10	-6.8e-13	3.249e-07	-3.3222e-07	7.6828e-09	-1.3627e-10	-1.02e-12	3.2478e-07	-3.3224e-07	7.6111e-09	5.116e-11	-3.5e-13	3.2474e-07	-3.3232e-07	7.4156e-09	2.6283e-10	-1.7e-13	3.2472e-07	-3.3246e-07
0.725	1.6211399999999997e-08	-8.149e-09	-6.000000000000001e-14	3.2498e-07	-3.3304e-07	1.21356e-08	-4.4754e-09	-1.51e-12	3.2492e-07	-3.3256e-07	9.5667e-09	-2.1148e-09	-3.0000000000000005e-14	3.2494e-07	-3.3238e-07	8.3108e-09	-7.6725e-10	-1.1100000000000001e-12	3.248e-07	-3.3234e-07	7.7525e-09	-1.4854e-10	-1.37e-12	3.2482e-07	-3.3242e-07	7.6686e-09	4.571e-11	-8.2e-13	3.2476e-07	-3.3254e-07	7.6169e-09	2.5086e-10	3.000000000000001e-13	3.2476e-07	-3.3268e-07
0.73	1.6486199999999997e-08	-8.2929e-09	-8.9e-13	3.25e-07	-3.3318e-07	1.2377599999999998e-08	-4.5736e-09	-6.1e-13	3.2488e-07	-3.326e-07	9.8041e-09	-2.1718e-09	-1e-13	3.2492e-07	-3.3256e-07	8.4349e-09	-7.9623e-10	-5.1e-13	3.2486e-07	-3.3242e-07	7.9701e-09	-1.6034e-10	-2.2000000000000002e-13	3.2482e-07	-3.326e-07	7.866e-09	4.2120000000000006e-11	-9e-14	3.247e-07	-3.3266e-07	7.7488e-09	2.4141e-10	-1.2000000000000001e-12	3.2472e-07	-3.3282e-07
0.735	1.6814799999999998e-08	-8.4404e-09	-5.4e-13	3.2502e-07	-3.3336e-07	1.2593199999999998e-08	-4.6712e-09	-1.0500000000000002e-12	3.2492e-07	-3.327e-07	9.949e-09	-2.2299e-09	-1.3800000000000002e-12	3.2494e-07	-3.3264e-07	8.6375e-09	-8.2622e-10	-5.800000000000002e-13	3.2482e-07	-3.3258e-07	7.9948e-09	-1.7086000000000002e-10	-6.000000000000002e-13	3.2478e-07	-3.3264e-07	7.9106e-09	3.937e-11	-1.08e-12	3.248e-07	-3.3284e-07	7.8538e-09	2.2886e-10	-1.4400000000000001e-12	3.247e-07	-3.329e-07
0.74	1.7046399999999998e-08	-8.5896e-09	-5.9e-13	3.2502e-07	-3.3342e-07	1.28696e-08	-4.7694e-09	-1.12e-12	3.2488e-07	-3.3284e-07	1.01569e-08	-2.2925e-09	-1.17e-12	3.2494e-07	-3.3288e-07	8.7672e-09	-8.591300000000001e-10	-1.27e-12	3.2484e-07	-3.3274e-07	8.2436e-09	-1.8223000000000003e-10	-5.7e-13	3.2478e-07	-3.3272e-07	8.0844e-09	3.415e-11	-9.5e-13	3.248e-07	-3.3288e-07	8.0042e-09	2.1684e-10	-3.0000000000000005e-14	3.2476e-07	-3.3294e-07
0.745	1.7315999999999998e-08	-8.7336e-09	-9.4e-13	3.2502e-07	-3.3362e-07	1.30782e-08	-4.8752e-09	1.5000000000000004e-13	3.2496e-07	-3.331e-07	1.03676e-08	-2.3571e-09	-7e-14	3.2496e-07	-3.3296e-07	8.9175e-09	-8.9375e-10	-2.5e-13	3.2486e-07	-3.3292e-07	8.33e-09	-1.9770000000000003e-10	-3.900000000000001e-13	3.2476e-07	-3.3288e-07	8.2124e-09	2.9550000000000004e-11	-1.4e-13	3.2492e-07	-3.3306e-07	8.1258e-09	2.0885e-10	-1.1500000000000001e-12	3.2478e-07	-3.3306e-07
0.75	1.7588e-08	-8.8874e-09	-1.6700000000000004e-12	3.2502e-07	-3.337e-07	1.3326399999999998e-08	-4.9776e-09	-4.500000000000001e-13	3.2492e-07	-3.333e-07	1.05419e-08	-2.4186e-09	-4.0000000000000006e-14	3.2494e-07	-3.3302e-07	9.068e-09	-9.2596e-10	-2.300000000000001e-13	3.248e-07	-3.3302e-07	8.427e-09	-2.1085000000000003e-10	3.1000000000000004e-13	3.2476e-07	-3.3292e-07	8.3882e-09	2.843e-11	-5.300000000000002e-13	3.248e-07	-3.3326e-07	8.4107e-09	1.9826e-10	-1.7100000000000002e-12	3.2474e-07	-3.3326e-07
0.755	1.7918e-08	-9.0358e-09	-6.8e-13	3.25e-07	-3.3396e-07	1.3585999999999998e-08	-5.0809e-09	1.3e-13	3.2488e-07	-3.3336e-07	1.07835e-08	-2.4812e-09	-1.1600000000000001e-12	3.2496e-07	-3.333e-07	9.249e-09	-9.6028e-10	-1.5700000000000002e-12	3.2482e-07	-3.3314e-07	8.591e-09	-2.2206e-10	-1.5400000000000001e-12	3.2478e-07	-3.3324e-07	8.4986e-09	2.449e-11	-1.07e-12	3.248e-07	-3.3334e-07	8.4042e-09	1.8811e-10	-1.4e-13	3.2468e-07	-3.333e-07
0.76	1.82246e-08	-9.1937e-09	-6.500000000000002e-13	3.2498e-07	-3.3394e-07	1.38312e-08	-5.1854e-09	-1.9000000000000002e-13	3.2488e-07	-3.3364e-07	1.09434e-08	-2.551e-09	-2.4000000000000004e-13	3.2502e-07	-3.3336e-07	9.4766e-09	-9.9957e-10	-2.2000000000000002e-13	3.2484e-07	-3.3324e-07	8.7896e-09	-2.3758e-10	-5e-13	3.248e-07	-3.3328e-07	8.716e-09	1.901e-11	-3.1000000000000004e-13	3.248e-07	-3.3334e-07	8.6229e-09	1.7812e-10	2.1000000000000001e-13	3.2474e-07	-3.3352e-07
0.765	1.85548e-08	-9.3481e-09	-8.400000000000001e-13	3.2504e-07	-3.3404e-07	1.4063399999999998e-08	-5.2881e-09	-1.9000000000000002e-13	3.2492e-07	-3.3364e-07	1.11759e-08	-2.6152e-09	2.0000000000000003e-14	3.2492e-07	-3.3352e-07	9.562e-09	-1.0338100000000002e-09	-5.800000000000002e-13	3.248e-07	-3.333e-07	8.8933e-09	-2.5330000000000005e-10	1.4e-13	3.2472e-07	-3.3346e-07	8.7362e-09	1.466e-11	-6.700000000000002e-13	3.2478e-07	-3.335e-07	8.7749e-09	1.712e-10	3.0000000000000005e-14	3.2476e-07	-3.3374e-07
0.77	1.88468e-08	-9.5044e-09	-5.800000000000002e-13	3.2494e-07	-3.3426e-07	1.4329199999999998e-08	-5.3982e-09	-3.7000000000000004e-13	3.249e-07	-3.3382e-07	1.13274e-08	-2.6857e-09	1.6000000000000005e-13	3.2488e-07	-3.3356e-07	9.8118e-09	-1.0706200000000002e-09	-8.300000000000001e-13	3.2482e-07	-3.3344e-07	9.1973e-09	-2.6847e-10	-6.000000000000001e-14	3.2468e-07	-3.3352e-07	8.866e-09	1.356e-11	-3.000000000000001e-13	3.2488e-07	-3.3388e-07	8.8645e-09	1.6123000000000002e-10	-1.65e-12	3.248e-07	-3.3396e-07
0.775	1.91542e-08	-9.6579e-09	-1.1000000000000002e-12	3.2504e-07	-3.3456e-07	1.4580199999999998e-08	-5.5062e-09	-1.04e-12	3.2488e-07	-3.3396e-07	1.15868e-08	-2.7545e-09	-6.200000000000001e-13	3.2496e-07	-3.3368e-07	9.8912e-09	-1.10792e-09	-5.800000000000002e-13	3.2484e-07	-3.3374e-07	9.2038e-09	-2.823e-10	-7.3e-13	3.247e-07	-3.3358e-07	8.9933e-09	6.92e-12	-4.3000000000000004e-13	3.2478e-07	-3.3382e-07	9.0815e-09	1.5302e-10	-3.4e-13	3.2482e-07	-3.3404e-07
0.78	1.94788e-08	-9.8162e-09	-9.4e-13	3.2492e-07	-3.3456e-07	1.48202e-08	-5.6186e-09	-7.5e-13	3.2488e-07	-3.3412e-07	1.1849e-08	-2.823e-09	1.8000000000000004e-13	3.2492e-07	-3.3388e-07	1.00639e-08	-1.147e-09	-1.31e-12	3.2482e-07	-3.3378e-07	9.2855e-09	-3.0115000000000004e-10	-7.5e-13	3.2474e-07	-3.3374e-07	9.2798e-09	1.8000000000000002e-12	-7.3e-13	3.2482e-07	-3.3392e-07	9.2126e-09	1.4739000000000002e-10	-7.600000000000002e-13	3.2474e-07	-3.3412e-07
0.785	1.97402e-08	-9.9763e-09	-5.300000000000002e-13	3.2498e-07	-3.3462e-07	1.50836e-08	-5.7324e-09	-9.100000000000002e-13	3.2488e-07	-3.3426e-07	1.2138e-08	-2.8947e-09	-2.7e-13	3.249e-07	-3.3402e-07	1.03113e-08	-1.1871e-09	-1.02e-12	3.2488e-07	-3.3402e-07	9.477e-09	-3.1784e-10	-8.300000000000001e-13	3.2474e-07	-3.34e-07	9.2869e-09	-8.500000000000002e-13	-4.800000000000001e-13	3.2484e-07	-3.3422e-07	9.3477e-09	1.3959e-10	-1.21e-12	3.2482e-07	-3.3448e-07
0.79	2.00428e-08	-1.01391e-08	-1.4800000000000004e-12	3.2504e-07	-3.3498e-07	1.5355799999999998e-08	-5.8417e-09	-1.45e-12	3.249e-07	-3.3442e-07	1.2321399999999998e-08	-2.965e-09	-1.12e-12	3.2492e-07	-3.3408e-07	1.04598e-08	-1.2294e-09	5.6e-13	3.249e-07	-3.3398e-07	9.6947e-09	-3.3498e-10	-3.3e-13	3.2476e-07	-3.3404e-07	9.4734e-09	-6.26e-12	-6.500000000000002e-13	3.2482e-07	-3.343e-07	9.5044e-09	1.3254000000000001e-10	-2.5e-13	3.248e-07	-3.346e-07
0.795	2.04164e-08	-1.03081e-08	-1.0100000000000001e-12	3.2494e-07	-3.3516e-07	1.56286e-08	-5.9614e-09	-1.14e-12	3.2488e-07	-3.3462e-07	1.2542e-08	-3.041e-09	-1.21e-12	3.2476e-07	-3.3426e-07	1.06007e-08	-1.2699e-09	-9.200000000000001e-13	3.2484e-07	-3.3412e-07	9.8142e-09	-3.5413000000000005e-10	-8.600000000000001e-13	3.2476e-07	-3.3418e-07	9.7148e-09	-1.232e-11	-3.600000000000001e-13	3.2478e-07	-3.3436e-07	9.6609e-09	1.2587e-10	-7e-14	3.247e-07	-3.3456e-07
0.8	2.07428e-08	-1.04716e-08	-1.03e-12	3.2498e-07	-3.3522e-07	1.59802e-08	-6.0768e-09	-5e-13	3.2492e-07	-3.3484e-07	1.27234e-08	-3.1155e-09	-1.32e-12	3.2486e-07	-3.3438e-07	1.08071e-08	-1.3113e-09	-9.5e-13	3.2488e-07	-3.3436e-07	1.00756e-08	-3.7352e-10	-2.7e-13	3.248e-07	-3.3432e-07	9.8043e-09	-1.677e-11	1.4e-13	3.2482e-07	-3.3446e-07	9.87e-09	1.2150000000000002e-10	-8.9e-13	3.247e-07	-3.3468e-07
0.805	2.10038e-08	-1.06408e-08	-1.32e-12	3.2502e-07	-3.3532e-07	1.62172e-08	-6.1963e-09	-3.7000000000000004e-13	3.2494e-07	-3.3498e-07	1.30324e-08	-3.1917e-09	-7.800000000000002e-13	3.2488e-07	-3.348e-07	1.10045e-08	-1.3576e-09	-1.22e-12	3.2486e-07	-3.3444e-07	1.01104e-08	-3.92e-10	-8.400000000000001e-13	3.2478e-07	-3.3454e-07	9.9583e-09	-2.076e-11	-8.9e-13	3.2476e-07	-3.3474e-07	1.00994e-08	1.1298e-10	-7.3e-13	3.2468e-07	-3.3498e-07
0.81	2.13634e-08	-1.08142e-08	-2.900000000000001e-13	3.2504e-07	-3.357e-07	1.65382e-08	-6.3185e-09	-4.2000000000000003e-13	3.249e-07	-3.3502e-07	1.3283999999999998e-08	-3.2695e-09	-1.27e-12	3.2488e-07	-3.3474e-07	1.11659e-08	-1.4016e-09	4.500000000000001e-13	3.2484e-07	-3.3472e-07	1.03119e-08	-4.1213000000000005e-10	-9.600000000000002e-13	3.247e-07	-3.3458e-07	1.0007e-08	-2.699e-11	-2e-13	3.2478e-07	-3.348e-07	1.02355e-08	1.0832e-10	-4e-13	3.2466e-07	-3.3496e-07
0.815	2.18186e-08	-1.09846e-08	-6.900000000000001e-13	3.2496e-07	-3.3582e-07	1.6851199999999997e-08	-6.4368e-09	-1.8000000000000004e-13	3.2484e-07	-3.3516e-07	1.34898e-08	-3.3496e-09	-1.3000000000000001e-12	3.2482e-07	-3.3486e-07	1.14136e-08	-1.447e-09	-8.2e-13	3.248e-07	-3.348e-07	1.05469e-08	-4.3514e-10	-1.32e-12	3.2476e-07	-3.348e-07	1.0238e-08	-3.431e-11	-1.7e-13	3.247e-07	-3.3488e-07	1.04004e-08	1.03e-10	4.3000000000000004e-13	3.249e-07	-3.355e-07
0.82	2.21222e-08	-1.11595e-08	-3.000000000000001e-13	3.2498e-07	-3.3584e-07	1.71102e-08	-6.5604e-09	1.2000000000000002e-13	3.2486e-07	-3.3524e-07	1.37214e-08	-3.4288e-09	-4.500000000000001e-13	3.2484e-07	-3.3508e-07	1.16434e-08	-1.4918e-09	-7.800000000000002e-13	3.248e-07	-3.3498e-07	1.06352e-08	-4.5493000000000005e-10	-9e-14	3.2476e-07	-3.349e-07	1.03755e-08	-3.8770000000000005e-11	-9.8e-13	3.2472e-07	-3.3498e-07	1.06891e-08	9.94e-11	-7.600000000000002e-13	3.248e-07	-3.3554e-07
0.825	2.24338e-08	-1.13357e-08	-6.8e-13	3.25e-07	-3.3594e-07	1.73902e-08	-6.6832e-09	-1.04e-12	3.2486e-07	-3.3564e-07	1.3971399999999998e-08	-3.5116e-09	-2.2000000000000002e-13	3.2484e-07	-3.3522e-07	1.1902399999999998e-08	-1.5396e-09	-4.9e-13	3.2484e-07	-3.3512e-07	1.08292e-08	-4.753e-10	-1.17e-12	3.2476e-07	-3.3534e-07	1.06459e-08	-4.504e-11	-1.23e-12	3.247e-07	-3.3532e-07	1.08077e-08	9.123e-11	-2.900000000000001e-13	3.2478e-07	-3.3556e-07
0.83	2.27012e-08	-1.1503199999999998e-08	5e-14	3.2496e-07	-3.3602e-07	1.7779e-08	-6.8089e-09	-1.3500000000000001e-12	3.2488e-07	-3.3564e-07	1.42364e-08	-3.5941e-09	-1e-13	3.248e-07	-3.3534e-07	1.2077399999999998e-08	-1.5864e-09	-1.17e-12	3.248e-07	-3.3526e-07	1.09819e-08	-4.989700000000001e-10	-9.600000000000002e-13	3.248e-07	-3.3534e-07	1.06769e-08	-5.4100000000000006e-11	-3.1000000000000004e-13	3.2464e-07	-3.354e-07	1.09794e-08	8.793000000000001e-11	3.4e-13	3.2474e-07	-3.3588e-07
0.835	2.30262e-08	-1.16856e-08	-6.3e-13	3.25e-07	-3.3622e-07	1.7978799999999998e-08	-6.9372e-09	-1.4e-12	3.2488e-07	-3.3592e-07	1.4512799999999998e-08	-3.6767e-09	-2.300000000000001e-13	3.248e-07	-3.356e-07	1.23226e-08	-1.6357e-09	-1.4900000000000001e-12	3.248e-07	-3.3538e-07	1.12173e-08	-5.254500000000001e-10	-6.000000000000001e-14	3.2482e-07	-3.356e-07	1.08544e-08	-6.018e-11	5e-14	3.2474e-07	-3.3568e-07	1.10828e-08	8.516e-11	-1.14e-12	3.248e-07	-3.3588e-07
0.84	2.34026e-08	-1.1865e-08	-4.500000000000001e-13	3.249e-07	-3.3634e-07	1.82798e-08	-7.0657e-09	-9.200000000000001e-13	3.249e-07	-3.3608e-07	1.4806e-08	-3.7593e-09	-1.22e-12	3.248e-07	-3.3588e-07	1.25564e-08	-1.6862e-09	-1.21e-12	3.2476e-07	-3.3578e-07	1.14488e-08	-5.4908e-10	-3.3e-13	3.2476e-07	-3.3564e-07	1.09939e-08	-6.666e-11	-1e-13	3.248e-07	-3.3574e-07	1.13944e-08	7.99e-11	-1.26e-12	3.248e-07	-3.3608e-07
0.845	2.37796e-08	-1.20508e-08	-1.31e-12	3.2498e-07	-3.368e-07	1.85928e-08	-7.1996e-09	-8.9e-13	3.249e-07	-3.3638e-07	1.5050399999999998e-08	-3.8479e-09	-8.600000000000001e-13	3.248e-07	-3.3596e-07	1.30346e-08	-1.7392e-09	-4.2000000000000003e-13	3.2482e-07	-3.3596e-07	1.16234e-08	-5.7479e-10	-3.000000000000001e-13	3.247e-07	-3.3568e-07	1.11678e-08	-7.591e-11	-9.700000000000001e-13	3.2474e-07	-3.358e-07	1.15026e-08	7.519e-11	-6.700000000000002e-13	3.2474e-07	-3.3632e-07
0.85	2.40584e-08	-1.22352e-08	-7.3e-13	3.2498e-07	-3.3678e-07	1.89504e-08	-7.3317e-09	-5.7e-13	3.2486e-07	-3.366e-07	1.5340999999999998e-08	-3.9352e-09	-6.700000000000002e-13	3.249e-07	-3.361e-07	1.32252e-08	-1.7903e-09	-9.000000000000001e-13	3.2472e-07	-3.3614e-07	1.1764e-08	-6.001900000000001e-10	-7.800000000000002e-13	3.2478e-07	-3.3606e-07	1.13685e-08	-8.448e-11	-2.4000000000000004e-13	3.247e-07	-3.3614e-07	1.16788e-08	7.055e-11	-1.2000000000000002e-13	3.2476e-07	-3.3664e-07
0.855	2.44856e-08	-1.2420799999999998e-08	-1.03e-12	3.2494e-07	-3.3692e-07	1.92028e-08	-7.4657e-09	-8.7e-13	3.2492e-07	-3.3654e-07	1.5543599999999998e-08	-4.0235e-09	-1.45e-12	3.2484e-07	-3.364e-07	1.3524199999999998e-08	-1.8451e-09	-2.7e-13	3.2476e-07	-3.3644e-07	1.20806e-08	-6.261900000000001e-10	3.5e-13	3.2476e-07	-3.3602e-07	1.1630599999999998e-08	-9.511e-11	1e-13	3.2468e-07	-3.3608e-07	1.1878199999999998e-08	6.596000000000001e-11	-4.7e-13	3.248e-07	-3.368e-07
0.86	2.48522e-08	-1.26072e-08	-2e-13	3.2498e-07	-3.3724e-07	1.95836e-08	-7.6012e-09	4.0000000000000006e-14	3.249e-07	-3.3696e-07	1.5841999999999997e-08	-4.1139e-09	-4e-13	3.2486e-07	-3.3644e-07	1.3817e-08	-1.8988e-09	-7.3e-13	3.2478e-07	-3.3668e-07	1.2237199999999998e-08	-6.5281e-10	-1.04e-12	3.2474e-07	-3.3628e-07	1.17608e-08	-1.0212e-10	-3.1000000000000004e-13	3.2474e-07	-3.3644e-07	1.2136999999999998e-08	6.378000000000001e-11	-3.800000000000001e-13	3.2474e-07	-3.3704e-07
0.865	2.51896e-08	-1.27964e-08	-6.200000000000001e-13	3.2498e-07	-3.3742e-07	1.98832e-08	-7.7369e-09	-6.500000000000002e-13	3.2492e-07	-3.3692e-07	1.61224e-08	-4.2074e-09	-1.1100000000000001e-12	3.2484e-07	-3.367e-07	1.3975e-08	-1.9526e-09	-6.700000000000002e-13	3.2486e-07	-3.3682e-07	1.25006e-08	-6.7958e-10	-7.900000000000001e-13	3.247e-07	-3.365e-07	1.20396e-08	-1.1264e-10	-8.600000000000001e-13	3.2472e-07	-3.3644e-07	1.23472e-08	6.026000000000001e-11	-3.2000000000000005e-13	3.2482e-07	-3.371e-07
0.87	2.56802e-08	-1.299e-08	-5.4e-13	3.25e-07	-3.3776e-07	2.01978e-08	-7.8786e-09	-8.400000000000001e-13	3.2486e-07	-3.3714e-07	1.63934e-08	-4.3e-09	-8.600000000000001e-13	3.2482e-07	-3.3682e-07	1.4231e-08	-2.0096e-09	-2.7e-13	3.2498e-07	-3.3704e-07	1.2762999999999998e-08	-7.089100000000001e-10	-1.27e-12	3.248e-07	-3.3664e-07	1.2098e-08	-1.2097e-10	-1.4300000000000002e-12	3.2474e-07	-3.3664e-07	1.2495e-08	5.783e-11	-1.21e-12	3.2484e-07	-3.373e-07
0.875	2.6086e-08	-1.31878e-08	-5.7e-13	3.2498e-07	-3.3782e-07	2.05514e-08	-8.0149e-09	-5.800000000000002e-13	3.248e-07	-3.3732e-07	1.6687999999999997e-08	-4.3941e-09	-1.7e-13	3.2486e-07	-3.3728e-07	1.45682e-08	-2.066e-09	-1.4e-12	3.248e-07	-3.3736e-07	1.2978199999999998e-08	-7.386e-10	-1.07e-12	3.2474e-07	-3.3692e-07	1.23522e-08	-1.32e-10	-1.5700000000000002e-12	3.2484e-07	-3.3682e-07	1.26518e-08	5.445e-11	-5.300000000000002e-13	3.2482e-07	-3.376e-07
0.88	2.65234e-08	-1.33848e-08	-8.600000000000001e-13	3.2494e-07	-3.3788e-07	2.08864e-08	-8.1525e-09	-1.09e-12	3.2482e-07	-3.3766e-07	1.70354e-08	-4.4892e-09	-1.03e-12	3.248e-07	-3.3742e-07	1.46976e-08	-2.1247e-09	-1.37e-12	3.248e-07	-3.3738e-07	1.3113799999999998e-08	-7.7046e-10	-1.1100000000000001e-12	3.2476e-07	-3.372e-07	1.25688e-08	-1.4382e-10	-1.6100000000000002e-12	3.2478e-07	-3.3704e-07	1.2971e-08	5.087e-11	-1.5e-12	3.2486e-07	-3.3782e-07
0.885	2.68106e-08	-1.3585199999999998e-08	-4.2000000000000003e-13	3.2494e-07	-3.3826e-07	2.1242e-08	-8.3003e-09	-6.8e-13	3.2484e-07	-3.3772e-07	1.7311599999999998e-08	-4.5873e-09	-5.9e-13	3.2482e-07	-3.3744e-07	1.50382e-08	-2.1834e-09	-5.4e-13	3.2484e-07	-3.376e-07	1.33602e-08	-7.9929e-10	-1.46e-12	3.2474e-07	-3.3742e-07	1.2749199999999998e-08	-1.5622e-10	-1.4700000000000002e-12	3.248e-07	-3.3742e-07	1.31062e-08	4.712e-11	-2.0500000000000004e-12	3.2474e-07	-3.3806e-07
0.89	2.74034e-08	-1.37816e-08	2.2000000000000002e-13	3.2494e-07	-3.3848e-07	2.16456e-08	-8.4441e-09	-8.9e-13	3.2488e-07	-3.3828e-07	1.7713799999999998e-08	-4.686e-09	-2.1000000000000001e-13	3.2488e-07	-3.3778e-07	1.5310999999999997e-08	-2.2456e-09	-1.5700000000000002e-12	3.2484e-07	-3.3784e-07	1.3566e-08	-8.3381e-10	-1.1900000000000002e-12	3.2472e-07	-3.3752e-07	1.29072e-08	-1.6943e-10	-8.100000000000001e-13	3.247e-07	-3.3762e-07	1.33498e-08	4.3500000000000005e-11	-3.7000000000000004e-13	3.2486e-07	-3.3826e-07
0.895	2.77942e-08	-1.39838e-08	2.0000000000000003e-14	3.249e-07	-3.3848e-07	2.19356e-08	-8.5869e-09	-1.1100000000000001e-12	3.2482e-07	-3.3816e-07	1.7896999999999998e-08	-4.7842e-09	-3.2000000000000005e-13	3.2484e-07	-3.3784e-07	1.54598e-08	-2.306e-09	-1.07e-12	3.2492e-07	-3.3794e-07	1.37056e-08	-8.6712e-10	-2e-13	3.2476e-07	-3.3764e-07	1.3169999999999998e-08	-1.8179000000000003e-10	-3.2000000000000005e-13	3.247e-07	-3.3762e-07	1.3464199999999998e-08	4.01e-11	-8.9e-13	3.2474e-07	-3.3818e-07
0.9	2.82016e-08	-1.4189e-08	-5.4e-13	3.2488e-07	-3.3886e-07	2.2361e-08	-8.7402e-09	-6.3e-13	3.2488e-07	-3.3852e-07	1.83e-08	-4.886e-09	-1.4400000000000001e-12	3.2484e-07	-3.3808e-07	1.57158e-08	-2.371e-09	-4.800000000000001e-13	3.248e-07	-3.3834e-07	1.41072e-08	-8.994000000000001e-10	3.900000000000001e-13	3.2476e-07	-3.3796e-07	1.3322999999999998e-08	-1.9512e-10	-3.7000000000000004e-13	3.2466e-07	-3.3782e-07	1.36464e-08	3.495e-11	-3.2000000000000005e-13	3.2478e-07	-3.3844e-07
