101 NaN
104.18 NaN
107.361 62.2701488786799
110.541 82.1280163736995
113.721 NaN
116.902 86.8163332064857
120.082 119.481025333848
123.262 116.762559953995
126.443 103.989351504881
129.623 99.6240164500004
132.803 84.9280769386763
135.983 91.6273847251241
139.164 128.150799466262
142.344 78.8528157674732
145.524 NaN
148.705 NaN
151.885 NaN
155.065 NaN
158.246 126.175615194516
161.426 95.2155003551775
164.606 90.0180387726032
167.787 80.6639909914994
170.967 88.5232490303097
174.147 99.0819266813331
177.328 122.664291505432
180.508 107.371263651674
183.688 3.80756210725815
186.868 NaN
190.049 99.2041755718512
193.229 134.091009684102
196.409 147.382789957335
199.59 135.128350230521
202.77 133.290253013669
205.95 91.073947291008
209.131 35.8470070141506
212.311 95.5533189037154
215.491 158.079995677858
218.672 95.0284076634966
221.852 116.792798338243
225.032 90.2246545345622
228.213 78.7403407724517
231.393 68.1633898684549
234.573 69.172178174828
237.753 62.8140017148837
240.934 39.196828308502
244.114 28.3099544937582
247.294 93.8803852077169
250.475 125.706253983477
253.655 137.537734335395
256.835 124.243192259469
260.016 100.304479163783
263.196 75.1507952251751
264.196 73.3000328295093
272.598 60.2435568793039
281.001 53.2902885799856
289.403 50.6092173056567
297.806 58.2067137123708
306.208 67.2162215958967
314.611 67.0113059553809
323.013 71.9507720433423
331.415 64.3301627440494
339.818 55.8661602558201
348.22 51.5731570960503
356.623 35.569650963579
365.025 34.9872101824885
373.428 34.1436115691442
381.83 NaN
390.232 41.8155042274904
398.635 73.5155863970511
407.037 71.302252431128
415.44 61.7860025866484
423.842 23.339929030628
432.245 34.2750781575949
440.647 33.6206297691909
449.049 30.2192983295017
457.452 25.1725340280948
465.854 40.0158882104821
474.257 47.341519713019
482.659 46.4192145732607
491.062 48.5426366978648
499.464 50.3075651726603
507.867 47.1093936649504
516.269 45.8972509597706
524.671 49.7146844903472
533.074 58.7954710433407
541.476 54.2901351307726
549.879 48.1986848784528
558.281 45.7614737206484
566.684 40.8668355484325
575.086 40.7142373064076
583.488 37.7020681293761
591.891 41.8252348948844
600.293 44.2936626838878
608.696 41.7276569406531
617.098 29.5318741460872
625.501 19.848543006997
633.903 25.1121176819019
642.305 47.195276637803
650.708 53.0280800938643
659.11 52.2559056985285
667.513 46.9812640671728
675.915 44.9029133906316
684.318 43.0640756659798
692.72 40.5462094265002
693.72 47.8283390257124
715.867 18.0176193030583
738.014 39.1811275623446
760.161 48.1343692174219
782.307 30.8360848772826
804.454 35.3001424192784
826.601 29.6510849979601
848.748 32.0538428945436
870.895 50.314555723351
893.042 58.061874127268
915.189 46.8098243006423
937.335 27.9965273411295
959.482 20.1218134859482
981.629 10.0238028206293
1003.776 69.6228359771833
1025.923 52.7097793917824
1048.07 45.5250155323072
1070.217 31.8292481031948
1092.364 31.328032759383
1114.51 40.5243507197279
1136.657 25.729598094421
1158.804 25.6526456298455
1180.951 20.592916821684
1203.098 18.9823341181254
1225.245 16.5672570318284
1247.392 NaN
1269.538 21.5514341102431
1291.685 27.1647275899221
1313.832 27.3295477646048
1335.979 24.7800786656633
1358.126 20.0011204959878
1380.273 20.522205544509
1402.42 23.7718471656032
1424.566 26.7859731319663
1446.713 27.7999990829493
1468.86 24.4794060605135
1491.007 22.6481156889763
1513.154 24.7980657672504
1535.301 20.8218932219251
1557.448 13.4670595420457
1579.595 28.2390338979695
1601.741 26.4691516587629
1623.888 20.8416138730681
1646.035 21.1684168481244
1668.182 16.6440480869696
1690.329 22.7478999092813
1712.476 22.4085943392052
1734.623 22.8393936730159
1756.769 27.1836041763636
1778.916 23.9107852587604
1801.063 24.5096767067439
1823.21 23.5632395937693
1824.21 23.5314192868985
1882.531 12.7175783424386
1940.853 17.9010774489698
1999.174 38.606197408862
2057.495 31.3268615906212
2115.817 10.2106366699487
2174.138 10.3373238906074
2232.46 14.0659829916051
2290.781 23.7412624218993
2349.102 25.9277150718971
2407.424 14.4550912008913
2465.745 16.4715217364852
2524.066 13.486010849442
2582.388 23.562031892292
2640.709 22.5754263894579
2699.031 15.7864485226809
2757.352 23.3598947494122
2815.673 21.4917745512882
2873.995 21.8596339536342
2932.316 25.1117376689688
2990.637 27.4871596315166
3048.959 35.2788480105244
3107.28 20.4035882313245
3165.602 16.0169899648293
3223.923 15.7043125948131
3282.244 18.9375969957369
3340.566 15.4487275364652
3398.887 14.3977709616704
3457.208 15.2607016615614
3515.53 18.010564555309
3573.851 16.8055354134303
3632.173 13.442869224611
3690.494 16.2783527184869
3748.815 14.2904093483134
3807.137 15.1492938985552
3865.458 15.2409271689067
3923.779 16.1102557949806
3982.101 15.6481639118645
4040.422 26.3933778417119
4098.744 20.8836606182538
4157.065 15.3621434690258
4215.386 15.8116221417126
4273.708 14.5114507560421
4332.029 11.45493479697
4390.35 8.94981453828498
4448.672 9.9928608540094
4506.993 8.85575354506885
4565.315 11.5995392426355
4623.636 13.3013546342413
4681.957 14.9320005631914
4740.279 15.1875209937408
4798.6 12.6060232618204
4799.6 14.0960203701402
4953.131 14.9634385434007
5106.663 12.797454576295
5260.194 13.1657179767544
5413.725 12.8143030634621
5567.257 11.4109984587996
5720.788 10.8533404980581
5874.32 11.2641513188482
6027.851 16.3016576958838
6181.382 14.2817828573371
6334.914 11.520759391673
6488.445 11.7577595316944
6641.976 13.6019642039473
6795.508 11.9478247136184
6949.039 13.1428197931847
7102.571 10.9573786448039
7256.102 8.53832502058281
7409.633 7.74590447107079
7563.165 10.2938608579882
7716.696 9.90585045265496
7870.227 11.9826460465407
8023.759 11.280932361729
8177.29 8.7237127670585
8330.822 13.5626179616297
8484.353 12.428393775796
8637.884 11.0322216927736
8791.416 11.9286530847617
8944.947 10.7152476281021
9098.478 12.2721820709638
9252.01 13.3245000418004
9405.541 9.61278436281737
9559.073 12.1342504604683
9712.604 10.9937025958867
9866.135 14.085330463473
10019.667 13.9590174796231
10173.198 11.7947501158225
10326.729 12.3729878902808
10480.261 9.90595675866334
10633.792 7.45299217297512
10787.324 11.2138575465126
10940.855 11.8874514902759
11094.386 10.9494460021589
11247.918 10.2756227534041
11401.449 11.2157979961197
11554.98 11.2712459877498
11708.512 7.19189914124821
11862.043 7.84828303230191
12015.575 9.62886640877339
12169.106 7.96342655086582
12322.637 8.35530381109194
12476.169 9.42362231761203
12629.7 11.6683537605288
12630.7 12.0373089948535
13034.822 10.054881251499
13438.943 7.37438529866975
13843.065 7.94861997483875
14247.186 6.46685507640205
14651.308 6.04302402055971
15055.429 8.18534945632844
15459.551 10.0624241979743
15863.673 9.47986941302034
16267.794 7.86310157815278
16671.916 8.9676505104803
17076.037 10.3167782656387
17480.159 10.8937280318841
17884.28 10.0312755532742
18288.402 9.6888426629221
18692.524 9.56186269700894
19096.645 9.46225355688662
19500.767 10.0531076346581
19904.888 8.11170466926574
20309.01 5.8121751914792
20713.131 5.79909671164687
21117.253 5.02004368867123
21521.375 6.519793786233
21925.496 6.71620854088887
22329.618 7.24198309542931
22733.739 8.65982861035391
23137.861 5.70869834540105
23541.982 8.1451450689874
23946.104 8.93694025451942
24350.225 7.2178717165177
24754.347 7.8460116844281
25158.469 7.39840678718782
25562.59 6.30588711114865
25966.712 7.87027651662251
26370.833 7.56919280006748
26774.955 4.99591121796046
27179.076 6.57425957598402
27583.198 7.7224626567042
27987.32 6.79352634383575
28391.441 7.19629118456263
28795.563 7.98206178076446
29199.684 8.20899216929354
29603.806 7.3705667523902
30007.927 7.45604545408533
30412.049 8.7750817921527
30816.171 8.49472800956619
31220.292 6.20509289566028
31624.414 5.84814527870408
32028.535 6.05694815042096
32432.657 6.60188101578701
32836.778 8.16273947517283
33240.9 9.21217741872732
33241.9 9.8430160297198
34305.559 8.68572013366625
35369.218 6.86262398216962
36432.876 4.36736406900576
37496.535 4.91945356241576
38560.194 6.29283521896126
39623.853 7.28555005335812
40687.512 7.54257100779185
41751.171 7.07070596328009
42814.829 7.59929747385073
43878.488 8.2936581491788
44942.147 8.17643514707251
46005.806 7.93078833482356
47069.465 7.70350635366608
48133.124 7.19059335630835
49196.782 7.53691137469331
50260.441 6.85410258816639
51324.1 5.66004413872726
52387.759 5.79512994831256
53451.418 5.78645742830857
54515.076 5.27147711216154
55578.735 5.55704584411152
56642.394 6.06957279671905
57706.053 5.5886960355479
58769.712 4.62534624981038
59833.371 4.41457432201395
60897.029 6.03040635927575
61960.688 6.81882433546018
63024.347 5.16018825949128
64088.006 4.35281284466429
65151.665 4.85190407167581
66215.324 4.39045779887757
67278.982 3.5131174097949
68342.641 4.23155714905574
69406.3 4.78682570611266
70469.959 5.04076168395983
71533.618 5.02487535423034
72597.276 5.15034307484314
73660.935 5.00653127052624
74724.594 3.77248291018882
75788.253 4.37494362243013
76851.912 5.88681701588748
77915.571 6.15856514463357
78979.229 5.79223686995835
80042.888 3.41069123660499
81106.547 2.67126367360338
82170.206 3.74603613753665
83233.865 4.65190899684337
84297.524 4.53666120333704
85361.182 3.99805532450511
86424.841 4.65808192256142
87488.5 4.80828685315939
87489.5 3.82572917551506
90289.039 3.23610454339763
93088.578 1.82823873043225
95888.118 1.888885526884
98687.657 2.46625421784932
101487.196 2.99492355477886
104286.735 3.83461521449543
107086.275 3.7071752266508
109885.814 3.09123199571729
112685.353 2.70541545117507
115484.892 2.71213977703154
118284.431 3.33131117434024
121083.971 3.83522493141371
123883.51 4.8994570103227
126683.049 4.61467358642634
129482.588 4.0811137840624
132282.127 3.22004569677006
135081.667 3.04330610893693
137881.206 3.99690660475301
140680.745 4.54859560301008
143480.284 4.88165809579775
146279.824 5.19914503863412
149079.363 4.6198374356191
151878.902 4.07178384953273
154678.441 3.01847750089347
157477.98 2.32714024669417
160277.52 2.71240324442683
163077.059 4.24012959828111
165876.598 4.71077210251205
168676.137 4.44186042144503
171475.676 4.29585348789743
174275.216 4.14772713356003
177074.755 3.63343088294616
179874.294 3.86687327892132
182673.833 3.98013123267513
185473.373 3.87852091960154
188272.912 3.48565340450473
191072.451 3.22250189065578
193871.99 3.48679511337895
196671.529 4.15188256648745
199471.069 4.0119693396931
202270.608 4.13592101812735
205070.147 4.99881282834617
207869.686 5.40419359424862
210669.225 5.24263464723423
213468.765 4.9762060116043
216268.304 4.3201342343381
219067.843 4.64787932971254
221867.382 5.26777950982913
224666.922 4.92075571651512
227466.461 4.73248145831436
230266 4.02058752780667
230267 2.50382807051233
237635.294 18.0535994923467
245003.588 31.1354895250751
252371.882 2.34529620920047
259740.176 4.41477922582488
267108.471 2.591228872307
274476.765 4.5060179118035
281845.059 3.49292445080628
289213.353 2.97082563440152
296581.647 3.43653505584661
303949.941 2.96562488082907
311318.235 1.54410928743806
318686.529 3.81949606045704
326054.824 4.18411748365178
333423.118 3.44221995542666
340791.412 2.68211303705541
348159.706 4.02873642866981
355528 2.88964806019367
362896.294 4.27581302677223
370264.588 3.86708367086658
377632.882 3.96626994890921
385001.176 4.33915322945275
392369.471 4.34533908010929
399737.765 2.5015445179202
407106.059 1.34451478255384
414474.353 3.99830076325614
421842.647 3.40028035538866
429210.941 4.70194853061549
436579.235 3.84818853261641
443947.529 3.10504485251977
451315.824 3.72199215852728
458684.118 4.69321784453715
466052.412 3.25877413809651
473420.706 2.24208005831506
480789 3.39178583135878
488157.294 2.81455113688147
495525.588 2.02777443627905
502893.882 4.34920827139809
510262.176 3.94835518566654
517630.471 3.35423489964124
524998.765 3.75823244573556
532367.059 1.23264015258626
539735.353 4.20504551414186
547103.647 3.3944166590235
554471.941 3.2846950351145
561840.235 2.70457987070998
569208.529 2.93664937960713
576576.824 3.88332231954055
583945.118 3.36528322924714
591313.412 2.79362565472755
598681.706 2.67549271865185
606050 2.75305687220828
606051 2.58745328433735
625444.118 2.51246554978909
644837.235 2.72914754565863
664230.353 3.37439250660056
683623.471 3.23701871947154
703016.588 4.21753540623315
722409.706 2.71867678913381
741802.824 3.22286760020872
761195.941 2.32721892881
780589.059 2.94986478053197
799982.176 3.05005688845687
819375.294 2.21958461929893
838768.412 2.99489108758926
858161.529 2.38253412888449
877554.647 1.60300725933137
896947.765 2.41781468669931
916340.882 3.07756713394171
935734 3.45647523102582
955127.118 2.02819669971239
974520.235 1.87306506330094
993913.353 0.719887339837203
1013306.471 4.20548086506534
1032699.588 2.9929448502394
1052092.706 3.00477930945684
1071485.824 3.4051641204707
1090878.941 3.26221715555735
1110272.059 3.49217647102238
1129665.176 3.28215677288414
1149058.294 2.9493547690314
1168451.412 1.9316306661314
1187844.529 3.46694209166106
1207237.647 1.87899974300953
1226630.765 1.64312360620756
1246023.882 3.06517121214233
1265417 1.81205657516656
1284810.118 2.81389068723374
1304203.235 2.99269902754833
1323596.353 2.23803638201996
1342989.471 4.92476518003007
1362382.588 1.5275012461114
1381775.706 3.16842868150476
1401168.824 3.39145403628963
1420561.941 2.6631753543347
1439955.059 0.987167728754435
1459348.176 1.36741245831347
1478741.294 2.258977687329
1498134.412 2.86611538993498
1517527.529 4.61206297322123
1536920.647 3.67096711822526
1556313.765 2.28742429730251
1575706.882 3.06048224161106
1595100 2.98881108260086
1595100 3.98393360924412
1646141.765 2.74864645297176
1697183.529 4.24433518426552
1748225.294 2.09103338770612
1799267.059 2.73080936906869
1850308.824 4.40035903490787
1901350.588 1.51732449925424
1952392.353 1.65978815772199
2003434.118 2.99887377171307
2054475.882 4.8798661580274
2105517.647 2.34726358692446
2156559.412 2.70248935563647
2207601.176 4.07834899436658
2258642.941 1.03555800020475
2309684.706 3.24767679132756
2360726.471 3.25761319764855
2411768.235 1.91573071793687
2462810 0.50602944486455
2513851.765 3.42832268836759
2564893.529 3.24029286957367
2615935.294 3.0821441166586
2666977.059 2.75937149276249
2718018.824 3.97153639159524
2769060.588 1.48728391824474
2820102.353 1.38285983126349
2871144.118 2.16192767497571
2922185.882 2.12495717563049
2973227.647 3.60000890585706
3024269.412 2.0410502024385
3075311.176 1.51463575587145
3126352.941 3.14192436621377
3177394.706 2.97373961750552
3228436.471 0.967754874785875
3279478.235 2.38904126263578
3330520 4.11885341692059
3381561.765 3.65707460747528
3432603.529 3.66745057626209
3483645.294 3.16168247845693
3534687.059 3.08024056258979
3585728.824 1.99690606479001
3636770.588 2.72806402070595
3687812.353 3.25648848404148
3738854.118 3.99405939719667
3789895.882 3.31676889261511
3840937.647 2.30190964058423
3891979.412 2.49891077894851
3943021.176 3.18072331555304
3994062.941 3.33752664913253
4045104.706 1.73883483730283
4096146.471 2.74132241841671
4147188.235 3.71588968785879
4198230 1.52416439947261
4198230 1.3999504738587
4332570.588 2.56513664772601
4466911.176 2.54378500663493
4601251.765 NaN
4735592.353 2.65709346429452
4869932.941 2.04803050518302
5004273.529 1.67012009814937
5138614.118 2.34081098018076
5272954.706 NaN
5407295.294 NaN
5541635.882 2.28331304898628
5675976.471 3.20780583434279
5810317.059 3.3433164135376
5944657.647 0.778434185447379
6078998.235 2.06993240718469
6213338.824 2.28974411026462
6347679.412 1.29778154212898
6482020 3.31768089781756
6616360.588 NaN
6750701.176 3.80894179389678
6885041.765 3.35487178230192
7019382.353 2.69435707991252
7153722.941 0.819037117589655
7288063.529 3.33177708431565
7422404.118 2.45898832174583
7556744.706 1.49532432257334
7691085.294 2.820120622578
7825425.882 3.07570596563204
7959766.471 2.83576084352545
8094107.059 2.60688233329789
8228447.647 2.59780370037065
8362788.235 3.39337917747571
8497128.824 3.34849537559898
8631469.412 1.84959884173234
8765810 2.78596670312759
8900150.588 3.12045921130765
9034491.176 2.41529345947848
9168831.765 2.39839484828681
9303172.353 3.04962759653247
9437512.941 2.37326515482811
9571853.529 3.17923897421026
9706194.118 2.93870110493585
9840534.706 2.0373524046293
9974875.294 3.2277477467461
10109215.882 1.5595130525647
10243556.471 3.37520896474269
10377897.059 1.8882019254626
10512237.647 1.86226156216783
10646578.235 2.55910347559207
10780918.824 3.19616135861465
10915259.412 2.15229647871783
11049600 2.6145242998872
11049600 2.84156149321634
11403174.51 2.4661350237275
11756749.02 2.1653690974646
12110323.529 3.07013737699604
12463898.039 2.03963375554919
12817472.549 3.14911366817408
13171047.059 1.79839395019196
13524621.569 1.95945912484625
13878196.078 3.03049245299211
14231770.588 1.6573813826331
14585345.098 3.73586093608309
14938919.608 NaN
15292494.118 3.33711972354464
15646068.627 NaN
15999643.137 NaN
16353217.647 4.35561263633007
16706792.157 NaN
17060366.667 NaN
17413941.176 1.44853733524281
17767515.686 2.20276465877743
18121090.196 2.00083069310914
18474664.706 3.00609354371001
18828239.216 NaN
19181813.725 3.65121940589576
19535388.235 2.15528458819494
19888962.745 2.04442907237646
20242537.255 2.66764235996147
20596111.765 1.66220588632553
20949686.275 1.3660969664853
21303260.784 NaN
21656835.294 2.95337818391568
22010409.804 2.95029106381048
22363984.314 3.39783414596894
22717558.824 2.35322357222713
23071133.333 3.57335717488205
23424707.843 2.58095513891186
23778282.353 2.63800964319411
24131856.863 0.218842298210803
24485431.373 3.63238867876609
24839005.882 3.90127051048311
25192580.392 2.98489677089806
25546154.902 NaN
25899729.412 NaN
26253303.922 2.01411396820968
26606878.431 3.28735089495736
26960452.941 NaN
27314027.451 1.4558304712232
27667601.961 1.53881307919023
28021176.471 1.97770220608601
28374750.98 2.42610253181522
28728325.49 1.98690934385854
29081900 2.91696747013837
29081900 3.32887798212269
30012498.039 3.07165139376637
30943096.078 4.04001110270462
31873694.118 2.25172319603101
32804292.157 1.86102280924725
33734890.196 3.39826171272539
34665488.235 3.81294231450941
35596086.275 1.50295018541258
36526684.314 3.12258802772814
37457282.353 3.08470443359674
38387880.392 2.15805601349506
39318478.431 3.03795130976295
40249076.471 3.00110960907692
41179674.51 3.10777795533862
42110272.549 2.37093979038827
43040870.588 3.72081508298054
43971468.627 3.23962487676704
44902066.667 3.10334317890964
45832664.706 2.93223706135363
46763262.745 3.65813967946009
47693860.784 3.04806900984162
48624458.824 2.58849484069847
49555056.863 4.11288040341189
50485654.902 3.5936874071992
51416252.941 1.72505242390234
52346850.98 1.65462397458574
53277449.02 4.72137405221426
54208047.059 1.35762683373369
55138645.098 3.17678494034763
56069243.137 NaN
56999841.176 NaN
57930439.216 2.2831806371411
58861037.255 NaN
59791635.294 4.82293621425039
60722233.333 1.93534972405012
61652831.373 2.46580678247474
62583429.412 4.88036428208177
63514027.451 2.09177904875785
64444625.49 NaN
65375223.529 NaN
66305821.569 5.98223955844243
67236419.608 3.47654224634959
68167017.647 NaN
69097615.686 NaN
70028213.725 NaN
70958811.765 NaN
71889409.804 NaN
72820007.843 NaN
73750605.882 NaN
74681203.922 2.06391755351893
75611801.961 2.78150523058787
76542400 NaN
76542400 3.00746269429878
78991686.275 0.219533797773586
81440972.549 2.35005335648626
83890258.824 NaN
86339545.098 NaN
88788831.373 3.6110088924841
91238117.647 NaN
93687403.922 NaN
96136690.196 NaN
98585976.471 NaN
101035262.745 4.4949275136226
103484549.02 NaN
105933835.294 NaN
108383121.569 NaN
110832407.843 1.18499754695879
113281694.118 NaN
115730980.392 NaN
118180266.667 4.69788395565976
120629552.941 NaN
123078839.216 NaN
125528125.49 NaN
127977411.765 NaN
130426698.039 6.71605444051655
132875984.314 1.0500437592431
135325270.588 NaN
137774556.863 5.57009113618619
140223843.137 6.70184984354712
142673129.412 NaN
145122415.686 0.703078988905134
147571701.961 5.65640860919368
150020988.235 8.98232790162023
152470274.51 NaN
154919560.784 12.0081766713866
157368847.059 13.8930866116737
159818133.333 NaN
162267419.608 NaN
164716705.882 NaN
167165992.157 NaN
169615278.431 NaN
172064564.706 NaN
174513850.98 12.6450928507259
176963137.255 NaN
179412423.529 1.04102602102884
181861709.804 NaN
184310996.078 20.3099260622627
186760282.353 NaN
189209568.627 13.3554923051
191658854.902 5.35824528554441
194108141.176 NaN
196557427.451 NaN
199006713.725 7.08341564282453
201456000 7.63703593710708
