101 1.06999009349386e-06
104.18 1.37530148688933e-06
107.361 -0
110.541 -0
113.721 -0
116.902 1.15331719217221e-06
120.082 1.19569897604703e-06
123.262 1.30082736945158e-06
126.443 1.48952815733631e-06
129.623 1.49862640994537e-06
132.803 1.25542130569174e-06
135.983 1.62374348568239e-06
139.164 1.77482999504086e-06
142.344 1.46251235866873e-06
145.524 7.35804290987081e-07
148.705 1.20804875142686e-06
151.885 1.05770663095161e-06
155.065 1.03387535903899e-06
158.246 8.23102315483926e-07
161.426 7.66026716552621e-07
164.606 8.93170032185759e-07
167.787 7.98527056040351e-07
170.967 8.50089231710248e-07
174.147 9.1398477878951e-07
177.328 9.63571338794923e-07
180.508 1.10606332821395e-06
183.688 1.09146036841437e-06
186.868 9.07646980583724e-07
190.049 1.02633333519805e-06
193.229 9.63920991263677e-07
196.409 1.0505875538662e-06
199.59 1.12030975551471e-06
202.77 1.03891101203972e-06
205.95 9.25417764288383e-07
209.131 9.66290570247951e-07
212.311 9.99689842786071e-07
215.491 1.58719795784111e-06
218.672 1.74847770160324e-06
221.852 1.83920012757261e-06
225.032 1.4026794601322e-06
228.213 1.00688429387431e-06
231.393 9.28997866154401e-07
234.573 7.93556526401692e-07
237.753 8.26421632466279e-07
240.934 7.06396099942525e-07
244.114 5.41977753109258e-07
247.294 5.90825130150834e-07
250.475 9.11080128748152e-07
253.655 1.02984229399845e-06
256.835 1.23120489623146e-06
260.016 1.18759588369529e-06
263.196 1.01564688139246e-06
264.196 9.77520487290364e-07
272.598 9.63945163914478e-07
281.001 1.00495251698742e-06
289.403 9.70720882938036e-07
297.806 8.79179864292216e-07
306.208 8.23298766393555e-07
314.611 5.38612519987078e-07
323.013 3.18889583711353e-07
331.415 6.57364110390513e-07
339.818 8.30459583416821e-07
348.22 8.97857761529692e-07
356.623 6.933402373939e-07
365.025 5.70208061170298e-07
373.428 5.29280002327983e-07
381.83 5.12320819784527e-07
390.232 5.9035893089977e-07
398.635 6.55263307011525e-07
407.037 6.51442580993628e-07
415.44 6.84245695087254e-07
423.842 6.8852706477445e-07
432.245 6.76096534058562e-07
440.647 8.83633588916418e-07
449.049 8.83489579743525e-07
457.452 8.17338811614932e-07
465.854 7.3516801580047e-07
474.257 7.48155178023336e-07
482.659 7.86288875513726e-07
491.062 7.91230429949803e-07
499.464 6.89658798949161e-07
507.867 4.7717854998012e-07
516.269 4.2377239414851e-07
524.671 4.19805247674478e-07
533.074 6.49572274211738e-07
541.476 7.91741768045485e-07
549.879 9.46347998670463e-07
558.281 9.1597635489798e-07
566.684 7.93569093386171e-07
575.086 6.36301774928634e-07
583.488 6.64739343801396e-07
591.891 7.23358142081798e-07
600.293 7.55104486160161e-07
608.696 6.80836411351214e-07
617.098 5.40859060419616e-07
625.501 4.49915737902165e-07
633.903 5.05393541341646e-07
642.305 9.17081431250552e-07
650.708 1.05485555159781e-06
659.11 1.08424227349643e-06
667.513 9.90696251592788e-07
675.915 8.21512135555696e-07
684.318 4.70048950474469e-07
692.72 3.71034951258301e-07
693.72 6.18511681541562e-07
715.867 6.29972780893611e-07
738.014 5.26546218434365e-07
760.161 4.25518631222054e-07
782.307 5.62147806887833e-07
804.454 4.11071525005321e-07
826.601 3.44889658085669e-07
848.748 4.85722631586948e-07
870.895 4.65814066228103e-07
893.042 5.55726671049186e-07
915.189 4.61220246847859e-07
937.335 4.30391563127392e-07
959.482 4.17983123921529e-07
981.629 3.77356663770497e-07
1003.776 7.25369665642678e-07
1025.923 5.89511654946185e-07
1048.07 3.46157173373238e-07
1070.217 4.02184061498874e-07
1092.364 5.82091229599622e-07
1114.51 4.8707519409779e-07
1136.657 3.86957872707056e-07
1158.804 3.07509755864753e-07
1180.951 3.91321021021552e-07
1203.098 3.87542187509115e-07
1225.245 5.28729433336484e-07
1247.392 3.31672286847349e-07
1269.538 3.732524385977e-07
1291.685 2.50986779120076e-07
1313.832 5.30673909779028e-07
1335.979 4.68829393798245e-07
1358.126 4.01135953385931e-07
1380.273 2.42685586020987e-07
1402.42 3.39523652095553e-07
1424.566 3.17740901869385e-07
1446.713 3.92063667795385e-07
1468.86 3.95213721134882e-07
1491.007 4.39113980941703e-07
1513.154 5.87480747506435e-07
1535.301 5.14528071982132e-07
1557.448 3.62634788642237e-07
1579.595 4.0098976841644e-07
1601.741 4.41505291187773e-07
1623.888 4.62396656484971e-07
1646.035 4.15212198877189e-07
1668.182 3.20065347263961e-07
1690.329 3.25133027487012e-07
1712.476 3.29719042976046e-07
1734.623 4.73903367462777e-07
1756.769 5.39662532072433e-07
1778.916 3.34658885199732e-07
1801.063 2.64939643890085e-07
1823.21 2.81516797451662e-07
1824.21 3.27507893621268e-07
1882.531 3.13991913287508e-07
1940.853 2.98972071659693e-07
1999.174 4.667588713737e-07
2057.495 3.53571995577916e-07
2115.817 3.76693422656462e-07
2174.138 3.0112316111857e-07
2232.46 2.54826789288907e-07
2290.781 3.20242175525573e-07
2349.102 3.93477748317676e-07
2407.424 3.81827392097865e-07
2465.745 3.29031806162383e-07
2524.066 2.92154881070627e-07
2582.388 2.4579410881763e-07
2640.709 2.74991345538611e-07
2699.031 2.5819354789021e-07
2757.352 2.85076206261009e-07
2815.673 2.65973661476819e-07
2873.995 3.40556376075749e-07
2932.316 2.57961027557432e-07
2990.637 3.33334702057013e-07
3048.959 3.79203563913328e-07
3107.28 3.18988523961625e-07
3165.602 2.10640365393881e-07
3223.923 2.14148026677808e-07
3282.244 2.65144379173563e-07
3340.566 3.21147243637076e-07
3398.887 2.7552701903499e-07
3457.208 2.79086788404536e-07
3515.53 2.55013884408379e-07
3573.851 2.21223720964363e-07
3632.173 2.96799553893947e-07
3690.494 2.69406508555956e-07
3748.815 2.39797037323921e-07
3807.137 2.54286220928154e-07
3865.458 3.10102412824207e-07
3923.779 2.8348687603495e-07
3982.101 2.29082093518624e-07
4040.422 2.3595945422952e-07
4098.744 2.79099654387582e-07
4157.065 2.7691679228967e-07
4215.386 2.4922917639053e-07
4273.708 2.0749707980253e-07
4332.029 2.05154842209945e-07
4390.35 2.43026685437832e-07
4448.672 2.60350519426038e-07
4506.993 2.82062684566266e-07
4565.315 2.72220723281457e-07
4623.636 1.75672171975595e-07
4681.957 2.37322758207686e-07
4740.279 2.2867199154042e-07
4798.6 2.58415581573939e-07
4799.6 2.1550225631826e-07
4953.131 2.27771029378071e-07
5106.663 2.05368516404264e-07
5260.194 2.13210795147191e-07
5413.725 2.53313671026534e-07
5567.257 2.20755180168258e-07
5720.788 1.86997291122796e-07
5874.32 2.26254970220538e-07
6027.851 2.24132317722425e-07
6181.382 2.26344699047517e-07
6334.914 2.09832338119813e-07
6488.445 1.49880838033711e-07
6641.976 1.51579675398947e-07
6795.508 1.69490636955103e-07
6949.039 2.46395743149752e-07
7102.571 2.17785519860206e-07
7256.102 2.06864100530566e-07
7409.633 1.74520588707049e-07
7563.165 1.54115869517983e-07
7716.696 1.78924167401269e-07
7870.227 1.43504353748031e-07
8023.759 1.85998592315877e-07
8177.29 1.9100011130602e-07
8330.822 1.86166260987262e-07
8484.353 2.06918821017586e-07
8637.884 2.40358778861904e-07
8791.416 1.98230190542636e-07
8944.947 1.59271863900571e-07
9098.478 1.33379230735606e-07
9252.01 1.36185223881438e-07
9405.541 1.43797633893877e-07
9559.073 1.62761962063101e-07
9712.604 1.58828891400601e-07
9866.135 1.532023283186e-07
10019.667 1.9305511539013e-07
10173.198 1.92432482998126e-07
10326.729 1.68937039280206e-07
10480.261 1.88613491852643e-07
10633.792 1.6017576504893e-07
10787.324 1.47693219420891e-07
10940.855 1.49301052622311e-07
11094.386 1.41053230949087e-07
11247.918 1.35461428580131e-07
11401.449 1.25383998001324e-07
11554.98 1.31409725806011e-07
11708.512 1.45247785853638e-07
11862.043 1.49737135757161e-07
12015.575 1.55834731641999e-07
12169.106 1.7876639050562e-07
12322.637 2.02346929649428e-07
12476.169 1.83186200241398e-07
12629.7 1.57339225725894e-07
12630.7 1.38449479086445e-07
13034.822 1.47233656657407e-07
13438.943 1.95820200698083e-07
13843.065 2.10593372650989e-07
14247.186 1.74351056658986e-07
14651.308 1.40662303507838e-07
15055.429 9.83469884016887e-08
15459.551 5.53959997038053e-08
15863.673 6.52788461167383e-08
16267.794 1.09373126039577e-07
16671.916 1.13579022571413e-07
17076.037 1.20890366243417e-07
17480.159 1.11664938387397e-07
17884.28 1.0628783598029e-07
18288.402 1.20135885453723e-07
18692.524 1.16778470719891e-07
19096.645 1.19305820446429e-07
19500.767 9.97830976827894e-08
19904.888 7.72055068088592e-08
20309.01 9.16553462622749e-08
20713.131 1.06108238325242e-07
21117.253 1.19544528479912e-07
21521.375 1.34322937608999e-07
21925.496 1.27810323233313e-07
22329.618 1.17456071960591e-07
22733.739 9.0999810401025e-08
23137.861 9.5336374146912e-08
23541.982 7.98293423097046e-08
23946.104 8.99691722427744e-08
24350.225 1.02059531980898e-07
24754.347 9.88440581606902e-08
25158.469 9.36807057819015e-08
25562.59 9.89258757391002e-08
25966.712 1.07517734187688e-07
26370.833 1.0375111467566e-07
26774.955 1.06527166570615e-07
27179.076 1.11582555875583e-07
27583.198 1.03771343384031e-07
27987.32 1.05012151465509e-07
28391.441 1.18358747802264e-07
28795.563 1.29646084138045e-07
29199.684 1.16790847474276e-07
29603.806 8.03871915595712e-08
30007.927 7.46741661601179e-08
30412.049 9.09328924137493e-08
30816.171 9.28501854464271e-08
31220.292 8.16163389054177e-08
31624.414 9.76550854860488e-08
32028.535 1.0140846086406e-07
32432.657 8.50727466030849e-08
32836.778 8.23809726818323e-08
33240.9 7.39732049636698e-08
33241.9 7.86089203131044e-08
34305.559 7.69452182728206e-08
35369.218 7.5282074213476e-08
36432.876 1.04838964536748e-07
37496.535 1.19681094894587e-07
38560.194 1.20473527648226e-07
39623.853 7.08055230059711e-08
40687.512 5.82087635572626e-08
41751.171 8.02187347100383e-08
42814.829 8.42504445525126e-08
43878.488 8.20317901453918e-08
44942.147 1.00247658807487e-07
46005.806 9.73783239482478e-08
47069.465 9.46734982038189e-08
48133.124 8.35651213652562e-08
49196.782 8.30552087398334e-08
50260.441 9.1143888815518e-08
51324.1 6.8200654657973e-08
52387.759 6.3774136051328e-08
53451.418 6.78130399781716e-08
54515.076 7.1003818986294e-08
55578.735 6.89766307182215e-08
56642.394 7.1313842629913e-08
57706.053 6.7392148240485e-08
58769.712 6.73979115213394e-08
59833.371 6.82914604292769e-08
60897.029 6.25579979796948e-08
61960.688 5.68254194513652e-08
63024.347 6.20587588326781e-08
64088.006 6.56665406890853e-08
65151.665 5.74877406191677e-08
66215.324 5.69911287815806e-08
67278.982 6.1551371370413e-08
68342.641 6.26614936439214e-08
69406.3 6.19883393868016e-08
70469.959 6.78763597162606e-08
71533.618 7.31747141353159e-08
72597.276 6.64317656560557e-08
73660.935 6.60866945960774e-08
74724.594 7.92678773242024e-08
75788.253 7.98533901880121e-08
76851.912 7.12057883899673e-08
77915.571 7.48862992063575e-08
78979.229 7.34188241906938e-08
80042.888 5.92715419434782e-08
81106.547 4.98761214640563e-08
82170.206 4.88584088350562e-08
83233.865 7.91994874763871e-08
84297.524 8.26972613540352e-08
85361.182 7.66310602259006e-08
86424.841 6.71002109088071e-08
87488.5 5.47211307412228e-08
87489.5 5.85812107282403e-08
90289.039 6.05080732363377e-08
93088.578 5.91814695897491e-08
95888.118 5.71427971992971e-08
98687.657 5.60013117230257e-08
101487.196 5.33780151789358e-08
104286.735 5.20090448060643e-08
107086.275 4.93087719718865e-08
109885.814 4.97138504795404e-08
112685.353 5.31638535213128e-08
115484.892 5.37482946678785e-08
118284.431 5.90138897764721e-08
121083.971 5.43018061780564e-08
123883.51 4.49846584113117e-08
126683.049 3.82380146630444e-08
129482.588 4.4189438805193e-08
132282.127 5.39122340221243e-08
135081.667 4.74643186496541e-08
137881.206 4.86080755912893e-08
140680.745 5.21961533170252e-08
143480.284 5.43083524994968e-08
146279.824 5.18627740908303e-08
149079.363 5.25769900741712e-08
151878.902 6.0799445778534e-08
154678.441 6.10608544248121e-08
157477.98 6.11298288067642e-08
160277.52 6.30433358619569e-08
163077.059 6.35211673795114e-08
165876.598 6.42149416883104e-08
168676.137 5.88567073033498e-08
171475.676 5.75894720889287e-08
174275.216 6.37900739360231e-08
177074.755 7.25163140277083e-08
179874.294 7.54279364013096e-08
182673.833 6.32899794885138e-08
185473.373 5.72666420209741e-08
188272.912 5.4227886163486e-08
191072.451 5.20586240640953e-08
193871.99 5.82511707384418e-08
196671.529 6.41317941647207e-08
199471.069 6.65691606116263e-08
202270.608 7.0630905579254e-08
205070.147 7.23775831146088e-08
207869.686 7.10253200462701e-08
210669.225 6.0726705049618e-08
213468.765 5.60568843321273e-08
216268.304 5.61898267129522e-08
219067.843 5.73829443875303e-08
221867.382 5.86981243147206e-08
224666.922 6.17267942989623e-08
227466.461 5.89570017666189e-08
230266 5.2633164426389e-08
230267 4.15713268495402e-08
237635.294 1.18068143494583e-07
245003.588 2.85005684746616e-07
252371.882 3.23403813882845e-08
259740.176 3.84700058311459e-08
267108.471 4.439448184131e-08
274476.765 4.78982808604015e-08
281845.059 4.9068220558611e-08
289213.353 3.46281268641187e-08
296581.647 3.58335718509849e-08
303949.941 3.71195859450628e-08
311318.235 3.73280081945983e-08
318686.529 2.30150317215575e-08
326054.824 4.58677685838291e-08
333423.118 3.65468494259423e-08
340791.412 3.6872243699375e-08
348159.706 3.8047126711698e-08
355528 4.13027475092457e-08
362896.294 1.84429296089314e-08
370264.588 2.42279501671293e-08
377632.882 5.45991338501336e-08
385001.176 4.5903483130402e-08
392369.471 2.92212575760592e-08
399737.765 3.84833778283352e-08
407106.059 5.41546213275285e-08
414474.353 3.96457102036273e-08
421842.647 3.4878130030608e-08
429210.941 3.75013507314817e-08
436579.235 3.72369019140959e-08
443947.529 3.91568559974253e-08
451315.824 3.76433325395813e-08
458684.118 5.00626514018235e-08
466052.412 3.42312021768371e-08
473420.706 3.68259486162556e-08
480789 5.62799347022836e-08
488157.294 5.90940275763973e-08
495525.588 3.55464819133329e-08
502893.882 3.72174161739837e-08
510262.176 3.81905354590375e-08
517630.471 3.54174392268682e-08
524998.765 3.89040496403549e-08
532367.059 4.82448459185435e-08
539735.353 5.06826887182941e-08
547103.647 2.7414506789202e-08
554471.941 3.78363371561585e-08
561840.235 4.87595949952202e-08
569208.529 4.61209172005588e-08
576576.824 5.04880540800059e-08
583945.118 3.4014073975143e-08
591313.412 5.18566892843151e-08
598681.706 4.0609793600639e-08
606050 3.69433451129483e-08
606051 5.02818745196875e-08
625444.118 4.68391436078885e-08
644837.235 3.30853959214999e-08
664230.353 3.56776125246982e-08
683623.471 4.84526185272705e-08
703016.588 4.42829326366265e-08
722409.706 3.36347725429978e-08
741802.824 4.44673442141208e-08
761195.941 3.07695138220528e-08
780589.059 4.14703995997567e-08
799982.176 1.79051576961249e-08
819375.294 3.29885031939978e-08
838768.412 2.83684249984292e-08
858161.529 4.07717682889705e-08
877554.647 2.22177419521967e-08
896947.765 4.44595110453275e-08
916340.882 3.36128862525029e-08
935734 4.06382140648368e-08
955127.118 2.26332680951205e-08
974520.235 2.94658387146472e-08
993913.353 3.68832784416936e-08
1013306.471 3.92079119914399e-08
1032699.588 3.32398958578618e-08
1052092.706 3.75420735200934e-08
1071485.824 5.52275074615395e-08
1090878.941 2.83623671270929e-08
1110272.059 3.63591190726948e-08
1129665.176 4.23559531175784e-08
1149058.294 3.362056221514e-08
1168451.412 2.97302462025998e-08
1187844.529 2.69400003906143e-08
1207237.647 2.95643553426081e-08
1226630.765 1.59998057368082e-08
1246023.882 2.79768775105729e-08
1265417 3.79804299144349e-08
1284810.118 3.21840391928173e-08
1304203.235 4.35819542081031e-08
1323596.353 2.98990543889251e-08
1342989.471 1.92030657508326e-08
1362382.588 3.50121835048416e-08
1381775.706 3.69818400887638e-08
1401168.824 3.12547935039363e-08
1420561.941 3.03348537345938e-08
1439955.059 2.89878786160009e-08
1459348.176 3.96741694389233e-08
1478741.294 2.80988382364823e-08
1498134.412 3.73210036697715e-08
1517527.529 3.86509212765039e-08
1536920.647 3.62170967594436e-08
1556313.765 2.31121401000318e-08
1575706.882 2.88374439477635e-08
1595100 2.13660930609599e-08
1595100 3.23509007081658e-08
1646141.765 4.27307936086378e-08
1697183.529 4.14857119692503e-08
1748225.294 4.12025063914515e-08
1799267.059 2.65677177629826e-08
1850308.824 2.11872518361113e-08
1901350.588 2.94427367052368e-08
1952392.353 2.74352859517356e-08
2003434.118 3.45152786342208e-08
2054475.882 3.35976400602423e-08
2105517.647 4.04230543587382e-08
2156559.412 4.10795971139689e-08
2207601.176 1.53283968566351e-08
2258642.941 4.55823334928128e-08
2309684.706 4.787168625398e-08
2360726.471 3.66474945098406e-08
2411768.235 3.09518526335598e-08
2462810 1.62691628537427e-08
2513851.765 3.59958738100522e-08
2564893.529 4.00798653001042e-08
2615935.294 3.03262999979803e-08
2666977.059 3.01311765663739e-08
2718018.824 3.24621850145473e-08
2769060.588 3.28441351919639e-08
2820102.353 4.07886448965788e-08
2871144.118 2.26205362114164e-08
2922185.882 2.98750868649114e-08
2973227.647 2.84325891892121e-08
3024269.412 2.31707614873508e-08
3075311.176 3.02613810563497e-08
3126352.941 2.35972279943556e-08
3177394.706 4.1903299405838e-08
3228436.471 3.92842882902631e-08
3279478.235 3.66213498305565e-08
3330520 1.58741644816475e-08
3381561.765 2.39171399069788e-08
3432603.529 3.00316433145308e-08
3483645.294 2.77127703846584e-08
3534687.059 3.54207142869367e-08
3585728.824 3.13932601963081e-08
3636770.588 3.22354296939253e-08
3687812.353 1.96785494997548e-08
3738854.118 4.31838920305882e-08
3789895.882 3.22279752272711e-08
3840937.647 2.3717471467589e-08
3891979.412 2.88134583214997e-08
3943021.176 3.64293700649073e-08
3994062.941 4.20170367083639e-08
4045104.706 2.49509659185471e-08
4096146.471 3.55851901609096e-08
4147188.235 2.83317901165528e-08
4198230 3.06816480844576e-08
4198230 3.6357870674539e-08
4332570.588 4.15783676570161e-08
4466911.176 3.68627720098408e-08
4601251.765 2.08612884839959e-08
4735592.353 3.93208379205263e-08
4869932.941 2.65384160326422e-08
5004273.529 3.28109492459377e-08
5138614.118 3.42906326742844e-08
5272954.706 3.3960838451169e-08
5407295.294 3.19474503032214e-08
5541635.882 3.98503099618874e-08
5675976.471 3.62055715654483e-08
5810317.059 2.7891837215673e-08
5944657.647 2.6964933846329e-08
6078998.235 2.97680158475502e-08
6213338.824 2.28780098975064e-08
6347679.412 3.65160092528743e-08
6482020 2.75772081066811e-08
6616360.588 2.05961342479675e-08
6750701.176 3.12804422389838e-08
6885041.765 3.25583240888102e-08
7019382.353 3.29665758155545e-08
7153722.941 3.46329646206226e-08
7288063.529 4.04600202908167e-08
7422404.118 3.88234753181629e-08
7556744.706 3.25760607758213e-08
7691085.294 3.9993544620941e-08
7825425.882 3.76515497359524e-08
7959766.471 2.89510239259426e-08
8094107.059 2.49031502763165e-08
8228447.647 4.22854047600398e-08
8362788.235 3.20624529509316e-08
8497128.824 2.92519986552372e-08
8631469.412 2.92004824363383e-08
8765810 2.72449687319476e-08
8900150.588 2.34799986785285e-08
9034491.176 1.31750924721195e-08
9168831.765 2.57958841443049e-08
9303172.353 3.40398362760149e-08
9437512.941 3.1118880700708e-08
9571853.529 2.88439309756351e-08
9706194.118 3.5168123638467e-08
9840534.706 2.19182616849603e-08
9974875.294 3.10006205005013e-08
10109215.882 3.55388778590433e-08
10243556.471 3.4470902252613e-08
10377897.059 3.28250675689906e-08
10512237.647 3.58330013922083e-08
10646578.235 3.43363061148327e-08
10780918.824 1.72708731107289e-08
10915259.412 2.1452719283261e-08
11049600 2.74400762761331e-08
11049600 3.21683117530404e-08
11403174.51 3.3586087602564e-08
11756749.02 2.8702791032748e-08
12110323.529 3.97124411626797e-08
12463898.039 2.81159046873829e-08
12817472.549 3.221442649388e-08
13171047.059 5.07925717326934e-08
13524621.569 3.34078238608608e-08
13878196.078 2.71788691291452e-08
14231770.588 3.57994008196841e-08
14585345.098 3.29163777540118e-08
14938919.608 3.72367307342293e-08
15292494.118 2.40494623572004e-08
15646068.627 2.63811921868595e-09
15999643.137 2.86001748338153e-08
16353217.647 4.30674131243101e-08
16706792.157 2.87285553962099e-08
17060366.667 2.68640421780789e-08
17413941.176 1.95708770064093e-08
17767515.686 2.19774225197383e-08
18121090.196 2.86527485107886e-08
18474664.706 2.8568109453716e-08
18828239.216 2.92359016640859e-08
19181813.725 3.15453381773425e-08
19535388.235 1.73974371160812e-08
19888962.745 3.01229268041686e-08
20242537.255 3.54406158092759e-08
20596111.765 3.54269934686194e-08
20949686.275 1.58819302527117e-08
21303260.784 3.18976862991769e-08
21656835.294 3.98564187400925e-08
22010409.804 1.42996882780535e-08
22363984.314 2.67347410005184e-08
22717558.824 1.58560018900573e-08
23071133.333 3.11907198397873e-08
23424707.843 5.10304561415955e-08
23778282.353 2.32359759351205e-08
24131856.863 3.75630851056193e-08
24485431.373 1.98122364678196e-08
24839005.882 3.07625244843868e-08
25192580.392 3.58002703318397e-08
25546154.902 8.28657790687443e-09
25899729.412 2.41690408008924e-08
26253303.922 3.178337621631e-08
26606878.431 2.51740563934857e-08
26960452.941 3.44374012884727e-08
27314027.451 3.54597132473812e-08
27667601.961 4.76599810652082e-08
28021176.471 3.95625579980618e-08
28374750.98 4.73609437557657e-08
28728325.49 2.58192632295192e-08
29081900 3.29161880489418e-08
29081900 4.670061766876e-08
30012498.039 4.59486466071505e-08
30943096.078 5.09103531802717e-08
31873694.118 3.4478346184926e-08
32804292.157 4.1120345506468e-08
33734890.196 5.06581711188501e-08
34665488.235 5.2219331840824e-08
35596086.275 5.13947579333924e-08
36526684.314 5.129855981029e-08
37457282.353 3.69740718556382e-08
38387880.392 4.39675640534121e-08
39318478.431 3.97486670395273e-08
40249076.471 6.45374063254978e-08
41179674.51 4.71145823917818e-08
42110272.549 3.86704348726246e-08
43040870.588 4.1699438672481e-08
43971468.627 3.12459961869277e-08
44902066.667 5.27260029846678e-08
45832664.706 4.77047307408154e-08
46763262.745 3.88726953869062e-08
47693860.784 4.64946884720642e-08
48624458.824 3.85130528568887e-08
49555056.863 3.61183939053566e-08
50485654.902 4.04118635919206e-08
51416252.941 2.50101335040079e-08
52346850.98 1.70054547228588e-08
53277449.02 3.3322252842479e-08
54208047.059 5.29121236405958e-08
55138645.098 3.68832912648844e-08
56069243.137 5.64690513176908e-09
56999841.176 -0
57930439.216 2.18333264974328e-08
58861037.255 3.69017875167654e-08
59791635.294 2.61288759182097e-08
60722233.333 1.08230844742892e-08
61652831.373 1.11184980264198e-08
62583429.412 3.20475879193193e-08
63514027.451 -0
64444625.49 -0
65375223.529 -0
66305821.569 2.91396915366258e-08
67236419.608 -0
68167017.647 6.62129571761448e-09
69097615.686 -0
70028213.725 -0
70958811.765 -0
71889409.804 1.48834278643329e-08
72820007.843 -0
73750605.882 -0
74681203.922 -0
75611801.961 1.36482972874018e-08
76542400 -0
76542400 1.98391237845828e-08
78991686.275 1.05390920793729e-08
81440972.549 9.4707593921343e-09
83890258.824 7.24163659104764e-09
86339545.098 -0
88788831.373 -0
91238117.647 1.183473137775e-08
93687403.922 -0
96136690.196 -0
98585976.471 4.10114313789462e-09
101035262.745 4.54631444863859e-09
103484549.02 -0
105933835.294 -0
108383121.569 6.43642240801519e-09
110832407.843 -0
113281694.118 5.714710363413e-09
115730980.392 7.0452348557305e-09
118180266.667 1.11198044205096e-08
120629552.941 9.00550334295307e-09
123078839.216 2.85524206719851e-09
125528125.49 -0
127977411.765 8.9036413354481e-09
130426698.039 -0
132875984.314 -0
135325270.588 2.07486642271255e-09
137774556.863 7.23731154075877e-09
140223843.137 3.30982641673668e-09
142673129.412 6.7307822853941e-09
145122415.686 7.9746993769393e-09
147571701.961 3.85531474732025e-09
150020988.235 9.17415972285915e-09
152470274.51 5.90128330059276e-09
154919560.784 5.80745013957175e-09
157368847.059 3.75681772413302e-09
159818133.333 3.15229199814992e-09
162267419.608 6.62795520258699e-09
164716705.882 6.22104311032322e-09
167165992.157 -0
169615278.431 -0
172064564.706 -0
174513850.98 5.02765366529488e-09
176963137.255 -0
179412423.529 4.89686611313552e-09
181861709.804 5.64129859339497e-09
184310996.078 2.57579313427631e-09
186760282.353 1.60893485477349e-09
189209568.627 7.01474524702437e-09
191658854.902 -0
194108141.176 -0
196557427.451 -0
199006713.725 -0
201456000 -0
