101 3.36869299507628e-06
104.18 2.64621117316665e-06
107.361 3.18437047972892e-06
110.541 4.77093354657419e-06
113.721 5.09576762449663e-06
116.902 5.14453215446001e-06
120.082 4.50658456788371e-06
123.262 4.37308149315188e-06
126.443 4.79161007857839e-06
129.623 5.7659871378272e-06
132.803 4.84533475698676e-06
135.983 4.86080626787083e-06
139.164 5.24711025742873e-06
142.344 4.79924344073525e-06
145.524 4.24882848912085e-06
148.705 4.39562354703357e-06
151.885 3.72045142145681e-06
155.065 3.21909577317529e-06
158.246 3.50665561864478e-06
161.426 4.49144559175709e-06
164.606 4.46005807551385e-06
167.787 4.06208365073603e-06
170.967 3.81976540795937e-06
174.147 4.34322613848692e-06
177.328 4.15164512809004e-06
180.508 3.5635543292745e-06
183.688 3.90726255945665e-06
186.868 4.37156891427501e-06
190.049 4.9280350893463e-06
193.229 4.67853841021338e-06
196.409 4.43726196408792e-06
199.59 4.29671842538397e-06
202.77 4.30444371793864e-06
205.95 3.35757628047167e-06
209.131 3.99801210614781e-06
212.311 4.55024763084444e-06
215.491 4.53131395542145e-06
218.672 4.43587107479204e-06
221.852 3.92518462521094e-06
225.032 4.62298863156233e-06
228.213 4.64477018087993e-06
231.393 3.84778026196764e-06
234.573 2.07363111169349e-06
237.753 2.84911301395202e-06
240.934 3.19392272764762e-06
244.114 2.97257293674756e-06
247.294 2.59940815512776e-06
250.475 2.55969199623705e-06
253.655 3.54329141896173e-06
256.835 3.83967558551198e-06
260.016 3.47401049122834e-06
263.196 4.48684418935059e-06
264.196 3.81914537522237e-06
272.598 3.7394534355886e-06
281.001 3.39627709121221e-06
289.403 3.06068250407948e-06
297.806 3.16204579820886e-06
306.208 3.33427678683939e-06
314.611 3.35186796449707e-06
323.013 3.12343860979386e-06
331.415 2.97956178796409e-06
339.818 2.87708649494154e-06
348.22 2.80565720636569e-06
356.623 2.85265821549708e-06
365.025 3.00396987070716e-06
373.428 3.04214925595251e-06
381.83 3.0226701025798e-06
390.232 3.1290893359148e-06
398.635 3.23636189591816e-06
407.037 3.04093905167516e-06
415.44 2.6174363425366e-06
423.842 2.09394379303952e-06
432.245 2.13699219855707e-06
440.647 2.07349057083853e-06
449.049 1.93850531618982e-06
457.452 2.01281204700687e-06
465.854 2.32408103360654e-06
474.257 2.28881994659418e-06
482.659 2.07220444728096e-06
491.062 1.82858024393904e-06
499.464 1.85477684709167e-06
507.867 2.02743338181061e-06
516.269 2.12619068870419e-06
524.671 2.24020716146428e-06
533.074 2.30453978837967e-06
541.476 2.38445494119049e-06
549.879 2.42991580164358e-06
558.281 2.35352062581092e-06
566.684 2.2360977840658e-06
575.086 2.04410200885001e-06
583.488 2.15632495201628e-06
591.891 2.16539206147627e-06
600.293 2.00874863561049e-06
608.696 1.92053847329304e-06
617.098 1.65333327141074e-06
625.501 1.77285352855068e-06
633.903 1.9403885627621e-06
642.305 2.20261351391971e-06
650.708 2.09293152151345e-06
659.11 1.87024997646042e-06
667.513 1.65594798818923e-06
675.915 1.6223226880329e-06
684.318 1.80320969292105e-06
692.72 2.01340976250032e-06
693.72 2.09382207406126e-06
715.867 1.87041056407427e-06
738.014 1.83620841539136e-06
760.161 1.78881287254345e-06
782.307 2.15810725693482e-06
804.454 1.59746295700119e-06
826.601 1.47140476570407e-06
848.748 1.76860474479471e-06
870.895 1.64149072248618e-06
893.042 1.82511505639096e-06
915.189 1.64902860649306e-06
937.335 1.24305652379323e-06
959.482 1.47410033484141e-06
981.629 1.49087545472417e-06
1003.776 1.36491788293447e-06
1025.923 1.72806146832535e-06
1048.07 8.73569308311825e-07
1070.217 1.2727119365117e-06
1092.364 1.51336532199169e-06
1114.51 1.41735646719502e-06
1136.657 1.74883800348884e-06
1158.804 1.46174464651559e-06
1180.951 1.16225319032774e-06
1203.098 1.05998901095737e-06
1225.245 1.27425082196085e-06
1247.392 1.43686659977048e-06
1269.538 1.23507332813594e-06
1291.685 1.2713311343816e-06
1313.832 1.42414197754989e-06
1335.979 1.38631990802577e-06
1358.126 1.1597008911264e-06
1380.273 1.3177860926341e-06
1402.42 1.5953256551438e-06
1424.566 1.26085364386648e-06
1446.713 1.32649748709081e-06
1468.86 1.16561475649607e-06
1491.007 1.27223485990284e-06
1513.154 1.30125391364099e-06
1535.301 1.08411116414183e-06
1557.448 1.28265349121801e-06
1579.595 1.1096321678546e-06
1601.741 1.04254709998595e-06
1623.888 9.48041119071362e-07
1646.035 9.78919142152098e-07
1668.182 1.22806394396715e-06
1690.329 9.30602200971564e-07
1712.476 1.29595886242641e-06
1734.623 1.35723777790164e-06
1756.769 1.41606551528472e-06
1778.916 1.26675407228129e-06
1801.063 1.00523904051072e-06
1823.21 1.23086843105427e-06
1824.21 1.06162309586321e-06
1882.531 1.04433287498982e-06
1940.853 8.62495449046944e-07
1999.174 1.06226586565463e-06
2057.495 1.34775341499348e-06
2115.817 1.16118766890833e-06
2174.138 8.2092665554779e-07
2232.46 6.80477347440457e-07
2290.781 7.51572413200584e-07
2349.102 9.4486099633644e-07
2407.424 8.05219258387782e-07
2465.745 6.5041210509457e-07
2524.066 8.28810528539213e-07
2582.388 1.03445856577502e-06
2640.709 1.27851766044467e-06
2699.031 1.32146692682101e-06
2757.352 8.31478792952633e-07
2815.673 5.60253636752658e-07
2873.995 7.4081939317856e-07
2932.316 1.00575309618373e-06
2990.637 9.62702860672908e-07
3048.959 9.40255813677613e-07
3107.28 8.6760162534687e-07
3165.602 8.73784067637606e-07
3223.923 9.91781017961299e-07
3282.244 9.66541237126383e-07
3340.566 7.94133215001065e-07
3398.887 8.18286650719546e-07
3457.208 8.882408324755e-07
3515.53 8.75631953595778e-07
3573.851 8.15203790921846e-07
3632.173 9.4564643952923e-07
3690.494 1.01360544714406e-06
3748.815 1.01476494646673e-06
3807.137 9.61431223989655e-07
3865.458 9.99836188119222e-07
3923.779 9.048079578102e-07
3982.101 9.85778055577659e-07
4040.422 8.5202186909762e-07
4098.744 7.48156834997664e-07
4157.065 8.54950488432028e-07
4215.386 7.57254916814996e-07
4273.708 5.65016004636563e-07
4332.029 9.98863058390163e-07
4390.35 9.28026036866942e-07
4448.672 7.85572838335983e-07
4506.993 6.1144919603961e-07
4565.315 6.69498656027298e-07
4623.636 7.03676122121561e-07
4681.957 7.41891693961296e-07
4740.279 7.1937859371772e-07
4798.6 5.11300037226191e-07
4799.6 6.21210094951581e-07
4953.131 7.51937217640062e-07
5106.663 7.08556467851718e-07
5260.194 5.53820272480053e-07
5413.725 4.68027225912711e-07
5567.257 6.40827873200583e-07
5720.788 7.47621709902695e-07
5874.32 6.4307442660187e-07
6027.851 5.42985769551968e-07
6181.382 7.27209865446111e-07
6334.914 7.85335022320841e-07
6488.445 6.83416824476757e-07
6641.976 5.20994968265938e-07
6795.508 5.65457368196427e-07
6949.039 6.49323134352949e-07
7102.571 6.48543438017087e-07
7256.102 6.35877740321651e-07
7409.633 6.64832910958e-07
7563.165 6.1737753559857e-07
7716.696 6.35210054613358e-07
7870.227 6.27231430503351e-07
8023.759 6.07630349669684e-07
8177.29 6.07901254745619e-07
8330.822 5.58487742158957e-07
8484.353 5.68505765266374e-07
8637.884 5.60550301934579e-07
8791.416 5.69228943663916e-07
8944.947 6.13683527758773e-07
9098.478 5.45083981310052e-07
9252.01 4.85025975614899e-07
9405.541 5.87705595013339e-07
9559.073 6.66758579168425e-07
9712.604 6.23274137006934e-07
9866.135 5.97113638529791e-07
10019.667 4.68919687757528e-07
10173.198 5.31866524097988e-07
10326.729 5.72369573154479e-07
10480.261 4.83799273046061e-07
10633.792 4.65099145347288e-07
10787.324 3.55998746869174e-07
10940.855 4.14965341348019e-07
11094.386 3.78007559322396e-07
11247.918 4.9852393786362e-07
11401.449 5.92168719317202e-07
11554.98 5.47608293036679e-07
11708.512 5.25523407643891e-07
11862.043 5.36546953786025e-07
12015.575 4.69462405784121e-07
12169.106 4.56336163773973e-07
12322.637 4.27775944856524e-07
12476.169 4.01595988973376e-07
12629.7 4.62029773708232e-07
12630.7 3.21887536669952e-07
13034.822 3.58893881019564e-07
13438.943 3.79839344535209e-07
13843.065 3.92636157599287e-07
14247.186 3.93336984761288e-07
14651.308 5.09618309033425e-07
15055.429 4.94691127905133e-07
15459.551 4.01594824287338e-07
15863.673 3.83446462635724e-07
16267.794 3.8951964573903e-07
16671.916 3.94632257265496e-07
17076.037 4.06669282254784e-07
17480.159 4.08762445053799e-07
17884.28 3.80557889792067e-07
18288.402 3.96747671527652e-07
18692.524 3.80210866669882e-07
19096.645 3.28035222945612e-07
19500.767 3.56294849137983e-07
19904.888 3.9313824956839e-07
20309.01 4.39941489974803e-07
20713.131 4.40791098962114e-07
21117.253 3.62028204592648e-07
21521.375 3.22692428116424e-07
21925.496 3.07542700933016e-07
22329.618 3.14527507391264e-07
22733.739 3.26052788946012e-07
23137.861 3.85782897659121e-07
23541.982 3.68008764518021e-07
23946.104 2.79632789273679e-07
24350.225 2.81679104655546e-07
24754.347 2.9732791358797e-07
25158.469 3.52376311282141e-07
25562.59 3.73042983926612e-07
25966.712 3.49777649337694e-07
26370.833 3.46357683751405e-07
26774.955 3.70283393163617e-07
27179.076 3.61752952123628e-07
27583.198 3.54087970588283e-07
27987.32 3.65279810764142e-07
28391.441 2.86755221933013e-07
28795.563 3.39236669899581e-07
29199.684 4.03928946624973e-07
29603.806 4.06295910027836e-07
30007.927 3.37457571059307e-07
30412.049 3.15412656131465e-07
30816.171 3.57462068241369e-07
31220.292 3.94109593801645e-07
31624.414 3.33822194927664e-07
32028.535 3.1248682284722e-07
32432.657 2.5698869989912e-07
32836.778 2.39743263871337e-07
33240.9 2.38905847627298e-07
33241.9 4.07667285795188e-07
34305.559 4.21709934278782e-07
35369.218 4.093956082524e-07
36432.876 3.15687950574452e-07
37496.535 2.74006753437484e-07
38560.194 2.559723408138e-07
39623.853 2.32432316775932e-07
40687.512 1.93461680498702e-07
41751.171 1.75013684390843e-07
42814.829 2.24184176089058e-07
43878.488 2.47473267600633e-07
44942.147 2.7025633897123e-07
46005.806 3.07018177566113e-07
47069.465 3.37453558132685e-07
48133.124 3.09511418567987e-07
49196.782 2.77487072271903e-07
50260.441 2.37615535860748e-07
51324.1 2.33274472692861e-07
52387.759 2.5472016984536e-07
53451.418 2.66954359784327e-07
54515.076 2.16467555391026e-07
55578.735 2.12824302053384e-07
56642.394 2.16829812526801e-07
57706.053 2.02377947133568e-07
58769.712 1.88992702533717e-07
59833.371 2.04593574415092e-07
60897.029 2.3139665449297e-07
61960.688 2.45978214973358e-07
63024.347 2.38683717351032e-07
64088.006 2.39300018045967e-07
65151.665 2.46614078119513e-07
66215.324 2.42954745531408e-07
67278.982 2.00747963570134e-07
68342.641 1.54131177490578e-07
69406.3 1.6444408771898e-07
70469.959 1.84576352522406e-07
71533.618 2.26310067717078e-07
72597.276 2.40413359506819e-07
73660.935 2.46301518304833e-07
74724.594 2.20570602451165e-07
75788.253 1.86358999964709e-07
76851.912 1.85241663022338e-07
77915.571 2.03217578796914e-07
78979.229 1.97545171811133e-07
80042.888 1.86071550032733e-07
81106.547 1.97398833754629e-07
82170.206 2.1221037287317e-07
83233.865 2.22359727511702e-07
84297.524 2.10345587037322e-07
85361.182 1.90429397745734e-07
86424.841 2.02549781743911e-07
87488.5 2.12016740299065e-07
87489.5 2.15989139411569e-07
90289.039 2.02106710117527e-07
93088.578 1.74803460547982e-07
95888.118 1.58588869215308e-07
98687.657 1.44099358111469e-07
101487.196 1.61809654500297e-07
104286.735 1.92911107315609e-07
107086.275 1.96108881796099e-07
109885.814 1.66087557177545e-07
112685.353 1.59640585915562e-07
115484.892 1.76171337509769e-07
118284.431 2.05017749621231e-07
121083.971 2.03446306620038e-07
123883.51 1.94339917454968e-07
126683.049 1.75550019076152e-07
129482.588 1.6978701610469e-07
132282.127 1.44357281907729e-07
135081.667 1.36620598759413e-07
137881.206 1.0431854678209e-07
140680.745 9.87857222511811e-08
143480.284 9.79671745351023e-08
146279.824 1.00514122674776e-07
149079.363 1.23057776333137e-07
151878.902 1.36963045304578e-07
154678.441 1.46387097869943e-07
157477.98 1.56223104030216e-07
160277.52 1.49935633742664e-07
163077.059 1.17880363600635e-07
165876.598 1.20369204818747e-07
168676.137 1.39726988788852e-07
171475.676 1.55290817172441e-07
174275.216 1.64927000402493e-07
177074.755 1.56981797073957e-07
179874.294 1.52783312408166e-07
182673.833 1.27834927286718e-07
185473.373 1.20299804714989e-07
188272.912 1.21296834608154e-07
191072.451 1.21348049077634e-07
193871.99 1.07838207497645e-07
196671.529 8.31032408333905e-08
199471.069 8.27679332968946e-08
202270.608 1.08221283325832e-07
205070.147 1.10848554473001e-07
207869.686 1.21291920989495e-07
210669.225 1.04713980865976e-07
213468.765 1.1101183127651e-07
216268.304 1.38762183824295e-07
219067.843 1.41981200292003e-07
221867.382 1.24397014054032e-07
224666.922 1.29664248608933e-07
227466.461 1.25663230791618e-07
230266 1.11683667677996e-07
230267 1.08314524138455e-07
237635.294 5.35199953822681e-07
245003.588 3.15107793794679e-07
252371.882 1.14959787574341e-07
259740.176 1.24206192347892e-07
267108.471 1.08412346959449e-07
274476.765 1.28731452666118e-07
281845.059 1.07592262879075e-07
289213.353 8.96266011186634e-08
296581.647 8.22382395108334e-08
303949.941 1.33300230851113e-07
311318.235 9.94984550057557e-08
318686.529 9.89415518092657e-08
326054.824 9.84897096247273e-08
333423.118 1.01230702095489e-07
340791.412 1.14640028124742e-07
348159.706 1.35651117852727e-07
355528 1.10119266120955e-07
362896.294 8.00478223889445e-08
370264.588 9.2183059533123e-08
377632.882 8.79395747886439e-08
385001.176 9.17889555233401e-08
392369.471 1.0543459611315e-07
399737.765 8.94207617612303e-08
407106.059 7.83582668437256e-08
414474.353 9.28955219806149e-08
421842.647 8.10229814345319e-08
429210.941 1.0724692628909e-07
436579.235 1.10950861055916e-07
443947.529 1.11972528277073e-07
451315.824 6.19349223758075e-08
458684.118 1.02547740324614e-07
466052.412 9.04049440820374e-08
473420.706 1.08158890605442e-07
480789 1.03637651913566e-07
488157.294 9.91748393352966e-08
495525.588 1.00791508971341e-07
502893.882 1.00606666903586e-07
510262.176 6.66895197801244e-08
517630.471 1.08568721966279e-07
524998.765 6.55790828242093e-08
532367.059 8.61098288642586e-08
539735.353 6.70421418683801e-08
547103.647 8.69333245187276e-08
554471.941 8.34797811676456e-08
561840.235 9.42822184446039e-08
569208.529 9.99021880687786e-08
576576.824 8.37338636734428e-08
583945.118 9.34160415273817e-08
591313.412 9.43956437658942e-08
598681.706 1.38819039106583e-07
606050 1.13145347703096e-07
606051 8.92632360611153e-08
625444.118 6.47121383202193e-08
644837.235 8.57728206807961e-08
664230.353 8.17256493804307e-08
683623.471 7.90823140111106e-08
703016.588 6.78534375426094e-08
722409.706 8.59130405260034e-08
741802.824 5.97104251393071e-08
761195.941 5.93671897504548e-08
780589.059 6.29401146309728e-08
799982.176 6.84752780868249e-08
819375.294 6.68425581398558e-08
838768.412 7.89287284086346e-08
858161.529 9.81860320083687e-08
877554.647 6.43213674900643e-08
896947.765 6.52028790682474e-08
916340.882 7.90960390793622e-08
935734 9.81552938123355e-08
955127.118 4.94164134371e-08
974520.235 6.13636641154055e-08
993913.353 7.83630758074445e-08
1013306.471 7.46888299156547e-08
1032699.588 7.57892518634773e-08
1052092.706 7.90445112222727e-08
1071485.824 8.4962958693576e-08
1090878.941 5.68935192989456e-08
1110272.059 7.23597662293018e-08
1129665.176 6.82893180082068e-08
1149058.294 7.65739840979657e-08
1168451.412 5.00603260255584e-08
1187844.529 6.49291160744639e-08
1207237.647 6.7364350959699e-08
1226630.765 4.49067852666087e-08
1246023.882 8.25283179071675e-08
1265417 6.57466311177166e-08
1284810.118 6.93913398824212e-08
1304203.235 8.17827539286022e-08
1323596.353 5.84691297941777e-08
1342989.471 9.24484151258479e-08
1362382.588 4.21518899522904e-08
1381775.706 8.65440251678277e-08
1401168.824 7.16127877128568e-08
1420561.941 8.79541592138274e-08
1439955.059 9.73127436954565e-08
1459348.176 7.70676650558352e-08
1478741.294 6.01803893795412e-08
1498134.412 6.85298299081086e-08
1517527.529 7.71727343341053e-08
1536920.647 6.53382516695389e-08
1556313.765 7.59103414265751e-08
1575706.882 5.71012421723906e-08
1595100 5.96591327316908e-08
1595100 6.44759876440827e-08
1646141.765 8.10989236042699e-08
1697183.529 5.95958537137006e-08
1748225.294 6.21823491464419e-08
1799267.059 3.91274439796225e-08
1850308.824 5.54966425587278e-08
1901350.588 7.47169904298621e-08
1952392.353 5.87350866399838e-08
2003434.118 5.8981576715577e-08
2054475.882 5.11431860249721e-08
2105517.647 6.13799498461142e-08
2156559.412 4.41923096354366e-08
2207601.176 5.71211153989626e-08
2258642.941 5.76564854231083e-08
2309684.706 6.07074623019254e-08
2360726.471 6.5031426926912e-08
2411768.235 5.70097567852004e-08
2462810 5.39650028016075e-08
2513851.765 5.12037690686926e-08
2564893.529 6.40075167544445e-08
2615935.294 7.80131745385066e-08
2666977.059 7.79736237355203e-08
2718018.824 5.87586233564402e-08
2769060.588 8.00611546018136e-08
2820102.353 5.38267329393537e-08
2871144.118 6.06944019744778e-08
2922185.882 4.74174798145905e-08
2973227.647 6.54845905344296e-08
3024269.412 6.48972189412613e-08
3075311.176 5.04167948633459e-08
3126352.941 5.01408891398747e-08
3177394.706 4.49664875004319e-08
3228436.471 5.14215738078649e-08
3279478.235 7.60356965300904e-08
3330520 5.21703914825766e-08
3381561.765 6.22718857196504e-08
3432603.529 6.11931353539333e-08
3483645.294 5.07205256190006e-08
3534687.059 3.45724682619321e-08
3585728.824 5.71483553910128e-08
3636770.588 5.71108868882002e-08
3687812.353 7.2666835033564e-08
3738854.118 4.61973265899229e-08
3789895.882 4.31343362655646e-08
3840937.647 7.64192859477868e-08
3891979.412 5.51438813184564e-08
3943021.176 4.65207227803255e-08
3994062.941 4.59746483017119e-08
4045104.706 7.12345935340408e-08
4096146.471 7.00342291934394e-08
4147188.235 4.87620768992257e-08
4198230 4.48670288831342e-08
4198230 4.95527846373784e-08
4332570.588 5.9575603887688e-08
4466911.176 4.21317470623377e-08
4601251.765 4.17837694201804e-08
4735592.353 6.53405369946406e-08
4869932.941 6.03422462935712e-08
5004273.529 7.31709296497461e-08
5138614.118 5.78128820372804e-08
5272954.706 8.15361571236731e-08
5407295.294 5.55939343921475e-08
5541635.882 6.70478301919943e-08
5675976.471 2.27110663731142e-08
5810317.059 6.04246800640765e-08
5944657.647 5.75568744366544e-08
6078998.235 4.70478286306605e-08
6213338.824 6.33973464935087e-08
6347679.412 4.85728905549999e-08
6482020 5.97966834185509e-08
6616360.588 6.99367623033494e-08
6750701.176 5.97363164625582e-08
6885041.765 4.80478963428327e-08
7019382.353 7.54074664483193e-08
7153722.941 5.31424283289953e-08
7288063.529 5.17328967079237e-08
7422404.118 7.8132952782838e-08
7556744.706 4.03297660501273e-08
7691085.294 4.43270315084103e-08
7825425.882 5.71692265797256e-08
7959766.471 5.13554930996315e-08
8094107.059 4.93493757724523e-08
8228447.647 6.12648913469689e-08
8362788.235 6.95590893944451e-08
8497128.824 5.64528810809006e-08
8631469.412 4.14432679475388e-08
8765810 5.98018239965304e-08
8900150.588 5.87353546258393e-08
9034491.176 5.48358919292684e-08
9168831.765 6.01473283605282e-08
9303172.353 6.47532759892e-08
9437512.941 4.84658759945511e-08
9571853.529 5.40601788634148e-08
9706194.118 4.39313081517817e-08
9840534.706 4.84048728495334e-08
9974875.294 6.11232976704497e-08
10109215.882 5.4501724854719e-08
10243556.471 5.17344017712585e-08
10377897.059 3.96742737937319e-08
10512237.647 7.52951052115202e-08
10646578.235 5.04908171078653e-08
10780918.824 4.25956582033615e-08
10915259.412 6.8577649651557e-08
11049600 4.73964028959034e-08
11049600 5.49877377136694e-08
11403174.51 4.17577683947598e-08
11756749.02 5.13756381758203e-08
12110323.529 5.82560487041406e-08
12463898.039 5.30089875541799e-08
12817472.549 5.35034554226921e-08
13171047.059 4.50881591309514e-08
13524621.569 5.96545459837287e-08
13878196.078 5.09622883687958e-08
14231770.588 5.47129021082185e-08
14585345.098 5.0846385013041e-08
14938919.608 4.41182757918167e-08
15292494.118 4.60468243512406e-08
15646068.627 4.33234078767126e-08
15999643.137 7.34439157492437e-08
16353217.647 5.25624203856567e-08
16706792.157 4.35777290673562e-08
17060366.667 5.59369255244655e-08
17413941.176 6.46379136546099e-08
17767515.686 5.85534858283903e-08
18121090.196 5.79869099580173e-08
18474664.706 6.60561618731039e-08
18828239.216 6.71127136501095e-08
19181813.725 5.28245769174614e-08
19535388.235 5.75496542451264e-08
19888962.745 4.67109190169322e-08
20242537.255 7.11051279664695e-08
20596111.765 5.49689062150594e-08
20949686.275 4.57203264732952e-08
21303260.784 7.37886182797212e-08
21656835.294 5.62154103003438e-08
22010409.804 5.61904069483742e-08
22363984.314 5.23210362737742e-08
22717558.824 6.13021044722871e-08
23071133.333 6.99651887792629e-08
23424707.843 4.90555520115308e-08
23778282.353 6.98615476259723e-08
24131856.863 4.21856397801906e-08
24485431.373 7.91919095004029e-08
24839005.882 6.78371502180391e-08
25192580.392 5.56539704075675e-08
25546154.902 5.54849433430584e-08
25899729.412 6.93743015591278e-08
26253303.922 5.16891620282773e-08
26606878.431 4.9754989115545e-08
26960452.941 6.71892397255513e-08
27314027.451 6.69725521453162e-08
27667601.961 6.4508376983905e-08
28021176.471 6.32551645927785e-08
28374750.98 6.27797746670096e-08
28728325.49 6.50158451287346e-08
29081900 9.17345301358829e-08
29081900 5.81854380957083e-08
30012498.039 6.73496147145409e-08
30943096.078 7.43992050928577e-08
31873694.118 8.12128417665335e-08
32804292.157 4.35156053890785e-08
33734890.196 4.54377358166799e-08
34665488.235 9.27957380383776e-08
35596086.275 6.54334129579743e-08
36526684.314 7.45005703014997e-08
37457282.353 6.56914421161288e-08
38387880.392 5.20958239289782e-08
39318478.431 7.64555265883749e-08
40249076.471 8.81786362344378e-08
41179674.51 9.00876505123205e-08
42110272.549 6.4368543700146e-08
43040870.588 5.39416911098892e-08
43971468.627 7.42569489314933e-08
44902066.667 8.74623119390329e-08
45832664.706 9.15210138322478e-08
46763262.745 9.09362744872936e-08
47693860.784 7.80794533515182e-08
48624458.824 6.1807696500982e-08
49555056.863 7.94575934557818e-08
50485654.902 8.64475085602732e-08
51416252.941 4.7715918861445e-08
52346850.98 4.97146390822663e-08
53277449.02 4.91011929771161e-08
54208047.059 6.52636638516227e-08
55138645.098 6.67244450963813e-08
56069243.137 6.82663841791991e-08
56999841.176 3.34541687982754e-08
57930439.216 5.76239269801833e-08
58861037.255 5.73516549005999e-08
59791635.294 3.64366436527625e-08
60722233.333 5.08152226866054e-08
61652831.373 7.04315104208621e-08
62583429.412 4.36002711171674e-08
63514027.451 4.73676763479137e-08
64444625.49 4.33090371280637e-08
65375223.529 3.90184642774161e-08
66305821.569 3.04713505413331e-08
67236419.608 3.10802895491918e-08
68167017.647 2.90451272074405e-08
69097615.686 1.74141107325066e-08
70028213.725 3.56826511437701e-08
70958811.765 2.79789679731044e-08
71889409.804 1.77078739713157e-08
72820007.843 3.59334527341863e-08
73750605.882 3.0120461492932e-08
74681203.922 1.84855721544425e-08
75611801.961 2.77597436855962e-08
76542400 2.61439025830097e-08
76542400 2.44650730651024e-08
78991686.275 1.89310636116622e-08
81440972.549 2.0276581283678e-08
83890258.824 1.0131976256427e-08
86339545.098 2.15108963212415e-08
88788831.373 -0
91238117.647 1.08757035969909e-08
93687403.922 -0
96136690.196 4.45542681079378e-08
98585976.471 -0
101035262.745 -0
103484549.02 -0
105933835.294 1.65854215743827e-09
108383121.569 1.48511880064054e-08
110832407.843 1.843282017088e-08
113281694.118 8.7353070359261e-09
115730980.392 7.82860694142323e-09
118180266.667 1.26376885263089e-08
120629552.941 9.19112426435395e-09
123078839.216 1.15080388433781e-08
125528125.49 1.44077283009363e-08
127977411.765 1.11305796000774e-08
130426698.039 -0
132875984.314 1.1493042862628e-08
135325270.588 9.31865887254255e-09
137774556.863 9.31316319971786e-09
140223843.137 1.18949642499335e-09
142673129.412 8.62471365061496e-09
145122415.686 5.8028868439438e-09
147571701.961 6.02218463000704e-09
150020988.235 8.99270951150431e-09
152470274.51 4.56794777385206e-09
154919560.784 -0
157368847.059 9.83316539550592e-09
159818133.333 5.34031619517337e-09
162267419.608 -0
164716705.882 1.95760221250385e-09
167165992.157 2.0872738263812e-09
169615278.431 6.3532092226574e-09
172064564.706 -0
174513850.98 -0
176963137.255 -0
179412423.529 8.48283716611937e-09
181861709.804 -0
184310996.078 -0
186760282.353 6.22831880738093e-09
189209568.627 1.93589762335202e-09
191658854.902 7.49046127493301e-09
194108141.176 -0
196557427.451 -0
199006713.725 3.68578616112886e-09
201456000 2.26187670896713e-09
