vg	id_vd = 0V	ig_vd = 0V	is_vd = 0V	iavdd_vd = 0V	ignd_vd = 0V	id_vd = 0.15V	ig_vd = 0.15V	is_vd = 0.15V	iavdd_vd = 0.15V	ignd_vd = 0.15V	id_vd = 0.3V	ig_vd = 0.3V	is_vd = 0.3V	iavdd_vd = 0.3V	ignd_vd = 0.3V	id_vd = 0.45V	ig_vd = 0.45V	is_vd = 0.45V	iavdd_vd = 0.45V	ignd_vd = 0.45V	id_vd = 0.6V	ig_vd = 0.6V	is_vd = 0.6V	iavdd_vd = 0.6V	ignd_vd = 0.6V	id_vd = 0.75V	ig_vd = 0.75V	is_vd = 0.75V	iavdd_vd = 0.75V	ignd_vd = 0.75V	id_vd = 0.9V	ig_vd = 0.9V	is_vd = 0.9V	iavdd_vd = 0.9V	ignd_vd = 0.9V
-0.3	1.9492e-10	-2.0727e-10	-2.51e-12	3.2052e-07	-3.2046e-07	7.4846e-10	-5.0204e-10	-8.16e-12	3.1894e-07	-3.194e-07	1.7309e-09	-1.0149e-09	5.76e-12	3.189e-07	-3.1978e-07	3.6177e-09	-1.8942e-09	1.69e-12	3.2026e-07	-3.22e-07	6.8128e-09	-3.2778e-09	-9.9e-13	3.2022e-07	-3.238e-07	1.25218e-08	-5.305e-09	-7.33e-12	3.2014e-07	-3.2724e-07	2.31496e-08	-8.1448e-09	4.63e-12	3.202e-07	-3.3524e-07
-0.295	1.8602e-10	-1.9505e-10	-1.216e-11	3.2048e-07	-3.2046e-07	7.2936e-10	-4.8271e-10	-1.64e-12	3.1912e-07	-3.194e-07	1.7393e-09	-9.8695e-10	-3e-13	3.1906e-07	-3.198e-07	3.5994e-09	-1.8582e-09	5.5e-12	3.2026e-07	-3.2196e-07	6.8865e-09	-3.2145e-09	-9.5e-12	3.2018e-07	-3.2372e-07	1.25262e-08	-5.207e-09	2.18e-12	3.2012e-07	-3.274e-07	2.30152e-08	-8.0271e-09	-1.28e-12	3.2016e-07	-3.3498e-07
-0.29	1.8172e-10	-1.9662e-10	5.83e-12	3.2044e-07	-3.2046e-07	7.1559e-10	-4.7025e-10	-2.34e-12	3.1912e-07	-3.1928e-07	1.7172e-09	-9.6305e-10	1.54e-12	3.186e-07	-3.1912e-07	3.5568e-09	-1.8148e-09	-4.59e-12	3.2026e-07	-3.219e-07	6.789e-09	-3.1509e-09	-1.82e-12	3.202e-07	-3.2382e-07	1.23942e-08	-5.1357e-09	-9.3e-13	3.2026e-07	-3.2762e-07	2.2624e-08	-7.9045e-09	-5.01e-12	3.2014e-07	-3.3476e-07
-0.285	1.7534e-10	-1.8103e-10	3.82e-12	3.2046e-07	-3.2036e-07	7.0976e-10	-4.6149e-10	-5.2e-13	3.191e-07	-3.1936e-07	1.6763e-09	-9.3885e-10	-7.44e-12	3.1906e-07	-3.1972e-07	3.4987e-09	-1.7698e-09	-1.41e-12	3.2026e-07	-3.22e-07	6.6836e-09	-3.1008e-09	3.81e-12	3.202e-07	-3.2382e-07	1.22728e-08	-5.0427e-09	7.88e-12	3.2022e-07	-3.275e-07	2.23976e-08	-7.7865e-09	1.21e-12	3.201e-07	-3.347e-07
-0.28	1.6242e-10	-1.7265e-10	-3.82e-12	3.2044e-07	-3.2044e-07	6.9867e-10	-4.3963e-10	-2.29e-12	3.1918e-07	-3.1936e-07	1.6522e-09	-9.167e-10	-2.48e-12	3.19e-07	-3.1972e-07	3.4731e-09	-1.7416e-09	1.051e-11	3.2034e-07	-3.219e-07	6.7129e-09	-3.0319e-09	-9.03e-12	3.2022e-07	-3.2386e-07	1.22336e-08	-4.9659e-09	1.56e-12	3.2014e-07	-3.2746e-07	2.2082e-08	-7.6827e-09	-2.17e-12	3.202e-07	-3.3482e-07
-0.275	1.6058e-10	-1.6557e-10	1.8e-13	3.2046e-07	-3.2052e-07	6.7763e-10	-4.2987e-10	4.38e-12	3.1912e-07	-3.1932e-07	1.6464e-09	-8.9013e-10	1.12e-12	3.1904e-07	-3.1978e-07	3.3806e-09	-1.6993e-09	-1.47e-12	3.202e-07	-3.2192e-07	6.6339e-09	-2.985e-09	2e-14	3.2032e-07	-3.2388e-07	1.2071e-08	-4.8799e-09	3e-12	3.2022e-07	-3.2734e-07	2.16152e-08	-7.5607e-09	1.96e-12	3.2016e-07	-3.343e-07
-0.27	1.4865e-10	-1.5801e-10	3.2e-13	3.204e-07	-3.2042e-07	6.677e-10	-4.223e-10	8.82e-12	3.1908e-07	-3.1932e-07	1.6134e-09	-8.6848e-10	1.04e-12	3.1904e-07	-3.1972e-07	3.392e-09	-1.6608e-09	-8.03e-12	3.2022e-07	-3.2192e-07	6.5389e-09	-2.9249e-09	5.68e-12	3.2032e-07	-3.2394e-07	1.19012e-08	-4.7993e-09	5.4e-13	3.202e-07	-3.2724e-07	2.16518e-08	-7.4547e-09	-8.99e-12	3.202e-07	-3.3418e-07
-0.265	1.4771e-10	-1.5392e-10	-7.22e-12	3.2042e-07	-3.2036e-07	6.5807e-10	-4.0239e-10	-7.14e-12	3.192e-07	-3.1936e-07	1.5797e-09	-8.4891e-10	2.49e-12	3.19e-07	-3.1978e-07	3.3631e-09	-1.6254e-09	2.14e-12	3.2022e-07	-3.219e-07	6.4965e-09	-2.8712e-09	-3.02e-12	3.201e-07	-3.2378e-07	1.18402e-08	-4.7153e-09	-3.38e-12	3.204e-07	-3.2712e-07	2.1235e-08	-7.3393e-09	2.51e-12	3.2022e-07	-3.3418e-07
-0.26	1.3147e-10	-1.3379e-10	-3.87e-12	3.2042e-07	-3.2042e-07	6.5674e-10	-3.9388e-10	-1.7e-13	3.1908e-07	-3.194e-07	1.5796e-09	-8.235e-10	7e-14	3.19e-07	-3.1974e-07	3.2982e-09	-1.5948e-09	-2.29e-12	3.2016e-07	-3.219e-07	6.4641e-09	-2.8093e-09	-4.46e-12	3.2024e-07	-3.2382e-07	1.17628e-08	-4.6411e-09	-7e-14	3.2022e-07	-3.272e-07	2.11488e-08	-7.2288e-09	-1.222e-11	3.201e-07	-3.339e-07
-0.255	1.3739e-10	-1.3993e-10	8.91e-12	3.207e-07	-3.2068e-07	6.4334e-10	-3.8428e-10	7.8e-13	3.1842e-07	-3.187e-07	1.558e-09	-8.0608e-10	2.66e-12	3.1912e-07	-3.197e-07	3.3099e-09	-1.5535e-09	-2.61e-12	3.202e-07	-3.2196e-07	6.3839e-09	-2.764e-09	1.191e-11	3.202e-07	-3.2378e-07	1.15906e-08	-4.5622e-09	-1.17e-12	3.202e-07	-3.2712e-07	2.05864e-08	-7.1258e-09	1.03e-12	3.2022e-07	-3.3398e-07
-0.25	1.2192e-10	-1.2735e-10	3.9e-12	3.204e-07	-3.2036e-07	6.2141e-10	-3.7189e-10	-8.91e-12	3.191e-07	-3.1928e-07	1.5109e-09	-7.8302e-10	-3.26e-12	3.1894e-07	-3.1974e-07	3.2477e-09	-1.5229e-09	-2e-14	3.2028e-07	-3.2198e-07	6.2684e-09	-2.7118e-09	-2.45e-12	3.202e-07	-3.237e-07	1.15864e-08	-4.4931e-09	6.19e-12	3.2022e-07	-3.2722e-07	2.05182e-08	-7.0032e-09	-6.81e-12	3.2022e-07	-3.337e-07
-0.245	1.173e-10	-1.2062e-10	-7.93e-12	3.2034e-07	-3.2042e-07	6.0249e-10	-3.5658e-10	-2.88e-12	3.191e-07	-3.1938e-07	1.4981e-09	-7.6599e-10	1.22e-12	3.1894e-07	-3.197e-07	3.2383e-09	-1.4879e-09	2.18e-12	3.2014e-07	-3.2186e-07	6.2798e-09	-2.6537e-09	-9.88e-12	3.202e-07	-3.239e-07	1.13596e-08	-4.4125e-09	-1.33e-12	3.202e-07	-3.2722e-07	2.04436e-08	-6.9067e-09	9.11e-12	3.202e-07	-3.3354e-07
-0.24	1.1274e-10	-1.1592e-10	5.22e-12	3.2046e-07	-3.2032e-07	6.0704e-10	-3.4876e-10	5.78e-12	3.1918e-07	-3.1938e-07	1.5035e-09	-7.4492e-10	5.74e-12	3.1902e-07	-3.1976e-07	3.1459e-09	-1.4595e-09	1.47e-12	3.2022e-07	-3.2192e-07	6.2236e-09	-2.6071e-09	4.72e-12	3.2022e-07	-3.237e-07	1.13648e-08	-4.3417e-09	4.5e-13	3.202e-07	-3.2722e-07	2.01964e-08	-6.8055e-09	-1.2e-13	3.202e-07	-3.3368e-07
-0.235	1.0841e-10	-1.1065e-10	9.35e-12	3.2038e-07	-3.2044e-07	5.966e-10	-3.4285e-10	4.86e-12	3.191e-07	-3.1942e-07	1.4657e-09	-7.2481e-10	-4.72e-12	3.19e-07	-3.1978e-07	3.1452e-09	-1.4211e-09	8.2e-13	3.2024e-07	-3.2188e-07	6.1649e-09	-2.5571e-09	4.95e-12	3.2014e-07	-3.2378e-07	1.1352e-08	-4.262e-09	-6.48e-12	3.2022e-07	-3.2724e-07	2.00334e-08	-6.6997e-09	2.24e-12	3.2022e-07	-3.3348e-07
-0.23	1.0044e-10	-1.0467e-10	-9.93e-12	3.2044e-07	-3.2046e-07	5.8991e-10	-3.2447e-10	-7.5e-12	3.1912e-07	-3.1936e-07	1.4419e-09	-7.0681e-10	-5.26e-12	3.1894e-07	-3.1978e-07	3.0936e-09	-1.393e-09	3.42e-12	3.2026e-07	-3.219e-07	6.0691e-09	-2.5037e-09	1.25e-12	3.2018e-07	-3.2368e-07	1.13716e-08	-4.1995e-09	1.31e-12	3.2022e-07	-3.2718e-07	1.98106e-08	-6.6003e-09	-8.01e-12	3.202e-07	-3.3346e-07
-0.225	9.075e-11	-9.489e-11	-3.25e-12	3.204e-07	-3.2038e-07	5.7308e-10	-3.1885e-10	1.45e-12	3.191e-07	-3.1868e-07	1.4643e-09	-6.891e-10	7.06e-12	3.191e-07	-3.197e-07	3.0682e-09	-1.3605e-09	-4.2e-12	3.202e-07	-3.219e-07	6.0191e-09	-2.4581e-09	1.42e-12	3.2024e-07	-3.2376e-07	1.13064e-08	-4.1297e-09	-1.19e-11	3.2028e-07	-3.2708e-07	1.97664e-08	-6.5e-09	-3.14e-12	3.2022e-07	-3.3324e-07
-0.22	9.645e-11	-9.584e-11	4.85e-12	3.2046e-07	-3.204e-07	5.6527e-10	-3.1023e-10	4.47e-12	3.1914e-07	-3.1932e-07	1.4287e-09	-6.6936e-10	-5.43e-12	3.1894e-07	-3.1972e-07	3.034e-09	-1.3299e-09	2.95e-12	3.2018e-07	-3.2196e-07	5.9646e-09	-2.4096e-09	1.19e-12	3.2012e-07	-3.238e-07	1.11406e-08	-4.0534e-09	-1.617e-11	3.2014e-07	-3.2706e-07	1.9588e-08	-6.3998e-09	-1.79e-12	3.202e-07	-3.3316e-07
-0.215	8.376e-11	-8.855e-11	-2.02e-12	3.2036e-07	-3.2032e-07	5.5698e-10	-3.0101e-10	-5.16e-12	3.1912e-07	-3.1934e-07	1.4051e-09	-6.5404e-10	-4.64e-12	3.1894e-07	-3.1964e-07	3.0333e-09	-1.2991e-09	-2.68e-12	3.2024e-07	-3.219e-07	5.9745e-09	-2.3633e-09	-7.28e-12	3.2014e-07	-3.2376e-07	1.105e-08	-3.9775e-09	-1.32e-12	3.2014e-07	-3.2696e-07	1.94042e-08	-6.3068e-09	8.36e-12	3.2024e-07	-3.3324e-07
-0.21	7.952e-11	-8.008e-11	-1.01e-12	3.2038e-07	-3.2038e-07	5.5105e-10	-2.8431e-10	-5.82e-12	3.1918e-07	-3.194e-07	1.3813e-09	-6.352e-10	8.36e-12	3.1904e-07	-3.1972e-07	3.0072e-09	-1.2677e-09	-8.11e-12	3.2022e-07	-3.2192e-07	5.8946e-09	-2.3138e-09	-5.14e-12	3.2022e-07	-3.2376e-07	1.0944e-08	-3.9152e-09	2.042e-11	3.2022e-07	-3.2698e-07	1.93352e-08	-6.2113e-09	1.45e-12	3.2014e-07	-3.3284e-07
-0.205	7.538e-11	-7.868e-11	6.35e-12	3.2042e-07	-3.2046e-07	5.4421e-10	-2.8419e-10	7.11e-12	3.1912e-07	-3.193e-07	1.3551e-09	-6.208e-10	-2.3e-13	3.1896e-07	-3.197e-07	2.9736e-09	-1.2434e-09	1.69e-12	3.2022e-07	-3.2186e-07	5.8523e-09	-2.2707e-09	-5.85e-12	3.2016e-07	-3.237e-07	1.06524e-08	-3.8484e-09	1.369e-11	3.2016e-07	-3.2704e-07	1.89156e-08	-6.1128e-09	1.95e-12	3.2022e-07	-3.3314e-07
-0.2	7.557e-11	-7.685e-11	4.81e-12	3.2042e-07	-3.2042e-07	5.306e-10	-2.7278e-10	5.3e-13	3.192e-07	-3.1936e-07	1.3585e-09	-6.0165e-10	-4.15e-12	3.1896e-07	-3.1974e-07	2.9276e-09	-1.2103e-09	3.99e-12	3.2024e-07	-3.218e-07	5.7145e-09	-2.227e-09	-3.32e-12	3.2014e-07	-3.236e-07	1.0734e-08	-3.7808e-09	6.05e-12	3.202e-07	-3.2694e-07	1.88102e-08	-6.0199e-09	-4.08e-12	3.201e-07	-3.332e-07
-0.195	6.045e-11	-6.81e-11	-1.139e-11	3.204e-07	-3.2034e-07	5.2853e-10	-2.6065e-10	-1.244e-11	3.1914e-07	-3.194e-07	1.3482e-09	-5.8655e-10	5.1e-13	3.1904e-07	-3.198e-07	2.9069e-09	-1.1848e-09	-5.54e-12	3.202e-07	-3.2188e-07	5.7044e-09	-2.1796e-09	3.43e-12	3.2016e-07	-3.2364e-07	1.06256e-08	-3.7139e-09	-2.85e-12	3.2022e-07	-3.2702e-07	1.8835e-08	-5.9244e-09	-3.92e-12	3.202e-07	-3.3286e-07
-0.19	6.396e-11	-6.783e-11	-7.2e-12	3.204e-07	-3.2044e-07	5.1817e-10	-2.5302e-10	5.49e-12	3.1912e-07	-3.1934e-07	1.3333e-09	-5.7226e-10	6.38e-12	3.19e-07	-3.1906e-07	2.8999e-09	-1.1549e-09	5e-14	3.2026e-07	-3.2186e-07	5.6588e-09	-2.1369e-09	5.55e-12	3.2018e-07	-3.2368e-07	1.06212e-08	-3.652e-09	1.863e-11	3.2022e-07	-3.2706e-07	1.86556e-08	-5.8281e-09	-1.66e-12	3.201e-07	-3.3284e-07
-0.185	6.389e-11	-6.218e-11	8.32e-12	3.2038e-07	-3.2032e-07	5.2537e-10	-2.4873e-10	4.73e-12	3.191e-07	-3.1924e-07	1.2858e-09	-5.5391e-10	-3.48e-12	3.19e-07	-3.1966e-07	2.8738e-09	-1.1326e-09	9.52e-12	3.2022e-07	-3.2198e-07	5.6758e-09	-2.0949e-09	3.87e-12	3.202e-07	-3.2362e-07	1.0459e-08	-3.5855e-09	8.28e-12	3.2014e-07	-3.2696e-07	1.85216e-08	-5.7464e-09	-8.4e-13	3.202e-07	-3.33e-07
-0.18	5.435e-11	-6.011e-11	-2.95e-12	3.2038e-07	-3.2038e-07	5.0316e-10	-2.3485e-10	-7.53e-12	3.1908e-07	-3.1926e-07	1.2815e-09	-5.4067e-10	-5.73e-12	3.19e-07	-3.197e-07	2.8485e-09	-1.0995e-09	-5.39e-12	3.202e-07	-3.2188e-07	5.4874e-09	-2.05e-09	3.12e-12	3.202e-07	-3.237e-07	1.0403e-08	-3.5267e-09	1.4e-12	3.2022e-07	-3.2706e-07	1.8438e-08	-5.6557e-09	5.11e-12	3.2012e-07	-3.328e-07
-0.175	5.162e-11	-5.037e-11	-3.12e-12	3.204e-07	-3.2036e-07	4.9626e-10	-2.2908e-10	3.2e-13	3.19e-07	-3.1934e-07	1.2916e-09	-5.2664e-10	8.16e-12	3.1906e-07	-3.1972e-07	2.8007e-09	-1.0775e-09	-2.48e-12	3.2024e-07	-3.2198e-07	5.4521e-09	-2.0101e-09	4.68e-12	3.2028e-07	-3.2372e-07	1.03548e-08	-3.4628e-09	-1.228e-11	3.2018e-07	-3.269e-07	1.80068e-08	-5.5611e-09	3.82e-12	3.2016e-07	-3.328e-07
-0.17	4.968e-11	-5.606e-11	9.07e-12	3.2038e-07	-3.204e-07	4.9602e-10	-2.2169e-10	-1e-13	3.1908e-07	-3.1926e-07	1.2661e-09	-5.1115e-10	-1.3e-13	3.1898e-07	-3.1972e-07	2.7859e-09	-1.0515e-09	5.12e-12	3.2028e-07	-3.219e-07	5.461e-09	-1.9659e-09	-1.198e-11	3.202e-07	-3.2374e-07	1.01246e-08	-3.3945e-09	-4.39e-12	3.2016e-07	-3.2692e-07	1.81038e-08	-5.4776e-09	4.08e-12	3.2038e-07	-3.3292e-07
-0.165	5.033e-11	-4.947e-11	-7.4e-13	3.2034e-07	-3.2034e-07	4.82e-10	-2.104e-10	-5.7e-13	3.1906e-07	-3.1928e-07	1.2363e-09	-4.9301e-10	-8.75e-12	3.1884e-07	-3.1958e-07	2.7502e-09	-1.029e-09	-3.68e-12	3.2026e-07	-3.2196e-07	5.4531e-09	-1.9287e-09	-4.77e-12	3.2026e-07	-3.2372e-07	1.01748e-08	-3.3347e-09	-7.02e-12	3.2016e-07	-3.2694e-07	1.78892e-08	-5.3885e-09	-2.4e-12	3.2018e-07	-3.3242e-07
-0.16	3.483e-11	-4.067e-11	-7.84e-12	3.2036e-07	-3.2036e-07	4.6588e-10	-2.0672e-10	5.2e-13	3.1896e-07	-3.1852e-07	1.2418e-09	-4.8483e-10	3.31e-12	3.1906e-07	-3.197e-07	2.7158e-09	-1.0017e-09	6e-13	3.2024e-07	-3.2194e-07	5.3934e-09	-1.889e-09	4.39e-12	3.2028e-07	-3.2374e-07	1.0108e-08	-3.2782e-09	1.06e-12	3.202e-07	-3.27e-07	1.77682e-08	-5.3059e-09	-3.32e-12	3.2012e-07	-3.3258e-07
-0.155	4.403e-11	-4.787e-11	6e-14	3.2034e-07	-3.2036e-07	4.6868e-10	-1.9458e-10	-5.9e-12	3.1864e-07	-3.187e-07	1.2354e-09	-4.7376e-10	1.5e-12	3.1904e-07	-3.1978e-07	2.6732e-09	-9.7817e-10	-5.35e-12	3.2026e-07	-3.2198e-07	5.3797e-09	-1.8481e-09	-7.7e-12	3.202e-07	-3.2374e-07	1.00214e-08	-3.2223e-09	-1.449e-11	3.202e-07	-3.2676e-07	1.76872e-08	-5.2242e-09	-1.24e-12	3.2016e-07	-3.3236e-07
-0.15	3.885e-11	-3.54e-11	3.12e-12	3.2046e-07	-3.2042e-07	4.5654e-10	-1.8902e-10	2.53e-12	3.1906e-07	-3.193e-07	1.2236e-09	-4.5491e-10	-1.114e-11	3.1902e-07	-3.1978e-07	2.6579e-09	-9.5377e-10	4.39e-12	3.2022e-07	-3.2202e-07	5.3076e-09	-1.8101e-09	-1.89e-12	3.2018e-07	-3.2372e-07	9.9536e-09	-3.1641e-09	2.38e-12	3.201e-07	-3.269e-07	1.75206e-08	-5.1377e-09	4.32e-12	3.202e-07	-3.3264e-07
-0.145	3.491e-11	-4.194e-11	-6.47e-12	3.207e-07	-3.2064e-07	4.517e-10	-1.8071e-10	-1.46e-12	3.1908e-07	-3.1924e-07	1.2049e-09	-4.4224e-10	4.15e-12	3.1838e-07	-3.1972e-07	2.6308e-09	-9.3568e-10	2.28e-12	3.2026e-07	-3.219e-07	5.2741e-09	-1.773e-09	1.085e-11	3.2016e-07	-3.2376e-07	9.9008e-09	-3.1048e-09	-6.08e-12	3.202e-07	-3.2692e-07	1.74872e-08	-5.0597e-09	9.6e-13	3.2016e-07	-3.3226e-07
-0.14	2.799e-11	-2.961e-11	-4.16e-12	3.2036e-07	-3.2046e-07	4.4104e-10	-1.7647e-10	-1.71e-12	3.1902e-07	-3.193e-07	1.2039e-09	-4.3455e-10	1.037e-11	3.1902e-07	-3.198e-07	2.6246e-09	-9.0603e-10	-8.02e-12	3.202e-07	-3.219e-07	5.1515e-09	-1.7351e-09	5.4e-13	3.2018e-07	-3.237e-07	9.8666e-09	-3.0507e-09	-1.91e-12	3.2014e-07	-3.269e-07	1.74028e-08	-4.9712e-09	6.4e-12	3.2016e-07	-3.3242e-07
-0.135	3.564e-11	-3.492e-11	4.98e-12	3.2038e-07	-3.2042e-07	4.3777e-10	-1.6384e-10	8.6e-13	3.1912e-07	-3.1942e-07	1.1841e-09	-4.1683e-10	-3.86e-12	3.1902e-07	-3.1972e-07	2.5533e-09	-8.8653e-10	-1.9e-12	3.2048e-07	-3.221e-07	5.1266e-09	-1.6987e-09	-7.92e-12	3.2026e-07	-3.2366e-07	9.775e-09	-2.9927e-09	-3.38e-12	3.2016e-07	-3.2688e-07	1.70544e-08	-4.8905e-09	-5.23e-12	3.2014e-07	-3.3226e-07
-0.13	2.946e-11	-2.946e-11	-1.3e-13	3.2036e-07	-3.2042e-07	4.2946e-10	-1.5831e-10	-4e-14	3.191e-07	-3.1932e-07	1.1731e-09	-4.0924e-10	-3.17e-12	3.1906e-07	-3.1976e-07	2.6571e-09	-8.6423e-10	9e-12	3.2026e-07	-3.2198e-07	5.1615e-09	-1.6609e-09	4.33e-12	3.2026e-07	-3.2368e-07	9.5642e-09	-2.9363e-09	-4.99e-12	3.2024e-07	-3.2692e-07	1.70418e-08	-4.8158e-09	7.5e-13	3.202e-07	-3.3254e-07
-0.125	1.999e-11	-2.516e-11	-8.05e-12	3.2034e-07	-3.2034e-07	4.19e-10	-1.5524e-10	-9.2e-13	3.1906e-07	-3.1934e-07	1.1522e-09	-3.9508e-10	1.63e-12	3.1896e-07	-3.197e-07	2.5825e-09	-8.46e-10	-3.41e-12	3.2016e-07	-3.2194e-07	5.1508e-09	-1.6347e-09	-2.8e-13	3.2018e-07	-3.2366e-07	9.6052e-09	-2.8805e-09	6e-13	3.2018e-07	-3.2694e-07	1.69898e-08	-4.737e-09	7.2e-13	3.202e-07	-3.3242e-07
-0.12	2.685e-11	-2.953e-11	1.44e-12	3.2034e-07	-3.2036e-07	4.2127e-10	-1.4518e-10	-6.53e-12	3.1894e-07	-3.1874e-07	1.1407e-09	-3.8795e-10	3.18e-12	3.19e-07	-3.196e-07	2.5346e-09	-8.1628e-10	-8.82e-12	3.202e-07	-3.2202e-07	5.0678e-09	-1.5862e-09	-5.92e-12	3.2016e-07	-3.2376e-07	9.465e-09	-2.817e-09	9.47e-12	3.202e-07	-3.2698e-07	1.69698e-08	-4.6617e-09	5.22e-12	3.2022e-07	-3.3232e-07
-0.115	2.267e-11	-2.202e-11	6.35e-12	3.2036e-07	-3.2036e-07	4.0937e-10	-1.3605e-10	-3.13e-12	3.1896e-07	-3.1926e-07	1.1394e-09	-3.6989e-10	-7.87e-12	3.1898e-07	-3.1976e-07	2.5001e-09	-8.0368e-10	7.72e-12	3.202e-07	-3.2192e-07	5.1575e-09	-1.5559e-09	3e-13	3.2026e-07	-3.2374e-07	9.4316e-09	-2.7807e-09	1.99e-11	3.2022e-07	-3.2694e-07	1.67186e-08	-4.5867e-09	2.23e-12	3.202e-07	-3.3228e-07
-0.11	1.785e-11	-2.458e-11	-6.22e-12	3.2038e-07	-3.2036e-07	4.035e-10	-1.3448e-10	9.56e-12	3.1914e-07	-3.1938e-07	1.1369e-09	-3.6016e-10	3.31e-12	3.1846e-07	-3.1918e-07	2.5293e-09	-7.8129e-10	2.7e-12	3.2028e-07	-3.2196e-07	5.042e-09	-1.5303e-09	8.89e-12	3.202e-07	-3.237e-07	9.3717e-09	-2.7176e-09	-4.51e-12	3.2022e-07	-3.2676e-07	1.66714e-08	-4.5017e-09	-9.03e-12	3.2016e-07	-3.3244e-07
-0.105	1.51e-11	-1.825e-11	2.84e-12	3.2034e-07	-3.2034e-07	3.9558e-10	-1.3123e-10	3.87e-12	3.1906e-07	-3.1928e-07	1.1075e-09	-3.6093e-10	5.58e-12	3.1904e-07	-3.198e-07	2.5007e-09	-7.5853e-10	-1.118e-11	3.202e-07	-3.2196e-07	5.0328e-09	-1.4873e-09	1.5e-13	3.2026e-07	-3.2376e-07	9.2562e-09	-2.6693e-09	-1.162e-11	3.202e-07	-3.2692e-07	1.65946e-08	-4.4347e-09	-5.11e-12	3.202e-07	-3.323e-07
-0.1	2.041e-11	-2.003e-11	4.25e-12	3.2042e-07	-3.2036e-07	3.8762e-10	-1.1764e-10	-1.013e-11	3.1908e-07	-3.1932e-07	1.1105e-09	-3.3453e-10	-1.15e-11	3.19e-07	-3.1976e-07	2.4587e-09	-7.3979e-10	6e-13	3.2016e-07	-3.2192e-07	4.9839e-09	-1.4568e-09	-4.9e-12	3.2016e-07	-3.2374e-07	9.342e-09	-2.6191e-09	-7.3e-13	3.2022e-07	-3.2662e-07	1.65054e-08	-4.3584e-09	-5.69e-12	3.2016e-07	-3.3218e-07
-0.095	1.513e-11	-1.813e-11	-4.08e-12	3.2032e-07	-3.2036e-07	3.8694e-10	-1.1691e-10	2.97e-12	3.1908e-07	-3.1932e-07	1.115e-09	-3.3467e-10	3.9e-13	3.1894e-07	-3.1978e-07	2.4652e-09	-7.2514e-10	6.65e-12	3.2022e-07	-3.2188e-07	4.8785e-09	-1.4236e-09	7.51e-12	3.2022e-07	-3.237e-07	9.2477e-09	-2.5707e-09	-8.5e-13	3.201e-07	-3.2672e-07	1.63734e-08	-4.2885e-09	2.38e-12	3.202e-07	-3.3238e-07
-0.09	7.73e-12	-1.481e-11	-3.49e-12	3.2032e-07	-3.203e-07	3.7614e-10	-1.1111e-10	6.92e-12	3.1906e-07	-3.1928e-07	1.0805e-09	-3.2186e-10	9.01e-12	3.1844e-07	-3.197e-07	2.4159e-09	-7.0227e-10	-2.92e-12	3.2018e-07	-3.219e-07	4.895e-09	-1.3957e-09	-3.01e-12	3.202e-07	-3.2368e-07	9.1255e-09	-2.5235e-09	-4.78e-12	3.2016e-07	-3.27e-07	1.61692e-08	-4.2162e-09	1.6e-13	3.202e-07	-3.3218e-07
-0.085	1.717e-11	-1.562e-11	-6.1e-13	3.204e-07	-3.204e-07	3.6663e-10	-1.0193e-10	-3.06e-12	3.1902e-07	-3.1932e-07	1.0817e-09	-3.1444e-10	-1.89e-12	3.1896e-07	-3.197e-07	2.413e-09	-6.7883e-10	3.49e-12	3.2026e-07	-3.2204e-07	4.8746e-09	-1.359e-09	-1.31e-12	3.2028e-07	-3.2364e-07	9.1307e-09	-2.4689e-09	-6.2e-13	3.2016e-07	-3.2684e-07	1.63896e-08	-4.1503e-09	2.6e-13	3.2026e-07	-3.3208e-07
-0.08	1.412e-11	-1.345e-11	5.04e-12	3.2036e-07	-3.2038e-07	3.6885e-10	-9.326e-11	3.24e-12	3.1916e-07	-3.193e-07	1.0615e-09	-2.9919e-10	-1.017e-11	3.19e-07	-3.1982e-07	2.3817e-09	-6.7243e-10	8.07e-12	3.2022e-07	-3.2184e-07	4.8266e-09	-1.3315e-09	1.87e-12	3.2022e-07	-3.2368e-07	9.0531e-09	-2.4314e-09	1.209e-11	3.2014e-07	-3.2676e-07	1.61066e-08	-4.0719e-09	-6.64e-12	3.2016e-07	-3.3218e-07
-0.075	5.67e-12	-1.099e-11	-7.12e-12	3.2034e-07	-3.2032e-07	3.6004e-10	-9.685e-11	6.62e-12	3.1904e-07	-3.1932e-07	1.0607e-09	-2.9282e-10	-8e-14	3.1908e-07	-3.1982e-07	2.3636e-09	-6.4811e-10	-2.14e-12	3.2026e-07	-3.2184e-07	4.757e-09	-1.3062e-09	-2.17e-12	3.202e-07	-3.2372e-07	8.9967e-09	-2.3758e-09	-1.05e-12	3.2018e-07	-3.2672e-07	1.60024e-08	-4.0088e-09	-3.34e-12	3.2022e-07	-3.3196e-07
-0.07	8.57e-12	-1.315e-11	-3e-13	3.204e-07	-3.2036e-07	3.6352e-10	-8.997e-11	-3.8e-12	3.191e-07	-3.1932e-07	1.0639e-09	-2.8838e-10	2.5e-12	3.1906e-07	-3.1972e-07	2.3549e-09	-6.3165e-10	-9.22e-12	3.2024e-07	-3.2186e-07	4.7563e-09	-1.2701e-09	2.4e-12	3.2028e-07	-3.2372e-07	8.7128e-09	-2.3242e-09	-3.96e-12	3.2018e-07	-3.2684e-07	1.56954e-08	-3.9325e-09	-9.9e-12	3.204e-07	-3.3212e-07
-0.065	1.101e-11	-7.25e-12	2.78e-12	3.2042e-07	-3.2034e-07	3.4483e-10	-8.153e-11	-1.104e-11	3.1904e-07	-3.194e-07	1.053e-09	-2.7212e-10	-7.69e-12	3.1888e-07	-3.1968e-07	2.34e-09	-6.1422e-10	8.1e-13	3.2026e-07	-3.2192e-07	4.7502e-09	-1.2407e-09	3.09e-12	3.2028e-07	-3.237e-07	8.9126e-09	-2.285e-09	3.42e-12	3.2018e-07	-3.2668e-07	1.56022e-08	-3.8697e-09	7.61e-12	3.202e-07	-3.3206e-07
-0.06	6.16e-12	-1.064e-11	-4.55e-12	3.2034e-07	-3.2036e-07	3.4433e-10	-7.847e-11	1.61e-12	3.1904e-07	-3.1926e-07	1.0282e-09	-2.6421e-10	5.1e-13	3.19e-07	-3.1976e-07	2.3224e-09	-6.026e-10	1.9e-13	3.2022e-07	-3.2198e-07	4.6213e-09	-1.217e-09	-3.99e-12	3.2018e-07	-3.2368e-07	8.9079e-09	-2.2439e-09	-8.61e-12	3.2012e-07	-3.268e-07	1.56034e-08	-3.8049e-09	5.9e-13	3.202e-07	-3.3202e-07
-0.055	2.45e-12	-7.78e-12	-1.25e-12	3.2034e-07	-3.2028e-07	3.4462e-10	-7.679e-11	8.95e-12	3.1912e-07	-3.193e-07	1.0279e-09	-2.5993e-10	5.51e-12	3.1908e-07	-3.1974e-07	2.3186e-09	-5.8163e-10	-3.62e-12	3.2022e-07	-3.2196e-07	4.7003e-09	-1.1855e-09	-3.88e-12	3.2026e-07	-3.2376e-07	8.8405e-09	-2.1942e-09	-7.55e-12	3.2022e-07	-3.268e-07	1.56426e-08	-3.742e-09	1.505e-11	3.2028e-07	-3.3218e-07
-0.05	8.16e-12	-7.39e-12	3.1e-12	3.204e-07	-3.2034e-07	3.3352e-10	-6.877e-11	-5.05e-12	3.1904e-07	-3.1924e-07	1.0312e-09	-2.5137e-10	-2.05e-12	3.1906e-07	-3.1978e-07	2.3036e-09	-5.6397e-10	4.89e-12	3.2028e-07	-3.2198e-07	4.6643e-09	-1.1612e-09	2.18e-12	3.2032e-07	-3.2372e-07	8.6275e-09	-2.1543e-09	4.77e-12	3.202e-07	-3.2674e-07	1.5507e-08	-3.6644e-09	-2.06e-12	3.202e-07	-3.3218e-07
-0.045	7.08e-12	-6.84e-12	9.5e-13	3.2038e-07	-3.2036e-07	3.3715e-10	-6.652e-11	-4.39e-12	3.1906e-07	-3.1922e-07	1.0124e-09	-2.4006e-10	-9.78e-12	3.1898e-07	-3.1972e-07	2.3028e-09	-5.5654e-10	6.27e-12	3.2016e-07	-3.2194e-07	4.637e-09	-1.1314e-09	-6.95e-12	3.2026e-07	-3.236e-07	8.7052e-09	-2.1094e-09	5.27e-12	3.2016e-07	-3.2666e-07	1.52524e-08	-3.6142e-09	4.97e-12	3.2024e-07	-3.3172e-07
-0.04	-2.99e-12	-4.46e-12	-4.98e-12	3.2034e-07	-3.203e-07	3.3724e-10	-6.138e-11	6.88e-12	3.1908e-07	-3.193e-07	1.0134e-09	-2.3464e-10	7.57e-12	3.1916e-07	-3.1982e-07	2.2554e-09	-5.3472e-10	-1.81e-12	3.2016e-07	-3.219e-07	4.5671e-09	-1.104e-09	-1.14e-12	3.2028e-07	-3.2372e-07	8.593e-09	-2.0654e-09	5.39e-12	3.2018e-07	-3.267e-07	1.53858e-08	-3.5414e-09	-8.36e-12	3.2016e-07	-3.3182e-07
-0.035	4.97e-12	-7.34e-12	2.1e-13	3.2032e-07	-3.2032e-07	3.3466e-10	-5.921e-11	-1.85e-12	3.1908e-07	-3.1934e-07	1.0083e-09	-2.2954e-10	3.35e-12	3.1906e-07	-3.1982e-07	2.2497e-09	-5.1936e-10	-4.63e-12	3.2026e-07	-3.219e-07	4.5065e-09	-1.0857e-09	4.72e-12	3.2028e-07	-3.237e-07	8.6439e-09	-2.0203e-09	7.15e-12	3.2018e-07	-3.267e-07	1.51178e-08	-3.4876e-09	2.95e-12	3.202e-07	-3.3214e-07
-0.03	5.53e-12	-2.1e-13	2.63e-12	3.2042e-07	-3.2038e-07	3.2066e-10	-5.845e-11	-1.97e-12	3.1912e-07	-3.1934e-07	1.0022e-09	-2.1613e-10	-1.057e-11	3.1914e-07	-3.1994e-07	2.2201e-09	-5.0783e-10	-4.7e-13	3.2022e-07	-3.2186e-07	4.4975e-09	-1.0498e-09	-6.6e-13	3.2026e-07	-3.2374e-07	8.5606e-09	-1.9831e-09	-6.26e-12	3.2016e-07	-3.2686e-07	1.50228e-08	-3.4212e-09	-3.63e-12	3.2022e-07	-3.3146e-07
-0.025	-2.43e-12	-6.14e-12	2.3e-13	3.2036e-07	-3.203e-07	3.2012e-10	-5.079e-11	-1.44e-12	3.191e-07	-3.1924e-07	1.0138e-09	-2.1039e-10	-4.78e-12	3.1908e-07	-3.1988e-07	2.2075e-09	-4.9675e-10	-7.97e-12	3.202e-07	-3.2186e-07	4.5414e-09	-1.0353e-09	-4.8e-12	3.2016e-07	-3.237e-07	8.5368e-09	-1.9439e-09	-4.78e-12	3.2016e-07	-3.2682e-07	1.5051e-08	-3.3609e-09	6.13e-12	3.2022e-07	-3.3194e-07
-0.02	-2.1e-12	-2.94e-12	-2.9e-12	3.2032e-07	-3.2028e-07	3.3078e-10	-5.202e-11	3e-13	3.1906e-07	-3.1934e-07	9.906e-10	-2.0294e-10	-3.69e-12	3.1912e-07	-3.1982e-07	2.1953e-09	-4.7722e-10	-2.12e-12	3.2026e-07	-3.2186e-07	4.4495e-09	-1.0024e-09	3.97e-12	3.2102e-07	-3.2452e-07	8.5692e-09	-1.9005e-09	-1.17e-12	3.202e-07	-3.2662e-07	1.50448e-08	-3.2995e-09	-2.55e-12	3.202e-07	-3.319e-07
-0.015	1.77e-12	1e-14	4.4e-13	3.204e-07	-3.2034e-07	3.1272e-10	-4.069e-11	5.09e-12	3.1902e-07	-3.1924e-07	9.944e-10	-2.0069e-10	1.06e-11	3.191e-07	-3.1984e-07	2.1918e-09	-4.6759e-10	5.07e-12	3.2028e-07	-3.2198e-07	4.5079e-09	-9.7876e-10	-5.39e-12	3.2028e-07	-3.238e-07	8.377e-09	-1.8633e-09	-4.26e-12	3.2022e-07	-3.267e-07	1.4749e-08	-3.2396e-09	4.27e-12	3.2024e-07	-3.3176e-07
-0.01	5.2e-13	-2.82e-12	3.72e-12	3.2038e-07	-3.2034e-07	3.2569e-10	-4.848e-11	3.2e-12	3.1902e-07	-3.1922e-07	9.7878e-10	-1.8648e-10	-5.8e-13	3.1912e-07	-3.1994e-07	2.2044e-09	-4.5366e-10	5.22e-12	3.2026e-07	-3.2202e-07	4.5201e-09	-9.5441e-10	-1.066e-11	3.2022e-07	-3.2372e-07	8.4287e-09	-1.8233e-09	1.5e-12	3.2008e-07	-3.2684e-07	1.49576e-08	-3.177e-09	-8.1e-12	3.202e-07	-3.3194e-07
-0.005	-6.51e-12	7.9e-13	-3.75e-12	3.203e-07	-3.2028e-07	3.1307e-10	-3.549e-11	-4.3e-13	3.1912e-07	-3.1932e-07	9.8018e-10	-1.8407e-10	2.4e-13	3.1906e-07	-3.1982e-07	2.186e-09	-4.3977e-10	6.52e-12	3.2026e-07	-3.2194e-07	4.3622e-09	-9.3477e-10	8.9e-12	3.2022e-07	-3.2368e-07	8.2515e-09	-1.7874e-09	4.08e-12	3.2018e-07	-3.2658e-07	1.46608e-08	-3.1253e-09	-2.81e-12	3.2026e-07	-3.3178e-07
0	4.1e-13	-7.6e-13	1.22e-12	3.204e-07	-3.2028e-07	3.1957e-10	-3.874e-11	1.44e-12	3.1896e-07	-3.1934e-07	9.6583e-10	-1.7512e-10	-5.05e-12	3.1904e-07	-3.1978e-07	2.1587e-09	-4.2718e-10	-5.3e-13	3.2032e-07	-3.22e-07	4.4067e-09	-9.1138e-10	4.76e-12	3.2022e-07	-3.237e-07	8.2424e-09	-1.7495e-09	3.37e-12	3.2014e-07	-3.2668e-07	1.46342e-08	-3.0702e-09	-3.66e-12	3.2022e-07	-3.319e-07
0.005	-6.1e-13	9.5e-13	2.94e-12	3.204e-07	-3.2038e-07	3.1341e-10	-3.891e-11	-5.97e-12	3.1878e-07	-3.1934e-07	9.5798e-10	-1.7007e-10	1.57e-12	3.1916e-07	-3.1992e-07	2.1593e-09	-4.1529e-10	-5.93e-12	3.2028e-07	-3.2194e-07	4.3974e-09	-8.8782e-10	-1.044e-11	3.2012e-07	-3.2368e-07	8.2772e-09	-1.7099e-09	-8.13e-12	3.2014e-07	-3.2656e-07	1.4593e-08	-3.0111e-09	1.51e-12	3.2028e-07	-3.3184e-07
0.01	-6.67e-12	1.77e-12	-4.55e-12	3.204e-07	-3.2036e-07	3.0515e-10	-3.383e-11	-4.17e-12	3.1914e-07	-3.1924e-07	9.5431e-10	-1.6076e-10	4.19e-12	3.1908e-07	-3.1984e-07	2.1362e-09	-4.0633e-10	-9.84e-12	3.2026e-07	-3.22e-07	4.2849e-09	-8.6164e-10	3.69e-12	3.2028e-07	-3.237e-07	8.189e-09	-1.6746e-09	4.22e-12	3.202e-07	-3.2664e-07	1.4615e-08	-2.961e-09	2.59e-12	3.2022e-07	-3.3138e-07
0.015	-4.77e-12	-1.85e-12	1.29e-12	3.2034e-07	-3.2038e-07	3.0779e-10	-3.061e-11	3.46e-12	3.1906e-07	-3.1928e-07	9.5069e-10	-1.5748e-10	-5.64e-12	3.1906e-07	-3.1982e-07	2.1494e-09	-3.9011e-10	1.64e-12	3.202e-07	-3.2194e-07	4.3597e-09	-8.529e-10	4.42e-12	3.2024e-07	-3.2362e-07	8.1734e-09	-1.6458e-09	4.24e-12	3.2012e-07	-3.2648e-07	1.45086e-08	-2.9031e-09	6.4e-13	3.2022e-07	-3.3176e-07
0.02	-2.29e-12	6.62e-12	-1.08e-12	3.204e-07	-3.2036e-07	3.0027e-10	-2.694e-11	2.74e-12	3.1904e-07	-3.1926e-07	9.4895e-10	-1.4929e-10	2.64e-12	3.1908e-07	-3.1986e-07	2.0988e-09	-3.8032e-10	7.8e-13	3.2024e-07	-3.2192e-07	4.3303e-09	-8.2139e-10	-5.13e-12	3.2022e-07	-3.2398e-07	8.1181e-09	-1.6003e-09	-1.292e-11	3.2012e-07	-3.265e-07	1.44186e-08	-2.844e-09	1.19e-12	3.2016e-07	-3.3158e-07
0.025	-3.58e-12	9.3e-13	9.5e-13	3.204e-07	-3.2036e-07	2.976e-10	-2.993e-11	3.34e-12	3.1908e-07	-3.1932e-07	9.4881e-10	-1.4173e-10	5.91e-12	3.1908e-07	-3.1988e-07	2.1117e-09	-3.6877e-10	2e-14	3.2024e-07	-3.2194e-07	4.2747e-09	-7.9829e-10	2.32e-12	3.204e-07	-3.2374e-07	8.0925e-09	-1.5718e-09	9.4e-13	3.2022e-07	-3.2666e-07	1.42058e-08	-2.7951e-09	-3.96e-12	3.2014e-07	-3.3182e-07
0.03	-1.395e-11	5.42e-12	-3.4e-13	3.2026e-07	-3.203e-07	2.9401e-10	-1.838e-11	2.82e-12	3.191e-07	-3.1936e-07	9.2261e-10	-1.3718e-10	2.9e-13	3.1914e-07	-3.199e-07	2.1142e-09	-3.5935e-10	8.63e-12	3.203e-07	-3.2194e-07	4.2739e-09	-7.8573e-10	8.46e-12	3.2026e-07	-3.2364e-07	8.0298e-09	-1.5392e-09	8.86e-12	3.2014e-07	-3.2668e-07	1.41198e-08	-2.7429e-09	1.3e-12	3.2014e-07	-3.3148e-07
0.035	-1.41e-12	4.87e-12	-2.15e-12	3.2036e-07	-3.2032e-07	2.9259e-10	-2.294e-11	-1.5e-13	3.1906e-07	-3.1926e-07	9.0561e-10	-1.3306e-10	6.9e-13	3.1912e-07	-3.199e-07	2.069e-09	-3.4749e-10	3.79e-12	3.2022e-07	-3.2196e-07	4.2331e-09	-7.6122e-10	-1.97e-12	3.202e-07	-3.2356e-07	8.0546e-09	-1.499e-09	-4.09e-12	3.2014e-07	-3.267e-07	1.42106e-08	-2.6908e-09	8.9e-13	3.2016e-07	-3.3148e-07
0.04	-7.05e-12	6.25e-12	3.17e-12	3.2038e-07	-3.2036e-07	2.8068e-10	-2.168e-11	-2.04e-12	3.1904e-07	-3.193e-07	9.2304e-10	-1.2572e-10	7.9e-13	3.1906e-07	-3.199e-07	2.1001e-09	-3.3732e-10	-8.6e-13	3.2018e-07	-3.2186e-07	4.2112e-09	-7.4316e-10	-8.2e-12	3.202e-07	-3.2376e-07	8.029e-09	-1.4699e-09	-3.1e-13	3.202e-07	-3.2678e-07	1.42552e-08	-2.645e-09	4.97e-12	3.2014e-07	-3.3164e-07
0.045	-1.099e-11	4.69e-12	-9.4e-13	3.2034e-07	-3.2024e-07	2.9318e-10	-2.162e-11	-3e-12	3.1912e-07	-3.1934e-07	9.3053e-10	-1.2044e-10	4.7e-13	3.1912e-07	-3.1984e-07	2.0652e-09	-3.258e-10	-3.6e-13	3.2022e-07	-3.2196e-07	4.1414e-09	-7.197e-10	-2.22e-12	3.203e-07	-3.2366e-07	7.9813e-09	-1.4367e-09	9.97e-12	3.2026e-07	-3.2666e-07	1.41452e-08	-2.589e-09	-4.2e-13	3.202e-07	-3.3164e-07
0.05	-7.48e-12	5.67e-12	-2.3e-12	3.2034e-07	-3.203e-07	2.8756e-10	-1.745e-11	-2.26e-12	3.1912e-07	-3.1924e-07	9.046e-10	-1.1663e-10	-1.27e-12	3.1916e-07	-3.1986e-07	2.0843e-09	-3.182e-10	5.04e-12	3.2022e-07	-3.22e-07	4.1705e-09	-7.1022e-10	4.63e-12	3.2022e-07	-3.2364e-07	7.948e-09	-1.4097e-09	-6.56e-12	3.201e-07	-3.2652e-07	1.41716e-08	-2.5411e-09	-4.6e-13	3.2018e-07	-3.315e-07
0.055	-6.99e-12	1.189e-11	3.94e-12	3.2032e-07	-3.2032e-07	2.8183e-10	-1.945e-11	-1.6e-13	3.1838e-07	-3.1932e-07	9.0061e-10	-1.0876e-10	-6.2e-13	3.1914e-07	-3.1984e-07	2.0747e-09	-3.0798e-10	-1.07e-11	3.2022e-07	-3.2204e-07	4.1587e-09	-6.8337e-10	-4.41e-12	3.2024e-07	-3.2362e-07	7.9536e-09	-1.3729e-09	-6.42e-12	3.2012e-07	-3.267e-07	1.4029e-08	-2.4907e-09	-6.83e-12	3.2022e-07	-3.3164e-07
0.06	-9.38e-12	5.58e-12	2.39e-12	3.2048e-07	-3.2034e-07	2.7401e-10	-1.48e-11	2.21e-12	3.1906e-07	-3.1936e-07	9.0805e-10	-1.0161e-10	1.76e-12	3.1918e-07	-3.1984e-07	2.0111e-09	-2.9556e-10	-5.48e-12	3.2022e-07	-3.2198e-07	4.0854e-09	-6.6341e-10	3.8e-13	3.2022e-07	-3.236e-07	7.8072e-09	-1.3436e-09	-3.22e-12	3.2022e-07	-3.266e-07	1.38988e-08	-2.4421e-09	-9.3e-13	3.2016e-07	-3.3138e-07
0.065	-1.51e-11	1.079e-11	2.5e-13	3.2032e-07	-3.2032e-07	2.8878e-10	-1.159e-11	8.37e-12	3.1906e-07	-3.1924e-07	9.1611e-10	-9.872e-11	-6.7e-13	3.1906e-07	-3.1988e-07	2.0358e-09	-2.9e-10	8.2e-12	3.2024e-07	-3.2204e-07	4.2053e-09	-6.5533e-10	6.56e-12	3.2026e-07	-3.236e-07	7.7525e-09	-1.3158e-09	-2.53e-12	3.2022e-07	-3.2662e-07	1.38086e-08	-2.3985e-09	-4.35e-12	3.201e-07	-3.3144e-07
0.07	-7.03e-12	9.83e-12	-1.11e-12	3.2046e-07	-3.2048e-07	2.7427e-10	-1.272e-11	8.84e-12	3.1902e-07	-3.193e-07	8.8931e-10	-9.637e-11	-2.12e-12	3.1906e-07	-3.199e-07	2.0248e-09	-2.8039e-10	-1.21e-12	3.2016e-07	-3.2204e-07	4.1175e-09	-6.3205e-10	-8.08e-12	3.2022e-07	-3.2362e-07	7.7423e-09	-1.2819e-09	3.04e-12	3.202e-07	-3.2664e-07	1.38566e-08	-2.3532e-09	6.97e-12	3.2018e-07	-3.3138e-07
0.075	-1.522e-11	1.253e-11	-2.4e-12	3.2038e-07	-3.203e-07	2.678e-10	-1.263e-11	-3.07e-12	3.1896e-07	-3.1926e-07	8.8856e-10	-8.557e-11	3.06e-12	3.1918e-07	-3.1984e-07	2.0142e-09	-2.6795e-10	-2.7e-12	3.201e-07	-3.2196e-07	4.1428e-09	-6.1519e-10	-1.07e-12	3.2018e-07	-3.2374e-07	7.5661e-09	-1.248e-09	1.31e-12	3.2026e-07	-3.2672e-07	1.35814e-08	-2.303e-09	-1.31e-12	3.2022e-07	-3.3172e-07
0.08	-1.505e-11	8.97e-12	-2.26e-12	3.2044e-07	-3.2038e-07	2.8462e-10	-1.167e-11	-7.7e-12	3.1904e-07	-3.1924e-07	8.5956e-10	-8.728e-11	1.54e-12	3.1912e-07	-3.1988e-07	1.9871e-09	-2.6298e-10	3.76e-12	3.2022e-07	-3.2192e-07	4.1351e-09	-5.9866e-10	4.66e-12	3.2026e-07	-3.237e-07	7.6748e-09	-1.2297e-09	7.6e-12	3.2024e-07	-3.2652e-07	1.36126e-08	-2.263e-09	1.56e-12	3.2018e-07	-3.3164e-07
0.085	-1.467e-11	1.288e-11	-1.76e-12	3.2034e-07	-3.203e-07	2.71e-10	-7.26e-12	-4.7e-12	3.1918e-07	-3.193e-07	8.7669e-10	-8.156e-11	-3.73e-12	3.1906e-07	-3.1984e-07	2.0411e-09	-2.5713e-10	2.79e-12	3.203e-07	-3.219e-07	4.0005e-09	-5.8244e-10	-2.07e-12	3.202e-07	-3.237e-07	7.6764e-09	-1.207e-09	-5.55e-12	3.202e-07	-3.2666e-07	1.36482e-08	-2.2127e-09	-6.57e-12	3.2012e-07	-3.3148e-07
0.09	-1.25e-11	1.551e-11	1.68e-12	3.2038e-07	-3.2028e-07	2.6928e-10	-1.285e-11	-7e-13	3.1908e-07	-3.1856e-07	8.8292e-10	-7.623e-11	-1.9e-13	3.1908e-07	-3.1984e-07	1.9914e-09	-2.4203e-10	-1.53e-11	3.2014e-07	-3.2196e-07	4.0597e-09	-5.6819e-10	2.6e-12	3.202e-07	-3.2374e-07	7.7347e-09	-1.1708e-09	7.68e-12	3.2016e-07	-3.2668e-07	1.36486e-08	-2.1697e-09	-1.15e-12	3.2014e-07	-3.3134e-07
0.095	-2.146e-11	1.563e-11	6.2e-12	3.2026e-07	-3.2028e-07	2.6684e-10	-6.73e-12	6.02e-12	3.1906e-07	-3.1928e-07	8.6116e-10	-6.883e-11	1.48e-12	3.1908e-07	-3.1986e-07	1.9841e-09	-2.3798e-10	-2.09e-12	3.2022e-07	-3.22e-07	4.0514e-09	-5.4884e-10	-5.7e-13	3.2024e-07	-3.2368e-07	7.5839e-09	-1.1376e-09	1.315e-11	3.202e-07	-3.266e-07	1.3456e-08	-2.1292e-09	-4.17e-12	3.2018e-07	-3.3142e-07
0.1	-1.882e-11	1.354e-11	-1.24e-12	3.2028e-07	-3.203e-07	2.7811e-10	-3.58e-12	-2.14e-12	3.1908e-07	-3.1938e-07	8.4503e-10	-6.72e-11	4.21e-12	3.1908e-07	-3.1982e-07	2.0084e-09	-2.3159e-10	9.06e-12	3.201e-07	-3.219e-07	4.0309e-09	-5.403e-10	-6.18e-12	3.202e-07	-3.2366e-07	7.5907e-09	-1.1095e-09	-2.038e-11	3.202e-07	-3.2668e-07	1.3324e-08	-2.086e-09	7.61e-12	3.2026e-07	-3.3176e-07
0.105	-1.622e-11	1.993e-11	-3.53e-12	3.203e-07	-3.203e-07	2.5937e-10	-2.45e-12	8.18e-12	3.1906e-07	-3.1922e-07	8.5479e-10	-6.674e-11	-2e-13	3.191e-07	-3.1994e-07	1.9645e-09	-2.2232e-10	-1.4e-12	3.2022e-07	-3.2204e-07	4.0328e-09	-5.2204e-10	1.46e-12	3.2032e-07	-3.237e-07	7.5282e-09	-1.0916e-09	-2.085e-11	3.202e-07	-3.266e-07	1.33582e-08	-2.0432e-09	-1.51e-12	3.2018e-07	-3.3144e-07
0.11	-2.028e-11	1.969e-11	-4.3e-13	3.2034e-07	-3.2026e-07	2.7458e-10	-1.001e-11	-1.7e-13	3.1908e-07	-3.1926e-07	8.6518e-10	-5.51e-11	-6.95e-12	3.1912e-07	-3.199e-07	2.0073e-09	-2.1368e-10	7.7e-13	3.202e-07	-3.219e-07	3.998e-09	-5.011e-10	1.74e-12	3.203e-07	-3.2376e-07	7.4167e-09	-1.0657e-09	-1.731e-11	3.2016e-07	-3.2664e-07	1.331e-08	-2.0041e-09	1.235e-11	3.2014e-07	-3.3162e-07
0.115	-2.253e-11	1.722e-11	-2.84e-12	3.2026e-07	-3.2028e-07	2.7706e-10	-3.57e-12	-1.46e-11	3.1906e-07	-3.1928e-07	8.613e-10	-5.993e-11	7.2e-13	3.1898e-07	-3.1982e-07	1.988e-09	-2.0984e-10	6.73e-12	3.2022e-07	-3.2192e-07	3.8878e-09	-4.9615e-10	-1.38e-12	3.202e-07	-3.2362e-07	7.6308e-09	-1.028e-09	-7.37e-12	3.2012e-07	-3.2666e-07	1.33052e-08	-1.9594e-09	-4.66e-12	3.202e-07	-3.3164e-07
0.12	-2.321e-11	2.288e-11	-3.73e-12	3.2034e-07	-3.203e-07	2.7242e-10	-9e-14	-7.4e-13	3.1912e-07	-3.192e-07	8.2978e-10	-5.403e-11	-2.53e-12	3.1906e-07	-3.1984e-07	2.0064e-09	-2.0511e-10	4.6e-13	3.2018e-07	-3.2194e-07	3.9689e-09	-4.7784e-10	-1.63e-12	3.2024e-07	-3.236e-07	7.5952e-09	-1.0161e-09	3.703e-11	3.2022e-07	-3.2658e-07	1.32674e-08	-1.9186e-09	1.8e-12	3.202e-07	-3.3136e-07
0.125	-2.109e-11	2.49e-11	1.01e-12	3.2042e-07	-3.2036e-07	2.71e-10	-8.31e-12	1.29e-11	3.1908e-07	-3.1926e-07	8.5271e-10	-5.21e-11	-2.69e-12	3.1908e-07	-3.199e-07	1.9467e-09	-1.9147e-10	-1.452e-11	3.2026e-07	-3.2202e-07	3.9046e-09	-4.6663e-10	-8.2e-13	3.2026e-07	-3.2372e-07	7.4039e-09	-9.8761e-10	-2.077e-11	3.2016e-07	-3.266e-07	1.30216e-08	-1.8804e-09	-1.019e-11	3.2024e-07	-3.3158e-07
0.13	-2.885e-11	2.251e-11	4.83e-12	3.2034e-07	-3.2032e-07	2.6296e-10	1.02e-12	4.06e-12	3.1904e-07	-3.193e-07	8.5531e-10	-4.433e-11	5.8e-12	3.1914e-07	-3.1984e-07	1.9683e-09	-1.8668e-10	2.2e-12	3.202e-07	-3.2194e-07	3.9286e-09	-4.515e-10	4.58e-12	3.202e-07	-3.2356e-07	7.2818e-09	-9.5957e-10	-5.53e-12	3.202e-07	-3.2676e-07	1.30896e-08	-1.8436e-09	-1.51e-12	3.202e-07	-3.3134e-07
0.135	-2.795e-11	2.612e-11	-3.6e-13	3.203e-07	-3.204e-07	2.6055e-10	-6.2e-13	-4.01e-12	3.19e-07	-3.193e-07	8.4265e-10	-4.679e-11	4.88e-12	3.191e-07	-3.1994e-07	1.9751e-09	-1.8682e-10	4.84e-12	3.2026e-07	-3.2196e-07	3.9112e-09	-4.3845e-10	-1.19e-12	3.2006e-07	-3.236e-07	7.3528e-09	-9.4172e-10	8.9e-13	3.202e-07	-3.2656e-07	1.31826e-08	-1.8058e-09	-3.19e-12	3.2016e-07	-3.314e-07
0.14	-2.793e-11	3.015e-11	2.61e-12	3.2044e-07	-3.203e-07	2.6563e-10	-2.27e-12	2.3e-13	3.1906e-07	-3.1926e-07	8.263e-10	-4.255e-11	-3.97e-12	3.1918e-07	-3.1992e-07	1.9758e-09	-1.7022e-10	-8.75e-12	3.2022e-07	-3.2198e-07	4.0032e-09	-4.2717e-10	1.97e-12	3.2016e-07	-3.237e-07	7.3034e-09	-9.2108e-10	-2.5e-13	3.2018e-07	-3.2652e-07	1.3028e-08	-1.7656e-09	-3.3e-13	3.2018e-07	-3.313e-07
0.145	-3.094e-11	2.994e-11	-2.38e-12	3.2034e-07	-3.2038e-07	2.7704e-10	2.54e-12	-6.23e-12	3.1908e-07	-3.1932e-07	8.1422e-10	-3.333e-11	-2.65e-12	3.192e-07	-3.2004e-07	1.9619e-09	-1.6739e-10	3.57e-12	3.2022e-07	-3.2204e-07	3.8363e-09	-4.114e-10	7.54e-12	3.2016e-07	-3.2362e-07	7.4414e-09	-8.9376e-10	1.199e-11	3.2022e-07	-3.2666e-07	1.29936e-08	-1.7299e-09	-5.41e-12	3.2022e-07	-3.3142e-07
0.15	-3.887e-11	3.253e-11	-3.83e-12	3.2034e-07	-3.2032e-07	2.6129e-10	-1.43e-12	-2.13e-12	3.1906e-07	-3.1924e-07	8.2562e-10	-3.976e-11	-1.57e-12	3.1914e-07	-3.1984e-07	1.9732e-09	-1.6509e-10	6.65e-12	3.2022e-07	-3.2196e-07	3.813e-09	-4.0543e-10	-1.21e-11	3.202e-07	-3.2368e-07	7.1642e-09	-8.8006e-10	-4.77e-12	3.2028e-07	-3.2652e-07	1.28468e-08	-1.6896e-09	-4.25e-12	3.2022e-07	-3.3144e-07
0.155	-2.994e-11	3.402e-11	-4.01e-12	3.204e-07	-3.2032e-07	2.7019e-10	-1.06e-12	-1.47e-12	3.1896e-07	-3.1926e-07	8.2156e-10	-3.404e-11	-5.65e-12	3.191e-07	-3.1978e-07	1.9549e-09	-1.5709e-10	-3.21e-12	3.202e-07	-3.2194e-07	3.8948e-09	-3.8706e-10	-2.88e-12	3.2022e-07	-3.2368e-07	7.2371e-09	-8.4814e-10	-2.28e-12	3.2022e-07	-3.2662e-07	1.2913e-08	-1.6536e-09	-3.63e-12	3.2016e-07	-3.3146e-07
0.16	-3.675e-11	3.919e-11	2.2e-13	3.2048e-07	-3.2034e-07	2.594e-10	6.48e-12	-2.7e-13	3.1912e-07	-3.1928e-07	8.2325e-10	-3.14e-11	-6.74e-12	3.1912e-07	-3.1988e-07	2.0164e-09	-1.4601e-10	-6.29e-12	3.2018e-07	-3.2204e-07	3.8417e-09	-3.8308e-10	5.27e-12	3.2022e-07	-3.236e-07	7.3205e-09	-8.3058e-10	1.007e-11	3.203e-07	-3.2662e-07	1.28638e-08	-1.6217e-09	-4.32e-12	3.2038e-07	-3.3132e-07
0.165	-4.338e-11	3.697e-11	3.4e-13	3.2034e-07	-3.2028e-07	2.6762e-10	1.22e-12	1.024e-11	3.1846e-07	-3.1872e-07	8.1162e-10	-2.789e-11	1.62e-12	3.1912e-07	-3.1982e-07	1.983e-09	-1.4496e-10	7.52e-12	3.205e-07	-3.2204e-07	3.8782e-09	-3.6554e-10	-3.01e-12	3.2022e-07	-3.2364e-07	7.1541e-09	-8.0122e-10	-3.8e-12	3.202e-07	-3.2642e-07	1.28496e-08	-1.5882e-09	1.93e-12	3.2014e-07	-3.3144e-07
0.17	-3.946e-11	4.28e-11	-1.8e-12	3.203e-07	-3.2032e-07	2.5563e-10	2.69e-12	9.52e-12	3.1902e-07	-3.1928e-07	8.2335e-10	-3.068e-11	1.2e-11	3.19e-07	-3.1986e-07	1.9186e-09	-1.4043e-10	2e-13	3.202e-07	-3.2194e-07	3.8526e-09	-3.5403e-10	3.8e-13	3.2014e-07	-3.2364e-07	7.0421e-09	-7.8919e-10	-5.24e-12	3.2018e-07	-3.2652e-07	1.26854e-08	-1.556e-09	-1.97e-12	3.202e-07	-3.3152e-07
0.175	-4.379e-11	4.578e-11	3.66e-12	3.204e-07	-3.2038e-07	2.6726e-10	3.7e-12	-1.397e-11	3.1906e-07	-3.1926e-07	8.1766e-10	-2.548e-11	-7e-13	3.1904e-07	-3.199e-07	1.9768e-09	-1.3045e-10	-4.54e-12	3.2016e-07	-3.221e-07	3.8723e-09	-3.4798e-10	3.22e-12	3.202e-07	-3.2368e-07	7.0399e-09	-7.7878e-10	-7.61e-12	3.202e-07	-3.2668e-07	1.2695e-08	-1.5194e-09	8.46e-12	3.202e-07	-3.3124e-07
0.18	-4.923e-11	4.711e-11	-2.07e-12	3.2038e-07	-3.2032e-07	2.473e-10	4.42e-12	-1.398e-11	3.1892e-07	-3.193e-07	8.1995e-10	-1.981e-11	-7.3e-13	3.1918e-07	-3.1988e-07	1.9174e-09	-1.2602e-10	2.37e-12	3.2026e-07	-3.2198e-07	3.8385e-09	-3.3595e-10	-2.22e-12	3.2026e-07	-3.2372e-07	7.1296e-09	-7.4462e-10	5.09e-12	3.202e-07	-3.2642e-07	1.26248e-08	-1.4856e-09	-8.51e-12	3.2016e-07	-3.3138e-07
0.185	-5.502e-11	4.987e-11	-6.9e-13	3.2028e-07	-3.203e-07	2.5821e-10	1.08e-12	-1.65e-12	3.1918e-07	-3.1934e-07	8.0938e-10	-2.513e-11	4e-12	3.1908e-07	-3.1984e-07	1.9324e-09	-1.2931e-10	3.4e-12	3.2016e-07	-3.22e-07	3.7495e-09	-3.2533e-10	-1.074e-11	3.201e-07	-3.2362e-07	7.0955e-09	-7.2246e-10	3.268e-11	3.2018e-07	-3.2676e-07	1.26616e-08	-1.4496e-09	5.6e-12	3.2016e-07	-3.313e-07
0.19	-5.215e-11	5.516e-11	-5.9e-13	3.2044e-07	-3.2028e-07	2.6335e-10	6.61e-12	2.07e-12	3.1844e-07	-3.192e-07	8.0732e-10	-2.293e-11	-7.83e-12	3.1904e-07	-3.1988e-07	1.9547e-09	-1.1467e-10	2.2e-13	3.2014e-07	-3.2208e-07	3.8225e-09	-3.1552e-10	3.7e-12	3.2022e-07	-3.2364e-07	7.1783e-09	-7.0538e-10	-1.614e-11	3.2016e-07	-3.2654e-07	1.2742e-08	-1.4219e-09	-2.92e-12	3.2014e-07	-3.3114e-07
0.195	-6.118e-11	6.057e-11	4.83e-12	3.2032e-07	-3.203e-07	2.546e-10	4.24e-12	1.045e-11	3.1898e-07	-3.1938e-07	8.2788e-10	-1.685e-11	-7.86e-12	3.1908e-07	-3.1978e-07	1.9423e-09	-1.1441e-10	-3.8e-13	3.2024e-07	-3.2192e-07	3.7498e-09	-3.0606e-10	9.5e-12	3.2022e-07	-3.2368e-07	6.9013e-09	-7.0301e-10	-3.626e-11	3.2014e-07	-3.264e-07	1.25888e-08	-1.3897e-09	1.328e-11	3.201e-07	-3.314e-07
0.2	-6.629e-11	5.938e-11	2.36e-12	3.2034e-07	-3.202e-07	2.5485e-10	5.95e-12	-3e-14	3.184e-07	-3.1922e-07	8.0733e-10	-1.744e-11	1.92e-12	3.1912e-07	-3.1986e-07	1.9015e-09	-1.0647e-10	2.9e-13	3.2026e-07	-3.2204e-07	3.7813e-09	-2.9831e-10	-1.74e-12	3.202e-07	-3.2358e-07	7.015e-09	-6.7945e-10	-1.044e-11	3.2014e-07	-3.2634e-07	1.26096e-08	-1.3619e-09	-2.88e-12	3.202e-07	-3.3136e-07
0.205	-6.809e-11	6.635e-11	-4.1e-12	3.2034e-07	-3.203e-07	2.5297e-10	9.73e-12	-5.2e-13	3.1898e-07	-3.1934e-07	8.0118e-10	-1.889e-11	7.14e-12	3.191e-07	-3.1988e-07	1.9045e-09	-1.0597e-10	-5.66e-12	3.202e-07	-3.2202e-07	3.7232e-09	-2.8329e-10	-9.09e-12	3.2018e-07	-3.237e-07	7.0641e-09	-6.4307e-10	6.83e-12	3.2016e-07	-3.2642e-07	1.25174e-08	-1.33e-09	5.02e-12	3.202e-07	-3.3098e-07
0.21	-7.182e-11	7.417e-11	8e-13	3.2034e-07	-3.2032e-07	2.5598e-10	6.34e-12	-3.97e-12	3.1908e-07	-3.1932e-07	7.9354e-10	-1.369e-11	-4.42e-12	3.191e-07	-3.1986e-07	1.9263e-09	-9.482e-11	-4.32e-12	3.202e-07	-3.2196e-07	3.7828e-09	-2.8237e-10	9.61e-12	3.2028e-07	-3.235e-07	7.0351e-09	-6.3373e-10	4.983e-11	3.2022e-07	-3.2656e-07	1.23876e-08	-1.2991e-09	-1.104e-11	3.2016e-07	-3.3164e-07
0.215	-8.035e-11	7.336e-11	5e-14	3.2038e-07	-3.2028e-07	2.4855e-10	9.97e-12	-8.98e-12	3.1898e-07	-3.1924e-07	7.9983e-10	-1.073e-11	-2.5e-13	3.1908e-07	-3.1982e-07	1.9111e-09	-9.239e-11	1.79e-12	3.2022e-07	-3.2204e-07	3.7606e-09	-2.6843e-10	1.52e-12	3.2022e-07	-3.2368e-07	6.9889e-09	-6.1575e-10	1.673e-11	3.2016e-07	-3.2664e-07	1.25022e-08	-1.2651e-09	-5.21e-12	3.202e-07	-3.3152e-07
0.22	-8.386e-11	8.004e-11	-2.94e-12	3.1912e-07	-3.1912e-07	2.6256e-10	9.65e-12	-2.4e-12	3.1896e-07	-3.1924e-07	8.0778e-10	-1.556e-11	5.32e-12	3.1914e-07	-3.198e-07	1.8839e-09	-9.288e-11	6.4e-13	3.2022e-07	-3.2224e-07	3.7814e-09	-2.5324e-10	-1.035e-11	3.2028e-07	-3.2372e-07	6.9007e-09	-6.0132e-10	-3.408e-11	3.2014e-07	-3.2644e-07	1.23456e-08	-1.2417e-09	-7.12e-12	3.2014e-07	-3.3116e-07
0.225	-8.698e-11	8.868e-11	-5.74e-12	3.1922e-07	-3.1918e-07	2.5446e-10	1.095e-11	2.18e-12	3.1908e-07	-3.1928e-07	7.9211e-10	-1.298e-11	-5.17e-12	3.1904e-07	-3.1972e-07	1.917e-09	-8.344e-11	2.69e-12	3.2028e-07	-3.2206e-07	3.756e-09	-2.5523e-10	9.47e-12	3.203e-07	-3.2376e-07	6.9444e-09	-5.8594e-10	-1.969e-11	3.202e-07	-3.2642e-07	1.22372e-08	-1.2064e-09	1.2e-12	3.2016e-07	-3.3132e-07
0.23	-9.386e-11	9.152e-11	2.01e-12	3.192e-07	-3.1906e-07	2.5422e-10	7.41e-12	4.65e-12	3.1906e-07	-3.1926e-07	7.9149e-10	-7.73e-12	-6.79e-12	3.1908e-07	-3.192e-07	1.9204e-09	-8.015e-11	1.93e-12	3.2026e-07	-3.2208e-07	3.6882e-09	-2.4216e-10	-2.47e-12	3.2022e-07	-3.2378e-07	6.9892e-09	-5.708e-10	-1.9e-11	3.2014e-07	-3.2652e-07	1.23696e-08	-1.1894e-09	1.87e-12	3.2016e-07	-3.315e-07
0.235	-1.0148e-10	9.65e-11	2.69e-12	3.1908e-07	-3.191e-07	2.51e-10	1.41e-11	-5.9e-13	3.1838e-07	-3.186e-07	7.7947e-10	-9e-12	4.1e-12	3.1908e-07	-3.1984e-07	1.9048e-09	-7.85e-11	-3.01e-12	3.2026e-07	-3.2204e-07	3.7568e-09	-2.3703e-10	-8.35e-12	3.202e-07	-3.2364e-07	6.9523e-09	-5.5273e-10	-1.196e-11	3.2012e-07	-3.2648e-07	1.23894e-08	-1.1524e-09	5.57e-12	3.2016e-07	-3.3136e-07
0.24	-1.064e-10	1.0539e-10	-4.53e-12	3.1916e-07	-3.1908e-07	2.5951e-10	1.243e-11	4.3e-13	3.1902e-07	-3.1926e-07	7.626e-10	-1.301e-11	6.1e-12	3.1918e-07	-3.1984e-07	1.9204e-09	-7.478e-11	-3.93e-12	3.2026e-07	-3.2212e-07	3.7492e-09	-2.2318e-10	-1.14e-12	3.201e-07	-3.2376e-07	6.9417e-09	-5.388e-10	2.057e-11	3.2014e-07	-3.266e-07	1.21422e-08	-1.1333e-09	1.12e-12	3.2024e-07	-3.3114e-07
0.245	-1.1156e-10	1.1666e-10	2.22e-12	3.1912e-07	-3.1914e-07	2.5209e-10	1.485e-11	-3.6e-13	3.1902e-07	-3.1924e-07	7.9273e-10	-4.89e-12	-7.56e-12	3.184e-07	-3.1928e-07	1.8365e-09	-6.505e-11	2.73e-12	3.2038e-07	-3.2202e-07	3.7628e-09	-2.2122e-10	9.86e-12	3.2022e-07	-3.2368e-07	7.0106e-09	-5.2844e-10	1.354e-11	3.2016e-07	-3.2638e-07	1.22034e-08	-1.0996e-09	-2.36e-12	3.2018e-07	-3.3146e-07
0.25	-1.245e-10	1.1627e-10	3.69e-12	3.192e-07	-3.1912e-07	2.4491e-10	1.268e-11	-2.51e-12	3.1906e-07	-3.1926e-07	7.9834e-10	-4.37e-12	2.14e-12	3.1912e-07	-3.1984e-07	1.863e-09	-6.774e-11	-2.07e-12	3.2026e-07	-3.221e-07	3.7151e-09	-2.1482e-10	3.75e-12	3.2014e-07	-3.2368e-07	6.86e-09	-5.095e-10	1.177e-11	3.202e-07	-3.267e-07	1.22882e-08	-1.0751e-09	-5.6e-13	3.2046e-07	-3.3154e-07
0.255	-1.292e-10	1.2795e-10	-3.22e-12	3.191e-07	-3.1906e-07	2.5263e-10	1.953e-11	-5.9e-12	3.1848e-07	-3.1932e-07	7.9641e-10	-8.14e-12	8.05e-12	3.1916e-07	-3.1988e-07	1.8612e-09	-6.058e-11	-2.57e-12	3.2028e-07	-3.2198e-07	3.6899e-09	-1.9919e-10	-8.94e-12	3.202e-07	-3.2376e-07	6.8751e-09	-4.9602e-10	3.77e-12	3.2022e-07	-3.2646e-07	1.19172e-08	-1.0476e-09	-2.3e-12	3.2016e-07	-3.3118e-07
0.26	-1.3789e-10	1.382e-10	-4.99e-12	3.1902e-07	-3.1912e-07	2.3786e-10	1.957e-11	4.27e-12	3.1898e-07	-3.1918e-07	7.8101e-10	-5.52e-12	-8.58e-12	3.1906e-07	-3.1982e-07	1.8632e-09	-5.999e-11	2.56e-12	3.2032e-07	-3.2196e-07	3.7252e-09	-2.0203e-10	6.42e-12	3.202e-07	-3.2374e-07	6.9313e-09	-4.7623e-10	-8.99e-12	3.2044e-07	-3.2652e-07	1.21024e-08	-1.0311e-09	7.41e-12	3.2022e-07	-3.3128e-07
0.265	-1.4687e-10	1.4606e-10	4.12e-12	3.1914e-07	-3.191e-07	2.4748e-10	1.334e-11	3.76e-12	3.1894e-07	-3.1928e-07	7.7228e-10	-4e-13	-7.07e-12	3.1908e-07	-3.198e-07	1.8528e-09	-5.443e-11	3.8e-13	3.2026e-07	-3.2204e-07	3.6802e-09	-1.9479e-10	1.6e-12	3.2026e-07	-3.2374e-07	6.6932e-09	-4.7231e-10	-7.39e-12	3.2016e-07	-3.2648e-07	1.21602e-08	-9.981e-10	8.8e-13	3.205e-07	-3.3158e-07
0.27	-1.587e-10	1.5254e-10	5.78e-12	3.1906e-07	-3.19e-07	2.4127e-10	2.396e-11	-1.89e-12	3.1896e-07	-3.1934e-07	7.7892e-10	-5.79e-12	3.62e-12	3.191e-07	-3.1986e-07	1.8321e-09	-5.245e-11	-8.2e-13	3.202e-07	-3.2198e-07	3.7955e-09	-1.7899e-10	-1.054e-11	3.202e-07	-3.2374e-07	6.8552e-09	-4.5497e-10	-1.762e-11	3.2014e-07	-3.2634e-07	1.21514e-08	-9.8131e-10	2.2e-13	3.2014e-07	-3.3134e-07
0.275	-1.6861e-10	1.6869e-10	-7.35e-12	3.1908e-07	-3.1902e-07	2.4461e-10	2.155e-11	3.6e-13	3.1908e-07	-3.1926e-07	7.8644e-10	-2.66e-12	5.02e-12	3.189e-07	-3.1978e-07	1.8156e-09	-4.959e-11	3.18e-12	3.202e-07	-3.2208e-07	3.7673e-09	-1.8001e-10	4.7e-12	3.2018e-07	-3.2376e-07	6.9065e-09	-4.3909e-10	-6.85e-12	3.2024e-07	-3.2652e-07	1.20258e-08	-9.4707e-10	-5.36e-12	3.202e-07	-3.3128e-07
0.28	-1.7734e-10	1.7806e-10	1.06e-12	3.1912e-07	-3.191e-07	2.4673e-10	2.211e-11	1.87e-12	3.1904e-07	-3.1922e-07	7.7584e-10	-2.94e-12	-4.18e-12	3.1902e-07	-3.1972e-07	1.89e-09	-4.417e-11	2.84e-12	3.2026e-07	-3.2196e-07	3.6663e-09	-1.7294e-10	1.007e-11	3.2022e-07	-3.2364e-07	6.7708e-09	-4.3162e-10	2.202e-11	3.2016e-07	-3.2644e-07	1.18136e-08	-9.3156e-10	6.64e-12	3.2016e-07	-3.3116e-07
0.285	-1.9404e-10	1.8661e-10	3.88e-12	3.1916e-07	-3.1898e-07	2.404e-10	2.428e-11	-7.43e-12	3.1884e-07	-3.1922e-07	7.826e-10	2.94e-12	3.16e-12	3.1908e-07	-3.1982e-07	1.8109e-09	-4.534e-11	-7.56e-12	3.2026e-07	-3.2206e-07	3.6899e-09	-1.6851e-10	-1.033e-11	3.2022e-07	-3.2376e-07	6.9003e-09	-4.1388e-10	1.148e-11	3.2012e-07	-3.2654e-07	1.2033e-08	-9.0456e-10	-5e-13	3.201e-07	-3.3134e-07
0.29	-2.0206e-10	2.0093e-10	-5.23e-12	3.1898e-07	-3.1904e-07	2.2758e-10	2.962e-11	-6.61e-12	3.1908e-07	-3.1922e-07	7.5316e-10	-6.39e-12	1.127e-11	3.1898e-07	-3.1978e-07	1.8095e-09	-4.01e-11	-5.07e-12	3.2022e-07	-3.22e-07	3.7106e-09	-1.5715e-10	-5e-12	3.2026e-07	-3.2374e-07	6.8703e-09	-4.0165e-10	3.26e-12	3.202e-07	-3.2668e-07	1.19174e-08	-8.8942e-10	1.191e-11	3.2022e-07	-3.311e-07
0.295	-2.1849e-10	2.187e-10	-9.3e-13	3.1908e-07	-3.1906e-07	2.3791e-10	2.912e-11	6.91e-12	3.19e-07	-3.1938e-07	7.7254e-10	1.11e-12	-9.04e-12	3.1896e-07	-3.197e-07	1.8656e-09	-3.989e-11	4.16e-12	3.2028e-07	-3.2204e-07	3.6515e-09	-1.5702e-10	7.99e-12	3.2028e-07	-3.2376e-07	6.7615e-09	-3.9363e-10	5.93e-12	3.2018e-07	-3.2666e-07	1.19362e-08	-8.5869e-10	-3.49e-12	3.201e-07	-3.3128e-07
0.3	-2.3133e-10	2.2965e-10	8.48e-12	3.191e-07	-3.1906e-07	2.313e-10	3.008e-11	1.066e-11	3.19e-07	-3.1922e-07	7.8257e-10	2.9e-12	-7.19e-12	3.1908e-07	-3.198e-07	1.8412e-09	-3.635e-11	-5.5e-13	3.2022e-07	-3.2204e-07	3.7326e-09	-1.5135e-10	-6.2e-13	3.2022e-07	-3.2378e-07	6.8717e-09	-3.8313e-10	-2.093e-11	3.2014e-07	-3.2656e-07	1.19432e-08	-8.4246e-10	1.69e-12	3.202e-07	-3.3124e-07
0.305	-2.4699e-10	2.4184e-10	4.4e-12	3.1908e-07	-3.1898e-07	2.2252e-10	3.252e-11	-2.84e-12	3.19e-07	-3.1916e-07	7.8325e-10	-1.94e-12	4.07e-12	3.1842e-07	-3.1966e-07	1.8222e-09	-3.156e-11	-1.93e-12	3.2022e-07	-3.2202e-07	3.7082e-09	-1.3659e-10	-3.93e-12	3.202e-07	-3.238e-07	6.843e-09	-3.6548e-10	-9.35e-12	3.2022e-07	-3.2662e-07	1.1861e-08	-8.1301e-10	-9.91e-12	3.2014e-07	-3.3112e-07
0.31	-2.6342e-10	2.6442e-10	-1.14e-11	3.19e-07	-3.1906e-07	2.2053e-10	3.488e-11	-7.25e-12	3.1898e-07	-3.1856e-07	7.6593e-10	1.56e-12	-4.9e-13	3.1908e-07	-3.198e-07	1.8306e-09	-3.259e-11	9.11e-12	3.2026e-07	-3.2206e-07	3.7618e-09	-1.417e-10	-1.72e-12	3.2032e-07	-3.2382e-07	6.7811e-09	-3.5566e-10	2.33e-12	3.2016e-07	-3.2666e-07	1.17138e-08	-8.0252e-10	1.92e-12	3.2022e-07	-3.3086e-07
0.315	-2.7938e-10	2.7924e-10	4e-13	3.1908e-07	-3.1902e-07	2.3996e-10	3.902e-11	1.89e-12	3.19e-07	-3.194e-07	7.7352e-10	4.84e-12	-5.04e-12	3.19e-07	-3.1972e-07	1.8257e-09	-2.936e-11	3.59e-12	3.2026e-07	-3.2202e-07	3.7087e-09	-1.3492e-10	1.61e-12	3.2026e-07	-3.2376e-07	6.8081e-09	-3.4785e-10	7.82e-12	3.2018e-07	-3.265e-07	1.18642e-08	-7.7669e-10	-2.91e-12	3.2016e-07	-3.3128e-07
0.32	-2.982e-10	2.946e-10	2.05e-12	3.1904e-07	-3.1904e-07	2.2658e-10	4.108e-11	-4.3e-13	3.19e-07	-3.1926e-07	7.8183e-10	3.58e-12	5.93e-12	3.19e-07	-3.198e-07	1.8181e-09	-2.398e-11	-9.72e-12	3.2018e-07	-3.219e-07	3.6953e-09	-1.2907e-10	-7.51e-12	3.2018e-07	-3.2374e-07	6.8253e-09	-3.3466e-10	1.206e-11	3.2022e-07	-3.2666e-07	1.1798e-08	-7.6064e-10	2.68e-12	3.2016e-07	-3.3122e-07
0.325	-3.1554e-10	3.1681e-10	-9.29e-12	3.1902e-07	-3.19e-07	2.1331e-10	4.444e-11	4.4e-13	3.1902e-07	-3.1922e-07	7.7565e-10	6.4e-13	1.097e-11	3.1902e-07	-3.1972e-07	1.7782e-09	-2.662e-11	3.2e-12	3.2034e-07	-3.2202e-07	3.7094e-09	-1.201e-10	-1.83e-12	3.2026e-07	-3.238e-07	6.7976e-09	-3.2424e-10	3.19e-12	3.2026e-07	-3.267e-07	1.17678e-08	-7.3849e-10	-5.64e-12	3.2014e-07	-3.3122e-07
0.33	-3.4029e-10	3.4233e-10	-4.14e-12	3.1912e-07	-3.1906e-07	2.2125e-10	4.66e-11	2.9e-12	3.1902e-07	-3.193e-07	7.6122e-10	2.37e-12	-8.1e-12	3.1902e-07	-3.1978e-07	1.8137e-09	-2.123e-11	4.88e-12	3.2026e-07	-3.2212e-07	3.6629e-09	-1.2096e-10	1.05e-11	3.2026e-07	-3.2364e-07	6.8303e-09	-3.1608e-10	2.71e-12	3.202e-07	-3.2658e-07	1.1667e-08	-7.1897e-10	-1.89e-12	3.2014e-07	-3.3118e-07
0.335	-3.5796e-10	3.5514e-10	5.73e-12	3.191e-07	-3.1906e-07	2.2017e-10	5.296e-11	6e-14	3.1912e-07	-3.1928e-07	7.3896e-10	8.5e-12	-4.42e-12	3.1898e-07	-3.198e-07	1.8287e-09	-2.24e-11	-5.19e-12	3.2028e-07	-3.2198e-07	3.7023e-09	-1.1581e-10	-4.52e-12	3.2022e-07	-3.2372e-07	6.8235e-09	-3.0767e-10	-5.16e-12	3.2016e-07	-3.2672e-07	1.17e-08	-6.9792e-10	-8.3e-12	3.2018e-07	-3.3114e-07
0.34	-3.8262e-10	3.8031e-10	5.2e-12	3.1906e-07	-3.1894e-07	2.1123e-10	5.151e-11	1.02e-12	3.1902e-07	-3.193e-07	7.8243e-10	5.9e-13	6.54e-12	3.1902e-07	-3.1974e-07	1.7824e-09	-1.743e-11	-5.5e-12	3.2026e-07	-3.2204e-07	3.725e-09	-1.0499e-10	-5.57e-12	3.2028e-07	-3.239e-07	6.7915e-09	-2.914e-10	-1.047e-11	3.2026e-07	-3.2674e-07	1.16864e-08	-6.7897e-10	-1.16e-12	3.2014e-07	-3.3116e-07
0.345	-4.0841e-10	4.0836e-10	-3.9e-12	3.1904e-07	-3.1906e-07	2.0603e-10	5.585e-11	-3.6e-12	3.1902e-07	-3.193e-07	7.7904e-10	6.34e-12	-4.13e-12	3.1906e-07	-3.1972e-07	1.7918e-09	-1.962e-11	6.67e-12	3.2026e-07	-3.2202e-07	3.7108e-09	-1.051e-10	4.19e-12	3.2022e-07	-3.2376e-07	6.706e-09	-2.8772e-10	-3.13e-12	3.202e-07	-3.266e-07	1.1676e-08	-6.6354e-10	4.27e-12	3.201e-07	-3.3098e-07
0.35	-4.3448e-10	4.3297e-10	6.63e-12	3.191e-07	-3.191e-07	2.0381e-10	6.111e-11	-3.6e-12	3.1902e-07	-3.1926e-07	7.6326e-10	8.05e-12	-8.82e-12	3.19e-07	-3.1974e-07	1.8093e-09	-1.955e-11	9.3e-13	3.2026e-07	-3.22e-07	3.7138e-09	-1.0224e-10	-1.12e-12	3.202e-07	-3.2386e-07	6.7478e-09	-2.7841e-10	1.3e-13	3.2014e-07	-3.2648e-07	1.1735e-08	-6.4849e-10	3.65e-12	3.2014e-07	-3.3094e-07
0.355	-4.6162e-10	4.548e-10	5.95e-12	3.1908e-07	-3.1906e-07	1.9705e-10	6.596e-11	2.44e-12	3.1902e-07	-3.1928e-07	7.6105e-10	5.57e-12	3.73e-12	3.1894e-07	-3.1972e-07	1.8131e-09	-1.125e-11	-7.27e-12	3.202e-07	-3.22e-07	3.6684e-09	-9.349e-11	-1.6e-13	3.2022e-07	-3.2388e-07	6.8681e-09	-2.6741e-10	5.2e-13	3.2024e-07	-3.2672e-07	1.16756e-08	-6.3008e-10	7.67e-12	3.2022e-07	-3.3106e-07
0.36	-4.8961e-10	4.9051e-10	-1.565e-11	3.191e-07	-3.19e-07	1.9108e-10	6.403e-11	1.8e-12	3.1904e-07	-3.1926e-07	7.8363e-10	1.089e-11	7.9e-12	3.19e-07	-3.1982e-07	1.8085e-09	-1.547e-11	5.97e-12	3.2026e-07	-3.2196e-07	3.6986e-09	-9.1e-11	7.03e-12	3.2026e-07	-3.238e-07	6.6426e-09	-2.5866e-10	1.222e-11	3.2026e-07	-3.2662e-07	1.16652e-08	-6.1177e-10	-6.79e-12	3.2014e-07	-3.3124e-07
0.365	-5.2211e-10	5.1799e-10	-7.04e-12	3.1906e-07	-3.19e-07	1.8796e-10	7.624e-11	-5.79e-12	3.1902e-07	-3.1928e-07	7.7216e-10	7.21e-12	-3.19e-12	3.19e-07	-3.1978e-07	1.7937e-09	-1.552e-11	5.83e-12	3.2026e-07	-3.2204e-07	3.6202e-09	-8.997e-11	-2.5e-13	3.2022e-07	-3.2388e-07	6.6702e-09	-2.5048e-10	8.3e-13	3.202e-07	-3.2652e-07	1.16184e-08	-5.9304e-10	-5.1e-13	3.202e-07	-3.3116e-07
0.37	-5.4517e-10	5.4957e-10	6.24e-12	3.1918e-07	-3.1902e-07	1.8275e-10	7.938e-11	4.63e-12	3.191e-07	-3.1928e-07	7.7754e-10	1.409e-11	-2e-14	3.1904e-07	-3.1976e-07	1.8031e-09	-1.156e-11	-8.84e-12	3.2026e-07	-3.2202e-07	3.717e-09	-8.627e-11	-1.7e-12	3.2016e-07	-3.2382e-07	6.6628e-09	-2.4336e-10	-5.11e-12	3.2018e-07	-3.2662e-07	1.1678e-08	-5.779e-10	-7.48e-12	3.2014e-07	-3.309e-07
0.375	-5.8238e-10	5.8156e-10	1.84e-12	3.1914e-07	-3.1906e-07	1.7648e-10	8.015e-11	3.6e-12	3.1904e-07	-3.1928e-07	7.6651e-10	3.67e-12	5.44e-12	3.1906e-07	-3.1972e-07	1.7904e-09	-8.93e-12	-4.03e-12	3.2026e-07	-3.2198e-07	3.686e-09	-7.536e-11	-2.81e-12	3.202e-07	-3.2378e-07	6.7813e-09	-2.3418e-10	2.38e-12	3.2022e-07	-3.2674e-07	1.16124e-08	-5.6124e-10	4.13e-12	3.2016e-07	-3.3104e-07
0.38	-6.1995e-10	6.2204e-10	-3.64e-12	3.1916e-07	-3.1912e-07	1.7223e-10	8.973e-11	-6.41e-12	3.1896e-07	-3.192e-07	7.7554e-10	1.141e-11	-8.7e-12	3.1902e-07	-3.197e-07	1.8015e-09	-1.316e-11	9.18e-12	3.202e-07	-3.2202e-07	3.6955e-09	-7.64e-11	-8e-13	3.2024e-07	-3.2382e-07	6.6377e-09	-2.2594e-10	-1.422e-11	3.202e-07	-3.2662e-07	1.15164e-08	-5.4943e-10	3.45e-12	3.2014e-07	-3.3112e-07
0.385	-6.5209e-10	6.5409e-10	7.94e-12	3.1912e-07	-3.1916e-07	1.704e-10	9.458e-11	-7.34e-12	3.191e-07	-3.1924e-07	7.6735e-10	1.539e-11	-6.52e-12	3.1904e-07	-3.198e-07	1.791e-09	-9.44e-12	-5.25e-12	3.2024e-07	-3.2202e-07	3.7096e-09	-7.377e-11	6.5e-13	3.2022e-07	-3.239e-07	6.5644e-09	-2.1994e-10	-1.5e-12	3.202e-07	-3.2656e-07	1.16114e-08	-5.3077e-10	1.52e-12	3.2014e-07	-3.311e-07
0.39	-6.8993e-10	6.8945e-10	2.61e-12	3.1914e-07	-3.1914e-07	1.6455e-10	1.0339e-10	-1.6e-13	3.1878e-07	-3.1934e-07	7.5344e-10	1e-11	1.268e-11	3.1904e-07	-3.198e-07	1.8086e-09	-5.94e-12	-6.47e-12	3.2026e-07	-3.2198e-07	3.7149e-09	-6.553e-11	-3.15e-12	3.2022e-07	-3.2394e-07	6.4476e-09	-2.1324e-10	1.027e-11	3.2024e-07	-3.267e-07	1.15314e-08	-5.1738e-10	-2.11e-12	3.2022e-07	-3.3112e-07
0.395	-7.3925e-10	7.3728e-10	-8.73e-12	3.1912e-07	-3.1904e-07	1.5658e-10	1.0435e-10	5e-12	3.1902e-07	-3.1928e-07	7.6214e-10	1.727e-11	4.37e-12	3.1896e-07	-3.1982e-07	1.7892e-09	-8.79e-12	9.77e-12	3.2018e-07	-3.2192e-07	3.6968e-09	-6.628e-11	1.28e-12	3.2014e-07	-3.2382e-07	6.6474e-09	-2.0247e-10	1.24e-12	3.2018e-07	-3.2672e-07	1.1446e-08	-5.0007e-10	-3.47e-12	3.2022e-07	-3.3112e-07
0.4	-7.7886e-10	7.7612e-10	1.83e-12	3.1912e-07	-3.1912e-07	1.4401e-10	1.1921e-10	-2.45e-12	3.1896e-07	-3.1928e-07	7.5678e-10	1.352e-11	-7.9e-12	3.1902e-07	-3.199e-07	1.8239e-09	-9.58e-12	7.5e-13	3.2016e-07	-3.2202e-07	3.6787e-09	-6.465e-11	-8.3e-13	3.2022e-07	-3.2374e-07	6.5127e-09	-1.9881e-10	2.07e-12	3.2022e-07	-3.2674e-07	1.1535e-08	-4.8652e-10	-3.48e-12	3.2012e-07	-3.3136e-07
0.405	-8.2101e-10	8.1969e-10	6.84e-12	3.1918e-07	-3.1918e-07	1.3808e-10	1.2471e-10	2.81e-12	3.1906e-07	-3.1942e-07	7.5281e-10	2.009e-11	-1.8e-12	3.1908e-07	-3.1972e-07	1.7934e-09	-3.2e-12	-5.36e-12	3.2016e-07	-3.2192e-07	3.6756e-09	-5.767e-11	2.81e-12	3.2018e-07	-3.2388e-07	6.7253e-09	-1.9133e-10	-3.1e-13	3.2026e-07	-3.2672e-07	1.1383e-08	-4.7275e-10	3.92e-12	3.202e-07	-3.3088e-07
0.41	-8.7217e-10	8.6588e-10	-4.07e-12	3.191e-07	-3.19e-07	1.2792e-10	1.2592e-10	7.07e-12	3.1902e-07	-3.193e-07	7.6005e-10	1.232e-11	2.71e-12	3.1916e-07	-3.198e-07	1.7866e-09	-3.23e-12	1.72e-12	3.2022e-07	-3.2202e-07	3.6925e-09	-5.562e-11	9.12e-12	3.2046e-07	-3.241e-07	6.8095e-09	-1.8419e-10	-4.31e-12	3.2024e-07	-3.2674e-07	1.15344e-08	-4.6419e-10	-6.8e-13	3.2024e-07	-3.311e-07
0.415	-9.2118e-10	9.2059e-10	-9.53e-12	3.1912e-07	-3.1912e-07	1.1806e-10	1.3981e-10	-8.43e-12	3.1908e-07	-3.193e-07	7.3137e-10	2.117e-11	-9.05e-12	3.1898e-07	-3.1978e-07	1.7528e-09	-7.39e-12	8.53e-12	3.2018e-07	-3.2196e-07	3.6392e-09	-5.15e-11	-1.03e-12	3.2026e-07	-3.2388e-07	6.6233e-09	-1.791e-10	-9.72e-12	3.202e-07	-3.267e-07	1.15354e-08	-4.4847e-10	5.54e-12	3.2026e-07	-3.3126e-07
0.42	-9.6886e-10	9.6841e-10	8.51e-12	3.1916e-07	-3.1906e-07	1.1106e-10	1.5032e-10	-7.1e-12	3.1908e-07	-3.1934e-07	7.5707e-10	2.376e-11	-1.94e-12	3.1906e-07	-3.1984e-07	1.8084e-09	-1.76e-12	-7.88e-12	3.2028e-07	-3.219e-07	3.6648e-09	-5.189e-11	-4.39e-12	3.2014e-07	-3.2382e-07	6.652e-09	-1.6922e-10	-2.88e-12	3.2052e-07	-3.27e-07	1.1302e-08	-4.3001e-10	-5.8e-13	3.2026e-07	-3.3112e-07
0.425	-1.02101e-09	1.02095e-09	4.84e-12	3.1914e-07	-3.1906e-07	1.0557e-10	1.5979e-10	5.96e-12	3.1908e-07	-3.1922e-07	7.6843e-10	1.808e-11	8.37e-12	3.1914e-07	-3.1984e-07	1.7981e-09	-1.94e-12	-4.22e-12	3.2026e-07	-3.2196e-07	3.6386e-09	-4.804e-11	1.71e-12	3.2046e-07	-3.2388e-07	6.5878e-09	-1.68e-10	7.8e-12	3.2026e-07	-3.2672e-07	1.14144e-08	-4.1833e-10	-3.5e-12	3.2024e-07	-3.3124e-07
0.43	-1.08856e-09	1.08151e-09	-1.082e-11	3.1906e-07	-3.1912e-07	9.311e-11	1.6665e-10	1.92e-12	3.1908e-07	-3.1924e-07	7.4242e-10	2.295e-11	3.23e-12	3.1902e-07	-3.1978e-07	1.7553e-09	-4.07e-12	8.24e-12	3.2026e-07	-3.2196e-07	3.5785e-09	-4.256e-11	-4.31e-12	3.2022e-07	-3.2374e-07	6.6594e-09	-1.5859e-10	2.71e-12	3.2024e-07	-3.267e-07	1.14588e-08	-4.1304e-10	3.91e-12	3.202e-07	-3.3118e-07
0.435	-1.1437e-09	1.1408e-09	-5.64e-12	3.1902e-07	-3.1906e-07	6.974e-11	1.835e-10	-7.11e-12	3.1896e-07	-3.1922e-07	7.3901e-10	2.701e-11	-8.46e-12	3.19e-07	-3.1976e-07	1.7683e-09	-5.76e-12	-2.82e-12	3.2024e-07	-3.2198e-07	3.5764e-09	-4.595e-11	-2.35e-12	3.2022e-07	-3.238e-07	6.5256e-09	-1.5129e-10	-2.57e-12	3.2022e-07	-3.267e-07	1.15826e-08	-3.9121e-10	-5.88e-12	3.201e-07	-3.314e-07
0.44	-1.1992e-09	1.1946e-09	-1.14e-12	3.1908e-07	-3.1904e-07	7.394e-11	1.9671e-10	1.79e-12	3.1902e-07	-3.1926e-07	7.4897e-10	2.509e-11	4.15e-12	3.1906e-07	-3.1976e-07	1.8124e-09	4.58e-12	-1.53e-12	3.202e-07	-3.2226e-07	3.6941e-09	-3.702e-11	3.67e-12	3.2024e-07	-3.2392e-07	6.7775e-09	-1.5096e-10	1.091e-11	3.2024e-07	-3.2666e-07	1.15876e-08	-3.9094e-10	5.77e-12	3.2022e-07	-3.3094e-07
0.445	-1.2603e-09	1.264e-09	8.78e-12	3.1918e-07	-3.1906e-07	5.26e-11	2.0272e-10	9.09e-12	3.1914e-07	-3.1926e-07	7.6999e-10	2.9e-11	8.92e-12	3.1906e-07	-3.198e-07	1.825e-09	-1.51e-12	6.34e-12	3.2026e-07	-3.22e-07	3.6061e-09	-3.939e-11	-4.1e-13	3.202e-07	-3.2378e-07	6.7386e-09	-1.4209e-10	-1.11e-12	3.2018e-07	-3.2678e-07	1.12668e-08	-3.723e-10	-3.85e-12	3.2014e-07	-3.31e-07
0.45	-1.3239e-09	1.3269e-09	3.8e-12	3.1912e-07	-3.1912e-07	4.003e-11	2.2046e-10	-4.56e-12	3.1904e-07	-3.1924e-07	7.2329e-10	3.304e-11	-8.49e-12	3.1902e-07	-3.1976e-07	1.806e-09	-4.98e-12	3.21e-12	3.202e-07	-3.219e-07	3.6466e-09	-3.338e-11	-5.06e-12	3.2016e-07	-3.238e-07	6.6778e-09	-1.3479e-10	-1.013e-11	3.202e-07	-3.2668e-07	1.14376e-08	-3.6028e-10	-1.99e-12	3.2018e-07	-3.313e-07
0.455	-1.4064e-09	1.3985e-09	-5.57e-12	3.1906e-07	-3.1904e-07	2.035e-11	2.3522e-10	-6.43e-12	3.1842e-07	-3.1868e-07	7.3473e-10	3.303e-11	-1.96e-12	3.1902e-07	-3.198e-07	1.7723e-09	4.89e-12	-7.39e-12	3.2022e-07	-3.2192e-07	3.6745e-09	-3.438e-11	-2.24e-12	3.2022e-07	-3.238e-07	6.7475e-09	-1.3374e-10	1.041e-11	3.202e-07	-3.2676e-07	1.12928e-08	-3.539e-10	-1.19e-12	3.2008e-07	-3.3114e-07
0.46	-1.4679e-09	1.4706e-09	-1.3e-12	3.1906e-07	-3.19e-07	1.375e-11	2.4942e-10	1.23e-12	3.1906e-07	-3.1922e-07	7.4125e-10	3.328e-11	6.61e-12	3.1902e-07	-3.198e-07	1.7855e-09	8.6e-13	1.65e-12	3.2024e-07	-3.2198e-07	3.6536e-09	-2.843e-11	5.34e-12	3.2018e-07	-3.2392e-07	6.6505e-09	-1.2782e-10	1.28e-12	3.2016e-07	-3.2662e-07	1.13578e-08	-3.3584e-10	-1.5e-12	3.2014e-07	-3.3118e-07
0.465	-1.5431e-09	1.5372e-09	2.39e-12	3.1906e-07	-3.19e-07	1.857e-11	2.6629e-10	4.28e-12	3.1902e-07	-3.1922e-07	7.2297e-10	3.756e-11	1.4e-13	3.19e-07	-3.1984e-07	1.7605e-09	2.08e-12	5e-13	3.202e-07	-3.2204e-07	3.6564e-09	-2.923e-11	-1.46e-12	3.202e-07	-3.2374e-07	6.7086e-09	-1.2224e-10	-6.46e-12	3.201e-07	-3.2674e-07	1.13496e-08	-3.2688e-10	5.4e-13	3.201e-07	-3.3122e-07
0.47	-1.6265e-09	1.6245e-09	-1.402e-11	3.1918e-07	-3.1906e-07	-2.11e-11	2.8221e-10	-2.7e-13	3.191e-07	-3.1924e-07	7.3083e-10	4.281e-11	-3.63e-12	3.1912e-07	-3.1914e-07	1.7707e-09	1.12e-12	-6.91e-12	3.2014e-07	-3.22e-07	3.6465e-09	-2.498e-11	-6.98e-12	3.2018e-07	-3.238e-07	6.5703e-09	-1.1421e-10	4.57e-12	3.2022e-07	-3.267e-07	1.14066e-08	-3.2395e-10	8.48e-12	3.202e-07	-3.311e-07
0.475	-1.7065e-09	1.7073e-09	-9.3e-13	3.1914e-07	-3.1908e-07	-4.645e-11	3.0412e-10	1.8e-13	3.1906e-07	-3.1932e-07	7.2943e-10	4.168e-11	4.33e-12	3.1914e-07	-3.1996e-07	1.7939e-09	7.33e-12	-1.33e-12	3.2022e-07	-3.219e-07	3.6335e-09	-2.66e-11	7.67e-12	3.202e-07	-3.238e-07	6.6986e-09	-1.1732e-10	6.69e-12	3.2024e-07	-3.2674e-07	1.12936e-08	-3.0876e-10	3e-12	3.2014e-07	-3.3116e-07
0.48	-1.7855e-09	1.7817e-09	1.147e-11	3.1906e-07	-3.1908e-07	-6.818e-11	3.2089e-10	7.01e-12	3.1908e-07	-3.1936e-07	7.3351e-10	4.516e-11	1.6e-12	3.192e-07	-3.1996e-07	1.7737e-09	2.26e-12	-1.3e-12	3.202e-07	-3.2192e-07	3.6325e-09	-2.327e-11	5.3e-13	3.2022e-07	-3.238e-07	6.6063e-09	-1.0798e-10	-1.6e-13	3.2016e-07	-3.268e-07	1.12262e-08	-3.0163e-10	8.29e-12	3.201e-07	-3.3104e-07
0.485	-1.8772e-09	1.8797e-09	-4.3e-13	3.1906e-07	-3.1904e-07	-7.879e-11	3.4498e-10	-9.63e-12	3.1914e-07	-3.1928e-07	7.1983e-10	4.784e-11	-8.52e-12	3.1908e-07	-3.199e-07	1.7576e-09	3.53e-12	8.5e-13	3.2012e-07	-3.2196e-07	3.6544e-09	-2.055e-11	-5.59e-12	3.2016e-07	-3.2376e-07	6.7102e-09	-9.929e-11	-8.33e-12	3.2022e-07	-3.2668e-07	1.13814e-08	-2.8785e-10	-6.54e-12	3.201e-07	-3.3088e-07
0.49	-1.9754e-09	1.9722e-09	1.62e-12	3.1916e-07	-3.1906e-07	-1.0175e-10	3.6242e-10	-6.62e-12	3.1906e-07	-3.1922e-07	7.1996e-10	5.232e-11	-1.7e-12	3.1906e-07	-3.1986e-07	1.7934e-09	7.07e-12	-1.74e-12	3.2028e-07	-3.22e-07	3.6452e-09	-1.916e-11	6.1e-12	3.2016e-07	-3.2386e-07	6.6994e-09	-1.0276e-10	-7e-13	3.2024e-07	-3.2676e-07	1.12622e-08	-2.7827e-10	-4.1e-13	3.2014e-07	-3.311e-07
0.495	-2.0596e-09	2.0587e-09	9.18e-12	3.1914e-07	-3.1908e-07	-1.247e-10	3.8856e-10	4.1e-13	3.1908e-07	-3.1928e-07	7.0789e-10	5.469e-11	9.12e-12	3.1914e-07	-3.1978e-07	1.7506e-09	4.19e-12	4.64e-12	3.2022e-07	-3.22e-07	3.6524e-09	-1.899e-11	6.35e-12	3.2014e-07	-3.2374e-07	6.6835e-09	-9.728e-11	-3.23e-12	3.202e-07	-3.2688e-07	1.13422e-08	-2.731e-10	8.9e-13	3.201e-07	-3.311e-07
0.5	-2.1659e-09	2.1608e-09	-1.05e-12	3.1902e-07	-3.1908e-07	-1.5559e-10	4.1489e-10	-1e-14	3.1902e-07	-3.1924e-07	7.0347e-10	5.816e-11	1.01e-12	3.1904e-07	-3.1974e-07	1.7456e-09	6.02e-12	-3.6e-13	3.2012e-07	-3.2196e-07	3.6537e-09	-1.736e-11	-1.063e-11	3.2016e-07	-3.2386e-07	6.8635e-09	-9.087e-11	-1.083e-11	3.202e-07	-3.2692e-07	1.12618e-08	-2.612e-10	-1.38e-12	3.2016e-07	-3.31e-07
0.505	-2.2575e-09	2.2591e-09	-7.38e-12	3.1912e-07	-3.1916e-07	-1.8383e-10	4.3792e-10	1.64e-12	3.1896e-07	-3.1928e-07	7.0492e-10	6.365e-11	-7.2e-12	3.1906e-07	-3.1976e-07	1.7601e-09	5.2e-12	-1.92e-12	3.202e-07	-3.2198e-07	3.6214e-09	-1.122e-11	-5.02e-12	3.2022e-07	-3.2386e-07	6.6879e-09	-8.484e-11	6.73e-12	3.2022e-07	-3.267e-07	1.13136e-08	-2.5775e-10	9.18e-12	3.2016e-07	-3.3102e-07
0.51	-2.3693e-09	2.3717e-09	-1.3e-12	3.1918e-07	-3.191e-07	-2.0576e-10	4.666e-10	-1.78e-12	3.1914e-07	-3.1924e-07	6.9243e-10	6.435e-11	4.35e-12	3.1906e-07	-3.1982e-07	1.6945e-09	1.11e-11	3.62e-12	3.2022e-07	-3.2184e-07	3.5799e-09	-1.712e-11	7.12e-12	3.2024e-07	-3.2374e-07	6.6832e-09	-9.182e-11	1.056e-11	3.2022e-07	-3.2676e-07	1.1249e-08	-2.4343e-10	-5.29e-12	3.2012e-07	-3.3116e-07
0.515	-2.4827e-09	2.4779e-09	-1.94e-12	3.1912e-07	-3.1912e-07	-2.3346e-10	4.9678e-10	3.85e-12	3.1906e-07	-3.1934e-07	6.9671e-10	7.032e-11	-8.9e-13	3.1902e-07	-3.1968e-07	1.7477e-09	4.87e-12	-2.05e-12	3.2018e-07	-3.2196e-07	3.5518e-09	-1.016e-11	-4e-14	3.2016e-07	-3.2376e-07	6.6898e-09	-7.708e-11	-4.6e-12	3.202e-07	-3.269e-07	1.13298e-08	-2.3828e-10	4.37e-12	3.202e-07	-3.311e-07
0.52	-2.594e-09	2.5951e-09	-6.4e-13	3.1908e-07	-3.1834e-07	-2.7147e-10	5.2539e-10	-2.58e-12	3.1908e-07	-3.193e-07	6.9323e-10	7.893e-11	-4.31e-12	3.19e-07	-3.1972e-07	1.7086e-09	1.111e-11	-9.6e-13	3.2026e-07	-3.2192e-07	3.6469e-09	-8.93e-12	-1.03e-12	3.2012e-07	-3.2378e-07	6.6006e-09	-7.731e-11	4.07e-12	3.2022e-07	-3.2676e-07	1.0957e-08	-2.255e-10	-6.97e-12	3.202e-07	-3.3124e-07
0.525	-2.715e-09	2.7184e-09	4.5e-13	3.192e-07	-3.1912e-07	-3.045e-10	5.5788e-10	-4.14e-12	3.1896e-07	-3.1928e-07	6.7274e-10	8.068e-11	4.3e-12	3.1904e-07	-3.1976e-07	1.7768e-09	8.02e-12	1.13e-12	3.2016e-07	-3.2198e-07	3.6044e-09	-1.195e-11	6.67e-12	3.2028e-07	-3.2382e-07	6.6989e-09	-7.948e-11	4.83e-12	3.2018e-07	-3.2676e-07	1.12338e-08	-2.2354e-10	-3.02e-12	3.2014e-07	-3.3108e-07
0.53	-2.8337e-09	2.8295e-09	3.39e-12	3.1912e-07	-3.1912e-07	-3.3259e-10	5.9168e-10	2.58e-12	3.1906e-07	-3.193e-07	6.7058e-10	8.737e-11	6.88e-12	3.1914e-07	-3.1918e-07	1.7519e-09	1.223e-11	-2.81e-12	3.202e-07	-3.219e-07	3.5741e-09	-1.244e-11	7.64e-12	3.2022e-07	-3.2386e-07	6.5056e-09	-6.945e-11	-8.21e-12	3.202e-07	-3.2678e-07	1.11868e-08	-2.1323e-10	9.3e-13	3.2016e-07	-3.312e-07
0.535	-2.975e-09	2.9715e-09	4.01e-12	3.1904e-07	-3.19e-07	-3.719e-10	6.2903e-10	1.2e-12	3.1908e-07	-3.1916e-07	6.7456e-10	9.044e-11	-1.97e-12	3.1908e-07	-3.1984e-07	1.7272e-09	9.66e-12	-6.44e-12	3.202e-07	-3.2182e-07	3.6181e-09	-7.26e-12	-1.01e-11	3.202e-07	-3.2372e-07	6.7063e-09	-6.519e-11	-3.52e-12	3.202e-07	-3.267e-07	1.11306e-08	-2.0879e-10	1.95e-12	3.2026e-07	-3.3106e-07
0.54	-3.0864e-09	3.0971e-09	-1.57e-12	3.1916e-07	-3.191e-07	-4.1431e-10	6.6363e-10	-8e-14	3.1838e-07	-3.1858e-07	6.5905e-10	9.687e-11	-3.29e-12	3.1906e-07	-3.1978e-07	1.7603e-09	1.283e-11	2.8e-12	3.2018e-07	-3.2186e-07	3.6184e-09	-4.18e-12	-1.62e-12	3.2016e-07	-3.2388e-07	6.5823e-09	-6.529e-11	-7.4e-13	3.2016e-07	-3.2682e-07	1.1305e-08	-2.0139e-10	1.24e-12	3.202e-07	-3.3128e-07
0.545	-3.2482e-09	3.24e-09	2.1e-12	3.1904e-07	-3.1902e-07	-4.4146e-10	7.0553e-10	1.87e-12	3.1914e-07	-3.1924e-07	6.4501e-10	1.0466e-10	6e-12	3.1912e-07	-3.1976e-07	1.7121e-09	1.545e-11	2.46e-12	3.202e-07	-3.2198e-07	3.6349e-09	-1.099e-11	9.35e-12	3.2024e-07	-3.2384e-07	6.6989e-09	-6.437e-11	-3.04e-12	3.2016e-07	-3.2672e-07	1.12904e-08	-1.9024e-10	3.59e-12	3.2018e-07	-3.3128e-07
0.55	-3.3846e-09	3.3785e-09	-8.65e-12	3.19e-07	-3.1902e-07	-4.7885e-10	7.4799e-10	2.56e-12	3.1912e-07	-3.1924e-07	6.7159e-10	1.109e-10	1.96e-12	3.1902e-07	-3.1976e-07	1.7511e-09	1.303e-11	-4.53e-12	3.202e-07	-3.2192e-07	3.5949e-09	-3.68e-12	-1.168e-11	3.2016e-07	-3.24e-07	6.7629e-09	-5.826e-11	1e-14	3.2022e-07	-3.2678e-07	1.13324e-08	-1.8463e-10	-9.78e-12	3.2014e-07	-3.3118e-07
0.555	-3.529e-09	3.5348e-09	1.8e-12	3.191e-07	-3.1912e-07	-5.3559e-10	7.8825e-10	-2.02e-12	3.1902e-07	-3.1924e-07	6.5278e-10	1.2082e-10	-4.55e-12	3.1908e-07	-3.1984e-07	1.7426e-09	1.833e-11	2.94e-12	3.2022e-07	-3.2192e-07	3.6117e-09	-4.32e-12	-8.15e-12	3.2014e-07	-3.2372e-07	6.7181e-09	-5.36e-11	2.89e-12	3.2022e-07	-3.269e-07	1.12132e-08	-1.7779e-10	6.37e-12	3.2026e-07	-3.313e-07
0.56	-3.68e-09	3.6845e-09	2.35e-12	3.1924e-07	-3.1916e-07	-5.4941e-10	8.3531e-10	-5e-12	3.19e-07	-3.1936e-07	6.6217e-10	1.236e-10	-5.68e-12	3.1904e-07	-3.1974e-07	1.7566e-09	1.194e-11	4.91e-12	3.2028e-07	-3.218e-07	3.5418e-09	-5.51e-12	3.84e-12	3.2024e-07	-3.2374e-07	6.7038e-09	-5.682e-11	7.65e-12	3.2016e-07	-3.2682e-07	1.13106e-08	-1.7317e-10	-5.15e-12	3.2022e-07	-3.3128e-07
0.565	-3.8545e-09	3.8513e-09	-3.32e-12	3.1912e-07	-3.191e-07	-6.09e-10	8.8377e-10	-2.25e-12	3.1912e-07	-3.1928e-07	6.4166e-10	1.3715e-10	1e-12	3.1908e-07	-3.1978e-07	1.727e-09	2.333e-11	-3.35e-12	3.2018e-07	-3.2184e-07	3.5991e-09	-5.79e-12	-8.7e-13	3.2016e-07	-3.2368e-07	6.666e-09	-4.946e-11	2e-12	3.2022e-07	-3.2682e-07	1.1249e-08	-1.6983e-10	4.41e-12	3.2018e-07	-3.314e-07
0.57	-4.0168e-09	4.0177e-09	6.08e-12	3.1914e-07	-3.1922e-07	-6.7171e-10	9.336e-10	1.98e-12	3.1904e-07	-3.1936e-07	6.2621e-10	1.4438e-10	-1.05e-12	3.1898e-07	-3.1974e-07	1.7219e-09	1.546e-11	-7e-13	3.202e-07	-3.2194e-07	3.6265e-09	-2.77e-12	-6.55e-12	3.202e-07	-3.2368e-07	6.7831e-09	-4.325e-11	-1.25e-12	3.2018e-07	-3.2684e-07	1.13508e-08	-1.6268e-10	3.16e-12	3.2026e-07	-3.3104e-07
0.575	-4.1811e-09	4.1861e-09	8.31e-12	3.1912e-07	-3.192e-07	-7.2303e-10	9.8549e-10	2.79e-12	3.1902e-07	-3.1928e-07	6.1431e-10	1.5308e-10	1.09e-12	3.19e-07	-3.1972e-07	1.7336e-09	2.335e-11	5.93e-12	3.2026e-07	-3.2194e-07	3.5578e-09	-2.5e-13	3.9e-12	3.202e-07	-3.2384e-07	6.7323e-09	-4.913e-11	3.56e-12	3.2022e-07	-3.2676e-07	1.13704e-08	-1.5352e-10	-5.82e-12	3.2026e-07	-3.314e-07
0.58	-4.3763e-09	4.3728e-09	-4.96e-12	3.1918e-07	-3.191e-07	-7.6652e-10	1.04211e-09	2.8e-13	3.19e-07	-3.193e-07	6.0463e-10	1.6653e-10	7.19e-12	3.1908e-07	-3.197e-07	1.7506e-09	2.177e-11	8.4e-13	3.2014e-07	-3.219e-07	3.592e-09	-5.85e-12	7.96e-12	3.202e-07	-3.2378e-07	6.5537e-09	-4.164e-11	-7.67e-12	3.2026e-07	-3.2678e-07	1.12758e-08	-1.4485e-10	9.25e-12	3.2028e-07	-3.3132e-07
0.585	-4.5607e-09	4.5604e-09	-3.51e-12	3.1918e-07	-3.1908e-07	-8.3501e-10	1.10158e-09	2.77e-12	3.1908e-07	-3.1922e-07	5.9213e-10	1.714e-10	-8e-14	3.1904e-07	-3.1972e-07	1.742e-09	2.372e-11	-6.97e-12	3.202e-07	-3.2196e-07	3.611e-09	-1.59e-12	-7.84e-12	3.2016e-07	-3.2392e-07	6.763e-09	-3.796e-11	-3.49e-12	3.2016e-07	-3.269e-07	1.13754e-08	-1.4086e-10	-5.09e-12	3.2024e-07	-3.3126e-07
0.59	-4.7573e-09	4.758e-09	8.08e-12	3.1912e-07	-3.1918e-07	-8.9005e-10	1.1631e-09	2.47e-12	3.1902e-07	-3.193e-07	5.8309e-10	1.8719e-10	-3.42e-12	3.1894e-07	-3.197e-07	1.7245e-09	2.903e-11	2e-12	3.2028e-07	-3.2192e-07	3.5566e-09	2.07e-12	-3.08e-12	3.2026e-07	-3.238e-07	6.7148e-09	-3.701e-11	3.73e-12	3.2022e-07	-3.2676e-07	1.13038e-08	-1.3988e-10	8.19e-12	3.2026e-07	-3.3136e-07
0.595	-4.9573e-09	4.9561e-09	-7.32e-12	3.1844e-07	-3.1852e-07	-9.6293e-10	1.219e-09	6.22e-12	3.1902e-07	-3.1924e-07	5.7888e-10	1.9501e-10	-9.3e-13	3.1884e-07	-3.1976e-07	1.6973e-09	2.596e-11	2.17e-12	3.2028e-07	-3.2188e-07	3.4851e-09	-3.1e-12	9.05e-12	3.2028e-07	-3.238e-07	6.6871e-09	-3.571e-11	-2.45e-12	3.2014e-07	-3.2678e-07	1.13352e-08	-1.3273e-10	2.7e-13	3.2014e-07	-3.314e-07
0.6	-5.1772e-09	5.1745e-09	-4.71e-12	3.1918e-07	-3.1916e-07	-1.01907e-09	1.2906e-09	-3.13e-12	3.1902e-07	-3.1928e-07	5.5873e-10	2.1873e-10	3.05e-12	3.191e-07	-3.1978e-07	1.707e-09	3.461e-11	-1.027e-11	3.2022e-07	-3.2186e-07	3.431e-09	-1.7e-12	3.12e-12	3.2016e-07	-3.2362e-07	6.7185e-09	-3.136e-11	3.61e-12	3.2024e-07	-3.2686e-07	1.11326e-08	-1.3142e-10	-8.5e-13	3.202e-07	-3.3122e-07
0.605	-5.3872e-09	5.3899e-09	3.86e-12	3.1918e-07	-3.1916e-07	-1.09661e-09	1.3596e-09	-5.46e-12	3.1902e-07	-3.1928e-07	5.3854e-10	2.21e-10	1.51e-12	3.1902e-07	-3.1976e-07	1.7346e-09	3.103e-11	-4.37e-12	3.2016e-07	-3.2194e-07	3.5809e-09	3.77e-12	-9.65e-12	3.2026e-07	-3.2376e-07	6.7329e-09	-3.237e-11	1.97e-12	3.2016e-07	-3.2662e-07	1.13024e-08	-1.2366e-10	-5.62e-12	3.2016e-07	-3.3144e-07
0.61	-5.6197e-09	5.6201e-09	3.31e-12	3.1914e-07	-3.191e-07	-1.1638e-09	1.4306e-09	-2.81e-12	3.1894e-07	-3.1924e-07	5.2515e-10	2.4094e-10	-4.89e-12	3.19e-07	-3.1982e-07	1.7064e-09	3.484e-11	5.99e-12	3.2026e-07	-3.219e-07	3.506e-09	1.08e-12	4.52e-12	3.2028e-07	-3.237e-07	6.6667e-09	-2.688e-11	-4.85e-12	3.202e-07	-3.2684e-07	1.12856e-08	-1.1676e-10	-6.69e-12	3.2026e-07	-3.3124e-07
0.615	-5.8656e-09	5.8625e-09	-5.53e-12	3.1908e-07	-3.1916e-07	-1.2387e-09	1.498e-09	7.49e-12	3.1898e-07	-3.1924e-07	5.0747e-10	2.5937e-10	-1.28e-12	3.1914e-07	-3.1982e-07	1.7344e-09	3.515e-11	-2.6e-12	3.2026e-07	-3.2202e-07	3.4971e-09	-1.58e-12	1.23e-12	3.2022e-07	-3.2374e-07	6.7599e-09	-2.657e-11	3.12e-12	3.202e-07	-3.2676e-07	1.13414e-08	-1.1269e-10	-8.17e-12	3.2014e-07	-3.3132e-07
0.62	-6.1007e-09	6.1085e-09	-3.72e-12	3.1914e-07	-3.1922e-07	-1.316e-09	1.5756e-09	-2.11e-12	3.1886e-07	-3.1918e-07	4.8873e-10	2.7193e-10	-8.2e-13	3.1906e-07	-3.1978e-07	1.7042e-09	4.28e-11	-1.94e-12	3.2016e-07	-3.2198e-07	3.5592e-09	4.03e-12	-8.88e-12	3.2014e-07	-3.2366e-07	6.6993e-09	-2.73e-11	4.5e-13	3.202e-07	-3.2678e-07	1.12692e-08	-1.073e-10	5.48e-12	3.2026e-07	-3.315e-07
0.625	-6.3697e-09	6.3673e-09	7.85e-12	3.1918e-07	-3.1916e-07	-1.3957e-09	1.6584e-09	-3.58e-12	3.1894e-07	-3.1924e-07	4.7555e-10	2.9021e-10	3.68e-12	3.189e-07	-3.1912e-07	1.6762e-09	3.991e-11	1.207e-11	3.2022e-07	-3.2202e-07	3.5502e-09	8.15e-12	3.81e-12	3.2026e-07	-3.238e-07	6.6375e-09	-2.186e-11	-4.47e-12	3.2014e-07	-3.2676e-07	1.1162e-08	-1.0816e-10	-7.26e-12	3.202e-07	-3.3128e-07
0.63	-6.6383e-09	6.635e-09	-1.087e-11	3.1914e-07	-3.1906e-07	-1.4808e-09	1.7421e-09	3.15e-12	3.1894e-07	-3.1928e-07	4.6056e-10	3.1024e-10	-1.09e-12	3.1908e-07	-3.1978e-07	1.6961e-09	4.431e-11	2.68e-12	3.2024e-07	-3.2194e-07	3.5534e-09	-6.5e-13	4.44e-12	3.2016e-07	-3.2368e-07	6.6337e-09	-2.426e-11	-1.67e-12	3.2024e-07	-3.2682e-07	1.12842e-08	-1.0248e-10	7.39e-12	3.2018e-07	-3.3128e-07
0.635	-6.9184e-09	6.9265e-09	-3.36e-12	3.192e-07	-3.1912e-07	-1.5719e-09	1.8253e-09	5e-13	3.189e-07	-3.1916e-07	4.4645e-10	3.3144e-10	1.22e-12	3.1914e-07	-3.1982e-07	1.7215e-09	4.893e-11	-1.086e-11	3.2014e-07	-3.2186e-07	3.562e-09	5.52e-12	-1.06e-12	3.201e-07	-3.2376e-07	6.5978e-09	-1.796e-11	4.91e-12	3.2016e-07	-3.2678e-07	1.14066e-08	-9.924e-11	-6.53e-12	3.2014e-07	-3.3136e-07
0.64	-7.2186e-09	7.2131e-09	8.08e-12	3.1918e-07	-3.1908e-07	-1.6566e-09	1.9177e-09	1.47e-12	3.1896e-07	-3.192e-07	4.0986e-10	3.485e-10	2.8e-13	3.1902e-07	-3.1978e-07	1.7127e-09	5.149e-11	-8.8e-13	3.2028e-07	-3.2196e-07	3.5382e-09	7.8e-12	-5.45e-12	3.202e-07	-3.239e-07	6.6862e-09	-1.858e-11	1.18e-12	3.2016e-07	-3.2694e-07	1.13222e-08	-8.956e-11	-3.1e-13	3.2022e-07	-3.3122e-07
0.645	-7.5289e-09	7.5237e-09	-1.36e-12	3.1908e-07	-3.1914e-07	-1.7503e-09	2.0105e-09	1.42e-12	3.1902e-07	-3.1918e-07	3.9083e-10	3.7405e-10	-3.62e-12	3.1894e-07	-3.1974e-07	1.683e-09	5.077e-11	4.68e-12	3.2022e-07	-3.2188e-07	3.4871e-09	4.92e-12	8.8e-13	3.2024e-07	-3.2364e-07	6.6223e-09	-1.47e-11	-3.98e-12	3.201e-07	-3.2678e-07	1.13378e-08	-8.761e-11	1.64e-12	3.2012e-07	-3.3114e-07
0.65	-7.8394e-09	7.8436e-09	-3.59e-12	3.1912e-07	-3.1912e-07	-1.8593e-09	2.105e-09	-2.36e-12	3.19e-07	-3.1916e-07	3.4558e-10	3.9919e-10	3.18e-12	3.1902e-07	-3.1966e-07	1.6816e-09	6.174e-11	-8.07e-12	3.2016e-07	-3.2192e-07	3.4583e-09	6e-12	2.84e-12	3.202e-07	-3.2362e-07	6.6387e-09	-1.796e-11	-2.75e-12	3.202e-07	-3.2674e-07	1.15838e-08	-8.322e-11	-2.25e-12	3.2016e-07	-3.3148e-07
0.655	-8.1725e-09	8.1706e-09	4.17e-12	3.1906e-07	-3.19e-07	-1.946e-09	2.2096e-09	2.53e-12	3.1898e-07	-3.1922e-07	3.3675e-10	4.2638e-10	4.09e-12	3.19e-07	-3.1972e-07	1.6671e-09	6.202e-11	-1.76e-12	3.2016e-07	-3.2196e-07	3.5067e-09	7.21e-12	-2.24e-12	3.2016e-07	-3.2382e-07	6.6055e-09	-1.603e-11	-4.58e-12	3.2012e-07	-3.267e-07	1.13998e-08	-8.496e-11	1.237e-11	3.2016e-07	-3.313e-07
0.66	-8.5216e-09	8.5127e-09	1.37e-12	3.1914e-07	-3.1906e-07	-2.0478e-09	2.317e-09	7.81e-12	3.1898e-07	-3.193e-07	2.9764e-10	4.427e-10	2.46e-12	3.1902e-07	-3.1974e-07	1.6799e-09	6.373e-11	8.21e-12	3.2022e-07	-3.2188e-07	3.4854e-09	1.277e-11	4.53e-12	3.2024e-07	-3.2366e-07	6.4317e-09	-1.244e-11	-1.057e-11	3.2014e-07	-3.267e-07	1.14692e-08	-7.671e-11	5.2e-13	3.2064e-07	-3.3198e-07
0.665	-8.8762e-09	8.8791e-09	-2.61e-12	3.1922e-07	-3.1914e-07	-2.1564e-09	2.4271e-09	-8.39e-12	3.1902e-07	-3.1928e-07	2.6931e-10	4.8243e-10	-7.37e-12	3.1896e-07	-3.1976e-07	1.6416e-09	6.969e-11	-9e-13	3.2016e-07	-3.2186e-07	3.5347e-09	2.55e-12	2.47e-12	3.2012e-07	-3.2364e-07	6.6084e-09	-1.232e-11	1.07e-12	3.202e-07	-3.2668e-07	1.13858e-08	-7.924e-11	1.154e-11	3.2014e-07	-3.3124e-07
0.67	-9.2559e-09	9.2568e-09	2.35e-12	3.1912e-07	-3.1918e-07	-2.2767e-09	2.54e-09	-7.05e-12	3.189e-07	-3.1916e-07	2.6013e-10	5.0552e-10	-1.36e-12	3.1902e-07	-3.1976e-07	1.6559e-09	7.483e-11	-8.01e-12	3.202e-07	-3.2198e-07	3.5375e-09	1.079e-11	-4.22e-12	3.2022e-07	-3.2372e-07	6.5885e-09	-1.408e-11	1.481e-11	3.2026e-07	-3.268e-07	1.1404e-08	-6.908e-11	-5.94e-12	3.2012e-07	-3.3152e-07
0.675	-9.6463e-09	9.6406e-09	-4.43e-12	3.1902e-07	-3.1904e-07	-2.387e-09	2.6524e-09	2.2e-12	3.1896e-07	-3.192e-07	2.2937e-10	5.3685e-10	3.45e-12	3.1902e-07	-3.1976e-07	1.6634e-09	8.205e-11	8.56e-12	3.2022e-07	-3.2196e-07	3.5153e-09	1.273e-11	-3.56e-12	3.2022e-07	-3.2374e-07	6.5923e-09	-8.16e-12	-5.08e-12	3.201e-07	-3.2654e-07	1.13066e-08	-7.046e-11	-6.42e-12	3.202e-07	-3.3154e-07
0.68	-1.00584e-08	1.0049e-08	-7.2e-13	3.1906e-07	-3.1902e-07	-2.5117e-09	2.7798e-09	-2.05e-12	3.1906e-07	-3.1912e-07	1.8957e-10	5.7226e-10	-3.26e-12	3.1898e-07	-3.1976e-07	1.6566e-09	7.826e-11	3.8e-12	3.2024e-07	-3.219e-07	3.4997e-09	8.87e-12	-6.2e-13	3.202e-07	-3.2368e-07	6.6064e-09	-8.2e-12	-1.14e-12	3.202e-07	-3.269e-07	1.14826e-08	-6.321e-11	-8.79e-12	3.2018e-07	-3.3154e-07
0.685	-1.04739e-08	1.0472e-08	-1.3e-12	3.1912e-07	-3.1906e-07	-2.6493e-09	2.9087e-09	-1.67e-12	3.19e-07	-3.1916e-07	1.6017e-10	6.1024e-10	3.45e-12	3.19e-07	-3.1982e-07	1.6457e-09	9.512e-11	-1.108e-11	3.2014e-07	-3.2192e-07	3.434e-09	1.053e-11	-6.34e-12	3.2016e-07	-3.237e-07	6.6047e-09	-1.192e-11	7.95e-12	3.2022e-07	-3.2666e-07	1.12868e-08	-6.299e-11	1.32e-12	3.2016e-07	-3.3158e-07
0.69	-1.09281e-08	1.09204e-08	-1.12e-12	3.1846e-07	-3.1902e-07	-2.775e-09	3.0371e-09	8.79e-12	3.1832e-07	-3.1856e-07	1.221e-10	6.4558e-10	4.1e-12	3.1906e-07	-3.1978e-07	1.6102e-09	9.468e-11	3.66e-12	3.202e-07	-3.2186e-07	3.4856e-09	1.459e-11	-1.38e-12	3.202e-07	-3.238e-07	6.468e-09	-5.12e-12	-7.21e-12	3.202e-07	-3.267e-07	1.12748e-08	-6.073e-11	-4.3e-12	3.2012e-07	-3.3148e-07
0.695	-1.13926e-08	1.13876e-08	8.6e-13	3.19e-07	-3.19e-07	-2.9204e-09	3.1807e-09	7.25e-12	3.1902e-07	-3.191e-07	9.545e-11	6.7315e-10	6.7e-13	3.19e-07	-3.1972e-07	1.6389e-09	1.0038e-10	7.67e-12	3.2028e-07	-3.2192e-07	3.5196e-09	1.335e-11	-4.1e-13	3.2018e-07	-3.2372e-07	6.6375e-09	-7.29e-12	-7.02e-12	3.2012e-07	-3.2662e-07	1.1346e-08	-5.898e-11	8.39e-12	3.202e-07	-3.3154e-07
0.7	-1.18448e-08	1.19014e-08	-2.31e-12	3.1914e-07	-3.1908e-07	-3.0637e-09	3.3217e-09	-1.237e-11	3.189e-07	-3.1914e-07	6.008e-11	7.3245e-10	-2.63e-12	3.1906e-07	-3.198e-07	1.6301e-09	1.0964e-10	-2.23e-12	3.2022e-07	-3.2194e-07	3.5279e-09	1.364e-11	-2.96e-12	3.2012e-07	-3.237e-07	6.6353e-09	-3.09e-12	2e-13	3.2026e-07	-3.266e-07	1.12172e-08	-4.988e-11	-1.092e-11	3.2018e-07	-3.3162e-07
0.705	-1.23494e-08	1.23984e-08	7.08e-12	3.1912e-07	-3.19e-07	-3.2121e-09	3.4725e-09	-4.73e-12	3.1898e-07	-3.1928e-07	4.47e-12	7.6024e-10	3.92e-12	3.1902e-07	-3.1978e-07	1.6217e-09	1.1781e-10	-3.25e-12	3.2022e-07	-3.2198e-07	3.5244e-09	1.374e-11	4.89e-12	3.2028e-07	-3.237e-07	6.5609e-09	-1.056e-11	7.06e-12	3.2024e-07	-3.2676e-07	1.14374e-08	-5.321e-11	4.98e-12	3.2016e-07	-3.3164e-07
0.71	-1.2882e-08	1.29284e-08	-4.1e-12	3.191e-07	-3.1908e-07	-3.3653e-09	3.6215e-09	6.6e-12	3.1894e-07	-3.1912e-07	-6.57e-11	8.1054e-10	2.61e-12	3.191e-07	-3.1978e-07	1.6152e-09	1.2345e-10	7.01e-12	3.2028e-07	-3.2192e-07	3.4317e-09	2.156e-11	1.68e-12	3.2022e-07	-3.2358e-07	6.5514e-09	-1.75e-12	-2.36e-12	3.2018e-07	-3.2674e-07	1.13328e-08	-4.6e-11	-6.3e-12	3.2016e-07	-3.3146e-07
0.715	-1.34294e-08	1.3477e-08	-3.79e-12	3.1912e-07	-3.1906e-07	-3.5279e-09	3.7844e-09	-8.13e-12	3.1894e-07	-3.1928e-07	-9.86e-11	8.5536e-10	-9.79e-12	3.19e-07	-3.198e-07	1.5687e-09	1.2497e-10	-1.06e-12	3.2022e-07	-3.2192e-07	3.5234e-09	1.31e-11	-9.4e-13	3.2022e-07	-3.2364e-07	6.6289e-09	-1.09e-12	5.6e-12	3.2016e-07	-3.2672e-07	1.14002e-08	-4.903e-11	4.88e-12	3.2022e-07	-3.3146e-07
0.72	-1.40048e-08	1.4055e-08	-3e-13	3.1908e-07	-3.1904e-07	-3.6972e-09	3.9549e-09	1.43e-12	3.1898e-07	-3.1928e-07	-1.3134e-10	9.0549e-10	-3.97e-12	3.1904e-07	-3.1978e-07	1.5556e-09	1.4584e-10	-7.37e-12	3.2022e-07	-3.2202e-07	3.472e-09	1.961e-11	-2.17e-12	3.2024e-07	-3.237e-07	6.5881e-09	-7.36e-12	1.255e-11	3.2014e-07	-3.2672e-07	1.1533e-08	-4.693e-11	4.27e-12	3.202e-07	-3.3154e-07
0.725	-1.46074e-08	1.46494e-08	-5.93e-12	3.1914e-07	-3.1898e-07	-3.8665e-09	4.1214e-09	1.179e-11	3.191e-07	-3.1932e-07	-1.9872e-10	9.579e-10	3.67e-12	3.1906e-07	-3.1976e-07	1.5578e-09	1.4783e-10	6.09e-12	3.207e-07	-3.2244e-07	3.4947e-09	1.942e-11	2.58e-12	3.202e-07	-3.2366e-07	6.5142e-09	1.3e-13	-7.25e-12	3.2016e-07	-3.2672e-07	1.13972e-08	-3.852e-11	-1.99e-12	3.202e-07	-3.316e-07
0.73	-1.52322e-08	1.5285e-08	6.88e-12	3.1906e-07	-3.1908e-07	-4.044e-09	4.3078e-09	1.29e-12	3.1866e-07	-3.1932e-07	-2.4338e-10	1.00754e-09	7.5e-13	3.191e-07	-3.1976e-07	1.5607e-09	1.5871e-10	4.17e-12	3.2024e-07	-3.2202e-07	3.4285e-09	2.215e-11	-6.1e-13	3.2016e-07	-3.2376e-07	6.5373e-09	-4.3e-13	-1.259e-11	3.202e-07	-3.2678e-07	1.13308e-08	-4.072e-11	4.15e-12	3.2014e-07	-3.3148e-07
0.735	-1.58866e-08	1.59368e-08	-8.48e-12	3.1908e-07	-3.1904e-07	-4.2305e-09	4.4859e-09	-8.62e-12	3.1906e-07	-3.1922e-07	-3.367e-10	1.0729e-09	-5.4e-13	3.1906e-07	-3.1982e-07	1.5235e-09	1.7102e-10	-1.56e-12	3.2024e-07	-3.2202e-07	3.4812e-09	2.564e-11	-2.24e-12	3.202e-07	-3.2364e-07	6.6251e-09	-1.73e-12	2.67e-12	3.202e-07	-3.2676e-07	1.11964e-08	-3.819e-11	-6.58e-12	3.2022e-07	-3.3166e-07
0.74	-1.65788e-08	1.66226e-08	-3.51e-12	3.1912e-07	-3.19e-07	-4.4317e-09	4.688e-09	8.1e-13	3.1912e-07	-3.1932e-07	-3.7037e-10	1.12468e-09	5.69e-12	3.1896e-07	-3.1972e-07	1.5577e-09	1.8441e-10	-2.11e-12	3.2024e-07	-3.2192e-07	3.4916e-09	2.181e-11	4.72e-12	3.2026e-07	-3.2366e-07	6.5823e-09	-4.21e-12	-2e-12	3.2012e-07	-3.267e-07	1.13014e-08	-3.241e-11	-6.7e-13	3.2014e-07	-3.3138e-07
0.745	-1.72824e-08	1.73288e-08	-1.39e-12	3.19e-07	-3.191e-07	-4.6296e-09	4.8852e-09	-1.61e-12	3.191e-07	-3.193e-07	-4.2618e-10	1.1867e-09	6.21e-12	3.1844e-07	-3.198e-07	1.5156e-09	1.891e-10	4.83e-12	3.2022e-07	-3.2196e-07	3.5082e-09	3.105e-11	1.85e-12	3.2022e-07	-3.2374e-07	6.591e-09	4.39e-12	-8.5e-12	3.202e-07	-3.2678e-07	1.14648e-08	-3.677e-11	-3.26e-12	3.201e-07	-3.3154e-07
0.75	-1.80322e-08	1.80852e-08	-3.7e-12	3.1882e-07	-3.1894e-07	-4.8407e-09	5.1014e-09	-5.8e-12	3.1908e-07	-3.1924e-07	-5.0302e-10	1.2492e-09	6.97e-12	3.191e-07	-3.1974e-07	1.5222e-09	2.0514e-10	-4.95e-12	3.2022e-07	-3.2192e-07	3.4654e-09	2.8e-11	-7.58e-12	3.202e-07	-3.2366e-07	6.6409e-09	-4.2e-13	1.173e-11	3.2024e-07	-3.2678e-07	1.14036e-08	-3.222e-11	1.8e-12	3.2022e-07	-3.3138e-07
0.755	-1.88128e-08	1.88548e-08	-3.6e-12	3.1918e-07	-3.1906e-07	-5.0565e-09	5.3223e-09	-2.3e-13	3.1902e-07	-3.1928e-07	-5.8132e-10	1.3225e-09	-8.29e-12	3.1896e-07	-3.1972e-07	1.5111e-09	2.223e-10	-1.94e-12	3.2024e-07	-3.2192e-07	3.4584e-09	3.337e-11	9.3e-13	3.2022e-07	-3.2366e-07	6.6052e-09	-1.2e-12	6.42e-12	3.2022e-07	-3.2686e-07	1.13334e-08	-3.101e-11	-8.2e-13	3.2014e-07	-3.3142e-07
0.76	-1.9633e-08	1.96878e-08	-4.04e-12	3.1902e-07	-3.1894e-07	-5.2941e-09	5.5508e-09	4.38e-12	3.1904e-07	-3.1912e-07	-6.3484e-10	1.3928e-09	-3.89e-12	3.1904e-07	-3.197e-07	1.5281e-09	2.3302e-10	2.89e-12	3.2024e-07	-3.2188e-07	3.4884e-09	3.435e-11	4.91e-12	3.2014e-07	-3.2368e-07	6.4932e-09	3.92e-12	-5.01e-12	3.202e-07	-3.2672e-07	1.14072e-08	-2.779e-11	1.96e-12	3.2016e-07	-3.3122e-07
0.765	-2.04838e-08	2.05312e-08	-7.66e-12	3.1898e-07	-3.191e-07	-5.5188e-09	5.7821e-09	-1.34e-12	3.1902e-07	-3.1922e-07	-6.6982e-10	1.4611e-09	4.55e-12	3.1908e-07	-3.1974e-07	1.4933e-09	2.4543e-10	-1.75e-12	3.2026e-07	-3.2188e-07	3.4589e-09	3.72e-11	-9.35e-12	3.2018e-07	-3.237e-07	6.518e-09	5.34e-12	-3.73e-12	3.203e-07	-3.2676e-07	1.12936e-08	-2.412e-11	-1.152e-11	3.2014e-07	-3.3152e-07
0.77	-2.13804e-08	2.1432e-08	4.44e-12	3.1906e-07	-3.1898e-07	-5.7733e-09	6.0374e-09	-4.46e-12	3.1902e-07	-3.1924e-07	-7.7698e-10	1.5361e-09	-6.35e-12	3.1902e-07	-3.1964e-07	1.4454e-09	2.6672e-10	1.96e-12	3.2028e-07	-3.2192e-07	3.4529e-09	4.094e-11	-2.01e-12	3.2022e-07	-3.2368e-07	6.5815e-09	8.8e-13	-1.71e-12	3.2026e-07	-3.2682e-07	1.13456e-08	-2.44e-11	7.04e-12	3.202e-07	-3.3164e-07
0.775	-2.23172e-08	2.23596e-08	-5.39e-12	3.1908e-07	-3.1904e-07	-6.0155e-09	6.2868e-09	5.73e-12	3.19e-07	-3.1918e-07	-8.4196e-10	1.6218e-09	-3.94e-12	3.19e-07	-3.1962e-07	1.4484e-09	2.833e-10	2.13e-12	3.2026e-07	-3.219e-07	3.4624e-09	3.931e-11	5.77e-12	3.2022e-07	-3.2366e-07	6.5399e-09	2.25e-12	-3.37e-12	3.2018e-07	-3.2672e-07	1.13284e-08	-2.456e-11	-6.43e-12	3.2026e-07	-3.3142e-07
0.78	-2.32976e-08	2.33382e-08	-5.75e-12	3.1906e-07	-3.19e-07	-6.3024e-09	6.5567e-09	-3.29e-12	3.1906e-07	-3.193e-07	-9.3165e-10	1.6996e-09	8.74e-12	3.1906e-07	-3.1976e-07	1.3693e-09	2.9956e-10	3.89e-12	3.2016e-07	-3.2184e-07	3.5067e-09	4.553e-11	-2.82e-12	3.2022e-07	-3.2366e-07	6.5525e-09	5.89e-12	-5.69e-12	3.202e-07	-3.2672e-07	1.135e-08	-2.153e-11	1.086e-11	3.2016e-07	-3.3148e-07
0.785	-2.43032e-08	2.4356e-08	1.32e-12	3.19e-07	-3.1906e-07	-6.5771e-09	6.8428e-09	4.57e-12	3.1908e-07	-3.1922e-07	-1.0195e-09	1.7819e-09	1.39e-12	3.19e-07	-3.1976e-07	1.4105e-09	3.1911e-10	-3.47e-12	3.2026e-07	-3.2196e-07	3.4362e-09	4.84e-11	-6.25e-12	3.2022e-07	-3.2364e-07	6.4278e-09	2.87e-12	9.11e-12	3.2026e-07	-3.2674e-07	1.14006e-08	-2.225e-11	-1.7e-12	3.2018e-07	-3.3142e-07
0.79	-2.53834e-08	2.54208e-08	-5.5e-12	3.19e-07	-3.1912e-07	-6.8745e-09	7.1331e-09	1.64e-12	3.1898e-07	-3.1924e-07	-1.10509e-09	1.8761e-09	-4.92e-12	3.1906e-07	-3.1984e-07	1.3874e-09	3.414e-10	-4.5e-12	3.202e-07	-3.2192e-07	3.3915e-09	5.028e-11	6.94e-12	3.2022e-07	-3.2364e-07	6.591e-09	2.05e-12	5.84e-12	3.204e-07	-3.2684e-07	1.14454e-08	-1.771e-11	3.87e-12	3.2016e-07	-3.3158e-07
0.795	-2.64994e-08	2.65518e-08	2.97e-12	3.1904e-07	-3.1904e-07	-7.1795e-09	7.4391e-09	-6.77e-12	3.1896e-07	-3.1918e-07	-1.207e-09	1.9734e-09	-4.72e-12	3.19e-07	-3.1978e-07	1.3556e-09	3.6192e-10	-5.56e-12	3.2012e-07	-3.219e-07	3.4553e-09	5.077e-11	3.6e-12	3.202e-07	-3.2356e-07	6.5793e-09	6.03e-12	-2.09e-12	3.2018e-07	-3.2674e-07	1.1391e-08	-1.465e-11	-1.14e-12	3.201e-07	-3.3148e-07
0.8	-2.76734e-08	2.77198e-08	1.3e-13	3.1902e-07	-3.19e-07	-7.4806e-09	7.7459e-09	5.63e-12	3.1902e-07	-3.1934e-07	-1.3203e-09	2.0692e-09	3.56e-12	3.19e-07	-3.197e-07	1.3298e-09	3.8287e-10	-3.32e-12	3.201e-07	-3.2186e-07	3.4491e-09	5.995e-11	-8.63e-12	3.201e-07	-3.237e-07	6.5128e-09	6.94e-12	3.35e-12	3.2022e-07	-3.2664e-07	1.15158e-08	-1.383e-11	-2.38e-12	3.2018e-07	-3.3148e-07
0.805	-2.89204e-08	2.89666e-08	-4.88e-12	3.1912e-07	-3.191e-07	-7.824e-09	8.0882e-09	7.1e-13	3.1906e-07	-3.1928e-07	-1.4299e-09	2.1612e-09	3.9e-13	3.1896e-07	-3.1976e-07	1.3446e-09	4.1461e-10	4.94e-12	3.202e-07	-3.2184e-07	3.429e-09	5.992e-11	2.85e-12	3.202e-07	-3.2364e-07	6.4148e-09	3.37e-12	-3.46e-12	3.2016e-07	-3.2678e-07	1.136e-08	-1.594e-11	4.31e-12	3.2012e-07	-3.3164e-07
0.81	-3.0192e-08	3.02406e-08	3.8e-12	3.191e-07	-3.1882e-07	-8.1661e-09	8.4247e-09	-5.58e-12	3.1908e-07	-3.1926e-07	-1.4962e-09	2.2724e-09	-2.71e-12	3.1912e-07	-3.197e-07	1.2924e-09	4.3124e-10	3.98e-12	3.2016e-07	-3.2196e-07	3.4632e-09	6.214e-11	8.01e-12	3.2022e-07	-3.2378e-07	6.5347e-09	7.46e-12	-7.78e-12	3.202e-07	-3.266e-07	1.13282e-08	-1.319e-11	-3.17e-12	3.2022e-07	-3.314e-07
0.815	-3.15576e-08	3.16032e-08	-4.4e-13	3.1898e-07	-3.191e-07	-8.5253e-09	8.7863e-09	-1.35e-12	3.1902e-07	-3.1932e-07	-1.6101e-09	2.3841e-09	2.97e-12	3.1902e-07	-3.1976e-07	1.2882e-09	4.6388e-10	-1.21e-12	3.2016e-07	-3.219e-07	3.4461e-09	6.884e-11	-4.75e-12	3.2022e-07	-3.2372e-07	6.594e-09	1.014e-11	-3.11e-12	3.2026e-07	-3.2674e-07	1.12682e-08	-1.471e-11	2.3e-12	3.2014e-07	-3.3138e-07
0.82	-3.29596e-08	3.2996e-08	1.94e-12	3.1902e-07	-3.1904e-07	-8.8827e-09	9.1477e-09	6.29e-12	3.1906e-07	-3.1926e-07	-1.7347e-09	2.4888e-09	2.4e-12	3.1902e-07	-3.1922e-07	1.2803e-09	4.8806e-10	1.54e-12	3.202e-07	-3.2192e-07	3.4329e-09	7.573e-11	-7.24e-12	3.2026e-07	-3.2392e-07	6.5744e-09	6.18e-12	-4.9e-13	3.2022e-07	-3.2662e-07	1.12954e-08	-1.262e-11	-2.41e-12	3.2024e-07	-3.3146e-07
0.825	-3.44422e-08	3.4493e-08	6.19e-12	3.1912e-07	-3.1908e-07	-9.2782e-09	9.5447e-09	-6.18e-12	3.183e-07	-3.185e-07	-1.857e-09	2.6099e-09	-9.2e-13	3.1904e-07	-3.197e-07	1.203e-09	5.2248e-10	-4.6e-13	3.2022e-07	-3.219e-07	3.4114e-09	7.689e-11	7.88e-12	3.2026e-07	-3.2364e-07	6.5809e-09	1.121e-11	-1.48e-12	3.2022e-07	-3.2674e-07	1.13258e-08	-4.92e-12	-4e-13	3.2018e-07	-3.3154e-07
0.83	-3.59734e-08	3.60452e-08	-5.9e-12	3.1908e-07	-3.191e-07	-9.688e-09	9.9496e-09	-4.77e-12	3.19e-07	-3.1928e-07	-1.9742e-09	2.7326e-09	1.87e-12	3.2022e-07	-3.2086e-07	1.1605e-09	5.5576e-10	-7.2e-12	3.2016e-07	-3.2182e-07	3.4045e-09	8.104e-11	-5.27e-12	3.2022e-07	-3.2362e-07	6.5958e-09	8.49e-12	1.009e-11	3.2028e-07	-3.2664e-07	1.13394e-08	-9.6e-12	-5.77e-12	3.2022e-07	-3.3146e-07
0.835	-3.7651e-08	3.76918e-08	6.07e-12	3.1908e-07	-3.1906e-07	-1.01254e-08	1.03716e-08	5.71e-12	3.19e-07	-3.1924e-07	-2.105e-09	2.8607e-09	-3.19e-12	3.202e-07	-3.2096e-07	1.1399e-09	5.8531e-10	4.74e-12	3.2024e-07	-3.2186e-07	3.3692e-09	9.293e-11	-9.67e-12	3.2014e-07	-3.236e-07	6.5938e-09	1.475e-11	4.71e-12	3.2022e-07	-3.2666e-07	1.13466e-08	-7.04e-12	3.79e-12	3.202e-07	-3.3148e-07
0.84	-3.93196e-08	3.93776e-08	4.13e-12	3.1902e-07	-3.1908e-07	-1.05517e-08	1.08161e-08	2.38e-12	3.1902e-07	-3.1926e-07	-2.2186e-09	2.9837e-09	-1.6e-12	3.2014e-07	-3.2094e-07	1.1073e-09	6.2848e-10	6.54e-12	3.2018e-07	-3.219e-07	3.3219e-09	9.015e-11	7.15e-12	3.2022e-07	-3.2362e-07	6.4155e-09	1e-11	1.49e-12	3.202e-07	-3.2666e-07	1.14052e-08	-9.29e-12	-3.64e-12	3.2008e-07	-3.3158e-07
0.845	-4.1149e-08	4.1197e-08	1.1e-12	3.1902e-07	-3.191e-07	-1.1036e-08	1.12918e-08	-5.4e-12	3.19e-07	-3.193e-07	-2.3614e-09	3.1306e-09	2.81e-12	3.2022e-07	-3.2102e-07	1.0652e-09	6.5962e-10	-4.75e-12	3.2014e-07	-3.219e-07	3.4074e-09	1.0106e-10	1.12e-12	3.202e-07	-3.2364e-07	6.4745e-09	1.161e-11	1.54e-12	3.2026e-07	-3.2656e-07	1.14394e-08	-8.66e-12	7.43e-12	3.202e-07	-3.316e-07
0.85	-4.3017e-08	4.3074e-08	6.52e-12	3.191e-07	-3.191e-07	-1.14776e-08	1.17968e-08	-5.38e-12	3.19e-07	-3.1934e-07	-2.4999e-09	3.2705e-09	3.5e-12	3.2022e-07	-3.21e-07	1.0488e-09	7.0314e-10	-3.46e-12	3.2018e-07	-3.2186e-07	3.4109e-09	1.0239e-10	-2.17e-12	3.202e-07	-3.2362e-07	6.4478e-09	1.559e-11	-5.07e-12	3.202e-07	-3.2676e-07	1.1323e-08	-8.32e-12	-9.26e-12	3.2022e-07	-3.3146e-07
0.855	-4.50034e-08	4.50432e-08	-3.9e-13	3.1902e-07	-3.19e-07	-1.19782e-08	1.22976e-08	4.13e-12	3.1906e-07	-3.1934e-07	-2.6685e-09	3.4164e-09	-5.83e-12	3.202e-07	-3.209e-07	9.938e-10	7.4703e-10	-3.27e-12	3.2016e-07	-3.219e-07	3.3844e-09	1.2066e-10	-1.28e-12	3.2022e-07	-3.2356e-07	6.7688e-09	1.282e-11	-6.65e-12	3.201e-07	-3.2674e-07	1.12834e-08	4.75e-12	9.43e-12	3.2014e-07	-3.313e-07
0.86	-4.70596e-08	4.7094e-08	6.49e-12	3.1914e-07	-3.191e-07	-1.25002e-08	1.28182e-08	-1.353e-11	3.1906e-07	-3.1928e-07	-2.8033e-09	3.568e-09	-1.07e-12	3.2026e-07	-3.2096e-07	9.0058e-10	7.8308e-10	2.16e-12	3.202e-07	-3.2188e-07	3.3816e-09	1.137e-10	1.054e-11	3.2024e-07	-3.2358e-07	6.4795e-09	1.777e-11	-2.46e-12	3.2022e-07	-3.267e-07	1.11898e-08	-2.26e-12	3.4e-13	3.2016e-07	-3.3152e-07
0.865	-4.92414e-08	4.92706e-08	5.21e-12	3.1846e-07	-3.1904e-07	-1.30586e-08	1.33638e-08	2.68e-12	3.1906e-07	-3.1924e-07	-2.9599e-09	3.723e-09	4.47e-12	3.2028e-07	-3.2106e-07	8.6912e-10	8.3272e-10	-8.49e-12	3.202e-07	-3.219e-07	3.3502e-09	1.3015e-10	-2.74e-12	3.2016e-07	-3.237e-07	6.5432e-09	1.94e-11	6.9e-12	3.2028e-07	-3.267e-07	1.10782e-08	-5.13e-12	3.68e-12	3.2024e-07	-3.3124e-07
0.87	-5.15014e-08	5.154e-08	-5.25e-12	3.1914e-07	-3.1904e-07	-1.36162e-08	1.39354e-08	-3.83e-12	3.1906e-07	-3.193e-07	-3.132e-09	3.8926e-09	-9.06e-12	3.2028e-07	-3.21e-07	8.6408e-10	8.8115e-10	-6.7e-13	3.2022e-07	-3.219e-07	3.3384e-09	1.4236e-10	-1.58e-12	3.2014e-07	-3.2362e-07	6.4086e-09	1.909e-11	1.61e-12	3.2022e-07	-3.2652e-07	1.13286e-08	-4.56e-12	-3.59e-12	3.2018e-07	-3.3142e-07
0.875	-5.39004e-08	5.39362e-08	2.5e-12	3.1904e-07	-3.1906e-07	-1.4205e-08	1.45324e-08	3.2e-12	3.1904e-07	-3.1932e-07	-3.3153e-09	4.0696e-09	-2.1e-12	3.2022e-07	-3.2108e-07	7.6201e-10	9.3411e-10	4.38e-12	3.202e-07	-3.2186e-07	3.3298e-09	1.4168e-10	5.77e-12	3.2018e-07	-3.2364e-07	6.4624e-09	2.552e-11	-3.39e-12	3.202e-07	-3.2656e-07	1.11548e-08	-4.5e-13	-8.1e-12	3.2024e-07	-3.3136e-07
0.88	-5.6396e-08	5.64598e-08	2.36e-12	3.1904e-07	-3.1896e-07	-1.48338e-08	1.51578e-08	1.29e-12	3.1908e-07	-3.1924e-07	-3.4705e-09	4.2413e-09	9.18e-12	3.203e-07	-3.2102e-07	7.4468e-10	9.7859e-10	1.85e-12	3.2022e-07	-3.2182e-07	3.308e-09	1.5866e-10	-6.5e-12	3.2022e-07	-3.2396e-07	6.4666e-09	1.812e-11	7.23e-12	3.2022e-07	-3.2658e-07	1.1251e-08	-9.96e-12	-7.56e-12	3.2022e-07	-3.3122e-07
0.885	-5.906e-08	5.91014e-08	2.87e-12	3.1914e-07	-3.1904e-07	-1.54872e-08	1.581e-08	-4.72e-12	3.1902e-07	-3.1928e-07	-3.6617e-09	4.4379e-09	-1.54e-12	3.2024e-07	-3.2098e-07	6.7015e-10	1.04413e-09	-2.71e-12	3.201e-07	-3.2194e-07	3.2096e-09	1.6371e-10	-3.47e-12	3.202e-07	-3.2358e-07	6.4755e-09	2.637e-11	-6.26e-12	3.2016e-07	-3.2652e-07	1.1074e-08	9.43e-12	-9.36e-12	3.2022e-07	-3.3142e-07
0.89	-6.18202e-08	6.18566e-08	8.14e-12	3.1908e-07	-3.1904e-07	-1.61776e-08	1.6492e-08	-4.7e-12	3.19e-07	-3.193e-07	-3.865e-09	4.6257e-09	-4.16e-12	3.202e-07	-3.2088e-07	6.2835e-10	1.09777e-09	1.03e-12	3.202e-07	-3.219e-07	3.2243e-09	1.8092e-10	-6.9e-13	3.2016e-07	-3.2368e-07	6.3791e-09	2.458e-11	-1.08e-11	3.2014e-07	-3.2646e-07	1.1132e-08	-7.04e-12	-5.99e-12	3.2026e-07	-3.3142e-07
0.895	-6.47388e-08	6.47932e-08	-1.013e-11	3.1906e-07	-3.1898e-07	-1.689e-08	1.71956e-08	1.183e-11	3.1908e-07	-3.1938e-07	-4.0768e-09	4.8285e-09	6.91e-12	3.2022e-07	-3.2088e-07	5.8367e-10	1.1611e-09	5.84e-12	3.202e-07	-3.219e-07	3.2726e-09	1.8549e-10	2.89e-12	3.2014e-07	-3.2368e-07	6.4529e-09	2.627e-11	6.97e-12	3.2016e-07	-3.2654e-07	1.12332e-08	7.35e-12	1.92e-12	3.202e-07	-3.3128e-07
0.9	-6.7736e-08	6.78068e-08	2.21e-12	3.1906e-07	-3.1904e-07	-1.7625e-08	1.79378e-08	-6.35e-12	3.1904e-07	-3.1934e-07	-4.2693e-09	5.0376e-09	1.2e-12	3.2026e-07	-3.21e-07	4.9534e-10	1.2189e-09	4.76e-12	3.2008e-07	-3.219e-07	3.2722e-09	2.0212e-10	4.1e-13	3.202e-07	-3.2388e-07	6.4388e-09	2.821e-11	1.23e-12	3.2018e-07	-3.2666e-07	1.1171e-08	-1.85e-12	6.98e-12	3.2014e-07	-3.3124e-07
