vg	id_vd = 0V	ig_vd = 0V	is_vd = 0V	iavdd_vd = 0V	ignd_vd = 0V	id_vd = 0.15V	ig_vd = 0.15V	is_vd = 0.15V	iavdd_vd = 0.15V	ignd_vd = 0.15V	id_vd = 0.3V	ig_vd = 0.3V	is_vd = 0.3V	iavdd_vd = 0.3V	ignd_vd = 0.3V	id_vd = 0.45V	ig_vd = 0.45V	is_vd = 0.45V	iavdd_vd = 0.45V	ignd_vd = 0.45V	id_vd = 0.6V	ig_vd = 0.6V	is_vd = 0.6V	iavdd_vd = 0.6V	ignd_vd = 0.6V	id_vd = 0.75V	ig_vd = 0.75V	is_vd = 0.75V	iavdd_vd = 0.75V	ignd_vd = 0.75V	id_vd = 0.9V	ig_vd = 0.9V	is_vd = 0.9V	iavdd_vd = 0.9V	ignd_vd = 0.9V
1.2	-1.1854e-07	6.767e-09	3.8596e-10	4.3688e-07	-3.2632e-07	-6.10552e-08	5.0429e-09	5.524e-11	3.8344e-07	-3.2788e-07	-3.15282e-08	4.096e-09	-4.674e-11	3.5376e-07	-3.2636e-07	-1.55208e-08	3.4343e-09	-1.0816e-10	3.3814e-07	-3.2596e-07	-7.1985e-09	2.9392e-09	-1.4951e-10	3.3072e-07	-3.2624e-07	-2.974e-09	2.6792e-09	-1.7854e-10	3.2632e-07	-3.2586e-07	-1.0909e-10	2.282e-09	-1.8106e-10	3.2254e-07	-3.2388e-07
1.195	-1.1684e-07	6.3249e-09	3.8239e-10	4.3666e-07	-3.2636e-07	-6.03746e-08	4.756e-09	6.091e-11	3.832e-07	-3.276e-07	-3.1226e-08	3.8165e-09	-3.1e-11	3.53e-07	-3.2552e-07	-1.53822e-08	3.1695e-09	-9.711e-11	3.3814e-07	-3.2584e-07	-7.1041e-09	2.6992e-09	-1.3343e-10	3.3076e-07	-3.2622e-07	-2.8491e-09	2.4333e-09	-1.7322e-10	3.264e-07	-3.259e-07	-5.198e-11	2.0916e-09	-1.7523e-10	3.2262e-07	-3.2448e-07
1.19	-1.1598e-07	6.1369e-09	3.8411e-10	4.3558e-07	-3.2634e-07	-6.01074e-08	4.5856e-09	7.137e-11	3.8278e-07	-3.2732e-07	-3.11248e-08	3.6616e-09	-2.857e-11	3.5354e-07	-3.2608e-07	-1.53408e-08	3.0198e-09	-9.323e-11	3.3806e-07	-3.2572e-07	-7.0655e-09	2.5626e-09	-1.2463e-10	3.3088e-07	-3.2614e-07	-2.8169e-09	2.299e-09	-1.5885e-10	3.2652e-07	-3.2578e-07	-2.528e-11	1.9669e-09	-1.6603e-10	3.2274e-07	-3.2446e-07
1.185	-1.1534e-07	5.9767e-09	3.8587e-10	4.3506e-07	-3.2622e-07	-5.98708e-08	4.4335e-09	7.44e-11	3.8254e-07	-3.2708e-07	-3.1014e-08	3.5146e-09	-1.857e-11	3.5346e-07	-3.2594e-07	-1.52876e-08	2.8844e-09	-7.827e-11	3.3804e-07	-3.2552e-07	-7.0394e-09	2.4348e-09	-1.2302e-10	3.3088e-07	-3.2606e-07	-2.7842e-09	2.1726e-09	-1.5462e-10	3.2656e-07	-3.2582e-07	-2.32e-12	1.857e-09	-1.6497e-10	3.2282e-07	-3.2454e-07
1.18	-1.1448e-07	5.8113e-09	3.9382e-10	4.3438e-07	-3.262e-07	-5.96588e-08	4.2915e-09	8.617e-11	3.8232e-07	-3.2702e-07	-3.09292e-08	3.3849e-09	-1.307e-11	3.5268e-07	-3.2588e-07	-1.52358e-08	2.7593e-09	-7.109e-11	3.3814e-07	-3.2544e-07	-7.0205e-09	2.3213e-09	-1.0621e-10	3.309e-07	-3.2596e-07	-2.7575e-09	2.0588e-09	-1.4659e-10	3.266e-07	-3.258e-07	2.153e-11	1.7524e-09	-1.5677e-10	3.2292e-07	-3.2442e-07
1.175	-1.1376e-07	5.6663e-09	3.9277e-10	4.3402e-07	-3.2624e-07	-5.94536e-08	4.1624e-09	9.405e-11	3.8216e-07	-3.2694e-07	-3.09078e-08	3.2637e-09	-5.3e-12	3.533e-07	-3.2566e-07	-1.5196e-08	2.6411e-09	-5.679e-11	3.3806e-07	-3.2536e-07	-6.9958e-09	2.2129e-09	-1.0458e-10	3.3086e-07	-3.2604e-07	-2.7327e-09	1.9522e-09	-1.3351e-10	3.2672e-07	-3.2576e-07	4.49e-11	1.6571e-09	-1.5089e-10	3.2294e-07	-3.245e-07
1.17	-1.133e-07	5.5334e-09	3.9594e-10	4.333e-07	-3.2612e-07	-5.92324e-08	4.0427e-09	9.969e-11	3.8194e-07	-3.2684e-07	-3.07602e-08	3.1507e-09	4.84e-12	3.5324e-07	-3.2566e-07	-1.516e-08	2.5388e-09	-5.52e-11	3.3792e-07	-3.254e-07	-6.9761e-09	2.1171e-09	-9.354e-11	3.3088e-07	-3.2594e-07	-2.7079e-09	1.8563e-09	-1.2984e-10	3.2666e-07	-3.2578e-07	6.556e-11	1.5699e-09	-1.4606e-10	3.2292e-07	-3.244e-07
1.165	-1.1248e-07	5.3969e-09	3.9942e-10	4.3302e-07	-3.2602e-07	-5.90276e-08	3.9264e-09	1.0595e-10	3.8166e-07	-3.2672e-07	-3.0676e-08	3.0464e-09	1.069e-11	3.5324e-07	-3.256e-07	-1.51358e-08	2.4375e-09	-4.312e-11	3.38e-07	-3.2532e-07	-6.9533e-09	2.0226e-09	-9.156e-11	3.3096e-07	-3.2598e-07	-2.6818e-09	1.7675e-09	-1.2027e-10	3.2682e-07	-3.2572e-07	8.713e-11	1.4883e-09	-1.3839e-10	3.2298e-07	-3.2436e-07
1.16	-1.1188e-07	5.2782e-09	4.0142e-10	4.3256e-07	-3.2614e-07	-5.88476e-08	3.8272e-09	1.0775e-10	3.8158e-07	-3.2668e-07	-3.06372e-08	2.9501e-09	2.213e-11	3.5316e-07	-3.255e-07	-1.51164e-08	2.3491e-09	-4.275e-11	3.3738e-07	-3.2462e-07	-6.93e-09	1.9394e-09	-7.915e-11	3.3098e-07	-3.2598e-07	-2.6562e-09	1.6835e-09	-1.1761e-10	3.2678e-07	-3.2576e-07	1.0557e-10	1.4118e-09	-1.3664e-10	3.23e-07	-3.2446e-07
1.155	-1.1138e-07	5.1641e-09	4.0527e-10	4.3188e-07	-3.261e-07	-5.86658e-08	3.7244e-09	1.1894e-10	3.814e-07	-3.2654e-07	-3.05638e-08	2.8583e-09	2.181e-11	3.5318e-07	-3.2542e-07	-1.50772e-08	2.2607e-09	-3.449e-11	3.3746e-07	-3.2522e-07	-6.9155e-09	1.8594e-09	-7.457e-11	3.3106e-07	-3.2592e-07	-2.63e-09	1.606e-09	-1.0345e-10	3.2692e-07	-3.2572e-07	1.2825e-10	1.3421e-09	-1.2284e-10	3.2306e-07	-3.2428e-07
1.15	-1.1084e-07	5.0555e-09	4.0357e-10	4.313e-07	-3.2604e-07	-5.84942e-08	3.6336e-09	1.194e-10	3.8124e-07	-3.265e-07	-3.053e-08	2.774e-09	3.31e-11	3.5304e-07	-3.2538e-07	-1.50578e-08	2.1829e-09	-3.118e-11	3.3814e-07	-3.252e-07	-6.8968e-09	1.7853e-09	-7.134e-11	3.3114e-07	-3.2584e-07	-2.6097e-09	1.536e-09	-1.0059e-10	3.2688e-07	-3.2574e-07	1.4602e-10	1.2789e-09	-1.2496e-10	3.2318e-07	-3.2448e-07
1.145	-1.1026e-07	4.9576e-09	4.1151e-10	4.3098e-07	-3.26e-07	-5.83436e-08	3.5427e-09	1.3262e-10	3.8108e-07	-3.2636e-07	-3.04768e-08	2.6946e-09	3.335e-11	3.531e-07	-3.2538e-07	-1.50278e-08	2.1074e-09	-2.006e-11	3.3806e-07	-3.2514e-07	-6.8794e-09	1.7145e-09	-6.121e-11	3.3108e-07	-3.2588e-07	-2.592e-09	1.4689e-09	-9.482e-11	3.2726e-07	-3.2602e-07	1.6674e-10	1.2181e-09	-1.1575e-10	3.2324e-07	-3.2448e-07
1.14	-1.098e-07	4.8524e-09	4.0832e-10	4.3038e-07	-3.2596e-07	-5.82332e-08	3.4651e-09	1.3394e-10	3.8092e-07	-3.2632e-07	-3.04292e-08	2.6176e-09	4.792e-11	3.5306e-07	-3.2532e-07	-1.5e-08	2.0384e-09	-1.277e-11	3.381e-07	-3.2506e-07	-6.8594e-09	1.652e-09	-5.676e-11	3.3112e-07	-3.2588e-07	-2.5709e-09	1.4064e-09	-8.6e-11	3.2688e-07	-3.257e-07	1.8406e-10	1.1616e-09	-1.0963e-10	3.2316e-07	-3.2448e-07
1.135	-1.092e-07	4.761e-09	4.1103e-10	4.302e-07	-3.2592e-07	-5.80664e-08	3.3837e-09	1.4573e-10	3.8092e-07	-3.2624e-07	-3.0326e-08	2.5463e-09	4.879e-11	3.53e-07	-3.2532e-07	-1.49808e-08	1.9723e-09	-9.8e-12	3.3802e-07	-3.2494e-07	-6.8515e-09	1.5894e-09	-4.682e-11	3.3106e-07	-3.2576e-07	-2.5476e-09	1.3495e-09	-8.125e-11	3.252e-07	-3.2394e-07	2.0288e-10	1.1122e-09	-1.0643e-10	3.2328e-07	-3.2446e-07
1.13	-1.0884e-07	4.6708e-09	4.187e-10	4.2978e-07	-3.2604e-07	-5.79532e-08	3.3123e-09	1.4323e-10	3.8072e-07	-3.2632e-07	-3.02908e-08	2.4802e-09	6.141e-11	3.5304e-07	-3.2522e-07	-1.49742e-08	1.9116e-09	-4.45e-12	3.3796e-07	-3.25e-07	-6.8349e-09	1.5314e-09	-4.674e-11	3.3106e-07	-3.2568e-07	-2.5288e-09	1.295e-09	-7.572e-11	3.2612e-07	-3.2466e-07	2.1784e-10	1.0619e-09	-1.0153e-10	3.2316e-07	-3.244e-07
1.125	-1.0838e-07	4.5847e-09	4.1097e-10	4.293e-07	-3.2586e-07	-5.77872e-08	3.2401e-09	1.5166e-10	3.8066e-07	-3.2614e-07	-3.0245e-08	2.4189e-09	6.339e-11	3.53e-07	-3.2522e-07	-1.49444e-08	1.854e-09	-5.5e-13	3.3806e-07	-3.2496e-07	-6.8214e-09	1.4793e-09	-3.44e-11	3.3108e-07	-3.2568e-07	-2.5134e-09	1.2443e-09	-7.23e-11	3.2612e-07	-3.2476e-07	2.3581e-10	1.0166e-09	-9.643e-11	3.2334e-07	-3.2436e-07
1.12	-1.0788e-07	4.5037e-09	4.1851e-10	4.289e-07	-3.2596e-07	-5.76806e-08	3.1732e-09	1.5642e-10	3.804e-07	-3.2616e-07	-3.01898e-08	2.3571e-09	6.996e-11	3.529e-07	-3.2514e-07	-1.4911e-08	1.798e-09	9.1e-12	3.3808e-07	-3.25e-07	-6.8035e-09	1.4288e-09	-2.91e-11	3.311e-07	-3.257e-07	-2.4945e-09	1.1951e-09	-6.281e-11	3.2606e-07	-3.247e-07	2.5325e-10	9.7159e-10	-9.583e-11	3.232e-07	-3.2444e-07
1.115	-1.075e-07	4.4238e-09	4.217e-10	4.2864e-07	-3.2596e-07	-5.75354e-08	3.1081e-09	1.6376e-10	3.804e-07	-3.2614e-07	-3.0138e-08	2.2992e-09	7.448e-11	3.5292e-07	-3.2508e-07	-1.49126e-08	1.746e-09	1.092e-11	3.38e-07	-3.2484e-07	-6.7934e-09	1.3804e-09	-2.771e-11	3.3118e-07	-3.2574e-07	-2.4737e-09	1.152e-09	-5.831e-11	3.2604e-07	-3.247e-07	2.6933e-10	9.3082e-10	-9.329e-11	3.2338e-07	-3.2442e-07
1.11	-1.0718e-07	4.3489e-09	4.1851e-10	4.282e-07	-3.2584e-07	-5.74246e-08	3.0491e-09	1.7046e-10	3.8032e-07	-3.2614e-07	-3.01066e-08	2.2454e-09	7.859e-11	3.5282e-07	-3.2502e-07	-1.49048e-08	1.6974e-09	2.503e-11	3.3806e-07	-3.2482e-07	-6.7853e-09	1.336e-09	-1.999e-11	3.312e-07	-3.2578e-07	-2.4613e-09	1.109e-09	-5.487e-11	3.2612e-07	-3.2472e-07	2.8469e-10	8.9207e-10	-8.791e-11	3.2332e-07	-3.2424e-07
1.105	-1.068e-07	4.2735e-09	4.2726e-10	4.2806e-07	-3.2578e-07	-5.73158e-08	2.991e-09	1.7424e-10	3.8012e-07	-3.2602e-07	-3.00752e-08	2.1916e-09	8.826e-11	3.5286e-07	-3.2508e-07	-1.4876e-08	1.6513e-09	2.482e-11	3.3808e-07	-3.249e-07	-6.7655e-09	1.2922e-09	-1.385e-11	3.3118e-07	-3.2572e-07	-2.4447e-09	1.0684e-09	-4.825e-11	3.2618e-07	-3.246e-07	3.0321e-10	8.5751e-10	-8.14e-11	3.2332e-07	-3.244e-07
1.1	-1.0636e-07	4.2062e-09	4.2468e-10	4.2766e-07	-3.2588e-07	-5.71944e-08	2.9337e-09	1.7994e-10	3.8006e-07	-3.26e-07	-3.00456e-08	2.1434e-09	8.993e-11	3.5298e-07	-3.2498e-07	-1.48648e-08	1.6049e-09	3.395e-11	3.3806e-07	-3.2488e-07	-6.7553e-09	1.2532e-09	-8.21e-12	3.3108e-07	-3.257e-07	-2.4276e-09	1.0291e-09	-4.041e-11	3.2612e-07	-3.247e-07	3.1556e-10	8.2405e-10	-8.074e-11	3.2328e-07	-3.2446e-07
1.095	-1.0608e-07	4.1366e-09	4.2718e-10	4.273e-07	-3.2584e-07	-5.70818e-08	2.8806e-09	1.8129e-10	3.8e-07	-3.2596e-07	-3.00052e-08	2.0948e-09	1.0088e-10	3.528e-07	-3.2494e-07	-1.48738e-08	1.5626e-09	3.322e-11	3.3812e-07	-3.2482e-07	-6.7464e-09	1.2128e-09	-6.53e-12	3.312e-07	-3.2566e-07	-2.4103e-09	9.8991e-10	-3.437e-11	3.2606e-07	-3.246e-07	3.2921e-10	7.9045e-10	-7.346e-11	3.2336e-07	-3.244e-07
1.09	-1.0576e-07	4.0731e-09	4.3011e-10	4.272e-07	-3.2586e-07	-5.69526e-08	2.825e-09	1.896e-10	3.7984e-07	-3.2594e-07	-2.99756e-08	2.051e-09	9.842e-11	3.529e-07	-3.2496e-07	-1.4843e-08	1.5197e-09	4.376e-11	3.3806e-07	-3.2476e-07	-6.7395e-09	1.1748e-09	2.06e-12	3.3124e-07	-3.2566e-07	-2.3958e-09	9.5349e-10	-3.088e-11	3.2614e-07	-3.2468e-07	3.4181e-10	7.6131e-10	-6.876e-11	3.2334e-07	-3.2446e-07
1.085	-1.0534e-07	4.0109e-09	4.2815e-10	4.2666e-07	-3.2582e-07	-5.68492e-08	2.776e-09	1.9165e-10	3.7978e-07	-3.2582e-07	-2.9903e-08	2.0057e-09	1.0778e-10	3.5276e-07	-3.2496e-07	-1.48378e-08	1.4804e-09	4.781e-11	3.374e-07	-3.2408e-07	-6.7376e-09	1.1405e-09	7.78e-12	3.3122e-07	-3.256e-07	-2.3807e-09	9.2127e-10	-2.655e-11	3.2604e-07	-3.2458e-07	3.5698e-10	7.3262e-10	-6.564e-11	3.2334e-07	-3.2446e-07
1.08	-1.0526e-07	3.9494e-09	4.3318e-10	4.2626e-07	-3.2578e-07	-5.6834e-08	2.7252e-09	2.0313e-10	3.797e-07	-3.2584e-07	-2.98966e-08	1.9635e-09	1.0501e-10	3.5276e-07	-3.2494e-07	-1.48096e-08	1.4419e-09	5.721e-11	3.3812e-07	-3.2478e-07	-6.725e-09	1.1055e-09	1.177e-11	3.3114e-07	-3.2562e-07	-2.367e-09	8.909e-10	-2.175e-11	3.2612e-07	-3.2454e-07	3.6957e-10	7.055e-10	-6.214e-11	3.235e-07	-3.2436e-07
1.075	-1.0488e-07	3.8886e-09	4.335e-10	4.2626e-07	-3.257e-07	-5.66834e-08	2.6787e-09	2.0315e-10	3.7966e-07	-3.2582e-07	-2.98514e-08	1.921e-09	1.1692e-10	3.527e-07	-3.2494e-07	-1.4817e-08	1.4051e-09	6.266e-11	3.3804e-07	-3.2468e-07	-6.7114e-09	1.074e-09	1.426e-11	3.313e-07	-3.2562e-07	-2.3563e-09	8.6123e-10	-1.639e-11	3.2604e-07	-3.246e-07	3.8163e-10	6.7868e-10	-5.717e-11	3.234e-07	-3.2442e-07
1.07	-1.0442e-07	3.8308e-09	4.3822e-10	4.2576e-07	-3.2578e-07	-5.65886e-08	2.6318e-09	2.0935e-10	3.796e-07	-3.258e-07	-2.98428e-08	1.8824e-09	1.1906e-10	3.5274e-07	-3.2484e-07	-1.47912e-08	1.3718e-09	6.718e-11	3.3808e-07	-3.2466e-07	-6.7067e-09	1.0411e-09	2.366e-11	3.312e-07	-3.2562e-07	-2.3422e-09	8.3071e-10	-1.493e-11	3.261e-07	-3.2456e-07	3.9479e-10	6.5376e-10	-5.139e-11	3.2338e-07	-3.2368e-07
1.065	-1.0414e-07	3.7735e-09	4.4108e-10	4.255e-07	-3.2574e-07	-5.64702e-08	2.5904e-09	2.083e-10	3.7936e-07	-3.2582e-07	-2.97876e-08	1.843e-09	1.2652e-10	3.5258e-07	-3.2482e-07	-1.47682e-08	1.3374e-09	7.139e-11	3.3808e-07	-3.2472e-07	-6.696e-09	1.011e-09	2.751e-11	3.313e-07	-3.2556e-07	-2.3289e-09	8.0398e-10	-6.68e-12	3.2608e-07	-3.2458e-07	4.0872e-10	6.2983e-10	-4.993e-11	3.2332e-07	-3.2436e-07
1.06	-1.039e-07	3.7167e-09	4.4118e-10	4.2564e-07	-3.2588e-07	-5.63672e-08	2.5429e-09	2.1307e-10	3.7944e-07	-3.2578e-07	-2.97638e-08	1.8074e-09	1.2809e-10	3.527e-07	-3.2488e-07	-1.47816e-08	1.3041e-09	7.33e-11	3.3814e-07	-3.246e-07	-6.7006e-09	9.7971e-10	3.054e-11	3.3124e-07	-3.2556e-07	-2.319e-09	7.7801e-10	-3.78e-12	3.2608e-07	-3.2454e-07	4.1703e-10	6.0581e-10	-4.524e-11	3.2274e-07	-3.2376e-07
1.055	-1.037e-07	3.6627e-09	4.4908e-10	4.2528e-07	-3.2584e-07	-5.6338e-08	2.5024e-09	2.1636e-10	3.7936e-07	-3.2574e-07	-2.97322e-08	1.7716e-09	1.3388e-10	3.5258e-07	-3.2484e-07	-1.47674e-08	1.2728e-09	8.071e-11	3.381e-07	-3.247e-07	-6.6909e-09	9.5138e-10	3.985e-11	3.3126e-07	-3.256e-07	-2.2957e-09	7.5167e-10	7.7e-13	3.261e-07	-3.2444e-07	4.303e-10	5.8515e-10	-3.994e-11	3.2336e-07	-3.2432e-07
1.05	-1.0316e-07	3.6125e-09	4.4739e-10	4.2504e-07	-3.2578e-07	-5.6243e-08	2.4585e-09	2.1961e-10	3.7926e-07	-3.2572e-07	-2.97098e-08	1.7366e-09	1.3683e-10	3.5268e-07	-3.249e-07	-1.47784e-08	1.2419e-09	8.326e-11	3.3808e-07	-3.246e-07	-6.6783e-09	9.2402e-10	4.426e-11	3.313e-07	-3.2554e-07	-2.2934e-09	7.2592e-10	3.55e-12	3.2612e-07	-3.2446e-07	4.4312e-10	5.6469e-10	-3.945e-11	3.2336e-07	-3.2424e-07
1.045	-1.031e-07	3.5593e-09	4.5056e-10	4.2486e-07	-3.258e-07	-5.6138e-08	2.421e-09	2.2954e-10	3.7922e-07	-3.2572e-07	-2.96826e-08	1.703e-09	1.4149e-10	3.527e-07	-3.2484e-07	-1.47606e-08	1.2119e-09	9.183e-11	3.3814e-07	-3.2468e-07	-6.6658e-09	8.9789e-10	4.864e-11	3.3124e-07	-3.2558e-07	-2.2816e-09	7.0196e-10	1.41e-11	3.2548e-07	-3.2388e-07	4.5184e-10	5.4343e-10	-3.721e-11	3.2332e-07	-3.243e-07
1.04	-1.0288e-07	3.5097e-09	4.5723e-10	4.2454e-07	-3.2578e-07	-5.60504e-08	2.3819e-09	2.3151e-10	3.7914e-07	-3.257e-07	-2.96528e-08	1.6691e-09	1.4836e-10	3.5192e-07	-3.2422e-07	-1.47522e-08	1.1835e-09	9.309e-11	3.3756e-07	-3.2412e-07	-6.6575e-09	8.7233e-10	5.434e-11	3.3118e-07	-3.2554e-07	-2.2694e-09	6.7949e-10	1.52e-11	3.2542e-07	-3.2446e-07	4.6498e-10	5.2447e-10	-2.915e-11	3.2346e-07	-3.2424e-07
1.035	-1.0246e-07	3.4602e-09	4.5295e-10	4.2454e-07	-3.257e-07	-5.59258e-08	2.3426e-09	2.386e-10	3.791e-07	-3.256e-07	-2.96362e-08	1.6366e-09	1.5316e-10	3.5264e-07	-3.2474e-07	-1.47472e-08	1.1571e-09	9.858e-11	3.3814e-07	-3.2464e-07	-6.6612e-09	8.4625e-10	6.241e-11	3.3126e-07	-3.2546e-07	-2.2575e-09	6.5601e-10	1.988e-11	3.26e-07	-3.2442e-07	4.7301e-10	5.0574e-10	-3.114e-11	3.2332e-07	-3.2434e-07
1.03	-1.024e-07	3.4105e-09	4.5946e-10	4.2426e-07	-3.2574e-07	-5.58918e-08	2.3056e-09	2.3822e-10	3.7906e-07	-3.2564e-07	-2.96126e-08	1.6059e-09	1.5953e-10	3.5248e-07	-3.2472e-07	-1.47444e-08	1.1294e-09	1.0181e-10	3.3812e-07	-3.246e-07	-6.642e-09	8.2444e-10	6.575e-11	3.3124e-07	-3.2556e-07	-2.2496e-09	6.3321e-10	2.868e-11	3.2604e-07	-3.2442e-07	4.8251e-10	4.8677e-10	-2.98e-11	3.2334e-07	-3.2438e-07
1.025	-1.0224e-07	3.3643e-09	4.6288e-10	4.24e-07	-3.2572e-07	-5.5808e-08	2.2681e-09	2.4876e-10	3.7902e-07	-3.2564e-07	-2.9617e-08	1.5738e-09	1.6154e-10	3.5252e-07	-3.247e-07	-1.47356e-08	1.103e-09	1.0898e-10	3.3816e-07	-3.2462e-07	-6.6378e-09	8.0038e-10	7.088e-11	3.313e-07	-3.258e-07	-2.241e-09	6.1466e-10	3.231e-11	3.2536e-07	-3.2446e-07	4.9558e-10	4.6873e-10	-2.312e-11	3.2342e-07	-3.2422e-07
1.02	-1.02e-07	3.318e-09	4.6174e-10	4.2366e-07	-3.2562e-07	-5.57582e-08	2.2296e-09	2.504e-10	3.79e-07	-3.256e-07	-2.95762e-08	1.5462e-09	1.6679e-10	3.5262e-07	-3.2468e-07	-1.47416e-08	1.0755e-09	1.1388e-10	3.3748e-07	-3.2466e-07	-6.6291e-09	7.7565e-10	7.697e-11	3.312e-07	-3.255e-07	-2.2317e-09	5.937e-10	4.133e-11	3.2606e-07	-3.2442e-07	5.0317e-10	4.5316e-10	-2.321e-11	3.2338e-07	-3.2434e-07
1.015	-1.0166e-07	3.2706e-09	4.7126e-10	4.2366e-07	-3.2562e-07	-5.56936e-08	2.1959e-09	2.6058e-10	3.7892e-07	-3.2572e-07	-2.95486e-08	1.516e-09	1.7389e-10	3.5256e-07	-3.2468e-07	-1.4738e-08	1.0537e-09	1.2242e-10	3.3816e-07	-3.2454e-07	-6.6279e-09	7.5603e-10	8.53e-11	3.313e-07	-3.256e-07	-2.2214e-09	5.7395e-10	4.223e-11	3.2604e-07	-3.2448e-07	5.1617e-10	4.3569e-10	-1.869e-11	3.2334e-07	-3.2434e-07
1.01	-1.0158e-07	3.2258e-09	4.7182e-10	4.2348e-07	-3.256e-07	-5.56396e-08	2.1614e-09	2.6705e-10	3.7876e-07	-3.256e-07	-2.95286e-08	1.4866e-09	1.8031e-10	3.5216e-07	-3.2464e-07	-1.47408e-08	1.0289e-09	1.3074e-10	3.375e-07	-3.2398e-07	-6.6316e-09	7.3285e-10	9.024e-11	3.3138e-07	-3.2558e-07	-2.2126e-09	5.5353e-10	5.696e-11	3.254e-07	-3.239e-07	5.2274e-10	4.1915e-10	-2.044e-11	3.2336e-07	-3.243e-07
1.005	-1.0124e-07	3.1821e-09	4.7733e-10	4.2368e-07	-3.2594e-07	-5.56386e-08	2.1269e-09	2.7383e-10	3.7884e-07	-3.2562e-07	-2.95746e-08	1.4566e-09	1.8949e-10	3.5256e-07	-3.2454e-07	-1.47516e-08	1.0042e-09	1.3831e-10	3.3822e-07	-3.246e-07	-6.6209e-09	7.129e-10	9.356e-11	3.3132e-07	-3.2548e-07	-2.2036e-09	5.3716e-10	6.05e-11	3.2608e-07	-3.2448e-07	5.3329e-10	4.0389e-10	-1.183e-11	3.2332e-07	-3.2432e-07
1	-1.011e-07	3.1358e-09	4.8864e-10	4.2292e-07	-3.2556e-07	-5.56056e-08	2.0938e-09	2.792e-10	3.7894e-07	-3.257e-07	-2.95432e-08	1.4319e-09	1.9889e-10	3.525e-07	-3.2454e-07	-1.47386e-08	9.7978e-10	1.4637e-10	3.3822e-07	-3.2454e-07	-6.622e-09	6.9289e-10	1.0943e-10	3.312e-07	-3.2546e-07	-2.1979e-09	5.1888e-10	6.773e-11	3.2608e-07	-3.2452e-07	5.4251e-10	3.8844e-10	-1.486e-11	3.234e-07	-3.2432e-07
0.995	-1.01e-07	3.0923e-09	4.9315e-10	4.2296e-07	-3.2572e-07	-5.55216e-08	2.0609e-09	2.845e-10	3.789e-07	-3.2552e-07	-2.95144e-08	1.4036e-09	2.0939e-10	3.5244e-07	-3.2458e-07	-1.47474e-08	9.5675e-10	1.5253e-10	3.3824e-07	-3.246e-07	-6.6271e-09	6.7204e-10	1.1295e-10	3.3126e-07	-3.255e-07	-2.1991e-09	4.9974e-10	7.917e-11	3.2612e-07	-3.2442e-07	5.5021e-10	3.731e-10	-1.376e-11	3.2344e-07	-3.243e-07
0.99	-1.0066e-07	3.0494e-09	5.0203e-10	4.2282e-07	-3.2562e-07	-5.5475e-08	2.0286e-09	2.97e-10	3.7868e-07	-3.2556e-07	-2.95082e-08	1.3784e-09	2.1653e-10	3.5264e-07	-3.2472e-07	-1.47486e-08	9.3349e-10	1.6715e-10	3.383e-07	-3.2456e-07	-6.6266e-09	6.523e-10	1.2399e-10	3.3136e-07	-3.2548e-07	-2.1927e-09	4.8342e-10	8.811e-11	3.2606e-07	-3.2446e-07	5.5953e-10	3.5758e-10	-5.43e-12	3.2338e-07	-3.2436e-07
0.985	-1.0068e-07	3.0072e-09	5.1494e-10	4.2258e-07	-3.256e-07	-5.54264e-08	1.9937e-09	3.0648e-10	3.786e-07	-3.256e-07	-2.9473e-08	1.3504e-09	2.2708e-10	3.5258e-07	-3.245e-07	-1.47616e-08	9.1355e-10	1.7634e-10	3.3828e-07	-3.2454e-07	-6.62e-09	6.3266e-10	1.3605e-10	3.3136e-07	-3.2548e-07	-2.1901e-09	4.677e-10	1.0018e-10	3.2608e-07	-3.244e-07	5.6798e-10	3.4553e-10	-6.79e-12	3.2268e-07	-3.2358e-07
0.98	-1.0036e-07	2.9658e-09	5.2616e-10	4.2258e-07	-3.2562e-07	-5.5337e-08	1.9653e-09	3.2352e-10	3.7874e-07	-3.2554e-07	-2.9502e-08	1.3254e-09	2.4009e-10	3.5258e-07	-3.2464e-07	-1.4776e-08	8.9199e-10	1.9141e-10	3.3818e-07	-3.2458e-07	-6.627e-09	6.1486e-10	1.4965e-10	3.3132e-07	-3.2546e-07	-2.1897e-09	4.5068e-10	1.0797e-10	3.2608e-07	-3.2444e-07	5.7704e-10	3.3005e-10	-2.56e-12	3.2346e-07	-3.2434e-07
0.975	-1.003e-07	2.926e-09	5.3846e-10	4.2242e-07	-3.2558e-07	-5.52898e-08	1.9313e-09	3.3559e-10	3.7844e-07	-3.255e-07	-2.9495e-08	1.299e-09	2.5635e-10	3.5256e-07	-3.246e-07	-1.47974e-08	8.7184e-10	2.0098e-10	3.3832e-07	-3.2454e-07	-6.631e-09	5.9639e-10	1.629e-10	3.3138e-07	-3.2546e-07	-2.1905e-09	4.3333e-10	1.2968e-10	3.254e-07	-3.2372e-07	5.8549e-10	3.1552e-10	-3.44e-12	3.234e-07	-3.2424e-07
0.97	-1.003e-07	2.8861e-09	5.5415e-10	4.2208e-07	-3.255e-07	-5.53438e-08	1.9027e-09	3.5458e-10	3.7858e-07	-3.255e-07	-2.951e-08	1.2753e-09	2.7458e-10	3.5258e-07	-3.2468e-07	-1.48168e-08	8.51e-10	2.1918e-10	3.3824e-07	-3.2448e-07	-6.6422e-09	5.7785e-10	1.7651e-10	3.3136e-07	-3.2554e-07	-2.1925e-09	4.2016e-10	1.4065e-10	3.2608e-07	-3.2444e-07	5.9659e-10	3.0357e-10	2.74e-12	3.235e-07	-3.2436e-07
0.965	-9.988e-08	2.8467e-09	5.7395e-10	4.2194e-07	-3.2558e-07	-5.53156e-08	1.8724e-09	3.7152e-10	3.7858e-07	-3.2556e-07	-2.9503e-08	1.2519e-09	2.9237e-10	3.526e-07	-3.2458e-07	-1.4846e-08	8.2972e-10	2.355e-10	3.3752e-07	-3.2372e-07	-6.6382e-09	5.5897e-10	2.0085e-10	3.3134e-07	-3.2546e-07	-2.2016e-09	4.0399e-10	1.6126e-10	3.2598e-07	-3.244e-07	6.0412e-10	2.8985e-10	1.07e-12	3.2344e-07	-3.2428e-07
0.96	-9.97516e-08	2.8057e-09	5.9578e-10	4.2182e-07	-3.255e-07	-5.51756e-08	1.8433e-09	3.9306e-10	3.7838e-07	-3.2554e-07	-2.9481e-08	1.2271e-09	3.1691e-10	3.5254e-07	-3.2456e-07	-1.48686e-08	8.095e-10	2.5878e-10	3.384e-07	-3.245e-07	-6.6487e-09	5.448e-10	2.174e-10	3.313e-07	-3.2544e-07	-2.2069e-09	3.8792e-10	1.7831e-10	3.2606e-07	-3.244e-07	6.1007e-10	2.7738e-10	4.56e-12	3.234e-07	-3.2432e-07
0.955	-9.95516e-08	2.7677e-09	6.1878e-10	4.2166e-07	-3.2556e-07	-5.51718e-08	1.8118e-09	4.2087e-10	3.7844e-07	-3.2548e-07	-2.94858e-08	1.2048e-09	3.3832e-10	3.5258e-07	-3.2466e-07	-1.48682e-08	7.9041e-10	2.8787e-10	3.3828e-07	-3.2452e-07	-6.6677e-09	5.2592e-10	2.4478e-10	3.3142e-07	-3.2544e-07	-2.219e-09	3.7525e-10	2.0477e-10	3.26e-07	-3.2434e-07	6.1864e-10	2.6136e-10	1.173e-11	3.2334e-07	-3.2424e-07
0.95	-9.94402e-08	2.7299e-09	6.471e-10	4.2164e-07	-3.2562e-07	-5.52054e-08	1.7836e-09	4.5452e-10	3.7844e-07	-3.255e-07	-2.95212e-08	1.1791e-09	3.697e-10	3.5258e-07	-3.2454e-07	-1.49218e-08	7.717e-10	3.164e-10	3.3832e-07	-3.2448e-07	-6.6834e-09	5.0944e-10	2.7214e-10	3.3136e-07	-3.2542e-07	-2.226e-09	3.5996e-10	2.3124e-10	3.2606e-07	-3.2452e-07	6.2688e-10	2.5103e-10	8.77e-12	3.233e-07	-3.243e-07
0.945	-9.92418e-08	2.6944e-09	6.784e-10	4.2144e-07	-3.256e-07	-5.51502e-08	1.753e-09	4.9018e-10	3.7836e-07	-3.2548e-07	-2.95166e-08	1.1572e-09	4.022e-10	3.5254e-07	-3.2464e-07	-1.49636e-08	7.5293e-10	3.5267e-10	3.383e-07	-3.2446e-07	-6.7082e-09	4.9424e-10	3.1018e-10	3.3144e-07	-3.2546e-07	-2.256e-09	3.4686e-10	2.575e-10	3.256e-07	-3.2444e-07	6.3361e-10	2.3664e-10	1.603e-11	3.2338e-07	-3.243e-07
0.94	-9.91438e-08	2.6561e-09	7.1909e-10	4.2138e-07	-3.2548e-07	-5.51042e-08	1.7287e-09	5.2718e-10	3.7832e-07	-3.2542e-07	-2.95596e-08	1.1324e-09	4.4771e-10	3.526e-07	-3.2392e-07	-1.50096e-08	7.338e-10	3.8499e-10	3.3834e-07	-3.2446e-07	-6.7254e-09	4.7808e-10	3.4644e-10	3.313e-07	-3.2542e-07	-2.2741e-09	3.3185e-10	3.0237e-10	3.2594e-07	-3.2434e-07	6.4091e-10	2.2477e-10	1.578e-11	3.234e-07	-3.243e-07
0.935	-9.90962e-08	2.6179e-09	7.665e-10	4.2124e-07	-3.2554e-07	-5.51478e-08	1.6988e-09	5.7653e-10	3.7826e-07	-3.2548e-07	-2.96162e-08	1.112e-09	4.9092e-10	3.5208e-07	-3.2384e-07	-1.50262e-08	7.1582e-10	4.3551e-10	3.3832e-07	-3.2452e-07	-6.7672e-09	4.6254e-10	3.8739e-10	3.3138e-07	-3.2546e-07	-2.3104e-09	3.1901e-10	3.3763e-10	3.2602e-07	-3.2434e-07	6.5242e-10	2.1212e-10	2.472e-11	3.234e-07	-3.243e-07
0.93	-9.89548e-08	2.5831e-09	8.2032e-10	4.2114e-07	-3.2546e-07	-5.5161e-08	1.6722e-09	6.2885e-10	3.7836e-07	-3.2554e-07	-2.96228e-08	1.0888e-09	5.4628e-10	3.5258e-07	-3.2452e-07	-1.50566e-08	6.9701e-10	4.8399e-10	3.3836e-07	-3.2442e-07	-6.82e-09	4.4642e-10	4.475e-10	3.3136e-07	-3.2536e-07	-2.3511e-09	3.0556e-10	3.9004e-10	3.2594e-07	-3.236e-07	6.5954e-10	2.0056e-10	2.294e-11	3.2342e-07	-3.2434e-07
0.925	-9.88088e-08	2.546e-09	8.8871e-10	4.2108e-07	-3.2542e-07	-5.51674e-08	1.6425e-09	6.9142e-10	3.7832e-07	-3.254e-07	-2.96802e-08	1.07e-09	6.0792e-10	3.5178e-07	-3.2388e-07	-1.51154e-08	6.7807e-10	5.5464e-10	3.3788e-07	-3.2382e-07	-6.8583e-09	4.3178e-10	5.0184e-10	3.3138e-07	-3.2544e-07	-2.397e-09	2.9135e-10	4.472e-10	3.2614e-07	-3.2442e-07	6.6492e-10	1.8811e-10	2.447e-11	3.2342e-07	-3.243e-07
0.92	-9.8846e-08	2.5118e-09	9.6233e-10	4.2126e-07	-3.2554e-07	-5.52138e-08	1.6173e-09	7.7015e-10	3.7832e-07	-3.254e-07	-2.97616e-08	1.0474e-09	6.8203e-10	3.5254e-07	-3.245e-07	-1.52018e-08	6.6276e-10	6.2163e-10	3.384e-07	-3.2446e-07	-6.9139e-09	4.1791e-10	5.7486e-10	3.3132e-07	-3.2534e-07	-2.4501e-09	2.8146e-10	5.171e-10	3.2596e-07	-3.2434e-07	6.7376e-10	1.7643e-10	3.499e-11	3.2342e-07	-3.2434e-07
0.915	-9.88292e-08	2.4744e-09	1.0501e-09	4.211e-07	-3.2548e-07	-5.52676e-08	1.5894e-09	8.5952e-10	3.7828e-07	-3.2542e-07	-2.98392e-08	1.0258e-09	7.676e-10	3.5268e-07	-3.2448e-07	-1.5276e-08	6.4509e-10	7.1013e-10	3.384e-07	-3.2442e-07	-7.006e-09	4.0264e-10	6.5457e-10	3.3134e-07	-3.2542e-07	-2.5185e-09	2.6823e-10	5.9691e-10	3.261e-07	-3.2442e-07	6.7753e-10	1.6692e-10	2.706e-11	3.234e-07	-3.243e-07
0.91	-9.87714e-08	2.4414e-09	1.1573e-09	4.2074e-07	-3.2548e-07	-5.5283e-08	1.5642e-09	9.6638e-10	3.7822e-07	-3.2544e-07	-2.99162e-08	1.0051e-09	8.6976e-10	3.5252e-07	-3.2376e-07	-1.53716e-08	6.2877e-10	8.052e-10	3.384e-07	-3.2454e-07	-7.1045e-09	3.8901e-10	7.572e-10	3.3134e-07	-3.2544e-07	-2.6022e-09	2.5503e-10	6.8396e-10	3.2604e-07	-3.2438e-07	6.8658e-10	1.5488e-10	3.459e-11	3.2344e-07	-3.2434e-07
0.905	-9.87286e-08	2.4059e-09	1.2798e-09	4.2048e-07	-3.2548e-07	-5.53418e-08	1.5379e-09	1.08383e-09	3.782e-07	-3.2546e-07	-3.00286e-08	9.839e-10	9.9327e-10	3.5258e-07	-3.2446e-07	-1.54908e-08	6.1176e-10	9.2505e-10	3.3844e-07	-3.2446e-07	-7.2053e-09	3.7332e-10	8.6974e-10	3.3146e-07	-3.2548e-07	-2.7e-09	2.428e-10	8.0364e-10	3.2606e-07	-3.2436e-07	6.9371e-10	1.434e-10	3.76e-11	3.2348e-07	-3.2434e-07
0.9	-9.88654e-08	2.3737e-09	1.4235e-09	4.2064e-07	-3.2548e-07	-5.54758e-08	1.5146e-09	1.2338e-09	3.7814e-07	-3.2542e-07	-3.01772e-08	9.6416e-10	1.13641e-09	3.5258e-07	-3.2446e-07	-1.56242e-08	5.9394e-10	1.05998e-09	3.384e-07	-3.2448e-07	-7.3164e-09	3.5986e-10	9.984e-10	3.313e-07	-3.2534e-07	-2.8207e-09	2.3116e-10	9.2418e-10	3.2596e-07	-3.244e-07	6.9997e-10	1.3375e-10	4.05e-11	3.2356e-07	-3.244e-07
0.895	-9.8917e-08	2.3385e-09	1.5962e-09	4.205e-07	-3.2546e-07	-5.56194e-08	1.4891e-09	1.4e-09	3.7822e-07	-3.2544e-07	-3.03598e-08	9.4373e-10	1.3037e-09	3.5258e-07	-3.2442e-07	-1.57822e-08	5.7711e-10	1.2197e-09	3.385e-07	-3.2448e-07	-7.4696e-09	3.4443e-10	1.1571e-09	3.3128e-07	-3.2542e-07	-2.9612e-09	2.2017e-10	1.07792e-09	3.2602e-07	-3.2442e-07	7.0442e-10	1.2068e-10	4.173e-11	3.235e-07	-3.2442e-07
0.89	-9.89082e-08	2.3037e-09	1.7967e-09	4.2034e-07	-3.2548e-07	-5.5801e-08	1.4637e-09	1.5978e-09	3.782e-07	-3.2536e-07	-3.055e-08	9.2493e-10	1.4929e-09	3.5268e-07	-3.2454e-07	-1.59872e-08	5.6365e-10	1.4129e-09	3.3846e-07	-3.2442e-07	-7.6461e-09	3.3462e-10	1.3374e-09	3.3132e-07	-3.2536e-07	-3.1304e-09	2.0613e-10	1.2504e-09	3.261e-07	-3.2436e-07	7.0757e-10	1.1156e-10	4.518e-11	3.2286e-07	-3.2444e-07
0.885	-9.90298e-08	2.2698e-09	2.0344e-09	4.202e-07	-3.255e-07	-5.59378e-08	1.4373e-09	1.8312e-09	3.7812e-07	-3.2546e-07	-3.07822e-08	9.0494e-10	1.7257e-09	3.5262e-07	-3.2444e-07	-1.62128e-08	5.4653e-10	1.6327e-09	3.3846e-07	-3.2442e-07	-7.8475e-09	3.2083e-10	1.5631e-09	3.3124e-07	-3.253e-07	-3.3293e-09	1.9613e-10	1.4648e-09	3.2576e-07	-3.2368e-07	7.153e-10	9.862e-11	5.54e-11	3.2334e-07	-3.244e-07
0.88	-9.9253e-08	2.2386e-09	2.3161e-09	4.202e-07	-3.2548e-07	-5.62372e-08	1.4132e-09	2.1009e-09	3.7812e-07	-3.253e-07	-3.1074e-08	8.8559e-10	1.9871e-09	3.5264e-07	-3.244e-07	-1.64692e-08	5.3252e-10	1.9024e-09	3.3852e-07	-3.2444e-07	-8.0924e-09	3.0836e-10	1.8082e-09	3.314e-07	-3.254e-07	-3.561e-09	1.8654e-10	1.7096e-09	3.2608e-07	-3.2436e-07	7.1787e-10	8.856e-11	5.292e-11	3.235e-07	-3.2434e-07
0.875	-9.94756e-08	2.2064e-09	2.6435e-09	4.201e-07	-3.2538e-07	-5.64818e-08	1.3872e-09	2.4308e-09	3.781e-07	-3.2538e-07	-3.13848e-08	8.6278e-10	2.3121e-09	3.5274e-07	-3.2452e-07	-1.67698e-08	5.1594e-10	2.2064e-09	3.3846e-07	-3.2448e-07	-8.4018e-09	2.9422e-10	2.1145e-09	3.3142e-07	-3.2532e-07	-3.8418e-09	1.7469e-10	1.9984e-09	3.2598e-07	-3.2448e-07	7.2179e-10	7.659e-11	6.366e-11	3.2342e-07	-3.243e-07
0.87	-9.9696e-08	2.1744e-09	3.0254e-09	4.1998e-07	-3.2552e-07	-5.67932e-08	1.3645e-09	2.8069e-09	3.7796e-07	-3.2548e-07	-3.17378e-08	8.4682e-10	2.6774e-09	3.5256e-07	-3.244e-07	-1.71228e-08	5.0064e-10	2.5711e-09	3.3846e-07	-3.2446e-07	-8.7518e-09	2.8233e-10	2.4615e-09	3.313e-07	-3.2534e-07	-4.1664e-09	1.6335e-10	2.3316e-09	3.2614e-07	-3.2434e-07	7.2574e-10	6.574e-11	6.922e-11	3.235e-07	-3.2434e-07
0.865	-1.000866e-07	2.1449e-09	3.4742e-09	4.199e-07	-3.2534e-07	-5.71756e-08	1.3396e-09	3.2547e-09	3.7806e-07	-3.2542e-07	-3.2167e-08	8.27e-10	3.1188e-09	3.527e-07	-3.2444e-07	-1.75432e-08	4.863e-10	2.9879e-09	3.3844e-07	-3.2436e-07	-9.1376e-09	2.6845e-10	2.8764e-09	3.3128e-07	-3.2536e-07	-4.548e-09	1.5218e-10	2.725e-09	3.2602e-07	-3.2436e-07	7.2722e-10	5.666e-11	7.784e-11	3.2286e-07	-3.2374e-07
0.86	-1.004e-07	2.1126e-09	4.0112e-09	4.1972e-07	-3.254e-07	-5.77164e-08	1.3182e-09	3.78e-09	3.7794e-07	-3.2542e-07	-3.26826e-08	8.0953e-10	3.6299e-09	3.5274e-07	-3.2444e-07	-1.80428e-08	4.6901e-10	3.4958e-09	3.3856e-07	-3.2446e-07	-9.6249e-09	2.5583e-10	3.3598e-09	3.3132e-07	-3.2542e-07	-5.0091e-09	1.4144e-10	3.2039e-09	3.2538e-07	-3.2434e-07	7.2521e-10	4.41e-11	8.538e-11	3.2352e-07	-3.243e-07
0.855	-1.009746e-07	2.0833e-09	4.6405e-09	4.199e-07	-3.2548e-07	-5.82954e-08	1.2939e-09	4.3983e-09	3.78e-07	-3.2538e-07	-3.32954e-08	7.9019e-10	4.2316e-09	3.5276e-07	-3.2448e-07	-1.86356e-08	4.5515e-10	4.0836e-09	3.3852e-07	-3.2442e-07	-1.01785e-08	2.4345e-10	3.9294e-09	3.3126e-07	-3.254e-07	-5.5421e-09	1.3198e-10	3.7409e-09	3.2606e-07	-3.2428e-07	7.2799e-10	3.255e-11	9.249e-11	3.235e-07	-3.2432e-07
0.85	-1.017034e-07	2.0522e-09	5.3862e-09	4.1956e-07	-3.254e-07	-5.90696e-08	1.272e-09	5.1288e-09	3.7794e-07	-3.2536e-07	-3.40124e-08	7.7507e-10	4.9488e-09	3.5274e-07	-3.245e-07	-1.93306e-08	4.3898e-10	4.7846e-09	3.3858e-07	-3.2444e-07	-1.0847e-08	2.2997e-10	4.6102e-09	3.3138e-07	-3.253e-07	-6.1848e-09	1.1843e-10	4.3951e-09	3.2602e-07	-3.2434e-07	7.283e-10	2.048e-11	1.0899e-10	3.235e-07	-3.2434e-07
0.845	-1.023624e-07	2.0213e-09	6.2673e-09	4.195e-07	-3.254e-07	-5.98114e-08	1.246e-09	5.9831e-09	3.779e-07	-3.2536e-07	-3.48422e-08	7.5206e-10	5.7789e-09	3.5286e-07	-3.2454e-07	-2.01382e-08	4.2497e-10	5.5948e-09	3.3852e-07	-3.2442e-07	-1.16346e-08	2.1874e-10	5.3978e-09	3.3144e-07	-3.2536e-07	-6.9302e-09	1.0886e-10	5.1508e-09	3.2594e-07	-3.2436e-07	7.2108e-10	9.51e-12	1.188e-10	3.235e-07	-3.2438e-07
0.84	-1.0324e-07	1.9906e-09	7.2985e-09	4.194e-07	-3.2548e-07	-6.0818e-08	1.2238e-09	7.0064e-09	3.7804e-07	-3.253e-07	-3.58598e-08	7.3368e-10	6.7775e-09	3.5288e-07	-3.2448e-07	-2.10976e-08	4.1048e-10	6.5633e-09	3.38e-07	-3.2446e-07	-1.25836e-08	2.0716e-10	6.3353e-09	3.3128e-07	-3.253e-07	-7.825e-09	9.678e-11	6.058e-09	3.2604e-07	-3.2428e-07	7.1553e-10	-2.45e-12	1.3724e-10	3.2358e-07	-3.2436e-07
0.835	-1.043982e-07	1.9608e-09	8.51e-09	4.1926e-07	-3.2536e-07	-6.20038e-08	1.2e-09	8.1865e-09	3.7798e-07	-3.2534e-07	-3.70006e-08	7.1644e-10	7.9327e-09	3.528e-07	-3.2442e-07	-2.2221e-08	3.9557e-10	7.6885e-09	3.3862e-07	-3.2442e-07	-1.36528e-08	1.9492e-10	7.4272e-09	3.3136e-07	-3.2532e-07	-8.8559e-09	8.7e-11	7.1032e-09	3.2536e-07	-3.2434e-07	7.1016e-10	-1.359e-11	1.494e-10	3.2356e-07	-3.2432e-07
0.83	-1.056886e-07	1.9316e-09	9.9491e-09	4.1944e-07	-3.256e-07	-6.34216e-08	1.1778e-09	9.6014e-09	3.7806e-07	-3.2536e-07	-3.83698e-08	6.997e-10	9.3149e-09	3.5228e-07	-3.2384e-07	-2.35702e-08	3.8089e-10	9.0252e-09	3.3874e-07	-3.2446e-07	-1.49542e-08	1.8361e-10	8.724e-09	3.3144e-07	-3.2536e-07	-1.01033e-08	7.498e-11	8.3491e-09	3.26e-07	-3.2432e-07	7.0388e-10	-2.425e-11	1.7142e-10	3.228e-07	-3.2436e-07
0.825	-1.0738e-07	1.9007e-09	1.16296e-08	4.1918e-07	-3.2538e-07	-6.50102e-08	1.1566e-09	1.12382e-08	3.7804e-07	-3.2538e-07	-4.00116e-08	6.8212e-10	1.09168e-08	3.5294e-07	-3.2448e-07	-2.51048e-08	3.658e-10	1.05944e-08	3.3868e-07	-3.2446e-07	-1.64484e-08	1.7152e-10	1.02403e-08	3.3142e-07	-3.2536e-07	-1.15358e-08	6.542e-11	9.798e-09	3.26e-07	-3.243e-07	6.8437e-10	-3.594e-11	1.9739e-10	3.2356e-07	-3.2434e-07
0.82	-1.093e-07	1.8713e-09	1.36378e-08	4.1904e-07	-3.254e-07	-6.69508e-08	1.1337e-09	1.32042e-08	3.779e-07	-3.2542e-07	-4.19398e-08	6.6401e-10	1.28364e-08	3.5288e-07	-3.2448e-07	-2.69718e-08	3.5173e-10	1.24636e-08	3.3866e-07	-3.2456e-07	-1.8274e-08	1.5838e-10	1.2055e-08	3.3138e-07	-3.2538e-07	-1.32814e-08	5.293e-11	1.1544e-08	3.2606e-07	-3.244e-07	6.6804e-10	-4.759e-11	2.2335e-10	3.2348e-07	-3.243e-07
0.815	-1.1156e-07	1.8422e-09	1.59604e-08	4.1902e-07	-3.2536e-07	-6.92094e-08	1.1104e-09	1.54876e-08	3.7796e-07	-3.2538e-07	-4.41774e-08	6.4611e-10	1.50668e-08	3.529e-07	-3.2442e-07	-2.91578e-08	3.3587e-10	1.46226e-08	3.3868e-07	-3.2446e-07	-2.03672e-08	1.4607e-10	1.41514e-08	3.3138e-07	-3.253e-07	-1.52858e-08	4.438e-11	1.3562e-08	3.2596e-07	-3.2428e-07	6.5134e-10	-5.936e-11	2.5798e-10	3.235e-07	-3.2436e-07
0.81	-1.1416e-07	1.8116e-09	1.87502e-08	4.1894e-07	-3.2534e-07	-7.19666e-08	1.0898e-09	1.82122e-08	3.7784e-07	-3.2538e-07	-4.68254e-08	6.297e-10	1.77236e-08	3.5292e-07	-3.2446e-07	-3.17328e-08	3.2256e-10	1.72094e-08	3.3864e-07	-3.2452e-07	-2.28654e-08	1.3357e-10	1.66546e-08	3.3138e-07	-3.2536e-07	-1.76786e-08	3.261e-11	1.59566e-08	3.2594e-07	-3.2434e-07	6.2432e-10	-7.172e-11	2.9261e-10	3.235e-07	-3.2424e-07
0.805	-1.1734e-07	1.7839e-09	2.19776e-08	4.1886e-07	-3.2532e-07	-7.50516e-08	1.065e-09	2.13736e-08	3.7796e-07	-3.253e-07	-4.99604e-08	6.1042e-10	2.08184e-08	3.5294e-07	-3.2446e-07	-3.47432e-08	3.0798e-10	2.02116e-08	3.3872e-07	-3.2442e-07	-2.57662e-08	1.2301e-10	1.95668e-08	3.3148e-07	-3.2542e-07	-2.04598e-08	2.368e-11	1.87512e-08	3.2596e-07	-3.2434e-07	5.9017e-10	-8.652e-11	3.4505e-10	3.2352e-07	-3.2402e-07
0.8	-1.211e-07	1.7564e-09	2.585e-08	4.1922e-07	-3.257e-07	-7.88264e-08	1.0466e-09	2.51646e-08	3.779e-07	-3.2528e-07	-5.36132e-08	5.9591e-10	2.4518e-08	3.5286e-07	-3.2442e-07	-3.83374e-08	2.9501e-10	2.38044e-08	3.3874e-07	-3.2452e-07	-2.92302e-08	1.1219e-10	2.3034e-08	3.3142e-07	-3.2534e-07	-2.37774e-08	1.054e-11	2.20866e-08	3.2596e-07	-3.2434e-07	5.3034e-10	-9.715e-11	3.9826e-10	3.2346e-07	-3.2434e-07
0.795	-1.256e-07	1.727e-09	3.03322e-08	4.1864e-07	-3.2538e-07	-8.32152e-08	1.0237e-09	2.95458e-08	3.779e-07	-3.2532e-07	-5.79308e-08	5.7524e-10	2.87902e-08	3.529e-07	-3.2446e-07	-4.2477e-08	2.8037e-10	2.79666e-08	3.38e-07	-3.2372e-07	-3.32678e-08	1.0158e-10	2.70748e-08	3.3138e-07	-3.2526e-07	-2.76386e-08	5.8e-13	2.59524e-08	3.2596e-07	-3.2434e-07	4.9812e-10	-1.1016e-10	4.7358e-10	3.2352e-07	-3.2436e-07
0.79	-1.308e-07	1.696e-09	3.56942e-08	4.1878e-07	-3.2534e-07	-8.84628e-08	1.0012e-09	3.48106e-08	3.7788e-07	-3.2536e-07	-6.304e-08	5.5872e-10	3.39162e-08	3.5292e-07	-3.244e-07	-4.7439e-08	2.6679e-10	3.29424e-08	3.3874e-07	-3.2444e-07	-3.80674e-08	8.96e-11	3.18992e-08	3.3138e-07	-3.2534e-07	-3.2252e-08	-1.008e-11	3.05812e-08	3.2596e-07	-3.2436e-07	4.4425e-10	-1.2498e-10	5.1948e-10	3.235e-07	-3.2436e-07
0.785	-1.3696e-07	1.6676e-09	4.19252e-08	4.1864e-07	-3.2536e-07	-9.45812e-08	9.8195e-10	4.09032e-08	3.7788e-07	-3.253e-07	-6.8956e-08	5.3899e-10	3.98682e-08	3.5296e-07	-3.2436e-07	-5.32238e-08	2.5109e-10	3.87198e-08	3.3868e-07	-3.2438e-07	-4.36582e-08	7.645e-11	3.74834e-08	3.3136e-07	-3.253e-07	-3.76062e-08	-2.191e-11	3.59414e-08	3.2594e-07	-3.2436e-07	3.6763e-10	-1.3777e-10	6.0197e-10	3.2346e-07	-3.2434e-07
0.78	-1.4438e-07	1.6374e-09	4.93874e-08	4.1896e-07	-3.2568e-07	-1.01848e-07	9.5864e-10	4.8182e-08	3.7802e-07	-3.253e-07	-7.60658e-08	5.2716e-10	4.69584e-08	3.5312e-07	-3.2442e-07	-6.0128e-08	2.3634e-10	4.56376e-08	3.388e-07	-3.2446e-07	-5.03226e-08	6.395e-11	4.41824e-08	3.3138e-07	-3.2532e-07	-4.4007e-08	-3.431e-11	4.23532e-08	3.26e-07	-3.2436e-07	2.6946e-10	-1.507e-10	7.1356e-10	3.2344e-07	-3.2412e-07
0.775	-1.5288e-07	1.6112e-09	5.8044e-08	4.1874e-07	-3.254e-07	-1.102166e-07	9.3715e-10	5.66446e-08	3.7792e-07	-3.253e-07	-8.43722e-08	5.0619e-10	5.52186e-08	3.5302e-07	-3.244e-07	-6.81542e-08	2.217e-10	5.36556e-08	3.3876e-07	-3.2442e-07	-5.8089e-08	4.96e-11	5.19536e-08	3.3152e-07	-3.2532e-07	-5.14598e-08	-4.436e-11	4.98002e-08	3.2602e-07	-3.243e-07	1.9242e-10	-1.6583e-10	8.1206e-10	3.2352e-07	-3.2428e-07
0.77	-1.6322e-07	1.5832e-09	6.83882e-08	4.1864e-07	-3.253e-07	-1.2034e-07	9.1566e-10	6.67778e-08	3.7798e-07	-3.253e-07	-9.42172e-08	4.9293e-10	6.508e-08	3.5254e-07	-3.2364e-07	-7.76926e-08	2.0662e-10	6.32422e-08	3.3866e-07	-3.2448e-07	-6.7339e-08	3.742e-11	6.1196e-08	3.3138e-07	-3.2542e-07	-6.02816e-08	-5.685e-11	5.86714e-08	3.26e-07	-3.2424e-07	8.682e-11	-1.8053e-10	9.527e-10	3.234e-07	-3.243e-07
0.765	-1.753e-07	1.5538e-09	8.04174e-08	4.1852e-07	-3.252e-07	-1.3206e-07	8.9225e-10	7.85124e-08	3.7796e-07	-3.2526e-07	-1.057072e-07	4.7404e-10	7.65328e-08	3.5306e-07	-3.2442e-07	-8.88506e-08	1.9159e-10	7.4374e-08	3.3802e-07	-3.244e-07	-7.81042e-08	2.549e-11	7.19756e-08	3.3146e-07	-3.253e-07	-7.0629e-08	-6.979e-11	6.89912e-08	3.2596e-07	-3.2432e-07	-7.564e-11	-1.9441e-10	1.10518e-09	3.2348e-07	-3.242e-07
0.76	-1.895e-07	1.5248e-09	9.47978e-08	4.1854e-07	-3.2534e-07	-1.4616e-07	8.7102e-10	9.259e-08	3.7792e-07	-3.253e-07	-1.1944e-07	4.5677e-10	9.02802e-08	3.5236e-07	-3.244e-07	-1.02145e-07	1.7696e-10	8.76846e-08	3.387e-07	-3.2444e-07	-9.0992e-08	1.249e-11	8.48904e-08	3.3138e-07	-3.2532e-07	-8.29364e-08	-8.074e-11	8.13644e-08	3.26e-07	-3.2432e-07	-3.4815e-10	-2.0304e-10	1.2928e-09	3.234e-07	-3.2432e-07
0.755	-2.062e-07	1.4987e-09	1.115432e-07	4.1858e-07	-3.2536e-07	-1.6264e-07	8.4764e-10	1.089314e-07	3.7812e-07	-3.253e-07	-1.3544e-07	4.3558e-10	1.06211e-07	3.53e-07	-3.2436e-07	-1.176e-07	1.6338e-10	1.03155e-07	3.3808e-07	-3.2444e-07	-1.059262e-07	9.9e-13	9.98222e-08	3.3132e-07	-3.253e-07	-9.72534e-08	-9.47e-11	9.56312e-08	3.2602e-07	-3.243e-07	-4.6899e-10	-2.1655e-10	1.5353e-09	3.2356e-07	-3.2424e-07
0.75	-2.262e-07	1.4704e-09	1.3162e-07	4.1852e-07	-3.2538e-07	-1.8212e-07	8.2647e-10	1.2848e-07	3.7794e-07	-3.2528e-07	-1.5444e-07	4.194e-10	1.253e-07	3.5296e-07	-3.244e-07	-1.3624e-07	1.4808e-10	1.2174e-07	3.3876e-07	-3.2452e-07	-1.2392e-07	-1.007e-11	1.1772e-07	3.3142e-07	-3.2534e-07	-1.143586e-07	-1.0838e-10	1.127654e-07	3.26e-07	-3.2432e-07	-7.0714e-10	-2.3331e-10	1.7553e-09	3.234e-07	-3.2424e-07
0.745	-2.4922e-07	1.4409e-09	1.5476e-07	4.183e-07	-3.2534e-07	-2.0472e-07	8.0223e-10	1.5128e-07	3.7804e-07	-3.2526e-07	-1.7654e-07	3.9834e-10	1.4738e-07	3.5306e-07	-3.2438e-07	-1.5758e-07	1.3123e-10	1.432e-07	3.3876e-07	-3.244e-07	-1.4458e-07	-2.459e-11	1.3848e-07	3.3138e-07	-3.2526e-07	-1.344e-07	-1.233e-10	1.3268e-07	3.2604e-07	-3.2436e-07	-9.7653e-10	-2.4931e-10	2.1403e-09	3.234e-07	-3.2428e-07
0.74	-2.7702e-07	1.4133e-09	1.8262e-07	4.1828e-07	-3.2528e-07	-2.3182e-07	7.8093e-10	1.7836e-07	3.7808e-07	-3.2546e-07	-2.0302e-07	3.8171e-10	1.7398e-07	3.531e-07	-3.244e-07	-1.832e-07	1.1592e-10	1.6894e-07	3.387e-07	-3.2442e-07	-1.6952e-07	-3.93e-11	1.6346e-07	3.3144e-07	-3.2536e-07	-1.5796e-07	-1.3175e-10	1.5638e-07	3.2598e-07	-3.2432e-07	-1.2996e-09	-2.6256e-10	2.3783e-09	3.2342e-07	-3.2428e-07
0.735	-3.0926e-07	1.3847e-09	2.1498e-07	4.1832e-07	-3.2522e-07	-2.6338e-07	7.5717e-10	2.0992e-07	3.78e-07	-3.2536e-07	-2.3376e-07	3.5963e-10	2.0464e-07	3.5312e-07	-3.2436e-07	-2.1316e-07	9.99e-11	1.9872e-07	3.3872e-07	-3.2436e-07	-1.9838e-07	-5.384e-11	1.9222e-07	3.3178e-07	-3.2562e-07	-1.855e-07	-1.4749e-10	1.8386e-07	3.2602e-07	-3.2436e-07	-1.7541e-09	-2.8125e-10	2.8244e-09	3.2278e-07	-3.2356e-07
0.73	-3.4778e-07	1.3555e-09	2.5364e-07	4.1822e-07	-3.2528e-07	-3.0108e-07	7.3244e-10	2.4746e-07	3.7796e-07	-3.254e-07	-2.706e-07	3.4213e-10	2.4138e-07	3.5324e-07	-3.2446e-07	-2.4876e-07	8.279e-11	2.3446e-07	3.3878e-07	-3.2428e-07	-2.3278e-07	-6.841e-11	2.2676e-07	3.314e-07	-3.253e-07	-2.1844e-07	-1.6162e-10	2.1702e-07	3.2604e-07	-3.2432e-07	-2.2453e-09	-3.0105e-10	3.3019e-09	3.2352e-07	-3.2428e-07
0.725	-3.9256e-07	1.3283e-09	2.9846e-07	4.1818e-07	-3.2532e-07	-3.4504e-07	7.1133e-10	2.9168e-07	3.7792e-07	-3.2532e-07	-3.1342e-07	3.232e-10	2.8424e-07	3.532e-07	-3.2436e-07	-2.902e-07	6.824e-11	2.7602e-07	3.388e-07	-3.2374e-07	-2.7298e-07	-8.223e-11	2.6678e-07	3.3136e-07	-3.2526e-07	-2.5692e-07	-1.7593e-10	2.5548e-07	3.261e-07	-3.2436e-07	-2.7321e-09	-3.2027e-10	3.8758e-09	3.234e-07	-3.2428e-07
0.72	-4.4568e-07	1.2983e-09	3.5148e-07	4.1806e-07	-3.253e-07	-3.969e-07	6.8685e-10	3.4326e-07	3.7796e-07	-3.2524e-07	-3.6386e-07	3.0463e-10	3.345e-07	3.5328e-07	-3.2446e-07	-3.393e-07	5.18e-11	3.2478e-07	3.3868e-07	-3.243e-07	-3.1996e-07	-9.635e-11	3.1396e-07	3.3138e-07	-3.2516e-07	-3.0198e-07	-1.9166e-10	3.0044e-07	3.2606e-07	-3.2436e-07	-3.3607e-09	-3.3893e-10	4.5255e-09	3.2342e-07	-3.243e-07
0.715	-5.0888e-07	1.2691e-09	4.1486e-07	4.1822e-07	-3.2524e-07	-4.5874e-07	6.6274e-10	4.0514e-07	3.7804e-07	-3.2526e-07	-4.2384e-07	2.8761e-10	3.9474e-07	3.5322e-07	-3.2442e-07	-3.9764e-07	3.408e-11	3.8338e-07	3.387e-07	-3.2442e-07	-3.7636e-07	-1.1085e-10	3.7038e-07	3.3142e-07	-3.2532e-07	-3.5586e-07	-2.0699e-10	3.542e-07	3.2602e-07	-3.243e-07	-4.1556e-09	-3.5954e-10	5.3594e-09	3.235e-07	-3.2428e-07
0.71	-5.8254e-07	1.2411e-09	4.8826e-07	4.1804e-07	-3.2532e-07	-5.3044e-07	6.4076e-10	4.7684e-07	3.7726e-07	-3.2446e-07	-4.9386e-07	2.6468e-10	4.647e-07	3.5324e-07	-3.2438e-07	-4.6564e-07	1.759e-11	4.5122e-07	3.3874e-07	-3.2446e-07	-4.4194e-07	-1.283e-10	4.3584e-07	3.3148e-07	-3.253e-07	-4.1856e-07	-2.2392e-10	4.1676e-07	3.2602e-07	-3.244e-07	-4.9955e-09	-3.8007e-10	6.2361e-09	3.2342e-07	-3.2434e-07
0.705	-6.7058e-07	1.2107e-09	5.7632e-07	4.1804e-07	-3.2532e-07	-6.1626e-07	6.1595e-10	5.6296e-07	3.772e-07	-3.2438e-07	-5.7756e-07	2.4537e-10	5.485e-07	3.5276e-07	-3.244e-07	-5.4692e-07	-3.74e-12	5.3206e-07	3.3836e-07	-3.2444e-07	-5.2024e-07	-1.4405e-10	5.1408e-07	3.3126e-07	-3.2536e-07	-4.9324e-07	-2.4328e-10	4.9146e-07	3.2612e-07	-3.2436e-07	-5.903e-09	-4.0119e-10	7.2161e-09	3.2336e-07	-3.2426e-07
0.7	-7.7304e-07	1.1814e-09	6.7866e-07	4.1804e-07	-3.253e-07	-7.1634e-07	5.9206e-10	6.6278e-07	3.7714e-07	-3.244e-07	-6.7496e-07	2.227e-10	6.456e-07	3.5326e-07	-3.2436e-07	-6.407e-07	-1.993e-11	6.266e-07	3.3872e-07	-3.2436e-07	-6.1134e-07	-1.6056e-10	6.0544e-07	3.3144e-07	-3.2528e-07	-5.7978e-07	-2.5799e-10	5.786e-07	3.2596e-07	-3.2438e-07	-7.1002e-09	-4.2172e-10	8.4543e-09	3.2334e-07	-3.2424e-07
0.695	-8.949e-07	1.1514e-09	8.0116e-07	4.179e-07	-3.2528e-07	-8.3572e-07	5.6661e-10	7.827e-07	3.766e-07	-3.244e-07	-7.9132e-07	2.0127e-10	7.6184e-07	3.533e-07	-3.2434e-07	-7.5382e-07	-3.843e-11	7.3942e-07	3.387e-07	-3.2432e-07	-7.1984e-07	-1.7977e-10	7.1418e-07	3.3136e-07	-3.2526e-07	-6.8396e-07	-2.7898e-10	6.8246e-07	3.2602e-07	-3.243e-07	-8.4638e-09	-4.4652e-10	9.8319e-09	3.235e-07	-3.2428e-07
0.69	-1.0376e-06	1.1195e-09	9.4304e-07	4.1778e-07	-3.2532e-07	-9.7458e-07	5.4184e-10	9.2116e-07	3.7726e-07	-3.2436e-07	-9.2648e-07	1.8049e-10	8.9792e-07	3.5344e-07	-3.2434e-07	-8.849e-07	-5.731e-11	8.7052e-07	3.3864e-07	-3.2442e-07	-8.4706e-07	-1.9446e-10	8.4084e-07	3.3142e-07	-3.2532e-07	-8.0452e-07	-2.9555e-10	8.028e-07	3.2598e-07	-3.2434e-07	-9.9392e-09	-4.6884e-10	1.13547e-08	3.2348e-07	-3.2424e-07
0.685	-1.2056e-06	1.0948e-09	1.11452e-06	4.1774e-07	-3.2532e-07	-1.14134e-06	5.1601e-10	1.08722e-06	3.772e-07	-3.2432e-07	-1.08874e-06	1.5895e-10	1.05946e-06	3.5338e-07	-3.2442e-07	-1.04188e-06	-7.466e-11	1.02778e-06	3.3868e-07	-3.2428e-07	-9.9826e-07	-2.1514e-10	9.9234e-07	3.3132e-07	-3.252e-07	-9.483e-07	-3.1263e-10	9.4742e-07	3.2602e-07	-3.243e-07	-1.40738e-08	-4.9033e-10	1.50716e-08	3.2332e-07	-3.2418e-07
0.68	-1.4025e-06	1.0682e-09	1.3099e-06	4.1772e-07	-3.2524e-07	-1.3321e-06	5.0347e-10	1.2779e-06	3.772e-07	-3.2432e-07	-1.2754e-06	1.4321e-10	1.2455e-06	3.5326e-07	-3.2436e-07	-1.2218e-06	-7.487e-11	1.2074e-06	3.3878e-07	-3.2436e-07	-1.1717e-06	-2.1862e-10	1.1655e-06	3.3136e-07	-3.253e-07	-1.11642e-06	-3.3294e-10	1.11424e-06	3.2594e-07	-3.2434e-07	-1.62938e-08	-5.1257e-10	1.69952e-08	3.233e-07	-3.242e-07
0.675	-1.6395e-06	1.0355e-09	1.5455e-06	4.1768e-07	-3.2526e-07	-1.5612e-06	4.7746e-10	1.5093e-06	3.7732e-07	-3.2432e-07	-1.4988e-06	1.2307e-10	1.4706e-06	3.5346e-07	-3.244e-07	-1.4384e-06	-9.84e-11	1.4258e-06	3.3872e-07	-3.2436e-07	-1.3802e-06	-2.3701e-10	1.3747e-06	3.3138e-07	-3.253e-07	-1.3146e-06	-3.4141e-10	1.3124e-06	3.2608e-07	-3.2434e-07	-1.98774e-08	-5.3573e-10	2.1081e-08	3.235e-07	-3.2424e-07
0.67	-1.9145e-06	1.0029e-09	1.8194e-06	4.1768e-07	-3.2526e-07	-1.8302e-06	4.4933e-10	1.7776e-06	3.772e-07	-3.2442e-07	-1.7599e-06	9.879e-11	1.7304e-06	3.534e-07	-3.2424e-07	-1.6923e-06	-1.197e-10	1.6778e-06	3.3886e-07	-3.2444e-07	-1.6247e-06	-2.5977e-10	1.6194e-06	3.3134e-07	-3.2526e-07	-1.5464e-06	-3.5936e-10	1.5453e-06	3.2596e-07	-3.243e-07	-2.327e-08	-5.6365e-10	2.4024e-08	3.2346e-07	-3.2422e-07
0.665	-2.2432e-06	9.7191e-10	2.1507e-06	4.1772e-07	-3.2524e-07	-2.1514e-06	4.2218e-10	2.0981e-06	3.7732e-07	-3.2432e-07	-2.0726e-06	7.503e-11	2.0421e-06	3.5342e-07	-3.244e-07	-1.9956e-06	-1.4404e-10	1.9799e-06	3.3874e-07	-3.2436e-07	-1.9166e-06	-2.8049e-10	1.9119e-06	3.3136e-07	-3.253e-07	-1.8241e-06	-3.8488e-10	1.8235e-06	3.2536e-07	-3.2374e-07	-2.8283e-08	-5.8761e-10	2.88452e-08	3.2352e-07	-3.244e-07
0.66	-2.6257e-06	9.3932e-10	2.5317e-06	4.177e-07	-3.2526e-07	-2.525e-06	3.9289e-10	2.4717e-06	3.7732e-07	-3.2436e-07	-2.4351e-06	5.023e-11	2.4063e-06	3.534e-07	-3.2434e-07	-2.3467e-06	-1.6515e-10	2.3333e-06	3.3876e-07	-3.244e-07	-2.2558e-06	-3.0132e-10	2.2504e-06	3.3138e-07	-3.2528e-07	-2.1472e-06	-4.0689e-10	2.1458e-06	3.2596e-07	-3.243e-07	-3.19624e-08	-6.1577e-10	3.35294e-08	3.2352e-07	-3.244e-07
0.655	-3.0845e-06	9.0483e-10	2.9916e-06	4.176e-07	-3.2536e-07	-2.9721e-06	3.654e-10	2.9181e-06	3.7724e-07	-3.2428e-07	-2.8709e-06	2.462e-11	2.8398e-06	3.5352e-07	-3.2424e-07	-2.768e-06	-1.8552e-10	2.7538e-06	3.3872e-07	-3.244e-07	-2.6599e-06	-3.2434e-10	2.6561e-06	3.314e-07	-3.2524e-07	-2.5329e-06	-4.3057e-10	2.5308e-06	3.2534e-07	-3.2362e-07	-3.84506e-08	-6.4299e-10	3.97232e-08	3.2358e-07	-3.243e-07
0.65	-3.6159e-06	8.7265e-10	3.5217e-06	4.1736e-07	-3.2524e-07	-3.4907e-06	3.3542e-10	3.4368e-06	3.7738e-07	-3.2428e-07	-3.3723e-06	-1.44e-12	3.3447e-06	3.533e-07	-3.2434e-07	-3.2559e-06	-2.107e-10	3.2431e-06	3.3882e-07	-3.2438e-07	-3.1289e-06	-3.4407e-10	3.1257e-06	3.3132e-07	-3.2524e-07	-2.9813e-06	-4.5435e-10	2.98e-06	3.2596e-07	-3.2434e-07	-4.5133e-08	-6.7131e-10	4.59368e-08	3.2356e-07	-3.2426e-07
0.645	-4.2519e-06	8.3676e-10	4.1609e-06	4.1752e-07	-3.2526e-07	-4.1139e-06	3.0559e-10	4.058e-06	3.7744e-07	-3.2434e-07	-3.9806e-06	-2.584e-11	3.9493e-06	3.5328e-07	-3.2422e-07	-3.8399e-06	-2.3199e-10	3.8251e-06	3.387e-07	-3.244e-07	-3.6964e-06	-3.6912e-10	3.6919e-06	3.3136e-07	-3.2526e-07	-3.5175e-06	-4.7915e-10	3.5161e-06	3.26e-07	-3.2422e-07	-5.34904e-08	-6.9975e-10	5.4976e-08	3.2346e-07	-3.243e-07
0.64	-4.9935e-06	8.0297e-10	4.8976e-06	4.176e-07	-3.252e-07	-4.8322e-06	2.7826e-10	4.7793e-06	3.7736e-07	-3.243e-07	-4.6782e-06	-5.356e-11	4.6497e-06	3.5268e-07	-3.237e-07	-4.5226e-06	-2.5673e-10	4.5049e-06	3.388e-07	-3.244e-07	-4.3487e-06	-3.9183e-10	4.3435e-06	3.3136e-07	-3.252e-07	-4.1402e-06	-5.0276e-10	4.1393e-06	3.2598e-07	-3.2434e-07	-6.4014e-08	-7.2934e-10	6.43926e-08	3.2346e-07	-3.2428e-07
0.635	-5.8757e-06	7.6797e-10	5.7834e-06	4.1746e-07	-3.2526e-07	-5.6936e-06	2.4713e-10	5.641e-06	3.7732e-07	-3.2424e-07	-5.5155e-06	-7.999e-11	5.4889e-06	3.5346e-07	-3.2424e-07	-5.3311e-06	-2.8352e-10	5.3153e-06	3.3814e-07	-3.2442e-07	-5.1323e-06	-4.1474e-10	5.1262e-06	3.3132e-07	-3.2522e-07	-4.8804e-06	-5.2787e-10	4.8828e-06	3.2602e-07	-3.2436e-07	-7.56612e-08	-7.5785e-10	7.587e-08	3.2362e-07	-3.2436e-07
0.63	-6.9049e-06	7.3242e-10	6.8054e-06	4.1762e-07	-3.2526e-07	-6.6944e-06	2.1632e-10	6.6442e-06	3.774e-07	-3.2434e-07	-6.4912e-06	-1.0651e-10	6.4622e-06	3.5334e-07	-3.2424e-07	-6.2722e-06	-3.0648e-10	6.2617e-06	3.387e-07	-3.2436e-07	-6.039e-06	-4.4071e-10	6.0316e-06	3.3142e-07	-3.2522e-07	-5.7447e-06	-5.5423e-10	5.7454e-06	3.2592e-07	-3.242e-07	-8.45916e-08	-7.8872e-10	8.83236e-08	3.2352e-07	-3.244e-07
0.625	-8.1312e-06	6.9737e-10	8.0409e-06	4.1748e-07	-3.2526e-07	-7.8935e-06	1.8641e-10	7.8426e-06	3.7754e-07	-3.2426e-07	-7.6526e-06	-1.3455e-10	7.6264e-06	3.5352e-07	-3.2434e-07	-7.3989e-06	-3.3368e-10	7.3842e-06	3.388e-07	-3.2438e-07	-7.1204e-06	-4.6697e-10	7.1172e-06	3.3134e-07	-3.252e-07	-6.7736e-06	-5.8077e-10	6.7775e-06	3.2594e-07	-3.2416e-07	-1.028632e-07	-8.1794e-10	1.042624e-07	3.2362e-07	-3.2428e-07
0.62	-9.5587e-06	6.6202e-10	9.4602e-06	4.1738e-07	-3.2526e-07	-9.2864e-06	1.5503e-10	9.2296e-06	3.7746e-07	-3.243e-07	-9.0059e-06	-1.6096e-10	8.9777e-06	3.533e-07	-3.243e-07	-8.7093e-06	-3.6078e-10	8.6972e-06	3.3874e-07	-3.2438e-07	-8.3783e-06	-4.9112e-10	8.3732e-06	3.3136e-07	-3.252e-07	-7.9729e-06	-6.0732e-10	7.9715e-06	3.2594e-07	-3.2424e-07	-1.172428e-07	-8.4573e-10	1.1892e-07	3.2356e-07	-3.2438e-07
0.615	-1.1262e-05	6.2665e-10	1.11722e-05	4.1754e-07	-3.2526e-07	-1.09496e-05	1.2202e-10	1.0889e-05	3.775e-07	-3.237e-07	-1.06245e-05	-1.892e-10	1.05955e-05	3.5348e-07	-3.2424e-07	-1.02748e-05	-3.8612e-10	1.0263e-05	3.3884e-07	-3.2428e-07	-9.8814e-06	-5.1889e-10	9.8798e-06	3.3136e-07	-3.2522e-07	-9.3989e-06	-6.3819e-10	9.3948e-06	3.2602e-07	-3.2432e-07	-1.3078e-07	-8.6973e-10	1.341e-07	3.2356e-07	-3.2436e-07
0.61	-1.3254e-05	6.2143e-10	1.3146e-05	4.1732e-07	-3.2524e-07	-1.2876e-05	1.1809e-10	1.2826e-05	3.7746e-07	-3.243e-07	-1.2496e-05	-1.9838e-10	1.2478e-05	3.5354e-07	-3.244e-07	-1.209e-05	-3.9479e-10	1.2074e-05	3.3876e-07	-3.2434e-07	-1.1642e-05	-5.3201e-10	1.1632e-05	3.3126e-07	-3.2518e-07	-1.10538e-05	-6.6478e-10	1.10628e-05	3.2596e-07	-3.243e-07	-1.6434e-07	-8.9897e-10	1.7402e-07	3.2354e-07	-3.2436e-07
0.605	-1.5606e-05	5.7856e-10	1.5518e-05	4.1724e-07	-3.2516e-07	-1.5178e-05	8.379e-11	1.5136e-05	3.7742e-07	-3.2442e-07	-1.4738e-05	-2.2834e-10	1.4698e-05	3.5346e-07	-3.2374e-07	-1.4264e-05	-4.265e-10	1.4246e-05	3.3872e-07	-3.243e-07	-1.3724e-05	-5.5963e-10	1.3718e-05	3.3136e-07	-3.2524e-07	-1.3048e-05	-6.8704e-10	1.3032e-05	3.26e-07	-3.243e-07	-1.9534e-07	-9.3694e-10	1.961e-07	3.2356e-07	-3.2424e-07
0.6	-1.835e-05	5.3737e-10	1.825e-05	4.1722e-07	-3.2526e-07	-1.7858e-05	4.686e-11	1.7802e-05	3.7744e-07	-3.2438e-07	-1.7322e-05	-2.6097e-10	1.7292e-05	3.5352e-07	-3.2438e-07	-1.6768e-05	-4.5541e-10	1.6766e-05	3.3874e-07	-3.2436e-07	-1.6118e-05	-5.8731e-10	1.612e-05	3.3138e-07	-3.252e-07	-1.5316e-05	-7.1331e-10	1.5314e-05	3.2592e-07	-3.2428e-07	-2.2702e-07	-9.7159e-10	2.3226e-07	3.234e-07	-3.2418e-07
0.595	-2.161e-05	4.9777e-10	2.152e-05	4.174e-07	-3.2526e-07	-2.1046e-05	1.229e-11	2.0986e-05	3.7762e-07	-3.2436e-07	-2.0412e-05	-2.9325e-10	2.039e-05	3.5362e-07	-3.244e-07	-1.9748e-05	-4.8433e-10	1.9738e-05	3.3876e-07	-3.244e-07	-1.9016e-05	-6.1827e-10	1.899e-05	3.3148e-07	-3.2524e-07	-1.8056e-05	-7.4434e-10	1.8034e-05	3.2522e-07	-3.236e-07	-2.6382e-07	-1.00873e-09	2.669e-07	3.2338e-07	-3.2362e-07
0.59	-2.5398e-05	4.5811e-10	2.5304e-05	4.1722e-07	-3.2524e-07	-2.473e-05	-2.108e-11	2.4666e-05	3.7762e-07	-3.2436e-07	-2.4e-05	-3.2462e-10	2.3966e-05	3.536e-07	-3.2424e-07	-2.3228e-05	-5.127e-10	2.3218e-05	3.3874e-07	-3.2434e-07	-2.2324e-05	-6.463e-10	2.2336e-05	3.313e-07	-3.2528e-07	-2.1206e-05	-7.7652e-10	2.1214e-05	3.2594e-07	-3.2422e-07	-3.1438e-07	-1.04636e-09	3.1394e-07	3.232e-07	-3.2428e-07
0.585	-2.9906e-05	4.1584e-10	2.9804e-05	4.1724e-07	-3.2516e-07	-2.914e-05	-6.173e-11	2.9064e-05	3.775e-07	-3.2434e-07	-2.8282e-05	-3.5768e-10	2.8246e-05	3.5354e-07	-3.2434e-07	-2.737e-05	-5.4333e-10	2.7356e-05	3.3818e-07	-3.2364e-07	-2.6312e-05	-6.771e-10	2.6306e-05	3.3126e-07	-3.252e-07	-2.4976e-05	-8.0763e-10	2.4982e-05	3.2594e-07	-3.243e-07	-3.6976e-07	-1.07931e-09	3.7458e-07	3.2352e-07	-3.2428e-07
0.58	-3.5134e-05	3.7674e-10	3.504e-05	4.1722e-07	-3.252e-07	-3.4206e-05	-9.488e-11	3.4166e-05	3.776e-07	-3.2434e-07	-3.324e-05	-3.8955e-10	3.3188e-05	3.5354e-07	-3.2434e-07	-3.214e-05	-5.755e-10	3.2112e-05	3.3878e-07	-3.2432e-07	-3.0918e-05	-7.0585e-10	3.0914e-05	3.313e-07	-3.253e-07	-2.9328e-05	-8.3836e-10	2.9314e-05	3.2592e-07	-3.2418e-07	-4.0378e-07	-1.1106e-09	4.312e-07	3.2344e-07	-3.243e-07
0.575	-4.1326e-05	3.3546e-10	4.122e-05	4.174e-07	-3.255e-07	-4.027e-05	-1.3011e-10	4.0224e-05	3.7766e-07	-3.2436e-07	-3.9104e-05	-4.1892e-10	3.9062e-05	3.5356e-07	-3.2428e-07	-3.7836e-05	-6.0421e-10	3.781e-05	3.3876e-07	-3.2436e-07	-3.6348e-05	-7.3672e-10	3.6352e-05	3.3132e-07	-3.2526e-07	-3.4488e-05	-8.6989e-10	3.4488e-05	3.253e-07	-3.2426e-07	-4.997e-07	-1.1529e-09	5.0146e-07	3.2352e-07	-3.2428e-07
0.57	-4.8492e-05	2.9522e-10	4.8382e-05	4.1726e-07	-3.2522e-07	-4.7234e-05	-1.6522e-10	4.7136e-05	3.7778e-07	-3.2436e-07	-4.5878e-05	-4.5488e-10	4.5836e-05	3.5358e-07	-3.243e-07	-4.4396e-05	-6.3683e-10	4.4352e-05	3.388e-07	-3.2434e-07	-4.2702e-05	-7.6621e-10	4.2648e-05	3.3126e-07	-3.253e-07	-4.0444e-05	-9.0409e-10	4.0448e-05	3.259e-07	-3.2418e-07	-5.7972e-07	-1.19e-09	5.8476e-07	3.2346e-07	-3.2424e-07
0.565	-5.6982e-05	2.5639e-10	5.6898e-05	4.1722e-07	-3.252e-07	-5.5524e-05	-2.0013e-10	5.5474e-05	3.7768e-07	-3.2438e-07	-5.3908e-05	-4.8547e-10	5.3918e-05	3.5356e-07	-3.2422e-07	-5.2178e-05	-6.6612e-10	5.214e-05	3.3884e-07	-3.2442e-07	-5.016e-05	-7.9904e-10	5.0186e-05	3.3132e-07	-3.253e-07	-4.7512e-05	-9.3777e-10	4.7524e-05	3.256e-07	-3.2394e-07	-6.7662e-07	-1.2312e-09	6.806e-07	3.2346e-07	-3.2426e-07
0.56	-6.6752e-05	2.1593e-10	6.6674e-05	4.1712e-07	-3.2512e-07	-6.5066e-05	-2.3741e-10	6.5032e-05	3.7786e-07	-3.2444e-07	-6.3178e-05	-5.1968e-10	6.317e-05	3.5354e-07	-3.243e-07	-6.1086e-05	-6.966e-10	6.1102e-05	3.3882e-07	-3.243e-07	-5.875e-05	-8.3069e-10	5.8704e-05	3.3138e-07	-3.2526e-07	-5.5712e-05	-9.7009e-10	5.5672e-05	3.2594e-07	-3.2368e-07	-7.8274e-07	-1.2718e-09	7.9342e-07	3.234e-07	-3.2418e-07
0.555	-7.8356e-05	1.7479e-10	7.8198e-05	4.1716e-07	-3.253e-07	-7.6362e-05	-2.7302e-10	7.6262e-05	3.7788e-07	-3.2446e-07	-7.4178e-05	-5.5549e-10	7.4166e-05	3.5358e-07	-3.243e-07	-7.1708e-05	-7.3028e-10	7.1728e-05	3.388e-07	-3.236e-07	-6.8962e-05	-8.6464e-10	6.8914e-05	3.3128e-07	-3.2528e-07	-6.5318e-05	-1.00681e-09	6.5316e-05	3.259e-07	-3.2426e-07	-8.9972e-07	-1.313e-09	9.1514e-07	3.2346e-07	-3.2408e-07
0.55	-9.168e-05	1.3561e-10	9.1526e-05	4.1716e-07	-3.252e-07	-8.932e-05	-3.1016e-10	8.926e-05	3.7794e-07	-3.2442e-07	-8.6752e-05	-5.8671e-10	8.669e-05	3.535e-07	-3.242e-07	-8.3958e-05	-7.626e-10	8.3906e-05	3.388e-07	-3.2422e-07	-8.0656e-05	-8.9676e-10	8.0712e-05	3.3136e-07	-3.2532e-07	-7.6362e-05	-1.03893e-09	7.636e-05	3.2598e-07	-3.2422e-07	-1.04066e-06	-1.3545e-09	1.04976e-06	3.2344e-07	-3.242e-07
0.545	-0.00010728	9.229e-11	0.000107264	4.1712e-07	-3.2522e-07	-0.000104622	-3.4733e-10	0.000104536	3.7724e-07	-3.2446e-07	-0.00010158	-6.2201e-10	0.000101568	3.5354e-07	-3.2426e-07	-9.8298e-05	-7.9362e-10	9.8262e-05	3.3886e-07	-3.2434e-07	-9.4466e-05	-9.3116e-10	9.4438e-05	3.3126e-07	-3.2526e-07	-8.9408e-05	-1.07471e-09	8.939e-05	3.259e-07	-3.2426e-07	-1.14806e-06	-1.3956e-09	1.2008e-06	3.234e-07	-3.2418e-07
0.54	-0.00012508	7.441e-11	0.00012502	4.171e-07	-3.252e-07	-0.00012192	-3.6622e-10	0.00012184	3.7722e-07	-3.2388e-07	-0.00011838	-6.4074e-10	0.00011848	3.5354e-07	-3.2422e-07	-0.000114698	-8.2761e-10	0.000114694	3.3882e-07	-3.2432e-07	-0.000110222	-9.636e-10	0.000110196	3.3124e-07	-3.252e-07	-0.00010429	-1.11184e-09	0.000104208	3.2594e-07	-3.242e-07	-1.4828e-06	-1.4285e-09	1.4712e-06	3.2334e-07	-3.2418e-07
0.535	-0.00014608	2.898e-11	0.0001462	4.171e-07	-3.252e-07	-0.00014246	-4.0619e-10	0.00014244	3.7788e-07	-3.2382e-07	-0.00013846	-6.7902e-10	0.00013842	3.5352e-07	-3.242e-07	-0.00013392	-8.468e-10	0.0001339	3.388e-07	-3.243e-07	-0.00012868	-9.8593e-10	0.00012874	3.3124e-07	-3.2526e-07	-0.00012172	-1.1348e-09	0.00012166	3.2596e-07	-3.243e-07	-1.7352e-06	-1.4728e-09	1.7268e-06	3.2346e-07	-3.2418e-07
0.53	-0.00017028	-1.481e-11	0.00017018	4.17e-07	-3.2518e-07	-0.00016584	-4.4497e-10	0.00016588	3.7796e-07	-3.244e-07	-0.00016118	-7.1361e-10	0.0001611	3.5358e-07	-3.243e-07	-0.00015574	-8.8214e-10	0.00015588	3.3886e-07	-3.244e-07	-0.00014974	-1.02042e-09	0.00014972	3.3122e-07	-3.2526e-07	-0.00014162	-1.1676e-09	0.0001416	3.2586e-07	-3.2426e-07	-2.0385e-06	-1.5189e-09	2.0054e-06	3.2336e-07	-3.2424e-07
0.525	-0.00019806	-6.062e-11	0.00019812	4.1706e-07	-3.2558e-07	-0.00019316	-4.8589e-10	0.00019324	3.7794e-07	-3.2434e-07	-0.00018762	-7.4946e-10	0.0001877	3.5346e-07	-3.2422e-07	-0.00018144	-9.1783e-10	0.00018148	3.389e-07	-3.2436e-07	-0.00017432	-1.05698e-09	0.0001745	3.3126e-07	-3.252e-07	-0.00016488	-1.2092e-09	0.00016482	3.2594e-07	-3.2434e-07	-2.3447e-06	-1.5672e-09	2.3069e-06	3.2342e-07	-3.2422e-07
0.52	-0.00022964	-1.0497e-10	0.0002297	4.1708e-07	-3.252e-07	-0.00022384	-5.2468e-10	0.00022402	3.7802e-07	-3.244e-07	-0.0002177	-7.866e-10	0.00021784	3.534e-07	-3.2422e-07	-0.0002104	-9.5255e-10	0.0002106	3.3892e-07	-3.2434e-07	-0.00020228	-1.0908e-09	0.00020218	3.3124e-07	-3.252e-07	-0.00019102	-1.2466e-09	0.00019114	3.2596e-07	-3.2418e-07	-2.6335e-06	-1.6099e-09	2.6526e-06	3.2346e-07	-3.2424e-07
0.515	-0.0002666	-1.4799e-10	0.0002665	4.1712e-07	-3.2514e-07	-0.00025982	-5.6395e-10	0.00025982	3.7784e-07	-3.2442e-07	-0.00025258	-8.2279e-10	0.00025246	3.5344e-07	-3.2424e-07	-0.00024434	-9.8752e-10	0.00024434	3.3878e-07	-3.2428e-07	-0.00023446	-1.1245e-09	0.00023444	3.3124e-07	-3.2514e-07	-0.0002216	-1.2889e-09	0.00022172	3.259e-07	-3.2428e-07	-3.0555e-06	-1.6634e-09	3.0402e-06	3.2338e-07	-3.241e-07
0.51	-0.00030784	-1.9211e-10	0.00030782	4.1706e-07	-3.2532e-07	-0.00030034	-6.0214e-10	0.00030018	3.7784e-07	-3.2434e-07	-0.00029178	-8.6145e-10	0.00029166	3.5322e-07	-3.2424e-07	-0.00028216	-1.02213e-09	0.0002823	3.3886e-07	-3.2438e-07	-0.00027104	-1.1619e-09	0.0002709	3.3116e-07	-3.2522e-07	-0.00025598	-1.3247e-09	0.0002562	3.259e-07	-3.2418e-07	-3.4634e-06	-1.7121e-09	3.4967e-06	3.2348e-07	-3.2426e-07
0.505	-0.0003555	-2.352e-10	0.00035552	4.17e-07	-3.2518e-07	-0.00034668	-6.4431e-10	0.00034666	3.7802e-07	-3.2438e-07	-0.00033704	-8.9646e-10	0.00033698	3.5342e-07	-3.2418e-07	-0.00032584	-1.0604e-09	0.00032578	3.3882e-07	-3.243e-07	-0.00031298	-1.2013e-09	0.00031338	3.313e-07	-3.2528e-07	-0.00029568	-1.3654e-09	0.0002956	3.2584e-07	-3.2424e-07	-4.0806e-06	-1.7641e-09	3.9566e-06	3.2348e-07	-3.2422e-07
0.5	-0.00040854	-2.789e-10	0.00040888	4.1694e-07	-3.252e-07	-0.0003986	-6.8233e-10	0.00039848	3.78e-07	-3.2428e-07	-0.00038742	-9.362e-10	0.00038768	3.5344e-07	-3.2428e-07	-0.0003746	-1.09585e-09	0.0003746	3.3872e-07	-3.2436e-07	-0.00035992	-1.2389e-09	0.00035986	3.312e-07	-3.252e-07	-0.00033966	-1.4044e-09	0.00033972	3.2588e-07	-3.243e-07	-4.4841e-06	-1.8166e-09	4.5025e-06	3.2346e-07	-3.2424e-07
0.495	-0.0004695	-3.2468e-10	0.00046974	4.1704e-07	-3.253e-07	-0.00045792	-7.2228e-10	0.00045822	3.7808e-07	-3.2438e-07	-0.0004453	-9.7286e-10	0.00044524	3.5352e-07	-3.2424e-07	-0.00043052	-1.1337e-09	0.00043058	3.3876e-07	-3.2424e-07	-0.00041344	-1.2784e-09	0.00041388	3.3124e-07	-3.2516e-07	-0.00039056	-1.4441e-09	0.00039048	3.259e-07	-3.236e-07	-5.2584e-06	-1.8705e-09	5.1232e-06	3.234e-07	-3.2426e-07
0.49	-0.000537	-3.6724e-10	0.00053714	4.1724e-07	-3.2524e-07	-0.00052378	-7.6509e-10	0.00052384	3.7808e-07	-3.243e-07	-0.00050922	-1.00945e-09	0.00050928	3.5354e-07	-3.2416e-07	-0.00049266	-1.1681e-09	0.00049266	3.3882e-07	-3.2436e-07	-0.00047342	-1.3173e-09	0.00047362	3.3122e-07	-3.2522e-07	-0.00044628	-1.4875e-09	0.0004467	3.2514e-07	-3.2352e-07	-5.7313e-06	-1.9252e-09	5.7841e-06	3.2344e-07	-3.242e-07
0.485	-0.00061346	-4.1193e-10	0.00061398	4.17e-07	-3.2532e-07	-0.00059824	-8.0267e-10	0.00059836	3.781e-07	-3.2442e-07	-0.000582	-1.04831e-09	0.00058196	3.536e-07	-3.2428e-07	-0.00056264	-1.2076e-09	0.00056282	3.3878e-07	-3.2436e-07	-0.00054122	-1.3599e-09	0.00054096	3.3124e-07	-3.2524e-07	-0.0005099	-1.5307e-09	0.00051026	3.2588e-07	-3.2428e-07	-6.4867e-06	-1.9829e-09	6.5114e-06	3.235e-07	-3.2358e-07
0.48	-0.00069792	-4.5443e-10	0.00069726	4.1692e-07	-3.2524e-07	-0.0006805	-8.4397e-10	0.00068066	3.7806e-07	-3.244e-07	-0.00066182	-1.08453e-09	0.0006615	3.5358e-07	-3.2428e-07	-0.00064016	-1.2439e-09	0.00064014	3.388e-07	-3.243e-07	-0.00061536	-1.3977e-09	0.00061528	3.3136e-07	-3.253e-07	-0.00058006	-1.5742e-09	0.00057996	3.2598e-07	-3.243e-07	-7.2635e-06	-2.0398e-09	7.1436e-06	3.2344e-07	-3.2422e-07
0.475	-0.00079204	-4.9952e-10	0.00079234	4.1702e-07	-3.2542e-07	-0.00077288	-8.8345e-10	0.00077298	3.7804e-07	-3.2436e-07	-0.00075134	-1.1221e-09	0.00075112	3.5346e-07	-3.2426e-07	-0.00072722	-1.2819e-09	0.00072716	3.3882e-07	-3.2442e-07	-0.0006989	-1.4394e-09	0.00069874	3.3124e-07	-3.2518e-07	-0.0006587	-1.6178e-09	0.00065864	3.2548e-07	-3.2428e-07	-7.9399e-06	-2.0998e-09	7.9172e-06	3.2342e-07	-3.2428e-07
0.47	-0.00089538	-5.4561e-10	0.0008956	4.1694e-07	-3.2532e-07	-0.00087346	-9.238e-10	0.00087346	3.7814e-07	-3.2436e-07	-0.00084918	-1.1611e-09	0.00084882	3.5344e-07	-3.2434e-07	-0.00082238	-1.3239e-09	0.00082234	3.3876e-07	-3.2436e-07	-0.00079	-1.4814e-09	0.00079	3.3124e-07	-3.2526e-07	-0.00074444	-1.6622e-09	0.0007448	3.258e-07	-3.2424e-07	-9.031e-06	-2.1616e-09	9.0096e-06	3.2338e-07	-3.2422e-07
0.465	-0.0010104	-5.9211e-10	0.00101004	4.1688e-07	-3.2542e-07	-0.00098576	-9.7007e-10	0.00098538	3.7728e-07	-3.2434e-07	-0.00095896	-1.2012e-09	0.0009589	3.5342e-07	-3.2428e-07	-0.00092826	-1.3623e-09	0.00092814	3.3868e-07	-3.2436e-07	-0.00089196	-1.5233e-09	0.00089206	3.3118e-07	-3.2516e-07	-0.00083992	-1.7069e-09	0.0008399	3.2588e-07	-3.2426e-07	-9.6531e-06	-2.2257e-09	9.8036e-06	3.2344e-07	-3.2422e-07
0.46	-0.0011345	-6.3695e-10	0.0011346	4.168e-07	-3.2536e-07	-0.00110646	-1.00874e-09	0.00110716	3.7726e-07	-3.2362e-07	-0.00107658	-1.2392e-09	0.00107646	3.5282e-07	-3.2374e-07	-0.00104256	-1.403e-09	0.00104318	3.3874e-07	-3.243e-07	-0.00100212	-1.5656e-09	0.00100214	3.3118e-07	-3.2516e-07	-0.00094314	-1.7516e-09	0.00094334	3.2588e-07	-3.2424e-07	-1.07506e-05	-2.2872e-09	1.08782e-05	3.234e-07	-3.2428e-07
0.455	-0.001272	-6.6832e-10	0.0012722	4.1674e-07	-3.2536e-07	-0.001241	-1.0444e-09	0.0012408	3.7812e-07	-3.2438e-07	-0.0012076	-1.2745e-09	0.0012076	3.527e-07	-3.237e-07	-0.0011694	-1.4406e-09	0.0011698	3.3868e-07	-3.243e-07	-0.00112456	-1.6092e-09	0.00112486	3.3116e-07	-3.2528e-07	-0.0010577	-1.8008e-09	0.00105766	3.2592e-07	-3.243e-07	-1.1497e-05	-2.3545e-09	1.15006e-05	3.2348e-07	-3.243e-07
0.45	-0.0014196	-7.1693e-10	0.0014198	4.166e-07	-3.2536e-07	-0.0013852	-1.0878e-09	0.0013854	3.7808e-07	-3.245e-07	-0.001348	-1.3118e-09	0.0013478	3.53e-07	-3.2434e-07	-0.0013048	-1.481e-09	0.0013058	3.3868e-07	-3.2434e-07	-0.001255	-1.6442e-09	0.001255	3.3122e-07	-3.2524e-07	-0.0011802	-1.842e-09	0.0011806	3.2528e-07	-3.2368e-07	-1.17221e-05	-2.4182e-09	1.1728e-05	3.2278e-07	-3.2426e-07
0.445	-0.001581	-7.6411e-10	0.0015812	4.1666e-07	-3.254e-07	-0.0015432	-1.1288e-09	0.001544	3.7804e-07	-3.2442e-07	-0.001502	-1.3567e-09	0.0015016	3.5352e-07	-3.2374e-07	-0.0014558	-1.5205e-09	0.0014556	3.387e-07	-3.244e-07	-0.001399	-1.685e-09	0.0013992	3.3116e-07	-3.2518e-07	-0.0013154	-1.8909e-09	0.0013152	3.2588e-07	-3.2434e-07	-1.17221e-05	-2.4737e-09	1.369e-05	3.2344e-07	-3.2418e-07
0.44	-0.0017532	-8.1022e-10	0.0017532	4.1676e-07	-3.2546e-07	-0.0017114	-1.1727e-09	0.0017114	3.7812e-07	-3.2458e-07	-0.001666	-1.3975e-09	0.0016658	3.534e-07	-3.2436e-07	-0.0016136	-1.5641e-09	0.0016138	3.3872e-07	-3.2442e-07	-0.0015518	-1.7308e-09	0.0015526	3.3114e-07	-3.2524e-07	-0.0014586	-1.9387e-09	0.0014584	3.2594e-07	-3.2432e-07	-1.441e-05	-2.5437e-09	1.4812e-05	3.2338e-07	-3.2422e-07
0.435	-0.001941	-8.5646e-10	0.00194	4.1658e-07	-3.2546e-07	-0.0018948	-1.219e-09	0.001895	3.7796e-07	-3.245e-07	-0.0018446	-1.4417e-09	0.0018442	3.5342e-07	-3.2446e-07	-0.0017872	-1.6078e-09	0.0017874	3.387e-07	-3.244e-07	-0.0017188	-1.7774e-09	0.0017186	3.3122e-07	-3.2522e-07	-0.0016142	-1.991e-09	0.0016142	3.2594e-07	-3.2434e-07	-1.5926e-05	-2.6114e-09	1.5934e-05	3.2358e-07	-3.2422e-07
0.43	-0.0021402	-9.0521e-10	0.0021394	4.1664e-07	-3.255e-07	-0.002088	-1.2629e-09	0.0020886	3.7812e-07	-3.2454e-07	-0.0020328	-1.485e-09	0.0020334	3.534e-07	-3.2436e-07	-0.0019714	-1.6538e-09	0.0019712	3.3868e-07	-3.2438e-07	-0.001896	-1.8241e-09	0.0018954	3.311e-07	-3.2526e-07	-0.0017792	-2.0413e-09	0.0017784	3.2584e-07	-3.2368e-07	-1.7152e-05	-2.6986e-09	1.697e-05	3.235e-07	-3.2428e-07
0.425	-0.0023536	-9.5576e-10	0.0023528	4.1662e-07	-3.2554e-07	-0.0022976	-1.3093e-09	0.0022976	3.7802e-07	-3.2456e-07	-0.0022382	-1.5281e-09	0.0022376	3.535e-07	-3.2446e-07	-0.0021692	-1.7e-09	0.0021696	3.3862e-07	-3.2446e-07	-0.0020868	-1.874e-09	0.0020878	3.3112e-07	-3.2524e-07	-0.0019566	-2.0946e-09	0.0019568	3.259e-07	-3.2428e-07	-1.828e-05	-2.7725e-09	1.8424e-05	3.2342e-07	-3.2424e-07
0.42	-0.0025776	-1.00241e-09	0.0025786	4.1658e-07	-3.2548e-07	-0.0025172	-1.3547e-09	0.0025172	3.7802e-07	-3.2468e-07	-0.0024522	-1.5716e-09	0.0024522	3.5346e-07	-3.2446e-07	-0.0023788	-1.7418e-09	0.0023784	3.3866e-07	-3.2446e-07	-0.0022874	-1.922e-09	0.0022882	3.3118e-07	-3.2528e-07	-0.0021436	-2.1421e-09	0.0021434	3.2584e-07	-3.2428e-07	-1.953e-05	-2.8478e-09	1.9364e-05	3.2354e-07	-3.2424e-07
0.415	-0.00282	-1.05659e-09	0.0028194	4.1658e-07	-3.2572e-07	-0.0027542	-1.3985e-09	0.0027546	3.7808e-07	-3.2474e-07	-0.0026834	-1.6163e-09	0.0026836	3.5352e-07	-3.2452e-07	-0.002603	-1.7903e-09	0.0026034	3.3868e-07	-3.2448e-07	-0.0025052	-1.9721e-09	0.0025044	3.3116e-07	-3.2532e-07	-0.0023444	-2.1998e-09	0.0023444	3.2584e-07	-3.2428e-07	-2.0432e-05	-2.9321e-09	2.0642e-05	3.2288e-07	-3.243e-07
0.41	-0.0030714	-1.10369e-09	0.003071	4.1652e-07	-3.2568e-07	-0.0030008	-1.446e-09	0.0030006	3.779e-07	-3.2472e-07	-0.0029248	-1.6628e-09	0.002925	3.5334e-07	-3.2452e-07	-0.0028364	-1.8347e-09	0.0028362	3.3864e-07	-3.2446e-07	-0.0027306	-2.023e-09	0.0027304	3.3114e-07	-3.2536e-07	-0.002553	-2.2531e-09	0.0025516	3.259e-07	-3.243e-07	-2.1458e-05	-3.0167e-09	2.1542e-05	3.2348e-07	-3.242e-07
0.405	-0.003339	-1.1517e-09	0.0033408	4.1658e-07	-3.2568e-07	-0.003265	-1.4939e-09	0.0032642	3.7788e-07	-3.2478e-07	-0.0031812	-1.7094e-09	0.0031812	3.5326e-07	-3.2456e-07	-0.003086	-1.8836e-09	0.0030876	3.3862e-07	-3.2442e-07	-0.0029722	-2.0722e-09	0.0029702	3.3114e-07	-3.253e-07	-0.0027746	-2.3091e-09	0.002775	3.259e-07	-3.2434e-07	-2.2774e-05	-3.1051e-09	2.3008e-05	3.2354e-07	-3.2428e-07
0.4	-0.0036198	-1.2017e-09	0.00362	4.1634e-07	-3.2578e-07	-0.003537	-1.5399e-09	0.0035376	3.7784e-07	-3.2476e-07	-0.0034486	-1.7552e-09	0.003448	3.534e-07	-3.2394e-07	-0.003347	-1.9313e-09	0.0033472	3.3862e-07	-3.2452e-07	-0.0032214	-2.1199e-09	0.003222	3.3114e-07	-3.2536e-07	-0.0030056	-2.3744e-09	0.003006	3.258e-07	-3.2434e-07	-2.41e-05	-3.2005e-09	2.3988e-05	3.235e-07	-3.2424e-07
0.395	-0.003917	-1.2509e-09	0.0039168	4.1628e-07	-3.2582e-07	-0.003829	-1.5912e-09	0.0038284	3.778e-07	-3.248e-07	-0.0037336	-1.8058e-09	0.0037344	3.5342e-07	-3.2464e-07	-0.003624	-1.9777e-09	0.003622	3.3788e-07	-3.2456e-07	-0.0034898	-2.1747e-09	0.0034894	3.3114e-07	-3.2544e-07	-0.0032506	-2.4286e-09	0.0032498	3.2594e-07	-3.2394e-07	-2.5196e-05	-3.2928e-09	2.5222e-05	3.2354e-07	-3.243e-07
0.39	-0.0042226	-1.3029e-09	0.0042222	4.1622e-07	-3.2568e-07	-0.0041294	-1.6395e-09	0.0041292	3.7786e-07	-3.2488e-07	-0.0040264	-1.8506e-09	0.0040256	3.5334e-07	-3.2406e-07	-0.0039074	-2.0273e-09	0.003909	3.385e-07	-3.2454e-07	-0.0037654	-2.2254e-09	0.0037654	3.3106e-07	-3.2532e-07	-0.0035	-2.4882e-09	0.0035014	3.259e-07	-3.243e-07	-2.6326e-05	-3.3883e-09	2.638e-05	3.235e-07	-3.243e-07
0.385	-0.004547	-1.3566e-09	0.004546	4.1638e-07	-3.259e-07	-0.0044456	-1.6877e-09	0.0044478	3.7788e-07	-3.2462e-07	-0.004337	-1.8983e-09	0.0043368	3.5324e-07	-3.2464e-07	-0.0042118	-2.083e-09	0.0042106	3.3846e-07	-3.2458e-07	-0.004056	-2.2812e-09	0.0040568	3.3112e-07	-3.2538e-07	-0.0037648	-2.5491e-09	0.0037658	3.2582e-07	-3.2432e-07	-2.7426e-05	-3.4851e-09	2.7312e-05	3.2334e-07	-3.242e-07
0.38	-0.0048798	-1.4087e-09	0.0048798	4.161e-07	-3.2594e-07	-0.0047734	-1.7393e-09	0.0047736	3.776e-07	-3.2494e-07	-0.0046562	-1.9499e-09	0.0046566	3.5322e-07	-3.2466e-07	-0.0045208	-2.1268e-09	0.0045216	3.386e-07	-3.2468e-07	-0.004357	-2.3366e-09	0.0043568	3.3114e-07	-3.2548e-07	-0.0040366	-2.6102e-09	0.0040362	3.2584e-07	-3.243e-07	-2.8588e-05	-3.5879e-09	2.8842e-05	3.2344e-07	-3.2422e-07
0.375	-0.0052308	-1.4621e-09	0.0052316	4.1592e-07	-3.2588e-07	-0.0051178	-1.787e-09	0.005118	3.7752e-07	-3.2498e-07	-0.004994	-1.9968e-09	0.0049922	3.5316e-07	-3.247e-07	-0.0048506	-2.1802e-09	0.0048496	3.3846e-07	-3.2466e-07	-0.0046744	-2.3901e-09	0.004674	3.3104e-07	-3.254e-07	-0.0043198	-2.678e-09	0.0043204	3.2584e-07	-3.243e-07	-2.977e-05	-3.6913e-09	3.0064e-05	3.2344e-07	-3.2418e-07
0.37	-0.0055898	-1.5121e-09	0.00559	4.16e-07	-3.26e-07	-0.0054706	-1.8373e-09	0.005468	3.775e-07	-3.2494e-07	-0.0053378	-2.0432e-09	0.0053374	3.532e-07	-3.2482e-07	-0.0051842	-2.2309e-09	0.0051852	3.384e-07	-3.247e-07	-0.0049976	-2.4442e-09	0.0049978	3.3112e-07	-3.2546e-07	-0.004609	-2.7429e-09	0.0046084	3.2588e-07	-3.2436e-07	-3.1052e-05	-3.7978e-09	3.1072e-05	3.2344e-07	-3.2416e-07
0.365	-0.0059676	-1.5627e-09	0.0059688	4.16e-07	-3.2612e-07	-0.0058386	-1.8889e-09	0.0058402	3.7754e-07	-3.2514e-07	-0.0056998	-2.0986e-09	0.0057	3.5314e-07	-3.2482e-07	-0.0055408	-2.2872e-09	0.0055386	3.3846e-07	-3.2466e-07	-0.0053392	-2.5032e-09	0.0053386	3.3106e-07	-3.2544e-07	-0.00491	-2.8085e-09	0.004911	3.2578e-07	-3.2436e-07	-3.1964e-05	-3.906e-09	3.1982e-05	3.2344e-07	-3.2424e-07
0.36	-0.0063522	-1.6198e-09	0.0063508	4.159e-07	-3.2618e-07	-0.006218	-1.9381e-09	0.0062162	3.7738e-07	-3.2506e-07	-0.0060682	-2.1501e-09	0.006069	3.5312e-07	-3.2484e-07	-0.0058994	-2.3431e-09	0.0058982	3.385e-07	-3.247e-07	-0.005686	-2.5623e-09	0.005687	3.31e-07	-3.2546e-07	-0.0052146	-2.8755e-09	0.0052162	3.2564e-07	-3.2436e-07	-3.2812e-05	-4.0166e-09	3.28e-05	3.2344e-07	-3.2422e-07
0.355	-0.0067538	-1.6766e-09	0.006754	4.1578e-07	-3.2622e-07	-0.0066114	-1.992e-09	0.0066134	3.774e-07	-3.2512e-07	-0.0064558	-2.2058e-09	0.006456	3.532e-07	-3.249e-07	-0.0062744	-2.3972e-09	0.0062756	3.384e-07	-3.2476e-07	-0.0060508	-2.6168e-09	0.006051	3.3094e-07	-3.2548e-07	-0.0055312	-2.9492e-09	0.0055314	3.2582e-07	-3.2432e-07	-3.4062e-05	-4.1347e-09	3.41e-05	3.2346e-07	-3.2416e-07
0.35	-0.0071634	-1.7363e-09	0.007163	4.1566e-07	-3.2632e-07	-0.0070136	-2.0432e-09	0.0070118	3.7742e-07	-3.252e-07	-0.00685	-2.2588e-09	0.0068496	3.5312e-07	-3.2492e-07	-0.0066614	-2.4524e-09	0.0066574	3.3832e-07	-3.2484e-07	-0.0064218	-2.6806e-09	0.0064204	3.31e-07	-3.256e-07	-0.005849	-3.0249e-09	0.00585	3.2576e-07	-3.2438e-07	-3.5206e-05	-4.2506e-09	3.528e-05	3.234e-07	-3.2418e-07
0.345	-0.0075902	-1.7891e-09	0.0075892	4.1558e-07	-3.2638e-07	-0.0074332	-2.0997e-09	0.007434	3.7742e-07	-3.2524e-07	-0.0072604	-2.3087e-09	0.0072612	3.5308e-07	-3.2496e-07	-0.0070608	-2.5106e-09	0.0070604	3.3834e-07	-3.248e-07	-0.0068062	-2.737e-09	0.0068084	3.3108e-07	-3.255e-07	-0.0061786	-3.0957e-09	0.0061784	3.259e-07	-3.2442e-07	-3.6752e-05	-4.3738e-09	3.6798e-05	3.2338e-07	-3.2414e-07
0.34	-0.0080214	-1.8403e-09	0.0080202	4.156e-07	-3.2642e-07	-0.0078576	-2.146e-09	0.007858	3.7648e-07	-3.2466e-07	-0.0076752	-2.3629e-09	0.0076758	3.5306e-07	-3.2504e-07	-0.0074666	-2.5659e-09	0.0074658	3.3832e-07	-3.2492e-07	-0.0071994	-2.7998e-09	0.0071994	3.31e-07	-3.2556e-07	-0.0065094	-3.1814e-09	0.0065096	3.2582e-07	-3.243e-07	-3.7588e-05	-4.4978e-09	3.7678e-05	3.2334e-07	-3.242e-07
0.335	-0.0084714	-1.8979e-09	0.0084716	4.155e-07	-3.2644e-07	-0.0083006	-2.2018e-09	0.0083014	3.7722e-07	-3.2538e-07	-0.0081096	-2.421e-09	0.0081092	3.5302e-07	-3.2508e-07	-0.0078868	-2.6225e-09	0.0078906	3.3828e-07	-3.2476e-07	-0.007608	-2.8617e-09	0.007607	3.3092e-07	-3.2566e-07	-0.006849	-3.2524e-09	0.0068494	3.2572e-07	-3.244e-07	-3.847e-05	-4.6266e-09	3.8454e-05	3.2344e-07	-3.2412e-07
0.33	-0.0089272	-1.9581e-09	0.008926	4.1556e-07	-3.266e-07	-0.0087462	-2.2618e-09	0.008748	3.7702e-07	-3.2534e-07	-0.0085476	-2.4744e-09	0.0085458	3.531e-07	-3.2512e-07	-0.0083166	-2.6808e-09	0.0083168	3.383e-07	-3.2484e-07	-0.0080196	-2.9201e-09	0.0080192	3.3106e-07	-3.256e-07	-0.0071858	-3.3284e-09	0.0071856	3.2584e-07	-3.2446e-07	-3.9422e-05	-4.7563e-09	3.966e-05	3.2326e-07	-3.241e-07
0.325	-0.0094004	-2.0068e-09	0.0093992	4.1546e-07	-3.2658e-07	-0.0092122	-2.3142e-09	0.009211	3.7704e-07	-3.255e-07	-0.009002	-2.529e-09	0.0090012	3.5292e-07	-3.2518e-07	-0.0087614	-2.74e-09	0.0087602	3.3836e-07	-3.2488e-07	-0.0084492	-2.9891e-09	0.0084498	3.3092e-07	-3.2566e-07	-0.0075334	-3.4103e-09	0.0075334	3.2578e-07	-3.2442e-07	-4.026e-05	-4.8956e-09	4.0422e-05	3.2348e-07	-3.2418e-07
0.32	-0.0098756	-2.076e-09	0.0098748	4.1512e-07	-3.268e-07	-0.00968	-2.3704e-09	0.0096782	3.768e-07	-3.2496e-07	-0.009463	-2.5895e-09	0.0094616	3.5288e-07	-3.2522e-07	-0.0092116	-2.7985e-09	0.0092098	3.3756e-07	-3.243e-07	-0.0088808	-3.0508e-09	0.0088814	3.3104e-07	-3.2562e-07	-0.0078772	-3.4944e-09	0.0078762	3.2578e-07	-3.2442e-07	-4.148e-05	-5.0259e-09	4.1598e-05	3.2338e-07	-3.2418e-07
0.315	-0.0103692	-2.1298e-09	0.0103664	4.1524e-07	-3.2684e-07	-0.0101636	-2.4211e-09	0.010164	3.7688e-07	-3.2562e-07	-0.00994	-2.6382e-09	0.0099396	3.5284e-07	-3.2524e-07	-0.009676	-2.8667e-09	0.0096746	3.3828e-07	-3.2508e-07	-0.0093306	-3.1143e-09	0.0093288	3.3102e-07	-3.2574e-07	-0.0082268	-3.5903e-09	0.0082294	3.2588e-07	-3.2446e-07	-4.243e-05	-5.1706e-09	4.241e-05	3.2346e-07	-3.2418e-07
0.31	-0.010865	-2.1929e-09	0.0108636	4.1512e-07	-3.2686e-07	-0.0106542	-2.4771e-09	0.0106524	3.7688e-07	-3.2576e-07	-0.010417	-2.709e-09	0.0104188	3.5278e-07	-3.2542e-07	-0.0101458	-2.9221e-09	0.0101448	3.3816e-07	-3.251e-07	-0.00978	-3.1899e-09	0.0097798	3.3098e-07	-3.257e-07	-0.0085736	-3.6783e-09	0.008572	3.2578e-07	-3.2448e-07	-4.318e-05	-5.3123e-09	4.322e-05	3.2344e-07	-3.2352e-07
0.305	-0.0113806	-2.2506e-09	0.0113788	4.1492e-07	-3.2706e-07	-0.0111598	-2.5486e-09	0.0111592	3.768e-07	-3.2584e-07	-0.0109158	-2.7661e-09	0.0109152	3.5216e-07	-3.2546e-07	-0.010629	-2.986e-09	0.0106278	3.381e-07	-3.2518e-07	-0.010248	-3.2501e-09	0.0102474	3.3102e-07	-3.2576e-07	-0.0089238	-3.7756e-09	0.0089264	3.2586e-07	-3.2458e-07	-4.3966e-05	-5.4615e-09	4.4038e-05	3.2334e-07	-3.2346e-07
0.3	-0.011886	-2.3113e-09	0.011888	4.1412e-07	-3.2704e-07	-0.01166	-2.6051e-09	0.01166	3.7632e-07	-3.2584e-07	-0.0114126	-2.8252e-09	0.0114158	3.5274e-07	-3.2552e-07	-0.0111154	-3.0536e-09	0.0111148	3.3804e-07	-3.2514e-07	-0.0107182	-3.3259e-09	0.010717	3.3098e-07	-3.257e-07	-0.0092732	-3.8673e-09	0.0092726	3.2578e-07	-3.2444e-07	-4.4808e-05	-5.6177e-09	4.4636e-05	3.2344e-07	-3.2416e-07
0.295	-0.01242	-2.3636e-09	0.012418	4.147e-07	-3.2716e-07	-0.012184	-2.6599e-09	0.012186	3.7652e-07	-3.2598e-07	-0.011918	-2.8922e-09	0.01192	3.5224e-07	-3.255e-07	-0.011612	-3.1147e-09	0.01161	3.381e-07	-3.2518e-07	-0.0112008	-3.3926e-09	0.0112012	3.31e-07	-3.2578e-07	-0.0096222	-3.9685e-09	0.0096214	3.258e-07	-3.244e-07	-4.5366e-05	-5.7758e-09	4.554e-05	3.2338e-07	-3.2418e-07
0.29	-0.012952	-2.4306e-09	0.012956	4.1468e-07	-3.2728e-07	-0.012708	-2.7226e-09	0.012712	3.7648e-07	-3.2602e-07	-0.012438	-2.9453e-09	0.012438	3.5266e-07	-3.2556e-07	-0.012116	-3.1821e-09	0.012116	3.3812e-07	-3.2524e-07	-0.011674	-3.4515e-09	0.011678	3.31e-07	-3.2576e-07	-0.0099676	-4.0674e-09	0.0099666	3.2574e-07	-3.2448e-07	-4.656e-05	-5.9377e-09	4.6552e-05	3.2278e-07	-3.2356e-07
0.285	-0.013508	-2.4934e-09	0.013508	4.1476e-07	-3.2744e-07	-0.013254	-2.78e-09	0.013252	3.7642e-07	-3.2608e-07	-0.01297	-3.0086e-09	0.012972	3.526e-07	-3.256e-07	-0.01264	-3.2312e-09	0.01264	3.3804e-07	-3.2526e-07	-0.012174	-3.5212e-09	0.01218	3.3088e-07	-3.2578e-07	-0.010315	-4.1772e-09	0.0103126	3.258e-07	-3.245e-07	-4.7732e-05	-6.1048e-09	4.7578e-05	3.2338e-07	-3.2404e-07
0.28	-0.014062	-2.5488e-09	0.014056	4.1446e-07	-3.2744e-07	-0.0138	-2.8444e-09	0.0138	3.764e-07	-3.2624e-07	-0.013504	-3.0691e-09	0.013508	3.5252e-07	-3.257e-07	-0.013158	-3.2987e-09	0.01316	3.3808e-07	-3.2524e-07	-0.012676	-3.5983e-09	0.012676	3.3102e-07	-3.2592e-07	-0.010653	-4.2799e-09	0.0106534	3.2578e-07	-3.2442e-07	-4.8618e-05	-6.2769e-09	4.8574e-05	3.2338e-07	-3.2416e-07
0.275	-0.014628	-2.6125e-09	0.014632	4.1428e-07	-3.2766e-07	-0.01436	-2.9092e-09	0.014362	3.7634e-07	-3.2622e-07	-0.014056	-3.1355e-09	0.01406	3.5258e-07	-3.2574e-07	-0.013696	-3.3679e-09	0.0137	3.379e-07	-3.254e-07	-0.013192	-3.6732e-09	0.013192	3.3096e-07	-3.258e-07	-0.0109948	-4.3902e-09	0.0109942	3.2584e-07	-3.2448e-07	-4.9366e-05	-6.4219e-09	4.9206e-05	3.234e-07	-3.2346e-07
0.27	-0.015196	-2.6694e-09	0.015198	4.1322e-07	-3.2768e-07	-0.014922	-2.9717e-09	0.01492	3.7624e-07	-3.2636e-07	-0.014608	-3.2032e-09	0.01461	3.525e-07	-3.2582e-07	-0.014236	-3.4406e-09	0.014238	3.3794e-07	-3.254e-07	-0.013706	-3.7489e-09	0.013706	3.309e-07	-3.2586e-07	-0.0113262	-4.5036e-09	0.0113278	3.2582e-07	-3.2448e-07	-4.9808e-05	-6.601e-09	4.968e-05	3.2344e-07	-3.2418e-07
0.265	-0.015782	-2.7379e-09	0.015784	4.1406e-07	-3.278e-07	-0.015498	-3.0367e-09	0.015502	3.756e-07	-3.2648e-07	-0.015174	-3.268e-09	0.015172	3.5246e-07	-3.26e-07	-0.014792	-3.521e-09	0.014796	3.3788e-07	-3.2544e-07	-0.014232	-3.8393e-09	0.014236	3.309e-07	-3.2614e-07	-0.011648	-4.6203e-09	0.01165	3.2584e-07	-3.246e-07	-5.0422e-05	-6.784e-09	5.0472e-05	3.2342e-07	-3.2412e-07
0.26	-0.016368	-2.8029e-09	0.016372	4.1408e-07	-3.2796e-07	-0.016074	-3.0915e-09	0.016076	3.7612e-07	-3.2658e-07	-0.015744	-3.3318e-09	0.015746	3.5244e-07	-3.26e-07	-0.015346	-3.5908e-09	0.015346	3.38e-07	-3.2554e-07	-0.014758	-3.9144e-09	0.014758	3.309e-07	-3.2594e-07	-0.011972	-4.7216e-09	0.011976	3.2582e-07	-3.2452e-07	-5.1076e-05	-7.0034e-09	5.0962e-05	3.2342e-07	-3.2418e-07
0.255	-0.016962	-2.869e-09	0.016962	4.1396e-07	-3.28e-07	-0.016658	-3.1618e-09	0.01666	3.7598e-07	-3.2654e-07	-0.016316	-3.4019e-09	0.016318	3.5228e-07	-3.2608e-07	-0.01591	-3.665e-09	0.015908	3.3792e-07	-3.2554e-07	-0.015292	-3.9977e-09	0.015292	3.3092e-07	-3.2598e-07	-0.012292	-4.8648e-09	0.012294	3.2524e-07	-3.2464e-07	-5.1632e-05	-7.1959e-09	5.1436e-05	3.2336e-07	-3.2408e-07
0.25	-0.01757	-2.9382e-09	0.017572	4.138e-07	-3.2824e-07	-0.017258	-3.2332e-09	0.017264	3.7586e-07	-3.2668e-07	-0.016904	-3.4721e-09	0.016906	3.5222e-07	-3.2608e-07	-0.016482	-3.7374e-09	0.016484	3.3794e-07	-3.2558e-07	-0.015834	-4.0608e-09	0.015836	3.309e-07	-3.2604e-07	-0.012612	-4.9916e-09	0.012612	3.2584e-07	-3.2456e-07	-5.225e-05	-7.392e-09	5.2428e-05	3.2346e-07	-3.2428e-07
0.245	-0.018176	-3.0111e-09	0.01818	4.137e-07	-3.2828e-07	-0.017854	-3.3006e-09	0.017858	3.758e-07	-3.2686e-07	-0.017492	-3.5381e-09	0.017496	3.5216e-07	-3.2616e-07	-0.017058	-3.8097e-09	0.017062	3.3782e-07	-3.256e-07	-0.016378	-4.1466e-09	0.016376	3.3102e-07	-3.2602e-07	-0.01292	-5.1251e-09	0.012922	3.2582e-07	-3.245e-07	-5.3276e-05	-7.5973e-09	5.3258e-05	3.2278e-07	-3.2356e-07
0.24	-0.018794	-3.0874e-09	0.018802	4.1354e-07	-3.283e-07	-0.01847	-3.3635e-09	0.01848	3.7572e-07	-3.2692e-07	-0.018104	-3.6139e-09	0.0181	3.5222e-07	-3.256e-07	-0.01765	-3.8849e-09	0.017648	3.3774e-07	-3.2568e-07	-0.01693	-4.2316e-09	0.01693	3.309e-07	-3.261e-07	-0.013232	-5.2606e-09	0.01323	3.2518e-07	-3.2452e-07	-5.3526e-05	-7.8044e-09	5.3362e-05	3.2344e-07	-3.2418e-07
0.235	-0.019418	-3.1559e-09	0.019422	4.1348e-07	-3.2844e-07	-0.019082	-3.4418e-09	0.019086	3.7496e-07	-3.2632e-07	-0.0187	-3.6816e-09	0.018704	3.5208e-07	-3.2638e-07	-0.018238	-3.9635e-09	0.018242	3.3786e-07	-3.2578e-07	-0.01748	-4.314e-09	0.01748	3.31e-07	-3.2614e-07	-0.013526	-5.4009e-09	0.013528	3.2584e-07	-3.2386e-07	-5.4656e-05	-8.0191e-09	5.4436e-05	3.2344e-07	-3.241e-07
0.23	-0.020052	-3.225e-09	0.020058	4.1334e-07	-3.2856e-07	-0.019708	-3.5072e-09	0.019712	3.7564e-07	-3.2708e-07	-0.019318	-3.7589e-09	0.01932	3.5142e-07	-3.2644e-07	-0.018838	-4.042e-09	0.018846	3.3786e-07	-3.2578e-07	-0.018042	-4.4074e-09	0.018042	3.309e-07	-3.262e-07	-0.013824	-5.5436e-09	0.013826	3.258e-07	-3.2448e-07	-5.4824e-05	-8.2325e-09	5.5236e-05	3.2338e-07	-3.2416e-07
0.225	-0.02069	-3.2911e-09	0.02069	4.1334e-07	-3.2878e-07	-0.020336	-3.5767e-09	0.020338	3.7556e-07	-3.272e-07	-0.019934	-3.8148e-09	0.019932	3.5206e-07	-3.2656e-07	-0.019436	-4.1197e-09	0.01944	3.3776e-07	-3.2588e-07	-0.018596	-4.5171e-09	0.018594	3.309e-07	-3.2626e-07	-0.014112	-5.6849e-09	0.014112	3.2582e-07	-3.2448e-07	-5.5872e-05	-8.4594e-09	5.5704e-05	3.2278e-07	-3.2358e-07
0.22	-0.021338	-3.3639e-09	0.021342	4.1316e-07	-3.2888e-07	-0.020974	-3.6455e-09	0.020976	3.7544e-07	-3.273e-07	-0.020564	-3.8926e-09	0.020564	3.5194e-07	-3.266e-07	-0.020056	-4.1959e-09	0.020058	3.3772e-07	-3.2584e-07	-0.01916	-4.6102e-09	0.019164	3.3124e-07	-3.2654e-07	-0.014396	-5.8423e-09	0.0144	3.2576e-07	-3.2454e-07	-5.6116e-05	-8.6874e-09	5.6182e-05	3.234e-07	-3.2416e-07
0.215	-0.021984	-3.4329e-09	0.021982	4.1304e-07	-3.2896e-07	-0.021612	-3.7221e-09	0.021616	3.7522e-07	-3.2734e-07	-0.021192	-3.9692e-09	0.021188	3.5188e-07	-3.2668e-07	-0.020664	-4.2821e-09	0.020668	3.377e-07	-3.2594e-07	-0.019722	-4.7011e-09	0.019724	3.3082e-07	-3.2622e-07	-0.014668	-5.9946e-09	0.014672	3.2576e-07	-3.2458e-07	-5.6678e-05	-8.9214e-09	5.6776e-05	3.2338e-07	-3.2414e-07
0.21	-0.022646	-3.495e-09	0.022648	4.1276e-07	-3.2894e-07	-0.022266	-3.7987e-09	0.02227	3.7516e-07	-3.2744e-07	-0.021832	-4.0632e-09	0.021832	3.5196e-07	-3.268e-07	-0.02129	-4.357e-09	0.021294	3.377e-07	-3.2598e-07	-0.020292	-4.7995e-09	0.020292	3.308e-07	-3.262e-07	-0.014942	-6.1537e-09	0.014948	3.2576e-07	-3.246e-07	-5.745e-05	-9.1533e-09	5.7858e-05	3.2346e-07	-3.2422e-07
0.205	-0.023302	-3.5672e-09	0.023304	4.1272e-07	-3.2928e-07	-0.022914	-3.8711e-09	0.02292	3.7464e-07	-3.2752e-07	-0.02247	-4.1426e-09	0.022472	3.518e-07	-3.2682e-07	-0.021914	-4.4459e-09	0.021916	3.377e-07	-3.2608e-07	-0.020854	-4.9047e-09	0.020854	3.3086e-07	-3.263e-07	-0.015204	-6.3159e-09	0.015208	3.2516e-07	-3.2388e-07	-5.8068e-05	-9.3404e-09	5.8232e-05	3.2344e-07	-3.2364e-07
0.2	-0.023976	-3.6436e-09	0.023978	4.1246e-07	-3.2936e-07	-0.02358	-3.9491e-09	0.023578	3.7512e-07	-3.2768e-07	-0.023124	-4.2188e-09	0.023124	3.5168e-07	-3.269e-07	-0.022548	-4.5297e-09	0.022556	3.3768e-07	-3.2612e-07	-0.021422	-4.9822e-09	0.021422	3.3088e-07	-3.2642e-07	-0.015468	-6.4838e-09	0.015468	3.2576e-07	-3.246e-07	-5.8828e-05	-9.5861e-09	5.8986e-05	3.234e-07	-3.242e-07
0.195	-0.024642	-3.7069e-09	0.024644	4.1258e-07	-3.2952e-07	-0.024236	-4.0207e-09	0.024234	3.7488e-07	-3.277e-07	-0.023772	-4.2957e-09	0.023772	3.5164e-07	-3.2694e-07	-0.023182	-4.6105e-09	0.023186	3.3764e-07	-3.262e-07	-0.021978	-5.0856e-09	0.021984	3.3084e-07	-3.2634e-07	-0.015716	-6.6569e-09	0.015716	3.2582e-07	-3.246e-07	-5.8944e-05	-9.9059e-09	5.8872e-05	3.234e-07	-3.2412e-07
0.19	-0.025328	-3.7907e-09	0.02533	4.1228e-07	-3.2956e-07	-0.024914	-4.0787e-09	0.024916	3.749e-07	-3.2788e-07	-0.024434	-4.3827e-09	0.024438	3.5156e-07	-3.2708e-07	-0.02383	-4.7035e-09	0.023828	3.3762e-07	-3.2626e-07	-0.02255	-5.1922e-09	0.022554	3.3076e-07	-3.264e-07	-0.015968	-6.8343e-09	0.015968	3.2582e-07	-3.246e-07	-5.9578e-05	-1.01731e-08	5.9662e-05	3.234e-07	-3.2414e-07
0.185	-0.026006	-3.8887e-09	0.026008	4.1204e-07	-3.2966e-07	-0.025582	-4.1779e-09	0.025586	3.7478e-07	-3.2788e-07	-0.025092	-4.4666e-09	0.025098	3.5156e-07	-3.271e-07	-0.024464	-4.7909e-09	0.024472	3.3756e-07	-3.2636e-07	-0.023104	-5.3027e-09	0.023112	3.3084e-07	-3.2642e-07	-0.016206	-7.0103e-09	0.01621	3.2582e-07	-3.2464e-07	-6.0292e-05	-1.03647e-08	5.9992e-05	3.2346e-07	-3.2412e-07
0.18	-0.026698	-3.9438e-09	0.026702	4.118e-07	-3.2992e-07	-0.026264	-4.2601e-09	0.026272	3.7462e-07	-3.2804e-07	-0.025772	-4.5475e-09	0.025772	3.515e-07	-3.2718e-07	-0.025124	-4.8726e-09	0.02513	3.3764e-07	-3.264e-07	-0.023668	-5.4189e-09	0.02367	3.3078e-07	-3.2644e-07	-0.016446	-7.2004e-09	0.016444	3.2578e-07	-3.2462e-07	-6.0374e-05	-1.06251e-08	6.0642e-05	3.234e-07	-3.2416e-07
0.175	-0.027384	-4.0473e-09	0.027386	4.1162e-07	-3.3002e-07	-0.026944	-4.3374e-09	0.026948	3.7466e-07	-3.2816e-07	-0.02644	-4.6323e-09	0.02644	3.5146e-07	-3.2716e-07	-0.025772	-4.9413e-09	0.025776	3.3758e-07	-3.2648e-07	-0.024224	-5.5297e-09	0.024222	3.308e-07	-3.2656e-07	-0.016672	-7.3893e-09	0.01667	3.2576e-07	-3.246e-07	-6.0808e-05	-1.09044e-08	6.0578e-05	3.2346e-07	-3.2416e-07
0.17	-0.028088	-4.1284e-09	0.028088	4.1152e-07	-3.3016e-07	-0.02764	-4.4179e-09	0.027642	3.7456e-07	-3.283e-07	-0.027122	-4.7128e-09	0.027124	3.5136e-07	-3.2738e-07	-0.02644	-5.0588e-09	0.026442	3.3754e-07	-3.2642e-07	-0.024778	-5.6558e-09	0.02478	3.3074e-07	-3.268e-07	-0.016898	-7.5874e-09	0.0169	3.2578e-07	-3.2466e-07	-6.0934e-05	-1.11917e-08	6.1048e-05	3.235e-07	-3.242e-07
0.165	-0.02878	-4.2079e-09	0.028786	4.1144e-07	-3.3026e-07	-0.028326	-4.4991e-09	0.02833	3.7436e-07	-3.284e-07	-0.027796	-4.7734e-09	0.0278	3.514e-07	-3.274e-07	-0.027092	-5.1495e-09	0.027094	3.375e-07	-3.2654e-07	-0.025324	-5.8103e-09	0.025324	3.3078e-07	-3.265e-07	-0.017114	-7.7831e-09	0.017116	3.2574e-07	-3.2466e-07	-6.1184e-05	-1.1555e-08	6.1512e-05	3.2338e-07	-3.2418e-07
0.16	-0.029496	-4.291e-09	0.0295	4.1152e-07	-3.3072e-07	-0.029026	-4.5856e-09	0.02903	3.744e-07	-3.2852e-07	-0.028492	-4.8581e-09	0.02849	3.512e-07	-3.2752e-07	-0.027766	-5.2455e-09	0.027764	3.384e-07	-3.2754e-07	-0.02587	-5.9397e-09	0.02587	3.3078e-07	-3.2658e-07	-0.01733	-7.9955e-09	0.017336	3.2568e-07	-3.2464e-07	-6.1484e-05	-1.18706e-08	6.145e-05	3.2344e-07	-3.2424e-07
0.155	-0.030202	-4.3723e-09	0.030196	4.1108e-07	-3.3058e-07	-0.029722	-4.6675e-09	0.02973	3.741e-07	-3.2858e-07	-0.029172	-4.9466e-09	0.029176	3.512e-07	-3.2752e-07	-0.028424	-5.3394e-09	0.028426	3.3838e-07	-3.2746e-07	-0.026404	-6.0664e-09	0.0264	3.3078e-07	-3.2666e-07	-0.017538	-8.2064e-09	0.017538	3.2572e-07	-3.2472e-07	-6.1522e-05	-1.21792e-08	6.1736e-05	3.2342e-07	-3.242e-07
0.15	-0.030904	-4.4563e-09	0.030906	4.1088e-07	-3.306e-07	-0.03042	-4.7504e-09	0.030424	3.7402e-07	-3.287e-07	-0.029858	-5.04e-09	0.029866	3.5114e-07	-3.2776e-07	-0.02909	-5.4353e-09	0.029094	3.383e-07	-3.2762e-07	-0.02693	-6.2045e-09	0.026932	3.308e-07	-3.2666e-07	-0.01774	-8.4146e-09	0.017742	3.2576e-07	-3.2422e-07	-6.2068e-05	-1.2493e-08	6.2666e-05	3.2278e-07	-3.2364e-07
0.145	-0.031628	-4.5387e-09	0.031632	4.1076e-07	-3.3086e-07	-0.031138	-4.8425e-09	0.03114	3.7392e-07	-3.2878e-07	-0.030568	-5.1256e-09	0.030566	3.5102e-07	-3.2782e-07	-0.029772	-5.537e-09	0.029778	3.3836e-07	-3.2774e-07	-0.02746	-6.2965e-09	0.027464	3.309e-07	-3.2666e-07	-0.01794	-8.6412e-09	0.01794	3.2512e-07	-3.24e-07	-6.247e-05	-1.282e-08	6.2816e-05	3.2346e-07	-3.2406e-07
0.14	-0.032348	-4.6215e-09	0.032348	4.107e-07	-3.3102e-07	-0.03185	-4.9019e-09	0.03185	3.738e-07	-3.29e-07	-0.031262	-5.2136e-09	0.03126	3.5098e-07	-3.2724e-07	-0.03044	-5.6424e-09	0.030446	3.384e-07	-3.277e-07	-0.027976	-6.4372e-09	0.027978	3.3112e-07	-3.27e-07	-0.018132	-8.8667e-09	0.018136	3.257e-07	-3.247e-07	-6.2994e-05	-1.3148e-08	6.3194e-05	3.2344e-07	-3.2418e-07
0.135	-0.033078	-4.7118e-09	0.033084	4.1086e-07	-3.3154e-07	-0.032572	-4.9843e-09	0.032576	3.7364e-07	-3.2904e-07	-0.031972	-5.3079e-09	0.031974	3.5106e-07	-3.2804e-07	-0.031128	-5.7431e-09	0.031126	3.383e-07	-3.2776e-07	-0.028496	-6.5875e-09	0.028496	3.3092e-07	-3.2678e-07	-0.018324	-9.1037e-09	0.01832	3.2578e-07	-3.2464e-07	-6.3398e-05	-1.34862e-08	6.3722e-05	3.2276e-07	-3.2352e-07
0.13	-0.0338	-4.7649e-09	0.033806	4.1032e-07	-3.3128e-07	-0.033286	-5.0741e-09	0.033292	3.736e-07	-3.2922e-07	-0.032676	-5.4326e-09	0.032676	3.5094e-07	-3.281e-07	-0.031804	-5.8103e-09	0.031806	3.384e-07	-3.2792e-07	-0.028994	-6.7439e-09	0.028996	3.3082e-07	-3.2664e-07	-0.018504	-9.3407e-09	0.01851	3.2574e-07	-3.2472e-07	-6.367e-05	-1.383e-08	6.421e-05	3.2352e-07	-3.2422e-07
0.125	-0.034536	-4.8662e-09	0.034542	4.1022e-07	-3.3138e-07	-0.034014	-5.1642e-09	0.034016	3.7338e-07	-3.2932e-07	-0.033396	-5.5319e-09	0.033394	3.5074e-07	-3.2816e-07	-0.032492	-5.9167e-09	0.032496	3.383e-07	-3.2792e-07	-0.029496	-6.9357e-09	0.0295	3.3082e-07	-3.2676e-07	-0.018684	-9.5863e-09	0.018688	3.2578e-07	-3.2474e-07	-6.4496e-05	-1.4181e-08	6.4558e-05	3.2362e-07	-3.2422e-07
0.12	-0.035272	-4.9775e-09	0.035276	4.1002e-07	-3.3156e-07	-0.034738	-5.2947e-09	0.034742	3.7342e-07	-3.2936e-07	-0.034104	-5.6292e-09	0.034108	3.5086e-07	-3.2836e-07	-0.033168	-6.0551e-09	0.03317	3.3828e-07	-3.28e-07	-0.029984	-7.0953e-09	0.029984	3.3084e-07	-3.268e-07	-0.018858	-9.8303e-09	0.018862	3.2572e-07	-3.2472e-07	-6.4516e-05	-1.45456e-08	6.4934e-05	3.2352e-07	-3.2426e-07
0.115	-0.036014	-5.0671e-09	0.036016	4.0986e-07	-3.3164e-07	-0.035476	-5.3791e-09	0.035478	3.7326e-07	-3.2946e-07	-0.034828	-5.7351e-09	0.03483	3.5082e-07	-3.2836e-07	-0.033858	-6.1694e-09	0.033862	3.3828e-07	-3.2804e-07	-0.030466	-7.2596e-09	0.03047	3.3084e-07	-3.2684e-07	-0.01903	-1.00852e-08	0.019034	3.2572e-07	-3.2464e-07	-6.491e-05	-1.49072e-08	6.4744e-05	3.2352e-07	-3.243e-07
0.11	-0.036754	-5.1617e-09	0.036756	4.0968e-07	-3.3182e-07	-0.036202	-5.4727e-09	0.03621	3.7314e-07	-3.2968e-07	-0.035544	-5.8349e-09	0.035544	3.5066e-07	-3.284e-07	-0.034534	-6.2822e-09	0.034538	3.382e-07	-3.2806e-07	-0.030938	-7.4236e-09	0.03094	3.308e-07	-3.269e-07	-0.019198	-1.03394e-08	0.0192	3.2578e-07	-3.247e-07	-6.5144e-05	-1.52752e-08	6.5288e-05	3.2346e-07	-3.2422e-07
0.105	-0.037508	-5.256e-09	0.037508	4.0946e-07	-3.3198e-07	-0.03694	-5.5748e-09	0.036948	3.7312e-07	-3.2972e-07	-0.036274	-5.9362e-09	0.036274	3.5062e-07	-3.2852e-07	-0.035228	-6.3998e-09	0.03523	3.3822e-07	-3.281e-07	-0.03141	-7.6048e-09	0.031412	3.3112e-07	-3.2708e-07	-0.019366	-1.06134e-08	0.019368	3.2498e-07	-3.2474e-07	-6.5464e-05	-1.56416e-08	6.5768e-05	3.2346e-07	-3.2418e-07
0.1	-0.038246	-5.3501e-09	0.038248	4.0932e-07	-3.3204e-07	-0.037686	-5.6706e-09	0.037686	3.7302e-07	-3.2978e-07	-0.03699	-6.0354e-09	0.037	3.5062e-07	-3.2852e-07	-0.03591	-6.5079e-09	0.035912	3.3822e-07	-3.2822e-07	-0.03186	-7.7818e-09	0.031864	3.3078e-07	-3.2686e-07	-0.019524	-1.0889e-08	0.019524	3.2578e-07	-3.2472e-07	-6.5854e-05	-1.60012e-08	6.6126e-05	3.2358e-07	-3.2424e-07
0.095	-0.039004	-5.4402e-09	0.039004	4.0918e-07	-3.3234e-07	-0.038428	-5.7766e-09	0.03843	3.7222e-07	-3.3e-07	-0.037728	-6.1376e-09	0.037734	3.5058e-07	-3.286e-07	-0.036598	-6.6331e-09	0.036602	3.3824e-07	-3.2824e-07	-0.03231	-7.9686e-09	0.032314	3.3082e-07	-3.2688e-07	-0.019672	-1.11658e-08	0.019674	3.2576e-07	-3.2472e-07	-6.6132e-05	-1.6408e-08	6.6256e-05	3.2352e-07	-3.2424e-07
0.09	-0.03975	-5.5367e-09	0.039758	4.0908e-07	-3.324e-07	-0.03917	-5.8758e-09	0.03917	3.7284e-07	-3.3018e-07	-0.038456	-6.2042e-09	0.03846	3.5052e-07	-3.288e-07	-0.037276	-6.75e-09	0.03728	3.3816e-07	-3.2824e-07	-0.03275	-8.1457e-09	0.032748	3.3076e-07	-3.2692e-07	-0.019822	-1.14532e-08	0.019826	3.2572e-07	-3.2472e-07	-6.653e-05	-1.68232e-08	6.6952e-05	3.2356e-07	-3.2428e-07
0.085	-0.040514	-5.6336e-09	0.04052	4.0884e-07	-3.3256e-07	-0.039926	-5.9757e-09	0.039928	3.7276e-07	-3.3024e-07	-0.039192	-6.3539e-09	0.039198	3.5036e-07	-3.2878e-07	-0.037964	-6.8774e-09	0.03797	3.381e-07	-3.284e-07	-0.033186	-8.346e-09	0.033184	3.3078e-07	-3.2696e-07	-0.019972	-1.17422e-08	0.019974	3.2572e-07	-3.2466e-07	-6.6954e-05	-1.72378e-08	6.715e-05	3.2356e-07	-3.242e-07
0.08	-0.041272	-5.7358e-09	0.041274	4.0864e-07	-3.3268e-07	-0.04067	-6.0793e-09	0.040674	3.7254e-07	-3.3036e-07	-0.039926	-6.4628e-09	0.039926	3.5034e-07	-3.289e-07	-0.038644	-7.0002e-09	0.03864	3.3814e-07	-3.2842e-07	-0.0336	-8.5488e-09	0.0336	3.3082e-07	-3.269e-07	-0.020114	-1.20408e-08	0.02012	3.2572e-07	-3.2464e-07	-6.7078e-05	-1.7473e-08	6.7356e-05	3.2348e-07	-3.2424e-07
0.075	-0.042038	-5.8389e-09	0.04204	4.0858e-07	-3.3286e-07	-0.041428	-6.186e-09	0.041432	3.7254e-07	-3.3044e-07	-0.04067	-6.5749e-09	0.040668	3.5038e-07	-3.2906e-07	-0.039324	-7.1338e-09	0.039326	3.3816e-07	-3.2844e-07	-0.034018	-8.7573e-09	0.03402	3.3078e-07	-3.2696e-07	-0.020258	-1.23642e-08	0.020258	3.2534e-07	-3.2468e-07	-6.731e-05	-1.78924e-08	6.7802e-05	3.2346e-07	-3.2414e-07
0.07	-0.042794	-5.8933e-09	0.0428	4.0824e-07	-3.33e-07	-0.042178	-6.2888e-09	0.042186	3.7226e-07	-3.3066e-07	-0.04141	-6.6843e-09	0.041408	3.5028e-07	-3.291e-07	-0.039996	-7.2682e-09	0.039998	3.381e-07	-3.2856e-07	-0.034418	-8.8967e-09	0.034418	3.3086e-07	-3.2714e-07	-0.020392	-1.26764e-08	0.020394	3.2536e-07	-3.247e-07	-6.752e-05	-1.83274e-08	6.764e-05	3.2358e-07	-3.2422e-07
0.065	-0.04357	-5.9927e-09	0.04357	4.0814e-07	-3.3316e-07	-0.042944	-6.3921e-09	0.04295	3.7218e-07	-3.3074e-07	-0.042152	-6.7935e-09	0.042158	3.5014e-07	-3.284e-07	-0.040672	-7.4106e-09	0.04068	3.3802e-07	-3.2856e-07	-0.034816	-9.181e-09	0.034818	3.3074e-07	-3.2698e-07	-0.020528	-1.3004e-08	0.020528	3.2574e-07	-3.2472e-07	-6.763e-05	-1.88172e-08	6.7926e-05	3.235e-07	-3.2424e-07
0.06	-0.044336	-6.0955e-09	0.044336	4.08e-07	-3.333e-07	-0.043696	-6.451e-09	0.043698	3.7212e-07	-3.3084e-07	-0.042894	-6.8504e-09	0.042892	3.5012e-07	-3.2924e-07	-0.04134	-7.555e-09	0.041344	3.3812e-07	-3.2864e-07	-0.0352	-9.3887e-09	0.0352	3.3084e-07	-3.2704e-07	-0.020656	-1.3331e-08	0.020656	3.2574e-07	-3.2478e-07	-6.8452e-05	-1.94648e-08	6.8976e-05	3.2344e-07	-3.2428e-07
0.055	-0.0451	-6.2004e-09	0.045102	4.08e-07	-3.3356e-07	-0.04446	-6.5696e-09	0.044458	3.72e-07	-3.3096e-07	-0.043634	-7.0189e-09	0.043634	3.5002e-07	-3.293e-07	-0.042004	-7.6879e-09	0.042004	3.3814e-07	-3.2864e-07	-0.035576	-9.6284e-09	0.035576	3.3072e-07	-3.2702e-07	-0.020782	-1.36564e-08	0.020782	3.2572e-07	-3.247e-07	-6.8902e-05	-1.9917e-08	6.9092e-05	3.2348e-07	-3.2424e-07
0.05	-0.04588	-6.3084e-09	0.045884	4.0776e-07	-3.3356e-07	-0.045224	-6.7205e-09	0.04523	3.7182e-07	-3.3096e-07	-0.044382	-7.1389e-09	0.044386	3.4996e-07	-3.2944e-07	-0.042668	-7.8449e-09	0.042674	3.3808e-07	-3.287e-07	-0.03595	-9.8613e-09	0.035948	3.3084e-07	-3.271e-07	-0.02091	-1.40046e-08	0.020908	3.2572e-07	-3.2466e-07	-6.9248e-05	-2.04032e-08	6.9252e-05	3.2358e-07	-3.243e-07
0.045	-0.046646	-6.4129e-09	0.046656	4.0756e-07	-3.3376e-07	-0.04599	-6.8248e-09	0.04599	3.716e-07	-3.311e-07	-0.045128	-7.2541e-09	0.045132	3.499e-07	-3.2938e-07	-0.043322	-7.9957e-09	0.043322	3.3808e-07	-3.288e-07	-0.036308	-1.00987e-08	0.036314	3.3078e-07	-3.271e-07	-0.021026	-1.4355e-08	0.02103	3.2576e-07	-3.2472e-07	-6.9408e-05	-2.08944e-08	6.946e-05	3.2356e-07	-3.2424e-07
0.04	-0.047432	-6.5118e-09	0.047432	4.0746e-07	-3.3394e-07	-0.046764	-6.9429e-09	0.046766	3.7154e-07	-3.312e-07	-0.04588	-7.3762e-09	0.045884	3.4982e-07	-3.2952e-07	-0.04397	-8.091e-09	0.043976	3.3804e-07	-3.2876e-07	-0.036664	-1.03402e-08	0.036666	3.3076e-07	-3.2714e-07	-0.021144	-1.47142e-08	0.021146	3.2564e-07	-3.247e-07	-6.9134e-05	-2.13932e-08	6.9356e-05	3.2364e-07	-3.2418e-07
0.035	-0.048208	-6.6751e-09	0.048212	4.0724e-07	-3.3402e-07	-0.047528	-7.0604e-09	0.04753	3.7146e-07	-3.3132e-07	-0.04663	-7.4988e-09	0.04663	3.4984e-07	-3.2958e-07	-0.044614	-8.2424e-09	0.044618	3.3794e-07	-3.2888e-07	-0.037008	-1.05898e-08	0.03701	3.3078e-07	-3.2714e-07	-0.021264	-1.5083e-08	0.021266	3.2498e-07	-3.2466e-07	-6.9386e-05	-2.18946e-08	6.9352e-05	3.2352e-07	-3.2424e-07
0.03	-0.048996	-6.7402e-09	0.049	4.0704e-07	-3.3426e-07	-0.048312	-7.1762e-09	0.04831	3.7142e-07	-3.3146e-07	-0.04739	-7.6259e-09	0.047384	3.4974e-07	-3.296e-07	-0.04526	-8.4004e-09	0.04526	3.3798e-07	-3.289e-07	-0.037348	-1.08497e-08	0.037348	3.3078e-07	-3.2716e-07	-0.021376	-1.54668e-08	0.021378	3.2578e-07	-3.2474e-07	-6.9468e-05	-2.24036e-08	6.9692e-05	3.2284e-07	-3.2382e-07
0.025	-0.049778	-6.8491e-09	0.049778	4.0678e-07	-3.3438e-07	-0.049072	-7.2416e-09	0.04908	3.7118e-07	-3.316e-07	-0.04813	-7.7527e-09	0.048136	3.4974e-07	-3.2982e-07	-0.045888	-8.6423e-09	0.04589	3.3788e-07	-3.2896e-07	-0.03768	-1.11114e-08	0.03768	3.3072e-07	-3.2714e-07	-0.021484	-1.58554e-08	0.021484	3.2568e-07	-3.2466e-07	-6.9694e-05	-2.29362e-08	6.9818e-05	3.2358e-07	-3.2412e-07
0.02	-0.050556	-6.9615e-09	0.050568	4.0654e-07	-3.3444e-07	-0.049854	-7.3532e-09	0.049856	3.7104e-07	-3.317e-07	-0.048894	-7.8251e-09	0.048892	3.49e-07	-3.2918e-07	-0.046518	-8.8202e-09	0.046516	3.3818e-07	-3.2904e-07	-0.038002	-1.13853e-08	0.038004	3.3074e-07	-3.2732e-07	-0.021592	-1.62522e-08	0.021594	3.2572e-07	-3.2466e-07	-7.0004e-05	-2.34756e-08	7.0376e-05	3.2352e-07	-3.242e-07
0.015	-0.05135	-7.1374e-09	0.05135	4.0646e-07	-3.3474e-07	-0.050624	-7.5359e-09	0.050626	3.7108e-07	-3.3188e-07	-0.049638	-7.9578e-09	0.049642	3.495e-07	-3.2996e-07	-0.04713	-8.9713e-09	0.04713	3.3794e-07	-3.2914e-07	-0.038316	-1.15412e-08	0.038316	3.3076e-07	-3.2722e-07	-0.021696	-1.66516e-08	0.021696	3.2582e-07	-3.2466e-07	-7.0468e-05	-2.40178e-08	7.0686e-05	3.235e-07	-3.2418e-07
0.01	-0.052144	-7.2597e-09	0.05214	4.0616e-07	-3.3474e-07	-0.05141	-7.649e-09	0.051412	3.7094e-07	-3.319e-07	-0.050394	-8.1539e-09	0.050398	3.4958e-07	-3.3008e-07	-0.04774	-9.1652e-09	0.047744	3.3794e-07	-3.2914e-07	-0.038624	-1.1831e-08	0.038624	3.3082e-07	-3.2718e-07	-0.021796	-1.70714e-08	0.0218	3.257e-07	-3.247e-07	-7.08e-05	-2.4579e-08	7.1034e-05	3.2352e-07	-3.2424e-07
0.005	-0.052922	-7.3809e-09	0.052922	4.0604e-07	-3.3496e-07	-0.052184	-7.7726e-09	0.052184	3.7082e-07	-3.3202e-07	-0.051138	-8.2817e-09	0.051144	3.495e-07	-3.3018e-07	-0.04834	-9.3534e-09	0.048346	3.3788e-07	-3.291e-07	-0.038924	-1.21162e-08	0.038926	3.3076e-07	-3.272e-07	-0.0219	-1.74752e-08	0.021898	3.257e-07	-3.2464e-07	-7.1068e-05	-2.51496e-08	7.1298e-05	3.2352e-07	-3.243e-07
0	-0.053724	-7.5002e-09	0.053724	4.0596e-07	-3.3514e-07	-0.052968	-7.9119e-09	0.052974	3.707e-07	-3.3212e-07	-0.051898	-8.426e-09	0.051902	3.4944e-07	-3.302e-07	-0.048938	-9.5556e-09	0.048942	3.3792e-07	-3.292e-07	-0.039218	-1.25248e-08	0.03922	3.3076e-07	-3.2714e-07	-0.021998	-1.79004e-08	0.021994	3.257e-07	-3.2468e-07	-7.1696e-05	-2.57298e-08	7.1264e-05	3.2362e-07	-3.2396e-07
