101 9.07698966691439e-08
104.18 1.05446840073298e-07
107.361 1.04640672167048e-07
110.541 1.08640710976645e-07
113.721 1.1395593287856e-07
116.902 1.07738250104952e-07
120.082 9.76148675959917e-08
123.262 8.16077683743535e-08
126.443 9.79014259270241e-08
129.623 1.08143420647408e-07
132.803 9.71947615478382e-08
135.983 8.2796210407589e-08
139.164 8.8020176559914e-08
142.344 9.33964499379234e-08
145.524 1.1198089259553e-07
148.705 1.09181232889011e-07
151.885 9.74222772750601e-08
155.065 8.42827362988002e-08
158.246 7.46713764584527e-08
161.426 8.89501767819362e-08
164.606 1.11640856828357e-07
167.787 1.39927483455985e-07
170.967 1.35527441856352e-07
174.147 1.18930715222331e-07
177.328 1.05303010738142e-07
180.508 9.28083652969279e-08
183.688 7.07245386748327e-08
186.868 5.42970581415474e-08
190.049 5.50051360667169e-08
193.229 5.08869058245805e-08
196.409 5.867767462163e-08
199.59 6.68963509053213e-08
202.77 7.57063271484005e-08
205.95 7.32907441488838e-08
209.131 7.59070681109287e-08
212.311 7.37164859921802e-08
215.491 6.37421995657638e-08
218.672 7.89345867633874e-08
221.852 7.62933104145452e-08
225.032 7.13989287051414e-08
228.213 6.66127901872346e-08
231.393 8.62031988979299e-08
234.573 8.46388133047255e-08
237.753 7.51041198974026e-08
240.934 6.99318997167844e-08
244.114 6.41500712363265e-08
247.294 7.1069809661275e-08
250.475 8.28542068271551e-08
253.655 8.78377548568688e-08
256.835 9.32699857704185e-08
260.016 8.72908658863273e-08
263.196 8.2369123238825e-08
264.196 6.64439707152185e-08
272.598 6.87658307265259e-08
281.001 7.1942100250138e-08
289.403 6.44984884958233e-08
297.806 6.37630250588464e-08
306.208 6.34698399554188e-08
314.611 6.12476085718227e-08
323.013 6.58485333367433e-08
331.415 7.13764482431114e-08
339.818 7.67124197573055e-08
348.22 8.30780940028946e-08
356.623 8.31044967304419e-08
365.025 8.04752004311863e-08
373.428 7.30291203549172e-08
381.83 4.95850271244295e-08
390.232 5.00344287823678e-08
398.635 5.81740167948751e-08
407.037 5.66277658414942e-08
415.44 5.60386501184764e-08
423.842 5.79583783804864e-08
432.245 5.92665320976083e-08
440.647 5.89072725733652e-08
449.049 5.45970385424437e-08
457.452 5.0004384466069e-08
465.854 4.52970148704774e-08
474.257 4.6072643736247e-08
482.659 4.53969915838907e-08
491.062 5.00451087304615e-08
499.464 5.3121601520378e-08
507.867 4.72434048911017e-08
516.269 3.79459177034519e-08
524.671 3.21245007656573e-08
533.074 4.04101220764471e-08
541.476 5.05449374756464e-08
549.879 6.84431674768915e-08
558.281 7.09974946592561e-08
566.684 6.75840564891098e-08
575.086 5.3536396590575e-08
583.488 5.26724248310857e-08
591.891 5.17949385874458e-08
600.293 3.95916466577967e-08
608.696 3.79762745863436e-08
617.098 4.43977804171135e-08
625.501 4.98077990795352e-08
633.903 5.24946305673398e-08
642.305 5.20268311770822e-08
650.708 4.92424203794996e-08
659.11 4.46757236869836e-08
667.513 4.3219714880274e-08
675.915 4.79379592696779e-08
684.318 5.02171696128411e-08
692.72 4.66354533343998e-08
693.72 4.71982956604322e-08
715.867 4.3455268759835e-08
738.014 3.62481759238938e-08
760.161 4.18131879856384e-08
782.307 5.15957265040033e-08
804.454 3.60072136061837e-08
826.601 3.44212827638934e-08
848.748 4.8180618040697e-08
870.895 5.19307050623737e-08
893.042 4.44966189703678e-08
915.189 3.68502345342611e-08
937.335 4.47239058677715e-08
959.482 5.59492544541719e-08
981.629 4.15727833137555e-08
1003.776 2.82050609886483e-08
1025.923 3.50429485178894e-08
1048.07 4.57224078063463e-08
1070.217 3.56819721451988e-08
1092.364 3.76171645342994e-08
1114.51 4.76892426410618e-08
1136.657 3.06927665063116e-08
1158.804 2.52661217375413e-08
1180.951 3.30440440602402e-08
1203.098 3.68951406350428e-08
1225.245 3.51704435660076e-08
1247.392 2.09474697355289e-08
1269.538 3.39273053484949e-08
1291.685 4.17777632985789e-08
1313.832 4.11586878076247e-08
1335.979 4.18445656199552e-08
1358.126 3.98508437120012e-08
1380.273 2.92737114624068e-08
1402.42 3.62110166360108e-08
1424.566 3.14515730346174e-08
1446.713 2.57259637406419e-08
1468.86 3.17603807673796e-08
1491.007 3.07100213623334e-08
1513.154 4.25371484360248e-08
1535.301 3.87997885015779e-08
1557.448 4.01617639905638e-08
1579.595 3.90204436617243e-08
1601.741 3.29688291897268e-08
1623.888 2.79977754245946e-08
1646.035 3.07627146749591e-08
1668.182 3.32192771826494e-08
1690.329 3.05563244192054e-08
1712.476 3.59343580831131e-08
1734.623 3.56077678992453e-08
1756.769 4.31913814129865e-08
1778.916 3.08099007073326e-08
1801.063 2.77408989897358e-08
1823.21 3.260308718652e-08
1824.21 3.00215705554272e-08
1882.531 2.87470024694141e-08
1940.853 2.21191772897479e-08
1999.174 2.68728355163024e-08
2057.495 2.40515773353425e-08
2115.817 2.04946643224016e-08
2174.138 3.11294497284279e-08
2232.46 3.10620210759475e-08
2290.781 3.36149098988417e-08
2349.102 2.97448383497593e-08
2407.424 3.20923214207111e-08
2465.745 2.33642254431149e-08
2524.066 2.2636980890377e-08
2582.388 2.58041997460817e-08
2640.709 1.84133672792439e-08
2699.031 2.25923865062983e-08
2757.352 2.65510057086175e-08
2815.673 2.51269831945761e-08
2873.995 2.76374581658364e-08
2932.316 2.94220542603938e-08
2990.637 3.0715588145163e-08
3048.959 2.63789570729284e-08
3107.28 2.07596996474325e-08
3165.602 2.91909610409655e-08
3223.923 2.43554365045353e-08
3282.244 1.98309036978674e-08
3340.566 1.95299276749766e-08
3398.887 2.40106225944953e-08
3457.208 3.42928588082331e-08
3515.53 2.97911478546287e-08
3573.851 2.61452208910017e-08
3632.173 2.93018031189513e-08
3690.494 2.39775402380275e-08
3748.815 2.12550841030488e-08
3807.137 2.24634591508296e-08
3865.458 2.07425378102908e-08
3923.779 2.07060979930599e-08
3982.101 2.15927557568519e-08
4040.422 2.59096664748971e-08
4098.744 2.91955695759848e-08
4157.065 2.46627726890175e-08
4215.386 1.94551914417323e-08
4273.708 1.96763409197202e-08
4332.029 2.45872106014329e-08
4390.35 2.19958436087636e-08
4448.672 2.13760983365597e-08
4506.993 1.90836598920475e-08
4565.315 1.77608833435906e-08
4623.636 1.63313155908877e-08
4681.957 1.59925489678879e-08
4740.279 2.02714467132385e-08
4798.6 1.83840149743859e-08
4799.6 1.95897917818946e-08
4953.131 2.19545300799905e-08
5106.663 2.06451830073871e-08
5260.194 1.77897668509001e-08
5413.725 1.49317628732299e-08
5567.257 1.9956863308919e-08
5720.788 2.22716491947051e-08
5874.32 2.06643965111068e-08
6027.851 2.25810642081137e-08
6181.382 1.9672701973418e-08
6334.914 1.91511375145623e-08
6488.445 1.67635376064191e-08
6641.976 1.54063706956424e-08
6795.508 1.49342069854783e-08
6949.039 1.68118783319149e-08
7102.571 1.65091401394879e-08
7256.102 1.4879482890165e-08
7409.633 1.61861681276283e-08
7563.165 1.53334235974974e-08
7716.696 1.25303942163157e-08
7870.227 1.60936565064413e-08
8023.759 1.76903058148398e-08
8177.29 1.91757549620043e-08
8330.822 1.67378953771246e-08
8484.353 1.94733228165398e-08
8637.884 1.7882932617081e-08
8791.416 1.11663444625935e-08
8944.947 1.04863017191131e-08
9098.478 1.5927853022314e-08
9252.01 1.975536162602e-08
9405.541 2.05755126723432e-08
9559.073 1.80181790327222e-08
9712.604 1.02003500936783e-08
9866.135 1.30651228013644e-08
10019.667 1.45702129976606e-08
10173.198 1.90731884460492e-08
10326.729 1.812036426924e-08
10480.261 1.64756308448301e-08
10633.792 1.64938346558751e-08
10787.324 1.80421511927853e-08
10940.855 1.62120384027543e-08
11094.386 1.08976909539242e-08
11247.918 1.51122508156309e-08
11401.449 1.33999996751527e-08
11554.98 1.53138372755682e-08
11708.512 1.25166341095168e-08
11862.043 1.44867074424466e-08
12015.575 1.8808758181395e-08
12169.106 1.81512998244324e-08
12322.637 1.60942740617322e-08
12476.169 1.35746846509082e-08
12629.7 1.39229921985087e-08
12630.7 1.29284604463896e-08
13034.822 1.1953949213886e-08
13438.943 1.0786914889888e-08
13843.065 1.05129959892284e-08
14247.186 1.1611194442475e-08
14651.308 1.45945586439453e-08
15055.429 1.41088151555433e-08
15459.551 1.35744366913671e-08
15863.673 1.22842346095654e-08
16267.794 1.16994667275851e-08
16671.916 1.09531404445591e-08
17076.037 1.009736790388e-08
17480.159 9.18398000295164e-09
17884.28 8.23745784015997e-09
18288.402 8.47789283664898e-09
18692.524 8.54350229774204e-09
19096.645 9.41660256881292e-09
19500.767 1.05408480440734e-08
19904.888 1.06155506411554e-08
20309.01 1.18509536367965e-08
20713.131 1.37156584491817e-08
21117.253 1.48685624256623e-08
21521.375 1.48115582800285e-08
21925.496 1.27244759382352e-08
22329.618 1.15931446161091e-08
22733.739 1.21429460142798e-08
23137.861 1.14385485370914e-08
23541.982 1.1932340966577e-08
23946.104 1.25492468668561e-08
24350.225 1.26669532437039e-08
24754.347 1.06382860070998e-08
25158.469 9.21935639744773e-09
25562.59 9.98611866529328e-09
25966.712 1.00647757139493e-08
26370.833 1.01353369074492e-08
26774.955 8.89019713124359e-09
27179.076 8.48690491254973e-09
27583.198 8.31995567318517e-09
27987.32 8.88022720847791e-09
28391.441 7.73785199710208e-09
28795.563 7.52747596368356e-09
29199.684 6.836590842652e-09
29603.806 8.55343569466691e-09
30007.927 9.86070937629068e-09
30412.049 8.71996547414966e-09
30816.171 8.1316101381029e-09
31220.292 8.32657621801444e-09
31624.414 7.02685168565617e-09
32028.535 8.50826100511159e-09
32432.657 1.09784455923532e-08
32836.778 1.04047749359213e-08
33240.9 9.54706085343042e-09
33241.9 8.44019312504314e-09
34305.559 8.6097194756495e-09
35369.218 8.09081308471498e-09
36432.876 7.68873763351239e-09
37496.535 8.36338207158652e-09
38560.194 9.02121410621927e-09
39623.853 9.94844709447575e-09
40687.512 9.25681238006212e-09
41751.171 9.18347015327842e-09
42814.829 8.41191299883841e-09
43878.488 7.88848097808188e-09
44942.147 7.61016639618726e-09
46005.806 7.10760514190343e-09
47069.465 7.08014135677615e-09
48133.124 8.03092042868591e-09
49196.782 8.29792669948215e-09
50260.441 8.3948668640684e-09
51324.1 8.96115252928752e-09
52387.759 8.91565441371272e-09
53451.418 9.04309817791639e-09
54515.076 7.01048620475918e-09
55578.735 6.77890020885185e-09
56642.394 7.97670582614937e-09
57706.053 7.43641005288694e-09
58769.712 7.19722244381912e-09
59833.371 7.99160433911997e-09
60897.029 8.00859018918954e-09
61960.688 7.42217098897539e-09
63024.347 6.0561123514031e-09
64088.006 5.75654247433327e-09
65151.665 6.74509016889143e-09
66215.324 6.49848605607684e-09
67278.982 6.25400718795423e-09
68342.641 5.90498417380536e-09
69406.3 5.83656911429187e-09
70469.959 5.48936990731063e-09
71533.618 4.29118586794632e-09
72597.276 3.71225965777715e-09
73660.935 4.16446232344658e-09
74724.594 4.56618630926574e-09
75788.253 4.38024815563127e-09
76851.912 5.54776696518287e-09
77915.571 6.30693590992613e-09
78979.229 6.34088998505032e-09
80042.888 5.76282861545144e-09
81106.547 5.53948915055242e-09
82170.206 5.80592449312717e-09
83233.865 6.04580204092721e-09
84297.524 5.33972422322217e-09
85361.182 3.75347522889363e-09
86424.841 5.03958062617686e-09
87488.5 6.14837448636836e-09
87489.5 4.99504837813743e-09
90289.039 4.65864280410782e-09
93088.578 4.90859629755872e-09
95888.118 5.65828875014192e-09
98687.657 4.9984457941023e-09
101487.196 4.94313473054129e-09
104286.735 5.48945582348799e-09
107086.275 5.88545221231359e-09
109885.814 4.47666677918503e-09
112685.353 4.60816652442876e-09
115484.892 4.5132797628196e-09
118284.431 5.18354396256384e-09
121083.971 5.49845513207099e-09
123883.51 4.57617682560347e-09
126683.049 4.39531424448101e-09
129482.588 4.91212869229698e-09
132282.127 6.25152931251352e-09
135081.667 6.4768394820702e-09
137881.206 5.6536256730382e-09
140680.745 4.73516207105283e-09
143480.284 4.6407422507609e-09
146279.824 4.23066702432281e-09
149079.363 3.88208623585492e-09
151878.902 4.50424966792772e-09
154678.441 4.41588623262473e-09
157477.98 4.10691554556787e-09
160277.52 3.65296709555324e-09
163077.059 4.30247179977252e-09
165876.598 4.34317142545205e-09
168676.137 3.8017368840989e-09
171475.676 3.36478874568551e-09
174275.216 2.78711081807176e-09
177074.755 2.85277521091825e-09
179874.294 3.4519823443901e-09
182673.833 4.50321260352748e-09
185473.373 4.66229000847943e-09
188272.912 4.08599682605397e-09
191072.451 3.27142913156504e-09
193871.99 2.98239218097712e-09
196671.529 3.49601776527544e-09
199471.069 3.73006066761792e-09
202270.608 4.08183002346951e-09
205070.147 4.5817793663036e-09
207869.686 4.31160397752478e-09
210669.225 3.75662687511316e-09
213468.765 3.39545393689457e-09
216268.304 3.71281214442696e-09
219067.843 4.56263849437387e-09
221867.382 4.25650065818513e-09
224666.922 2.85516254304957e-09
227466.461 2.76970555711381e-09
230266 3.06931856866242e-09
230267 3.55647931987103e-09
237635.294 3.58753317367868e-09
245003.588 1.68933498953034e-09
252371.882 2.82042359452401e-09
259740.176 4.32357555763644e-09
267108.471 3.50267380205806e-09
274476.765 3.29099328773084e-09
281845.059 2.77405315294432e-09
289213.353 3.57322025789677e-09
296581.647 3.26515924085431e-09
303949.941 4.33699511632416e-09
311318.235 3.9760820978067e-09
318686.529 2.63176344115656e-09
326054.824 2.93129974584697e-09
333423.118 3.62384593545689e-09
340791.412 2.41688163530426e-09
348159.706 2.78793602359302e-09
355528 3.74865340698163e-09
362896.294 3.29696825596294e-09
370264.588 3.19127662729646e-09
377632.882 3.51799544749603e-09
385001.176 3.06593861942921e-09
392369.471 2.90207726564306e-09
399737.765 3.05367739977548e-09
407106.059 2.85671878227197e-09
414474.353 2.85478280138442e-09
421842.647 2.9824153197536e-09
429210.941 2.89775285011238e-09
436579.235 2.24457152344935e-09
443947.529 2.69470688972387e-09
451315.824 2.42095399545078e-09
458684.118 2.89955848656379e-09
466052.412 2.24450693768768e-09
473420.706 2.84206811596033e-09
480789 2.47877157201689e-09
488157.294 2.59026850854849e-09
495525.588 3.03248268406165e-09
502893.882 3.20149866889183e-09
510262.176 2.581475726045e-09
517630.471 2.83562852520244e-09
524998.765 2.09336836303395e-09
532367.059 2.25673772564974e-09
539735.353 2.4402567584461e-09
547103.647 2.34386453563573e-09
554471.941 2.42731170629742e-09
561840.235 2.11886040142555e-09
569208.529 2.45951474470426e-09
576576.824 2.53488930049038e-09
583945.118 2.5244489504779e-09
591313.412 2.45137667163441e-09
598681.706 2.61583160524076e-09
606050 2.06025474553463e-09
606051 2.43979414444261e-09
625444.118 2.63337714823031e-09
644837.235 2.67032002365491e-09
664230.353 2.25650692727154e-09
683623.471 2.399973802902e-09
703016.588 2.40912123031958e-09
722409.706 2.00417711065157e-09
741802.824 2.22383318233841e-09
761195.941 1.38616892588443e-09
780589.059 2.49759701176331e-09
799982.176 1.91344672551112e-09
819375.294 2.21016274700975e-09
838768.412 2.66863324995439e-09
858161.529 1.9106119779417e-09
877554.647 1.88959762107179e-09
896947.765 1.93286218534645e-09
916340.882 1.89823593499116e-09
935734 1.39395064434534e-09
955127.118 1.61460536631501e-09
974520.235 1.81855056233044e-09
993913.353 2.09345834072562e-09
1013306.471 3.22587201335783e-09
1032699.588 2.22655656115643e-09
1052092.706 1.82102778889404e-09
1071485.824 2.08856646991697e-09
1090878.941 2.38595515483791e-09
1110272.059 2.82816189479464e-09
1129665.176 2.2034373905737e-09
1149058.294 2.01882468436531e-09
1168451.412 2.30156093792564e-09
1187844.529 3.15797638343477e-09
1207237.647 2.29362503513102e-09
1226630.765 1.49174800426594e-09
1246023.882 1.84658706864984e-09
1265417 1.79374617315003e-09
1284810.118 1.66542783236798e-09
1304203.235 1.99560760722474e-09
1323596.353 2.03982087993934e-09
1342989.471 1.70107302732782e-09
1362382.588 1.78806030602741e-09
1381775.706 1.89851146640477e-09
1401168.824 1.70929965275513e-09
1420561.941 2.33829235453473e-09
1439955.059 2.19382604282457e-09
1459348.176 1.79934385964363e-09
1478741.294 1.85563715437348e-09
1498134.412 2.13681151431702e-09
1517527.529 1.70370297875307e-09
1536920.647 2.3743027928914e-09
1556313.765 2.13616687591603e-09
1575706.882 2.11888715638073e-09
1595100 1.338598326778e-09
1595100 2.35929717294054e-09
1646141.765 1.66913571832009e-09
1697183.529 1.73343270821571e-09
1748225.294 1.34458448482841e-09
1799267.059 1.50851684354223e-09
1850308.824 1.62616442050466e-09
1901350.588 2.0064490065909e-09
1952392.353 1.62774969918881e-09
2003434.118 1.46313475994411e-09
2054475.882 1.52140308254229e-09
2105517.647 1.30708262533274e-09
2156559.412 9.9550701066233e-10
2207601.176 1.93578973392216e-09
2258642.941 1.59549916115209e-09
2309684.706 1.88726581528759e-09
2360726.471 1.57789538105424e-09
2411768.235 1.48873197849376e-09
2462810 1.82536816818398e-09
2513851.765 1.10888042317064e-09
2564893.529 1.46303623421142e-09
2615935.294 1.58116572397918e-09
2666977.059 1.90650593219327e-09
2718018.824 1.5719727475196e-09
2769060.588 1.8968095286453e-09
2820102.353 1.42699478712202e-09
2871144.118 1.72230437704663e-09
2922185.882 1.63302665969234e-09
2973227.647 1.62604172776703e-09
3024269.412 1.52771996398651e-09
3075311.176 1.44689042943909e-09
3126352.941 1.43146060773478e-09
3177394.706 2.16344995613495e-09
3228436.471 1.9758345574977e-09
3279478.235 1.57864702399875e-09
3330520 1.1969173680454e-09
3381561.765 1.68124871425403e-09
3432603.529 1.45713127707212e-09
3483645.294 1.6751336090115e-09
3534687.059 1.1158107833382e-09
3585728.824 1.68482038321944e-09
3636770.588 1.58289999306736e-09
3687812.353 1.35889334105737e-09
3738854.118 9.83046894242076e-10
3789895.882 1.76553748861633e-09
3840937.647 1.08491763772209e-09
3891979.412 1.54313011313272e-09
3943021.176 1.31991429338377e-09
3994062.941 1.77671452114691e-09
4045104.706 1.0133013848804e-09
4096146.471 1.50171001473449e-09
4147188.235 1.4934331995248e-09
4198230 1.35402942765483e-09
4198230 1.59992593150612e-09
4332570.588 1.42890372453727e-09
4466911.176 1.73422475260462e-09
4601251.765 1.47794539139116e-09
4735592.353 1.31647613051916e-09
4869932.941 1.17484663343894e-09
5004273.529 1.37598384847716e-09
5138614.118 1.51403613223124e-09
5272954.706 1.47004188707509e-09
5407295.294 1.58352241897295e-09
5541635.882 1.45005179234389e-09
5675976.471 9.814532564677e-10
5810317.059 1.21740178509566e-09
5944657.647 1.3162001353892e-09
6078998.235 8.3069514427361e-10
6213338.824 1.35201935236906e-09
6347679.412 1.27360891634835e-09
6482020 1.60688995266254e-09
6616360.588 1.50242478758509e-09
6750701.176 1.51763211788565e-09
6885041.765 1.27259774489615e-09
7019382.353 1.5580398999108e-09
7153722.941 1.60645033996331e-09
7288063.529 1.87856037925064e-09
7422404.118 9.18710160534498e-10
7556744.706 1.61986880029584e-09
7691085.294 1.45205007204758e-09
7825425.882 1.07773113777906e-09
7959766.471 1.61814127668109e-09
8094107.059 1.46690871154524e-09
8228447.647 1.14512905671554e-09
8362788.235 1.56647349425487e-09
8497128.824 1.28591596121439e-09
8631469.412 1.05058921445548e-09
8765810 1.58132327558528e-09
8900150.588 1.47223085904082e-09
9034491.176 1.74424573686565e-09
9168831.765 1.05492715316995e-09
9303172.353 1.23856162764507e-09
9437512.941 1.26981652217668e-09
9571853.529 1.13415041679223e-09
9706194.118 1.60115758750943e-09
9840534.706 1.04662170819138e-09
9974875.294 1.12940955628674e-09
10109215.882 1.55760412108895e-09
10243556.471 1.23877241245955e-09
10377897.059 1.47252453067195e-09
10512237.647 1.42024397309008e-09
10646578.235 1.08727636279155e-09
10780918.824 1.3584868936805e-09
10915259.412 1.3299684711438e-09
11049600 1.29235006092789e-09
11049600 1.21898074298503e-09
11403174.51 1.2075869546518e-09
11756749.02 1.14548035510814e-09
12110323.529 1.18968871299559e-09
12463898.039 1.08155920839058e-09
12817472.549 1.28562944439837e-09
13171047.059 1.01234843733463e-09
13524621.569 1.30776700873646e-09
13878196.078 1.24426084176702e-09
14231770.588 1.24256813916761e-09
14585345.098 9.19499731526876e-10
14938919.608 1.06441684607028e-09
15292494.118 1.09723520861294e-09
15646068.627 1.34934038916233e-09
15999643.137 1.19984001465441e-09
16353217.647 1.00921027860632e-09
16706792.157 1.42444364109352e-09
17060366.667 9.96516613409262e-10
17413941.176 1.18736715217193e-09
17767515.686 1.22101561922168e-09
18121090.196 1.35278936272663e-09
18474664.706 1.05799420433294e-09
18828239.216 1.04332355089722e-09
19181813.725 1.21632904213173e-09
19535388.235 1.30439678976309e-09
19888962.745 1.34350427710013e-09
20242537.255 1.04951271318508e-09
20596111.765 1.44004953500876e-09
20949686.275 1.44818318206319e-09
21303260.784 1.31451066786001e-09
21656835.294 9.24400589641259e-10
22010409.804 1.34549842235796e-09
22363984.314 1.29562283554858e-09
22717558.824 1.00444042479745e-09
23071133.333 1.09558554787612e-09
23424707.843 1.03577314687292e-09
23778282.353 1.16275430596737e-09
24131856.863 1.24651535458631e-09
24485431.373 1.07888194477028e-09
24839005.882 1.33199162002182e-09
25192580.392 1.53740384974699e-09
25546154.902 1.26805424129596e-09
25899729.412 1.22834734244899e-09
26253303.922 1.18961530021377e-09
26606878.431 1.37655511941273e-09
26960452.941 1.45116927064479e-09
27314027.451 1.25167106506498e-09
27667601.961 1.28727690711227e-09
28021176.471 1.093171331008e-09
28374750.98 1.28709405923207e-09
28728325.49 1.00375042555092e-09
29081900 9.97216544915391e-10
29081900 1.15254846196117e-09
30012498.039 1.43287691742794e-09
30943096.078 1.6080761554865e-09
31873694.118 1.03079605789339e-09
32804292.157 1.13279848457584e-09
33734890.196 1.42933740121718e-09
34665488.235 1.21879544473787e-09
35596086.275 1.15334107974971e-09
36526684.314 1.07523024057497e-09
37457282.353 1.12191662726611e-09
38387880.392 1.28171184467992e-09
39318478.431 1.51949951905058e-09
40249076.471 1.35987576732452e-09
41179674.51 1.25462665078299e-09
42110272.549 1.27713262484533e-09
43040870.588 1.32616273483909e-09
43971468.627 9.7573231441872e-10
44902066.667 1.16830226441611e-09
45832664.706 1.30890098634679e-09
46763262.745 1.2724309708596e-09
47693860.784 1.2671878731546e-09
48624458.824 1.2291091925833e-09
49555056.863 7.99045248192505e-10
50485654.902 1.12078700651189e-09
51416252.941 1.39738175690878e-09
52346850.98 1.52491128350879e-09
53277449.02 1.39373027555271e-09
54208047.059 1.31086312502218e-09
55138645.098 1.250854157505e-09
56069243.137 1.48998507198911e-09
56999841.176 1.40035088877614e-09
57930439.216 1.38353987397216e-09
58861037.255 1.09319445356174e-09
59791635.294 1.2306319511065e-09
60722233.333 1.14462435144129e-09
61652831.373 1.38119881814277e-09
62583429.412 1.39351399207947e-09
63514027.451 1.02590854002738e-09
64444625.49 1.14465145561185e-09
65375223.529 1.16288259434402e-09
66305821.569 1.27404625270624e-09
67236419.608 9.8964218912588e-10
68167017.647 1.23093007573569e-09
69097615.686 1.42726773266098e-09
70028213.725 1.61272882463969e-09
70958811.765 1.18481790773573e-09
71889409.804 8.01712243936551e-10
72820007.843 1.53619316090009e-09
73750605.882 1.00203333150624e-09
74681203.922 1.37079823204159e-09
75611801.961 1.4264998854036e-09
76542400 1.54212003120742e-09
76542400 1.19598890834496e-09
78991686.275 6.19774662952434e-10
81440972.549 9.47254074419392e-10
83890258.824 1.26345100865511e-09
86339545.098 1.16609073140882e-09
88788831.373 1.62822700362337e-09
91238117.647 1.09774714354127e-09
93687403.922 3.3124331603497e-09
96136690.196 -0
98585976.471 7.16502921378982e-10
101035262.745 2.69765914944628e-09
103484549.02 5.92646693638889e-09
105933835.294 1.81204513375772e-09
108383121.569 1.01792034622778e-09
110832407.843 1.23391877626234e-09
113281694.118 1.01427774799201e-09
115730980.392 7.53604383071582e-10
118180266.667 1.03234598107888e-09
120629552.941 1.40374055069399e-09
123078839.216 1.14259660230115e-09
125528125.49 1.04706337224638e-09
127977411.765 1.35575212282981e-09
130426698.039 1.12827572219743e-09
132875984.314 9.76421263560436e-10
135325270.588 6.44435107364349e-10
137774556.863 9.21176534882249e-10
140223843.137 2.18811934905488e-09
142673129.412 1.3683646201689e-09
145122415.686 1.42054662096864e-09
147571701.961 7.93383278243636e-10
150020988.235 1.68278794018604e-09
152470274.51 1.43405746663902e-09
154919560.784 -0
157368847.059 1.49788178880506e-09
159818133.333 8.51023292641519e-10
162267419.608 2.7596421794092e-09
164716705.882 -0
167165992.157 1.53489016195126e-09
169615278.431 1.58395531024332e-09
172064564.706 7.24489663013847e-10
174513850.98 1.57242937930781e-09
176963137.255 2.75907550927368e-09
179412423.529 -0
181861709.804 1.84563936718127e-09
184310996.078 9.46355019523861e-10
186760282.353 6.08897233483218e-10
189209568.627 1.09392119523742e-09
191658854.902 2.33248002248954e-09
194108141.176 -0
196557427.451 3.37838001983079e-09
199006713.725 1.34829005205954e-09
201456000 2.87364699886234e-09
