101 NaN
104.18 NaN
107.361 NaN
110.541 NaN
113.721 NaN
116.902 NaN
120.082 NaN
123.262 NaN
126.443 NaN
129.623 NaN
132.803 125.001747616387
135.983 229.871843050906
139.164 156.155210055924
142.344 NaN
145.524 NaN
148.705 NaN
151.885 NaN
155.065 299.959393449663
158.246 269.621671808647
161.426 130.796493787015
164.606 130.109758941423
167.787 107.150787442964
170.967 173.010248894368
174.147 167.581771929857
177.328 165.73810062635
180.508 145.133294254072
183.688 141.950303401084
186.868 115.740226636874
190.049 79.7867123859782
193.229 3.06301357084519
196.409 NaN
199.59 NaN
202.77 36.4723815425737
205.95 217.137495094119
209.131 172.109641517223
212.311 175.811038738745
215.491 190.670689141877
218.672 180.964846775527
221.852 133.113258492946
225.032 61.2942634743037
228.213 63.5842570865889
231.393 45.3035706077868
234.573 98.0644036301544
237.753 136.993051318095
240.934 57.5435015192923
244.114 58.1997573838536
247.294 244.828447493677
250.475 330.258791998199
253.655 290.885881640505
256.835 237.93019842106
260.016 64.3395807803319
263.196 15.2206687538575
264.196 85.2002455202531
272.598 77.2860487627554
281.001 53.9862806634746
289.403 61.8436104597136
297.806 84.6964245507114
306.208 104.700883021125
314.611 139.935231132569
323.013 110.00776225794
331.415 149.259735551461
339.818 157.285709200898
348.22 145.678522823304
356.623 154.199456353953
365.025 134.36512108921
373.428 75.724763100299
381.83 NaN
390.232 NaN
398.635 74.0078182540282
407.037 100.548146595805
415.44 112.003311375653
423.842 120.955648267458
432.245 127.760756302132
440.647 100.444467042902
449.049 81.7485037277326
457.452 72.5698402140624
465.854 71.8367514715512
474.257 82.6651470969034
482.659 87.1305173913513
491.062 112.978710722798
499.464 124.796799619897
507.867 152.992333168267
516.269 149.360106803294
524.671 129.185661606652
533.074 85.5752184871763
541.476 72.4257473072929
549.879 22.504761810125
558.281 NaN
566.684 NaN
575.086 86.1827357201884
583.488 99.604046887544
591.891 99.6693207021195
600.293 108.453018453806
608.696 115.916058065797
617.098 102.335015160564
625.501 106.427648961288
633.903 97.7846370483999
642.305 23.0232700821959
650.708 NaN
659.11 NaN
667.513 19.5009425920363
675.915 39.8798064711171
684.318 77.7653469843578
692.72 88.6351253914085
693.72 94.9110139475364
715.867 98.4444907676555
738.014 NaN
760.161 62.2173805384238
782.307 98.1614047804018
804.454 82.8669001693051
826.601 66.7868312498244
848.748 NaN
870.895 NaN
893.042 82.081760532649
915.189 34.6612364131469
937.335 62.7392397161188
959.482 94.3727766450189
981.629 71.4961291589281
1003.776 113.849529991036
1025.923 93.3679922449214
1048.07 NaN
1070.217 63.7406505548615
1092.364 66.5832335427866
1114.51 66.1179682007998
1136.657 61.2750555745347
1158.804 NaN
1180.951 NaN
1203.098 NaN
1225.245 NaN
1247.392 59.6657750265737
1269.538 68.310355316547
1291.685 62.8177852101634
1313.832 60.4416864718194
1335.979 68.9976445753683
1358.126 42.311166561374
1380.273 40.6589467067232
1402.42 53.5472282068972
1424.566 38.0183498818701
1446.713 61.659141112709
1468.86 45.4237184137811
1491.007 63.9458684747802
1513.154 47.4843439199736
1535.301 57.5259511727553
1557.448 55.3899219207351
1579.595 51.9086715221798
1601.741 40.0053978682755
1623.888 36.5082045709516
1646.035 NaN
1668.182 NaN
1690.329 41.3470299301225
1712.476 72.6743484235212
1734.623 28.9231044497492
1756.769 47.5685073781559
1778.916 51.8408192530183
1801.063 21.9636012624219
1823.21 NaN
1824.21 46.0160966722446
1882.531 55.6296785807707
1940.853 56.2148150176716
1999.174 62.8325539716821
2057.495 55.0875306638531
2115.817 50.1977140020201
2174.138 37.0988158481929
2232.46 16.9212178623053
2290.781 22.4146536055591
2349.102 41.2817221477434
2407.424 36.1931877945337
2465.745 30.7396216827943
2524.066 30.0708530965076
2582.388 29.5117839770824
2640.709 15.6577250226123
2699.031 28.865968798292
2757.352 47.878490991159
2815.673 42.9821611583597
2873.995 31.6656526648115
2932.316 29.1188305680809
2990.637 33.5960866573639
3048.959 49.0564116679255
3107.28 46.5701965432114
3165.602 32.086192536761
3223.923 25.59816226107
3282.244 29.1694409485289
3340.566 24.3520848227601
3398.887 29.2631336576509
3457.208 32.1420857058597
3515.53 37.3234679585695
3573.851 33.9895126012161
3632.173 37.4728953782953
3690.494 28.7793608985402
3748.815 17.3898788730317
3807.137 30.101088303708
3865.458 27.6637373876384
3923.779 33.2245130868787
3982.101 30.4455532685178
4040.422 35.2105601848208
4098.744 29.484049646857
4157.065 16.4290371255278
4215.386 25.856061351255
4273.708 28.648425491058
4332.029 12.5128169047194
4390.35 20.8322232970083
4448.672 24.2266496751389
4506.993 23.4655720089713
4565.315 25.9044893450274
4623.636 29.3068520559224
4681.957 29.3487932864159
4740.279 29.4688981314753
4798.6 39.0330701337127
4799.6 23.0162579801092
4953.131 22.3213631845889
5106.663 21.9380105735806
5260.194 31.4936705449415
5413.725 28.4032865714357
5567.257 20.5589076618417
5720.788 19.6800136742817
5874.32 20.8453252718081
6027.851 27.6732801037521
6181.382 22.326618371454
6334.914 17.1198709453405
6488.445 26.4483257291768
6641.976 27.7351907442159
6795.508 22.4768431709521
6949.039 21.7180228768262
7102.571 25.6056959969989
7256.102 23.4946761302626
7409.633 20.054926679169
7563.165 21.9054234473574
7716.696 18.7404733861545
7870.227 19.7355479793755
8023.759 24.7700349874452
8177.29 23.7563547948262
8330.822 21.608078367451
8484.353 25.7215292382417
8637.884 24.6065088238873
8791.416 21.1636664673747
8944.947 18.4090506795151
9098.478 17.4441598678796
9252.01 19.4079467932635
9405.541 21.0205984604369
9559.073 28.799498207975
9712.604 24.2176657116559
9866.135 23.101809669275
10019.667 22.1495174233983
10173.198 14.4403689615283
10326.729 7.04907535303814
10480.261 13.459848573033
10633.792 9.62235655050094
10787.324 5.58808052456315
10940.855 17.3326725595381
11094.386 21.5382873576343
11247.918 22.7379188029663
11401.449 19.4351676048416
11554.98 12.7045900796385
11708.512 16.7280338305745
11862.043 17.0275189466361
12015.575 16.6292833025771
12169.106 11.6193818530863
12322.637 17.1689909984741
12476.169 23.5737207541367
12629.7 22.680030796825
12630.7 19.452837743771
13034.822 13.9300784462467
13438.943 14.066379215818
13843.065 15.0942844898306
14247.186 13.9594144014598
14651.308 14.1469498477448
15055.429 15.6463578058213
15459.551 16.2193470605095
15863.673 15.8149460669949
16267.794 16.2359073148837
16671.916 16.1517971565188
17076.037 12.7434978803669
17480.159 9.91766177244987
17884.28 7.26629775654138
18288.402 11.4652820869355
18692.524 13.346112844003
19096.645 14.4701834423924
19500.767 17.0985120820876
19904.888 21.2060811002384
20309.01 21.7977713469176
20713.131 17.0296192759087
21117.253 13.3641007587691
21521.375 12.9087250018596
21925.496 9.20316564918911
22329.618 7.61279766356283
22733.739 10.8034496207631
23137.861 15.2436387590601
23541.982 12.0086741001278
23946.104 9.40805365195714
24350.225 7.63904963349885
24754.347 12.0193087072385
25158.469 12.6636714587054
25562.59 14.414396346711
25966.712 12.8341454895797
26370.833 12.6164669607655
26774.955 13.4719583691293
27179.076 14.6081115148387
27583.198 15.8514052663383
27987.32 14.4943480972157
28391.441 11.0224926496051
28795.563 9.82593875053978
29199.684 10.5066752166472
29603.806 11.0351006139434
30007.927 14.389807643606
30412.049 12.1418326995536
30816.171 14.0522325823135
31220.292 13.6334364245819
31624.414 14.0972232646672
32028.535 14.9623524884146
32432.657 10.5069787507152
32836.778 10.7835249092585
33240.9 10.7733357573857
33241.9 11.6723880746139
34305.559 11.2897277310693
35369.218 11.4768516112213
36432.876 10.0446623685757
37496.535 8.51687932948212
38560.194 8.86019596381106
39623.853 10.4346920353123
40687.512 10.4876143676853
41751.171 9.32696594399681
42814.829 7.7600920023147
43878.488 7.47607776630494
44942.147 9.57837459400616
46005.806 11.1177812862576
47069.465 10.8356821495739
48133.124 11.6563691391641
49196.782 12.7100435546389
50260.441 13.4337121538998
51324.1 12.3228653607276
52387.759 12.9498062495334
53451.418 14.2231973710501
54515.076 13.7681923419413
55578.735 12.2687121596742
56642.394 7.08468826859159
57706.053 6.0338386059442
58769.712 9.0542656965193
59833.371 10.2686139688373
60897.029 9.31091555121094
61960.688 9.40348327426134
63024.347 7.87439221477968
64088.006 8.15242347077365
65151.665 10.0701834969024
66215.324 11.2775452930826
67278.982 11.6219927799873
68342.641 9.81823663867812
69406.3 8.41698841903028
70469.959 7.56249422242453
71533.618 9.61612518342793
72597.276 10.6534357306135
73660.935 10.200249010089
74724.594 7.46545419097754
75788.253 6.8399413193988
76851.912 7.75818619717585
77915.571 6.86908322798462
78979.229 5.91651912771007
80042.888 6.50862885817763
81106.547 9.43617679999882
82170.206 10.4479658146556
83233.865 6.08314309221857
84297.524 4.09217638270718
85361.182 8.438246137481
86424.841 9.66325105954041
87488.5 9.02543731124009
87489.5 5.2357143642451
90289.039 5.49853175303117
93088.578 6.87890749649564
95888.118 7.34199751888881
98687.657 6.38439309627405
101487.196 6.41431054781085
104286.735 6.84810629094762
107086.275 7.53905817823622
109885.814 6.51871695181876
112685.353 8.67654626082227
115484.892 9.996947920605
118284.431 10.4909439826938
121083.971 8.39128944874031
123883.51 7.27591507866652
126683.049 10.4809950297983
129482.588 11.880066481937
132282.127 10.9279586390728
135081.667 10.880354562065
137881.206 12.0809419945226
140680.745 12.9319112100249
143480.284 13.199147887859
146279.824 11.8379098088961
149079.363 8.70116901533884
151878.902 8.23881922506752
154678.441 10.1167013072854
157477.98 9.94634225838298
160277.52 11.3748792585961
163077.059 14.5843670019051
165876.598 12.7850572215459
168676.137 12.3779965476303
171475.676 11.2916745622504
174275.216 9.95476773223902
177074.755 9.37438014343902
179874.294 7.74406903674035
182673.833 6.84143835502793
185473.373 6.27665285060361
188272.912 5.92577779174479
191072.451 6.14708581583299
193871.99 9.05137555145977
196671.529 8.86567529587811
199471.069 7.38102648707286
202270.608 7.62174263475673
205070.147 9.14458691834339
207869.686 11.2516211746397
210669.225 10.9202585968193
213468.765 10.1284738746028
216268.304 8.20235216842873
219067.843 6.02333392365579
221867.382 3.11802871692922
224666.922 1.68638488808854
227466.461 NaN
230266 NaN
230267 6.94298559135785
237635.294 9.44853795509215
245003.588 NaN
252371.882 58.677535421276
259740.176 109.087003782069
267108.471 5.50824209926748
274476.765 3.54953028910642
281845.059 9.26304005007826
289213.353 5.61978826510956
296581.647 8.12456451754774
303949.941 6.33954357009195
311318.235 5.13028961876148
318686.529 6.60509293954335
326054.824 NaN
333423.118 2.96800108114369
340791.412 4.82808067212223
348159.706 9.16865630442021
355528 5.7598543115115
362896.294 6.77043898649179
370264.588 8.81144395715944
377632.882 7.03054455417268
385001.176 7.35730937563871
392369.471 6.37508033804464
399737.765 7.77285866347926
407106.059 8.3406253003061
414474.353 3.88393528030329
421842.647 5.72335493795839
429210.941 3.3673505541918
436579.235 3.63218759585034
443947.529 4.04200802393882
451315.824 6.18998470429615
458684.118 1.50028695964633
466052.412 NaN
473420.706 3.51250596839152
480789 4.62590997864679
488157.294 8.04154758627551
495525.588 6.40446158320139
502893.882 5.32853172578444
510262.176 5.05306616203178
517630.471 6.08458362191126
524998.765 5.26861012076887
532367.059 4.80723192182879
539735.353 3.89746802958973
547103.647 7.48897055580496
554471.941 7.98396280082591
561840.235 5.48629228325123
569208.529 2.46036198379816
576576.824 5.35680812943541
583945.118 NaN
591313.412 4.54410861395164
598681.706 7.45415585436923
606050 2.62191553600289
606051 NaN
625444.118 NaN
644837.235 4.61416754398784
664230.353 4.95308753997802
683623.471 6.41621580609672
703016.588 5.16258107208119
722409.706 5.91520219576643
741802.824 8.88191561003501
761195.941 3.96292159896208
780589.059 4.11298585045109
799982.176 2.10639248534715
819375.294 5.05562547470476
838768.412 0.873608869869145
858161.529 4.57132127562749
877554.647 6.71636821998834
896947.765 NaN
916340.882 4.72842268100003
935734 5.13366837479261
955127.118 6.38592179591655
974520.235 NaN
993913.353 1.92740486481457
1013306.471 3.38371467657767
1032699.588 6.28626142218025
1052092.706 5.34706118996686
1071485.824 3.36391880222805
1090878.941 9.07529837555154
1110272.059 8.13004132085717
1129665.176 NaN
1149058.294 NaN
1168451.412 5.65197425308807
1187844.529 NaN
1207237.647 8.99876937717696
1226630.765 8.50275187361201
1246023.882 8.22537890926908
1265417 7.51281452145457
1284810.118 4.75104393477804
1304203.235 12.0013026489553
1323596.353 7.31193504307495
1342989.471 4.49556210441785
1362382.588 6.67933776833573
1381775.706 4.98480714159892
1401168.824 7.34254463208317
1420561.941 9.49813431672991
1439955.059 3.12679716946424
1459348.176 8.21850311921225
1478741.294 3.2800599084986
1498134.412 9.4601990562138
1517527.529 8.90782792254635
1536920.647 2.31190605591155
1556313.765 6.82737943042524
1575706.882 7.7364084460037
1595100 6.39106115103409
1595100 8.28787206573343
1646141.765 NaN
1697183.529 NaN
1748225.294 6.1525176937411
1799267.059 5.11784234262578
1850308.824 7.4631056716946
1901350.588 NaN
1952392.353 5.2798622477018
2003434.118 NaN
2054475.882 NaN
2105517.647 3.88062343023176
2156559.412 5.79899346156527
2207601.176 7.53641441636686
2258642.941 NaN
2309684.706 4.9425698687919
2360726.471 4.33140985627204
2411768.235 8.27077920003645
2462810 4.56804677930331
2513851.765 NaN
2564893.529 3.52831474515505
2615935.294 2.51039657702485
2666977.059 NaN
2718018.824 NaN
2769060.588 2.62927377878494
2820102.353 2.89400936867608
2871144.118 1.48769840673806
2922185.882 4.94744062207731
2973227.647 5.70531553101186
3024269.412 NaN
3075311.176 6.17860153173323
3126352.941 3.18174386946397
3177394.706 5.702149704482
3228436.471 4.56931664981462
3279478.235 NaN
3330520 7.70761402432592
3381561.765 4.06934628774422
3432603.529 5.07909201725861
3483645.294 NaN
3534687.059 6.48443320594894
3585728.824 5.63233832791538
3636770.588 NaN
3687812.353 2.8690157888304
3738854.118 NaN
3789895.882 NaN
3840937.647 1.14078127623104
3891979.412 5.69653187065821
3943021.176 4.59712846421449
3994062.941 NaN
4045104.706 5.0484982437558
4096146.471 3.18831852379722
4147188.235 4.13517825085031
4198230 5.71223837577466
4198230 NaN
4332570.588 7.13136908122619
4466911.176 4.50657728075476
4601251.765 0.243498343233848
4735592.353 3.84122801460701
4869932.941 NaN
5004273.529 NaN
5138614.118 NaN
5272954.706 NaN
5407295.294 5.37651398969609
5541635.882 4.6936451603743
5675976.471 5.02349552405234
5810317.059 1.08677938406093
5944657.647 2.01255067962672
6078998.235 6.10362143530805
6213338.824 4.7300374999958
6347679.412 NaN
6482020 5.21261710501096
6616360.588 5.82535415159427
6750701.176 NaN
6885041.765 2.022362276656
7019382.353 NaN
7153722.941 NaN
7288063.529 5.47719464624049
7422404.118 6.21928440476713
7556744.706 NaN
7691085.294 7.14099393744978
7825425.882 5.36361550508558
7959766.471 6.64482947669288
8094107.059 5.14270086871825
8228447.647 4.08720191454277
8362788.235 5.66121775245194
8497128.824 4.17117368337489
8631469.412 7.30980601965172
8765810 3.43507124349247
8900150.588 2.99205643419904
9034491.176 3.64161578384857
9168831.765 2.63455138327774
9303172.353 3.46365777583221
9437512.941 4.29283560782915
9571853.529 7.53424379188405
9706194.118 8.48922837636224
9840534.706 4.88956159281256
9974875.294 NaN
10109215.882 2.14488279422605
10243556.471 1.05395374090543
10377897.059 3.4208539184402
10512237.647 2.78106887518828
10646578.235 NaN
10780918.824 NaN
10915259.412 NaN
11049600 3.4433752148099
11049600 4.94836902815724
11403174.51 4.77634930393715
11756749.02 6.99400644375001
12110323.529 NaN
12463898.039 2.37150599625542
12817472.549 5.73676594814192
13171047.059 7.12594380641175
13524621.569 6.14649143548816
13878196.078 6.18448037332453
14231770.588 2.43370551429873
14585345.098 6.07750877262501
14938919.608 NaN
15292494.118 6.4454575521477
15646068.627 6.08232221209238
15999643.137 2.80550548320613
16353217.647 NaN
16706792.157 3.11760232760264
17060366.667 4.64789944522787
17413941.176 NaN
17767515.686 5.81317166893785
18121090.196 5.90233232234366
18474664.706 3.67261331160841
18828239.216 5.18791592879236
19181813.725 4.55725140919965
19535388.235 3.50086709340786
19888962.745 4.50093347430756
20242537.255 3.86764357732349
20596111.765 4.51074767342117
20949686.275 6.3331577676499
21303260.784 6.34149327395097
21656835.294 5.05652652419159
22010409.804 NaN
22363984.314 NaN
22717558.824 6.40223060796917
23071133.333 5.16778155927701
23424707.843 5.97167872056205
23778282.353 3.95743777362568
24131856.863 NaN
24485431.373 7.1167601839785
24839005.882 3.6520675204639
25192580.392 6.38451602112139
25546154.902 1.01026865083113
25899729.412 3.44227712243314
26253303.922 4.83608953413393
26606878.431 NaN
26960452.941 1.6363603309601
27314027.451 6.24437936926555
27667601.961 4.21010260764067
28021176.471 5.21008380034342
28374750.98 2.5115959839211
28728325.49 5.66210079017506
29081900 4.07227359550435
29081900 6.11927314156153
30012498.039 3.31721862902333
30943096.078 8.09427472305291
31873694.118 4.87638561791124
32804292.157 6.10442139601744
33734890.196 5.35321461154562
34665488.235 6.51078464400042
35596086.275 7.07174884824548
36526684.314 4.23870362912814
37457282.353 5.51623357363872
38387880.392 6.4472442246372
39318478.431 6.83652271945029
40249076.471 7.07155398930637
41179674.51 5.13663494775092
42110272.549 6.72412302804283
43040870.588 6.4313313935705
43971468.627 4.62814880974134
44902066.667 8.11376078937243
45832664.706 7.01552198131369
46763262.745 7.76749415424787
47693860.784 6.57678820666367
48624458.824 6.47879065630444
49555056.863 5.10132522126568
50485654.902 NaN
51416252.941 4.58376882164544
52346850.98 5.03910528536904
53277449.02 4.49720326150112
54208047.059 3.42042934065458
55138645.098 5.16248452770814
56069243.137 9.63163934542546
56999841.176 8.5533921950268
57930439.216 5.59785328010282
58861037.255 2.56913299400305
59791635.294 NaN
60722233.333 NaN
61652831.373 8.26448177413445
62583429.412 NaN
63514027.451 NaN
64444625.49 2.76987740442583
65375223.529 NaN
66305821.569 2.26356197642583
67236419.608 NaN
68167017.647 NaN
69097615.686 NaN
70028213.725 NaN
70958811.765 NaN
71889409.804 0.889478241198861
72820007.843 3.17753974532087
73750605.882 6.49847198490082
74681203.922 NaN
75611801.961 NaN
76542400 NaN
76542400 4.01377546130325
78991686.275 NaN
81440972.549 7.72298245817259
83890258.824 NaN
86339545.098 11.9636508501012
88788831.373 NaN
91238117.647 4.65485671164566
93687403.922 NaN
96136690.196 94.5263765399551
98585976.471 NaN
101035262.745 6.78213230276198
103484549.02 NaN
105933835.294 NaN
108383121.569 13.5961427349854
110832407.843 NaN
113281694.118 17.6991887566879
115730980.392 NaN
118180266.667 NaN
120629552.941 NaN
123078839.216 NaN
125528125.49 NaN
127977411.765 NaN
130426698.039 NaN
132875984.314 NaN
135325270.588 NaN
137774556.863 13.429250395497
140223843.137 23.3963741408558
142673129.412 NaN
145122415.686 NaN
147571701.961 NaN
150020988.235 14.2129207689996
152470274.51 26.4084424799399
154919560.784 11.5546110433929
157368847.059 22.5099581755358
159818133.333 NaN
162267419.608 NaN
164716705.882 NaN
167165992.157 NaN
169615278.431 NaN
172064564.706 31.4196435422913
174513850.98 NaN
176963137.255 33.7081916618946
179412423.529 27.5563813796037
181861709.804 NaN
184310996.078 36.9363461709388
186760282.353 NaN
189209568.627 35.5823392380148
191658854.902 25.6996883987872
194108141.176 NaN
196557427.451 NaN
199006713.725 NaN
201456000 41.1903214743053
