101 1.13679573462545e-07
104.18 1.05727356597888e-07
107.361 8.02330481563284e-08
110.541 4.04641197964629e-08
113.721 5.95534448603521e-08
116.902 8.32656957895185e-08
120.082 9.192035755319e-08
123.262 7.60497878754313e-08
126.443 6.04115994850869e-08
129.623 6.0059804806558e-08
132.803 7.1438679007101e-08
135.983 7.60160289091516e-08
139.164 7.18066478013716e-08
142.344 7.07003025977791e-08
145.524 1.06920130265797e-07
148.705 1.24159172820062e-07
151.885 1.16642799314753e-07
155.065 8.41771227595655e-08
158.246 5.47206260959894e-08
161.426 5.93397266198421e-08
164.606 6.0778589727334e-08
167.787 6.70286348626818e-08
170.967 6.3986983708798e-08
174.147 6.65666270907914e-08
177.328 6.95027626924638e-08
180.508 6.6050384328531e-08
183.688 5.89870555921491e-08
186.868 6.05457570285954e-08
190.049 5.23361984260234e-08
193.229 4.31634734810215e-08
196.409 4.53082341039484e-08
199.59 5.66141390871005e-08
202.77 6.12394710079013e-08
205.95 6.16357795631136e-08
209.131 5.6407738344689e-08
212.311 4.66856252634897e-08
215.491 3.30034809962922e-08
218.672 3.54837379583382e-08
221.852 3.69211543729353e-08
225.032 4.87056012490399e-08
228.213 5.63902555412533e-08
231.393 5.85928009687008e-08
234.573 4.82437851473425e-08
237.753 4.72693160244978e-08
240.934 4.05242248393655e-08
244.114 3.94569003246424e-08
247.294 4.36010925924352e-08
250.475 4.96800751742965e-08
253.655 6.28516335286205e-08
256.835 6.25688636155888e-08
260.016 4.92485335010712e-08
263.196 3.91034168174567e-08
264.196 4.97984524375184e-08
272.598 4.80809857793736e-08
281.001 4.72280632551983e-08
289.403 4.82518603017317e-08
297.806 4.45451571026295e-08
306.208 3.83099205676419e-08
314.611 4.41255462728284e-08
323.013 5.25896079217419e-08
331.415 6.03193566146306e-08
339.818 5.50474457824729e-08
348.22 4.73777262320504e-08
356.623 4.27269194631188e-08
365.025 4.31398168323921e-08
373.428 4.13115735782234e-08
381.83 3.96930764769305e-08
390.232 4.10819146557443e-08
398.635 4.14187273261886e-08
407.037 4.1390000979416e-08
415.44 3.8491149408715e-08
423.842 3.51765243669701e-08
432.245 3.61329191037486e-08
440.647 3.34279947393284e-08
449.049 3.81165529707899e-08
457.452 4.44540703158265e-08
465.854 4.82811372768173e-08
474.257 5.04713623204529e-08
482.659 5.24637223815413e-08
491.062 4.18692309838784e-08
499.464 3.82488210839976e-08
507.867 4.47697272621375e-08
516.269 4.86755100537506e-08
524.671 5.04119164306534e-08
533.074 3.90916084371055e-08
541.476 3.21589424548604e-08
549.879 3.07867955917897e-08
558.281 2.99926087665926e-08
566.684 2.76896457721603e-08
575.086 2.78188676674512e-08
583.488 3.15303001092581e-08
591.891 3.53256834170843e-08
600.293 3.71044607840565e-08
608.696 3.64547186593728e-08
617.098 3.42264018423434e-08
625.501 3.34202345971428e-08
633.903 3.32456422458574e-08
642.305 3.47645422138111e-08
650.708 3.25664028582563e-08
659.11 3.25061108106726e-08
667.513 3.30461741463221e-08
675.915 3.11990690541555e-08
684.318 2.97712646108742e-08
692.72 2.86488505136134e-08
693.72 3.36403863841584e-08
715.867 3.51678356237393e-08
738.014 2.98323090538586e-08
760.161 2.84461921150257e-08
782.307 2.49423013005272e-08
804.454 2.52047909677731e-08
826.601 2.76332312578075e-08
848.748 2.98450173986427e-08
870.895 3.01884149794892e-08
893.042 2.77678911950611e-08
915.189 2.74578227541786e-08
937.335 2.84381744010994e-08
959.482 2.82081877989249e-08
981.629 3.37324398439962e-08
1003.776 3.00366289314762e-08
1025.923 2.9207476407468e-08
1048.07 2.74484157015237e-08
1070.217 2.84712756901805e-08
1092.364 2.56856001302796e-08
1114.51 2.73929764239957e-08
1136.657 2.15132384146671e-08
1158.804 2.93083011627571e-08
1180.951 1.83890488736737e-08
1203.098 2.40727613763618e-08
1225.245 2.93871105516407e-08
1247.392 2.42376682916611e-08
1269.538 2.77847260278201e-08
1291.685 2.17404942543525e-08
1313.832 2.15673523765908e-08
1335.979 2.82574584445042e-08
1358.126 2.70754886905635e-08
1380.273 3.02638444162172e-08
1402.42 2.74396300114829e-08
1424.566 2.34333416781876e-08
1446.713 2.08476499529214e-08
1468.86 1.69734681519496e-08
1491.007 2.00999429045644e-08
1513.154 1.31604867194732e-08
1535.301 1.41139575396871e-08
1557.448 2.69141888892697e-08
1579.595 2.19661636146484e-08
1601.741 1.99814364619747e-08
1623.888 1.93407544091457e-08
1646.035 1.7910376617785e-08
1668.182 1.84659880950772e-08
1690.329 1.80887605432285e-08
1712.476 1.92560040351862e-08
1734.623 1.73597968283983e-08
1756.769 2.41655527194687e-08
1778.916 1.92540135671178e-08
1801.063 1.82808882402304e-08
1823.21 2.0176103632782e-08
1824.21 1.42344269499476e-08
1882.531 2.13621552967264e-08
1940.853 2.17628107667721e-08
1999.174 1.8408257940275e-08
2057.495 1.75639755168965e-08
2115.817 1.68313674941902e-08
2174.138 1.29171530215015e-08
2232.46 9.8417906793107e-09
2290.781 1.3703905027636e-08
2349.102 1.75375713046022e-08
2407.424 1.64523615703463e-08
2465.745 1.67577297055571e-08
2524.066 1.39853617305573e-08
2582.388 1.46240920541699e-08
2640.709 1.53677820981567e-08
2699.031 1.62430921764257e-08
2757.352 1.61259665015863e-08
2815.673 1.44202280935613e-08
2873.995 1.38660770699522e-08
2932.316 1.3321036953449e-08
2990.637 1.19951106440443e-08
3048.959 1.49389971023689e-08
3107.28 1.46791924976229e-08
3165.602 1.56840412299778e-08
3223.923 1.24149734812978e-08
3282.244 8.77487219307794e-09
3340.566 1.63373389922234e-08
3398.887 1.55451290367047e-08
3457.208 1.33557367333492e-08
3515.53 1.69308650186623e-08
3573.851 1.56721946908914e-08
3632.173 1.43974228555764e-08
3690.494 1.46330977044062e-08
3748.815 1.64199291894998e-08
3807.137 1.38904639752207e-08
3865.458 1.27805135532032e-08
3923.779 1.33810459348722e-08
3982.101 1.21039441256209e-08
4040.422 1.10618693759442e-08
4098.744 8.79130791444375e-09
4157.065 9.40340233445379e-09
4215.386 1.03695323487043e-08
4273.708 1.20090452024525e-08
4332.029 1.25118556594328e-08
4390.35 1.33901962717118e-08
4448.672 1.1547299120385e-08
4506.993 1.18768039598303e-08
4565.315 1.29343585154009e-08
4623.636 1.26887738618039e-08
4681.957 1.17882238822151e-08
4740.279 1.28114300966793e-08
4798.6 1.27729705950247e-08
4799.6 1.11288084451558e-08
4953.131 9.19208260520099e-09
5106.663 1.14649902638139e-08
5260.194 1.30168960753991e-08
5413.725 1.17567251143262e-08
5567.257 9.6405579678932e-09
5720.788 9.00170714148042e-09
5874.32 1.0355460526027e-08
6027.851 1.11762038804027e-08
6181.382 9.10925410834602e-09
6334.914 1.31477701140942e-08
6488.445 1.42944306992435e-08
6641.976 1.44690866672234e-08
6795.508 1.07418861742237e-08
6949.039 7.6205062062959e-09
7102.571 9.52053342604423e-09
7256.102 8.99617041421252e-09
7409.633 9.21696073232849e-09
7563.165 9.06868930173302e-09
7716.696 9.49657295982804e-09
7870.227 1.10049384358276e-08
8023.759 1.03612388225752e-08
8177.29 8.56928984470085e-09
8330.822 9.39760857025688e-09
8484.353 6.84904946818634e-09
8637.884 1.00383598539562e-08
8791.416 1.31997362818182e-08
8944.947 1.29512846865303e-08
9098.478 9.40856893735515e-09
9252.01 7.48489973802593e-09
9405.541 8.96630645627604e-09
9559.073 9.35623133365167e-09
9712.604 8.73031366201545e-09
9866.135 1.04862919990941e-08
10019.667 1.24162342996542e-08
10173.198 1.04661898538673e-08
10326.729 7.30249714364539e-09
10480.261 8.07249530481015e-09
10633.792 8.42018264374079e-09
10787.324 9.42025687623031e-09
10940.855 7.00884002251384e-09
11094.386 9.36207250447861e-09
11247.918 1.0466418308368e-08
11401.449 9.84911519735275e-09
11554.98 8.83933712627358e-09
11708.512 7.68362419890306e-09
11862.043 6.67185988702004e-09
12015.575 8.42714475154805e-09
12169.106 9.82090964514878e-09
12322.637 9.54910096800072e-09
12476.169 9.47870565090109e-09
12629.7 7.06205879486105e-09
12630.7 7.75796836964507e-09
13034.822 7.17609401518482e-09
13438.943 8.70147143447433e-09
13843.065 8.96642844083357e-09
14247.186 8.94787751273373e-09
14651.308 7.38926028402631e-09
15055.429 7.33772508454896e-09
15459.551 8.91093933738438e-09
15863.673 9.20988575449996e-09
16267.794 8.27750365830069e-09
16671.916 6.98985858499029e-09
17076.037 6.85763232817728e-09
17480.159 6.56540639716749e-09
17884.28 6.44104220364366e-09
18288.402 6.56991313616752e-09
18692.524 5.90816531360228e-09
19096.645 4.39528404303039e-09
19500.767 5.98609709874264e-09
19904.888 6.23568992415142e-09
20309.01 6.23835384779849e-09
20713.131 6.91676237512479e-09
21117.253 6.85978010851963e-09
21521.375 6.23982684877082e-09
21925.496 5.46878910804475e-09
22329.618 5.38748937887829e-09
22733.739 6.06931820249928e-09
23137.861 5.98030766499289e-09
23541.982 4.53503427566373e-09
23946.104 4.98074600232793e-09
24350.225 5.80888855740942e-09
24754.347 5.81897795895249e-09
25158.469 6.84371198023486e-09
25562.59 6.73284657278964e-09
25966.712 6.40964703626264e-09
26370.833 6.00773159923271e-09
26774.955 4.96748217886387e-09
27179.076 4.7971467601506e-09
27583.198 5.57211744674457e-09
27987.32 5.69907256976672e-09
28391.441 5.76615122722828e-09
28795.563 5.54714975388004e-09
29199.684 6.12292455043731e-09
29603.806 6.38361508687345e-09
30007.927 6.4762821621868e-09
30412.049 5.88395762460262e-09
30816.171 5.12748736454913e-09
31220.292 5.00148252936714e-09
31624.414 5.47009028055941e-09
32028.535 4.89656944234804e-09
32432.657 4.70864123241748e-09
32836.778 4.88459666559844e-09
33240.9 4.70762613935073e-09
33241.9 4.80912216331865e-09
34305.559 4.8431733110566e-09
35369.218 4.1377305607117e-09
36432.876 4.27779846835698e-09
37496.535 4.69963094685872e-09
38560.194 5.09052714153623e-09
39623.853 4.71680539598375e-09
40687.512 4.72629483274524e-09
41751.171 5.06133236857371e-09
42814.829 4.42895671473962e-09
43878.488 4.02276153039545e-09
44942.147 2.81803534369435e-09
46005.806 2.9221001982279e-09
47069.465 3.81355631149936e-09
48133.124 5.21347758001192e-09
49196.782 5.20927906705209e-09
50260.441 4.48963798093544e-09
51324.1 5.21433113931556e-09
52387.759 5.52132541414476e-09
53451.418 5.5706198809888e-09
54515.076 4.34151354500795e-09
55578.735 3.81858701798417e-09
56642.394 3.32611416551913e-09
57706.053 3.03542067023967e-09
58769.712 3.2445198859324e-09
59833.371 4.27214717005195e-09
60897.029 4.61518924755401e-09
61960.688 5.02697209063629e-09
63024.347 4.59108360945781e-09
64088.006 4.15133021945312e-09
65151.665 3.76474232077656e-09
66215.324 4.10009566756316e-09
67278.982 4.74829852414895e-09
68342.641 4.51157297914769e-09
69406.3 4.13448677135341e-09
70469.959 3.93510642792138e-09
71533.618 3.81307660356137e-09
72597.276 3.58140984429085e-09
73660.935 3.32296207359676e-09
74724.594 3.26664843932191e-09
75788.253 3.33265621547746e-09
76851.912 3.94508641701236e-09
77915.571 4.12547319318884e-09
78979.229 3.69748739761236e-09
80042.888 2.91270737406996e-09
81106.547 2.90051141697138e-09
82170.206 3.26774747709691e-09
83233.865 4.01199629229582e-09
84297.524 3.84748520545168e-09
85361.182 3.5693095402102e-09
86424.841 3.00523718980873e-09
87488.5 2.57010839480676e-09
87489.5 3.32445684527826e-09
90289.039 2.99731642485923e-09
93088.578 2.72908268537245e-09
95888.118 2.5671654730074e-09
98687.657 2.79048930273243e-09
101487.196 3.14234401307021e-09
104286.735 3.17207516533057e-09
107086.275 3.29732835539552e-09
109885.814 3.05921285817845e-09
112685.353 2.50094768449992e-09
115484.892 2.49646997480028e-09
118284.431 2.80963352224874e-09
121083.971 2.99435754846846e-09
123883.51 2.68227163262534e-09
126683.049 2.72363338935709e-09
129482.588 2.70630687405419e-09
132282.127 2.56081303668931e-09
135081.667 2.62988302162817e-09
137881.206 2.72110327230144e-09
140680.745 2.7029523160274e-09
143480.284 2.71346273788968e-09
146279.824 2.93490052056304e-09
149079.363 3.00061725923973e-09
151878.902 3.23374922019745e-09
154678.441 3.26191098184531e-09
157477.98 3.19338510189888e-09
160277.52 3.27033983454222e-09
163077.059 2.953537261941e-09
165876.598 2.86034590496966e-09
168676.137 2.8173932426432e-09
171475.676 2.90845523641683e-09
174275.216 2.70717705491332e-09
177074.755 2.21467671632135e-09
179874.294 2.34756935786366e-09
182673.833 2.80830908766693e-09
185473.373 3.06684847217638e-09
188272.912 3.28911737681759e-09
191072.451 3.10015275069961e-09
193871.99 2.74609829857247e-09
196671.529 2.73125027467276e-09
199471.069 2.87642051133412e-09
202270.608 3.21759956261982e-09
205070.147 3.19440995583256e-09
207869.686 2.89697007178272e-09
210669.225 2.31497008239563e-09
213468.765 2.16858247498738e-09
216268.304 2.09354880689717e-09
219067.843 3.06037488129267e-09
221867.382 3.49191757659205e-09
224666.922 3.31767689091064e-09
227466.461 2.9287184648279e-09
230266 2.31154280360266e-09
230267 2.94336985984714e-09
237635.294 1.9308465442692e-09
245003.588 2.57762638036962e-09
252371.882 2.08522850619594e-09
259740.176 1.74688501411798e-09
267108.471 2.41485712701853e-09
274476.765 3.15661603293276e-09
281845.059 2.01424945319079e-09
289213.353 2.39290888552618e-09
296581.647 2.09152799973587e-09
303949.941 2.28475772109924e-09
311318.235 2.05297114319038e-09
318686.529 2.27184735736657e-09
326054.824 2.50405867148526e-09
333423.118 1.89218113645898e-09
340791.412 2.42071851054613e-09
348159.706 2.65949082305402e-09
355528 2.47708919431561e-09
362896.294 2.1152857661973e-09
370264.588 1.89059711051499e-09
377632.882 2.29986611259293e-09
385001.176 2.13459498491393e-09
392369.471 1.9970880293578e-09
399737.765 1.73894809325379e-09
407106.059 1.75853520362643e-09
414474.353 2.96044566458916e-09
421842.647 1.97831152063561e-09
429210.941 2.55564585066428e-09
436579.235 1.9962953669152e-09
443947.529 1.94942105815104e-09
451315.824 1.83180557473345e-09
458684.118 2.35100552301774e-09
466052.412 2.07253836015027e-09
473420.706 1.5844119564439e-09
480789 2.27753723891704e-09
488157.294 2.11242998986751e-09
495525.588 2.00803411130297e-09
502893.882 1.88763132502127e-09
510262.176 1.56955832693204e-09
517630.471 2.1914082300352e-09
524998.765 1.84026592493645e-09
532367.059 1.98594709444609e-09
539735.353 1.89190001677283e-09
547103.647 2.0026875041907e-09
554471.941 1.40729492798819e-09
561840.235 2.15894564575944e-09
569208.529 1.72396850600126e-09
576576.824 1.9879057123725e-09
583945.118 2.28098233814331e-09
591313.412 1.90753936437414e-09
598681.706 2.12864048195009e-09
606050 1.88785026692789e-09
606051 2.10121582097758e-09
625444.118 2.17391948868871e-09
644837.235 2.00095327139136e-09
664230.353 1.48277480877715e-09
683623.471 2.68897687440468e-09
703016.588 1.78810095905253e-09
722409.706 1.99937050147796e-09
741802.824 2.17731883139318e-09
761195.941 1.88458589008034e-09
780589.059 1.66648758506864e-09
799982.176 1.93073341042621e-09
819375.294 2.08723346590339e-09
838768.412 1.5191512021409e-09
858161.529 2.15794315634896e-09
877554.647 2.63799126862254e-09
896947.765 1.89035848177369e-09
916340.882 2.30208508102833e-09
935734 2.11758078563698e-09
955127.118 1.87730130933476e-09
974520.235 1.91054649209863e-09
993913.353 1.68994359777748e-09
1013306.471 1.6583153035211e-09
1032699.588 1.49723484805944e-09
1052092.706 1.8668630808687e-09
1071485.824 2.37419609972112e-09
1090878.941 2.23239756835689e-09
1110272.059 1.6727767752005e-09
1129665.176 1.45204201101253e-09
1149058.294 2.02891481694983e-09
1168451.412 1.34064291457756e-09
1187844.529 1.94718139896684e-09
1207237.647 1.42267803679483e-09
1226630.765 2.09326931312943e-09
1246023.882 1.70858383192987e-09
1265417 1.32483526449541e-09
1284810.118 1.58527661270816e-09
1304203.235 1.93377724764312e-09
1323596.353 1.77411081594719e-09
1342989.471 1.5916108387104e-09
1362382.588 1.49477110720866e-09
1381775.706 2.3097585984147e-09
1401168.824 1.88517748994643e-09
1420561.941 1.32712239603679e-09
1439955.059 2.03090397194724e-09
1459348.176 2.0495993741743e-09
1478741.294 1.52916535980345e-09
1498134.412 1.53217081049069e-09
1517527.529 1.86728846971564e-09
1536920.647 1.48171574604219e-09
1556313.765 1.48976825227873e-09
1575706.882 1.89465133095055e-09
1595100 1.81780570192802e-09
1595100 1.69566560873031e-09
1646141.765 1.47566759358433e-09
1697183.529 2.04057447276974e-09
1748225.294 1.32785767973557e-09
1799267.059 1.6851608861166e-09
1850308.824 1.58829154923026e-09
1901350.588 1.64810331790095e-09
1952392.353 1.16747943152182e-09
2003434.118 1.60126821547558e-09
2054475.882 1.48438202482674e-09
2105517.647 1.84458432586722e-09
2156559.412 1.36607666050692e-09
2207601.176 1.38756930871699e-09
2258642.941 1.8894968406137e-09
2309684.706 1.25837169564966e-09
2360726.471 2.04903420708157e-09
2411768.235 1.54798129650046e-09
2462810 1.6902861361996e-09
2513851.765 1.57098840485914e-09
2564893.529 1.39208224181646e-09
2615935.294 1.29395680487166e-09
2666977.059 1.74658420732638e-09
2718018.824 1.77839787327213e-09
2769060.588 1.94045898554478e-09
2820102.353 1.93260635245014e-09
2871144.118 1.58793381350974e-09
2922185.882 1.46286272056991e-09
2973227.647 1.86016583799271e-09
3024269.412 2.11197767063793e-09
3075311.176 1.76985757224565e-09
3126352.941 1.64976490340379e-09
3177394.706 1.10295902123473e-09
3228436.471 1.76896422993361e-09
3279478.235 1.88954291260499e-09
3330520 1.2566442626957e-09
3381561.765 1.26595884325979e-09
3432603.529 1.21820453712156e-09
3483645.294 1.5280985326715e-09
3534687.059 1.85913299487105e-09
3585728.824 1.49238776690566e-09
3636770.588 1.5733059934816e-09
3687812.353 1.65736038911106e-09
3738854.118 1.57233271935623e-09
3789895.882 8.02427740408575e-10
3840937.647 1.67326843286899e-09
3891979.412 1.42573439437196e-09
3943021.176 1.62828480666773e-09
3994062.941 1.30182840752599e-09
4045104.706 1.92345468643197e-09
4096146.471 1.7064628709802e-09
4147188.235 1.68354166129866e-09
4198230 1.65498992401283e-09
4198230 1.61758922131311e-09
4332570.588 1.14129475350513e-09
4466911.176 1.3124811602593e-09
4601251.765 1.39498534251645e-09
4735592.353 1.79875285151907e-09
4869932.941 1.76409284649642e-09
5004273.529 2.00053343842944e-09
5138614.118 1.17787230571051e-09
5272954.706 2.09239897028578e-09
5407295.294 1.69456091214245e-09
5541635.882 1.49415624446253e-09
5675976.471 1.08730633913959e-09
5810317.059 8.6889484570159e-10
5944657.647 1.6879778738792e-09
6078998.235 1.75598884834653e-09
6213338.824 1.74011168814652e-09
6347679.412 1.74513797872384e-09
6482020 1.7785726008563e-09
6616360.588 1.36928568889273e-09
6750701.176 1.94219129984454e-09
6885041.765 1.33591349825507e-09
7019382.353 1.58756769242285e-09
7153722.941 2.05299585819737e-09
7288063.529 1.77658365695078e-09
7422404.118 1.01748655493332e-09
7556744.706 1.94273231062209e-09
7691085.294 1.41050252080743e-09
7825425.882 1.93718706730723e-09
7959766.471 1.80031861836601e-09
8094107.059 1.53312190137853e-09
8228447.647 1.95045428668679e-09
8362788.235 2.04149815898352e-09
8497128.824 9.75921590426873e-10
8631469.412 1.33866523752297e-09
8765810 1.60011257701239e-09
8900150.588 1.84177045883552e-09
9034491.176 1.8514411979234e-09
9168831.765 1.63941150854482e-09
9303172.353 2.0503077956702e-09
9437512.941 1.63709761891681e-09
9571853.529 1.53408146571567e-09
9706194.118 1.30480595129143e-09
9840534.706 1.86536659731278e-09
9974875.294 1.60583591058385e-09
10109215.882 1.20555084825773e-09
10243556.471 1.45678534415708e-09
10377897.059 2.10591347056933e-09
10512237.647 1.69334914902191e-09
10646578.235 1.44833083507646e-09
10780918.824 1.34697881244577e-09
10915259.412 1.65026697146178e-09
11049600 1.7993970173279e-09
11049600 1.85397074312276e-09
11403174.51 8.93575073604844e-10
11756749.02 2.02682517954258e-09
12110323.529 1.4244460126571e-09
12463898.039 1.50602553439043e-09
12817472.549 1.71440522642231e-09
13171047.059 1.7105048071911e-09
13524621.569 1.72885906961707e-09
13878196.078 1.73646846344725e-09
14231770.588 1.92467670024148e-09
14585345.098 1.80416930471375e-09
14938919.608 1.3108602531006e-09
15292494.118 1.7377857895088e-09
15646068.627 1.3095558261675e-09
15999643.137 1.04934437283414e-09
16353217.647 1.33852272176262e-09
16706792.157 1.41931929109404e-09
17060366.667 1.45152477609507e-09
17413941.176 2.1277308900454e-09
17767515.686 1.47562206308301e-09
18121090.196 1.58050302211945e-09
18474664.706 1.8819372382225e-09
18828239.216 1.40980597235879e-09
19181813.725 1.34368116282967e-09
19535388.235 1.51334549306388e-09
19888962.745 1.25924050162716e-09
20242537.255 1.54734099944361e-09
20596111.765 1.26024235681592e-09
20949686.275 1.50576475657013e-09
21303260.784 1.70433175337025e-09
21656835.294 1.38807157193304e-09
22010409.804 1.57487975049697e-09
22363984.314 1.6460748607489e-09
22717558.824 1.95267426626662e-09
23071133.333 1.31436319776697e-09
23424707.843 1.57613056064114e-09
23778282.353 1.06410205485217e-09
24131856.863 1.30360233851773e-09
24485431.373 1.90182015146725e-09
24839005.882 1.22024558604439e-09
25192580.392 1.53952075758201e-09
25546154.902 1.50782499870952e-09
25899729.412 1.46813434732594e-09
26253303.922 1.65458540659923e-09
26606878.431 1.41057567787708e-09
26960452.941 1.73216180757246e-09
27314027.451 1.62328413352881e-09
27667601.961 1.43743219439711e-09
28021176.471 1.63477814073989e-09
28374750.98 1.27627046870882e-09
28728325.49 1.59424292798635e-09
29081900 1.31361430625253e-09
29081900 1.52444506434353e-09
30012498.039 9.54464261516878e-10
30943096.078 1.74455623339449e-09
31873694.118 1.37777855425425e-09
32804292.157 1.40365016833143e-09
33734890.196 1.43295586835557e-09
34665488.235 1.46217033723432e-09
35596086.275 1.63409226589812e-09
36526684.314 1.69404158163244e-09
37457282.353 1.34858099786297e-09
38387880.392 1.82318594749084e-09
39318478.431 1.29918061428676e-09
40249076.471 1.3375104890306e-09
41179674.51 1.66178288614348e-09
42110272.549 1.55802827756108e-09
43040870.588 1.78357780974716e-09
43971468.627 1.32664007058926e-09
44902066.667 1.51676264177335e-09
45832664.706 1.65716585605405e-09
46763262.745 2.08019445559805e-09
47693860.784 1.77337895833472e-09
48624458.824 1.74215838227349e-09
49555056.863 1.24152045286742e-09
50485654.902 1.39370028953539e-09
51416252.941 1.22722078662918e-09
52346850.98 1.63612316036527e-09
53277449.02 1.67316379452821e-09
54208047.059 1.58985247926987e-09
55138645.098 1.53263292111635e-09
56069243.137 1.57392808975836e-09
56999841.176 1.5866526376611e-09
57930439.216 1.3434669817e-09
58861037.255 1.76952738813662e-09
59791635.294 2.075051184001e-09
60722233.333 1.80596728681262e-09
61652831.373 1.62844020040483e-09
62583429.412 1.38527458020772e-09
63514027.451 1.00163500766935e-09
64444625.49 1.74747706404043e-09
65375223.529 1.16706077821735e-09
66305821.569 7.56368834353728e-10
67236419.608 1.36652864035739e-09
68167017.647 1.57097458260418e-09
69097615.686 1.35696090299301e-09
70028213.725 1.92066654741631e-09
70958811.765 6.32104032173047e-10
71889409.804 8.47301114682646e-10
72820007.843 1.51483110231609e-09
73750605.882 1.29834867493965e-09
74681203.922 1.50229532145786e-09
75611801.961 1.56261470580439e-09
76542400 6.74524709066956e-10
76542400 9.41021093902001e-10
78991686.275 1.66543152871714e-09
81440972.549 1.82803530739107e-09
83890258.824 1.15845839424401e-09
86339545.098 1.41707999131992e-09
88788831.373 1.83484002330711e-09
91238117.647 1.02797665229305e-09
93687403.922 -0
96136690.196 -0
98585976.471 -0
101035262.745 2.48714648660576e-09
103484549.02 -0
105933835.294 1.80337462400469e-09
108383121.569 1.54571180653725e-09
110832407.843 1.66506539366547e-09
113281694.118 -0
115730980.392 9.53460167258917e-10
118180266.667 1.07057702173115e-10
120629552.941 1.00963382433612e-09
123078839.216 1.83265464567727e-09
125528125.49 1.45431760737137e-09
127977411.765 3.00161207321009e-09
130426698.039 2.52347568472104e-09
132875984.314 -0
135325270.588 2.21299846784538e-09
137774556.863 1.37774907022595e-09
140223843.137 -0
142673129.412 2.08587651375414e-09
145122415.686 -0
147571701.961 1.12516194167402e-09
150020988.235 1.18935450199122e-09
152470274.51 -0
154919560.784 2.98727316715302e-09
157368847.059 -0
159818133.333 -0
162267419.608 1.54593318500223e-09
164716705.882 -0
167165992.157 2.92750533586202e-09
169615278.431 1.89370574113171e-09
172064564.706 2.90361310171653e-09
174513850.98 3.35718649241812e-09
176963137.255 4.55114331623239e-09
179412423.529 -0
181861709.804 -0
184310996.078 -0
186760282.353 -0
189209568.627 -0
191658854.902 -0
194108141.176 4.55841676864973e-09
196557427.451 4.06161628436998e-09
199006713.725 -0
201456000 3.55544921239476e-09
