101 5.4421025916753e-06
104.18 5.86006800640257e-06
107.361 5.21142900268823e-06
110.541 3.89178111916177e-06
113.721 2.4943576216904e-06
116.902 2.71494046876262e-06
120.082 3.13062875016009e-06
123.262 3.71115128030231e-06
126.443 3.74445443813939e-06
129.623 3.24455412052306e-06
132.803 3.00497529177482e-06
135.983 3.90001841836368e-06
139.164 4.28395732278263e-06
142.344 3.71070899949654e-06
145.524 2.80490651244012e-06
148.705 2.46040238995088e-06
151.885 1.98330539747639e-06
155.065 2.1542465301931e-06
158.246 3.32645268298814e-06
161.426 3.69643251074505e-06
164.606 3.14116905287682e-06
167.787 3.48792848436146e-06
170.967 3.60358866655359e-06
174.147 3.20905196600058e-06
177.328 2.79838200281878e-06
180.508 2.83061448286757e-06
183.688 2.79366553358553e-06
186.868 2.63107572328229e-06
190.049 2.76665941653656e-06
193.229 3.07135629470186e-06
196.409 2.77391048465962e-06
199.59 3.1874305293894e-06
202.77 3.0327204778581e-06
205.95 3.01763855072551e-06
209.131 2.68729221425035e-06
212.311 2.93023049681106e-06
215.491 3.63115835426218e-06
218.672 3.56356304494532e-06
221.852 3.46816835811899e-06
225.032 3.41646509997131e-06
228.213 3.06626840934542e-06
231.393 2.82493708216948e-06
234.573 2.24285577198614e-06
237.753 2.23051776792738e-06
240.934 2.67830738375452e-06
244.114 3.28799369274616e-06
247.294 3.11143407915794e-06
250.475 3.3959536987727e-06
253.655 3.65732607030218e-06
256.835 4.04255211763213e-06
260.016 3.58752519864543e-06
263.196 2.78880527854044e-06
264.196 3.23371353340543e-06
272.598 3.12418605787627e-06
281.001 3.01368901848615e-06
289.403 3.43733712354116e-06
297.806 3.70123802682138e-06
306.208 3.94624763516473e-06
314.611 4.02798300603848e-06
323.013 3.71347589394078e-06
331.415 2.91678890429357e-06
339.818 2.89845873150007e-06
348.22 3.11684875263621e-06
356.623 3.07144772733083e-06
365.025 2.72078565497394e-06
373.428 2.33603893437269e-06
381.83 2.52614508943474e-06
390.232 2.76852449890643e-06
398.635 2.61352127214225e-06
407.037 2.31685456271994e-06
415.44 2.03794573983705e-06
423.842 1.93202981205363e-06
432.245 2.25850406532273e-06
440.647 2.31816492511108e-06
449.049 2.09418121409792e-06
457.452 2.13263948052435e-06
465.854 2.59997179410624e-06
474.257 2.67643925335193e-06
482.659 2.58967722627567e-06
491.062 2.49928237770189e-06
499.464 2.52706113572436e-06
507.867 2.35876103855663e-06
516.269 2.24429021926488e-06
524.671 2.13482848338361e-06
533.074 2.03045776684106e-06
541.476 2.15735249765077e-06
549.879 2.6943488934194e-06
558.281 2.75052101576073e-06
566.684 2.71056635830259e-06
575.086 2.52869828765856e-06
583.488 2.5344159110588e-06
591.891 2.41362765373618e-06
600.293 2.42149980190269e-06
608.696 2.51034325795608e-06
617.098 2.38279985685269e-06
625.501 1.96930833190021e-06
633.903 1.76421766663808e-06
642.305 2.20052000638538e-06
650.708 2.17676346980649e-06
659.11 2.07804072372035e-06
667.513 2.27421463138917e-06
675.915 2.26341913126669e-06
684.318 2.35505300743282e-06
692.72 2.25313446432809e-06
693.72 2.60227930429405e-06
715.867 2.5737880426661e-06
738.014 2.08917027222861e-06
760.161 2.06687137337238e-06
782.307 1.74076735704222e-06
804.454 2.1434250563756e-06
826.601 2.02463828870122e-06
848.748 2.16832594192769e-06
870.895 1.85922340665305e-06
893.042 1.99386066808475e-06
915.189 1.59946725748768e-06
937.335 1.50310315794472e-06
959.482 1.38327583640672e-06
981.629 1.40883252419838e-06
1003.776 1.43632018555329e-06
1025.923 1.86141730464287e-06
1048.07 2.03611926505446e-06
1070.217 1.94876706324391e-06
1092.364 1.58506167119572e-06
1114.51 1.69286634040859e-06
1136.657 1.44692182929882e-06
1158.804 1.54827163374364e-06
1180.951 1.65993679173467e-06
1203.098 1.36152981942988e-06
1225.245 1.70359846750371e-06
1247.392 2.0733045050823e-06
1269.538 1.78113617392307e-06
1291.685 1.3332971607274e-06
1313.832 1.48292268122825e-06
1335.979 1.36855222273435e-06
1358.126 1.11556612994199e-06
1380.273 1.2936530227833e-06
1402.42 1.0684247631972e-06
1424.566 1.38004773174552e-06
1446.713 1.40274262628386e-06
1468.86 1.70497962966069e-06
1491.007 1.80240422336392e-06
1513.154 1.6857043105572e-06
1535.301 1.30416685669647e-06
1557.448 9.83964543818404e-07
1579.595 1.22490730886749e-06
1601.741 1.51456212110357e-06
1623.888 1.74138734060626e-06
1646.035 1.74987810892147e-06
1668.182 1.35280157123421e-06
1690.329 1.07622575335705e-06
1712.476 1.07672631483637e-06
1734.623 1.39131966906928e-06
1756.769 1.59381965482422e-06
1778.916 1.44915909162598e-06
1801.063 1.27355394850811e-06
1823.21 1.37118396975351e-06
1824.21 1.42349692577961e-06
1882.531 1.53663774796267e-06
1940.853 1.41918548560695e-06
1999.174 1.24085515595012e-06
2057.495 1.50148280467415e-06
2115.817 1.36559879623618e-06
2174.138 9.94290547309246e-07
2232.46 9.88766033989527e-07
2290.781 1.0418555499689e-06
2349.102 9.94828362689741e-07
2407.424 1.11538271673993e-06
2465.745 1.05289524091417e-06
2524.066 1.31433852685603e-06
2582.388 1.37179737807212e-06
2640.709 1.0796398332469e-06
2699.031 1.05068782334367e-06
2757.352 1.37242296041251e-06
2815.673 1.15938939340094e-06
2873.995 1.11347331674519e-06
2932.316 1.10167983156095e-06
2990.637 1.32083642653073e-06
3048.959 1.32358308771484e-06
3107.28 8.9558584545639e-07
3165.602 7.70822143065265e-07
3223.923 8.6877880497496e-07
3282.244 1.17975639881173e-06
3340.566 1.27907143158823e-06
3398.887 1.15523136009102e-06
3457.208 8.83951801935847e-07
3515.53 8.54309115182429e-07
3573.851 9.64367302309121e-07
3632.173 1.06180251016541e-06
3690.494 1.26467679683023e-06
3748.815 1.2122393036457e-06
3807.137 1.14345197854111e-06
3865.458 1.08244434158694e-06
3923.779 9.23487167316652e-07
3982.101 8.5000249627111e-07
4040.422 9.91848809903445e-07
4098.744 1.00694168365694e-06
4157.065 9.72893073545851e-07
4215.386 1.18719555976824e-06
4273.708 1.09913779205947e-06
4332.029 1.00049313743025e-06
4390.35 1.1014013947182e-06
4448.672 1.21072272064739e-06
4506.993 9.40772688225265e-07
4565.315 9.52207881868171e-07
4623.636 9.24949976085673e-07
4681.957 8.10739271888491e-07
4740.279 9.23841785751865e-07
4798.6 7.72969909869869e-07
4799.6 8.7114855121313e-07
4953.131 1.12730406678329e-06
5106.663 1.12167550126872e-06
5260.194 8.90992615668615e-07
5413.725 7.57813359315723e-07
5567.257 8.24465253690456e-07
5720.788 7.54403818843889e-07
5874.32 9.1386427150053e-07
6027.851 9.69837030311803e-07
6181.382 8.84163695102179e-07
6334.914 8.0290276370109e-07
6488.445 9.46644762041523e-07
6641.976 9.9160676287945e-07
6795.508 6.16479144251902e-07
6949.039 7.30352834994239e-07
7102.571 9.39271014923888e-07
7256.102 9.89015622651182e-07
7409.633 8.07854183558372e-07
7563.165 6.89267849457669e-07
7716.696 7.27977969465348e-07
7870.227 8.51482115824406e-07
8023.759 9.00312339174787e-07
8177.29 7.26262787525891e-07
8330.822 5.07047073636182e-07
8484.353 6.24079633890111e-07
8637.884 7.47434024393173e-07
8791.416 6.28287040310423e-07
8944.947 7.82788592264583e-07
9098.478 9.05168552671595e-07
9252.01 9.16510545347241e-07
9405.541 7.39551145640498e-07
9559.073 9.16112229848442e-07
9712.604 7.61447963732478e-07
9866.135 6.50570431612925e-07
10019.667 6.63957870214619e-07
10173.198 7.87768252189279e-07
10326.729 7.95074714600778e-07
10480.261 6.42191339228937e-07
10633.792 6.33822171172665e-07
10787.324 5.53540973740085e-07
10940.855 5.76983281908299e-07
11094.386 5.32036901791785e-07
11247.918 7.27551406798722e-07
11401.449 6.08173380657987e-07
11554.98 5.60004462998505e-07
11708.512 7.21418323760513e-07
11862.043 7.41251527458426e-07
12015.575 7.61367190551114e-07
12169.106 8.28471564066073e-07
12322.637 8.05415735791007e-07
12476.169 6.87241695245052e-07
12629.7 5.98708190932544e-07
12630.7 7.85922890955549e-07
13034.822 6.39657482476398e-07
13438.943 6.22338715900123e-07
13843.065 6.54499760370769e-07
14247.186 5.31789942034765e-07
14651.308 4.95932941834811e-07
15055.429 5.33781053742546e-07
15459.551 6.06454030652466e-07
15863.673 6.72053247275703e-07
16267.794 6.34279350094496e-07
16671.916 5.36301075050881e-07
17076.037 4.19026272642241e-07
17480.159 4.25555644503817e-07
17884.28 4.09710404678823e-07
18288.402 4.73195085457482e-07
18692.524 5.44015690190382e-07
19096.645 5.12201530234865e-07
19500.767 4.21373076466954e-07
19904.888 5.24531926060118e-07
20309.01 5.78449918452117e-07
20713.131 5.77986533036947e-07
21117.253 5.27333288729553e-07
21521.375 4.98408511535352e-07
21925.496 5.10828468016779e-07
22329.618 4.56140266439762e-07
22733.739 3.98602868829098e-07
23137.861 3.74330975784338e-07
23541.982 4.22614351251829e-07
23946.104 3.66668252960145e-07
24350.225 4.31829905708377e-07
24754.347 6.21327024844197e-07
25158.469 6.61339290740716e-07
25562.59 5.53143150450094e-07
25966.712 4.80812110223451e-07
26370.833 4.51590616474362e-07
26774.955 4.83147109192066e-07
27179.076 5.97552594308538e-07
27583.198 5.95764467409979e-07
27987.32 5.17645910382288e-07
28391.441 4.84449033681278e-07
28795.563 4.25566193694125e-07
29199.684 4.21943802543173e-07
29603.806 4.45574135242516e-07
30007.927 4.98716701951887e-07
30412.049 4.57285744700317e-07
30816.171 3.59755524282296e-07
31220.292 4.10540904319847e-07
31624.414 5.20932457210774e-07
32028.535 5.73013196411583e-07
32432.657 5.45632167851134e-07
32836.778 4.24773880052698e-07
33240.9 3.48650153234287e-07
33241.9 3.86053911961894e-07
34305.559 3.94714284201401e-07
35369.218 4.3110548158203e-07
36432.876 4.70478203834426e-07
37496.535 4.78034228852521e-07
38560.194 4.88350294222602e-07
39623.853 5.71242633445629e-07
40687.512 5.67531987240342e-07
41751.171 5.51859044663463e-07
42814.829 3.85406434259929e-07
43878.488 3.33905675303581e-07
44942.147 3.78634310564811e-07
46005.806 3.77406543535214e-07
47069.465 3.47677301133375e-07
48133.124 2.65749982361151e-07
49196.782 2.78237399834013e-07
50260.441 2.54901406707582e-07
51324.1 1.88749656753217e-07
52387.759 1.99243743844322e-07
53451.418 2.50641305596207e-07
54515.076 3.11867633242567e-07
55578.735 2.97797852585427e-07
56642.394 3.36375293656773e-07
57706.053 3.41318247230748e-07
58769.712 3.25205412644388e-07
59833.371 3.12926971672051e-07
60897.029 3.24998169947007e-07
61960.688 3.38963141583904e-07
63024.347 3.63304593844655e-07
64088.006 3.80200424264685e-07
65151.665 3.53493960167469e-07
66215.324 3.20519784566187e-07
67278.982 3.05430737565832e-07
68342.641 3.35471952107918e-07
69406.3 3.43080168764698e-07
70469.959 3.21627643894913e-07
71533.618 3.04173586114045e-07
72597.276 3.11293802944037e-07
73660.935 3.46603366545666e-07
74724.594 3.04936324640392e-07
75788.253 2.85425710174808e-07
76851.912 3.48082451055054e-07
77915.571 3.52404162326154e-07
78979.229 3.4934058233774e-07
80042.888 3.57543483222533e-07
81106.547 4.07278389451549e-07
82170.206 4.50143514691222e-07
83233.865 3.80744319814544e-07
84297.524 3.26992702519884e-07
85361.182 2.82666139095589e-07
86424.841 2.9291290744199e-07
87488.5 2.74263868228205e-07
87489.5 2.93293779293565e-07
90289.039 3.15366589954928e-07
93088.578 3.12712396867191e-07
95888.118 2.46920729252297e-07
98687.657 2.45742421463282e-07
101487.196 2.24418650346096e-07
104286.735 1.93016055553541e-07
107086.275 2.16921577746543e-07
109885.814 2.44654185337178e-07
112685.353 2.45222064046422e-07
115484.892 2.38987244995146e-07
118284.431 2.50160954751391e-07
121083.971 2.77095201528307e-07
123883.51 2.53360317256919e-07
126683.049 2.28125279338143e-07
129482.588 2.15433829484803e-07
132282.127 2.23549621256361e-07
135081.667 2.48405107978032e-07
137881.206 2.54042573022769e-07
140680.745 2.53823595093928e-07
143480.284 2.5487833743154e-07
146279.824 2.67592128305886e-07
149079.363 2.78969638420241e-07
151878.902 2.72036318344659e-07
154678.441 2.62343919856162e-07
157477.98 2.50884549340079e-07
160277.52 2.38773587021249e-07
163077.059 2.34989182972093e-07
165876.598 2.52778546011519e-07
168676.137 2.5496879760612e-07
171475.676 2.5717887008096e-07
174275.216 2.46895666373793e-07
177074.755 2.47074268899073e-07
179874.294 2.53063000185087e-07
182673.833 2.03167728376919e-07
185473.373 1.86669645496241e-07
188272.912 1.81649763219684e-07
191072.451 1.62663588753591e-07
193871.99 1.43994652888424e-07
196671.529 1.4874270762005e-07
199471.069 1.51114422475722e-07
202270.608 1.58973673324641e-07
205070.147 1.6422571494277e-07
207869.686 1.70828516751003e-07
210669.225 2.07904690013351e-07
213468.765 2.07365858896631e-07
216268.304 1.9453918118286e-07
219067.843 2.02507489300832e-07
221867.382 1.73665090109577e-07
224666.922 1.50442516057757e-07
227466.461 1.54004671666414e-07
230266 1.62823304901611e-07
230267 1.59131759873353e-07
237635.294 2.3901797708571e-07
245003.588 3.88037499857591e-07
252371.882 1.72669941089843e-07
259740.176 1.98788968135743e-07
267108.471 1.54126242966057e-07
274476.765 2.20417868706091e-07
281845.059 1.90655098455367e-07
289213.353 2.60642203240686e-07
296581.647 2.40920445983728e-07
303949.941 1.64696094123654e-07
311318.235 1.54129195915095e-07
318686.529 2.0845932010278e-07
326054.824 1.62933027203502e-07
333423.118 1.49949746115157e-07
340791.412 1.83543498838665e-07
348159.706 1.54364792843495e-07
355528 1.99941550893798e-07
362896.294 1.44848913907202e-07
370264.588 1.84817869100652e-07
377632.882 1.38323563023323e-07
385001.176 1.95147229016765e-07
392369.471 1.32101434407148e-07
399737.765 9.3206402389021e-08
407106.059 1.03315771543508e-07
414474.353 1.26342219036581e-07
421842.647 1.65730717676861e-07
429210.941 1.4907481954873e-07
436579.235 1.43091133852659e-07
443947.529 1.16740317231141e-07
451315.824 1.26108506347748e-07
458684.118 1.46724229717419e-07
466052.412 1.03808216289463e-07
473420.706 9.4010510893691e-08
480789 1.35990284318504e-07
488157.294 1.29000106940167e-07
495525.588 1.42113812224745e-07
502893.882 1.43494851150644e-07
510262.176 1.65807958225817e-07
517630.471 1.48768460862211e-07
524998.765 1.49065187559849e-07
532367.059 8.8636796327259e-08
539735.353 1.20675011723733e-07
547103.647 1.48834505463404e-07
554471.941 1.4467380238019e-07
561840.235 1.22183958169342e-07
569208.529 1.3698226909631e-07
576576.824 1.20417714992536e-07
583945.118 1.10631997050083e-07
591313.412 1.22843388441534e-07
598681.706 1.47467495998075e-07
606050 1.47319804502952e-07
606051 1.12203677778805e-07
625444.118 1.29560925199088e-07
644837.235 1.42221044629821e-07
664230.353 8.94214935911076e-08
683623.471 1.01181044443125e-07
703016.588 1.24884712989745e-07
722409.706 1.3253209277525e-07
741802.824 1.72350746313114e-07
761195.941 7.83254067374444e-08
780589.059 1.33328786415056e-07
799982.176 1.18007525744242e-07
819375.294 1.12514480424648e-07
838768.412 1.12785192579567e-07
858161.529 1.14123699666262e-07
877554.647 9.78630722793925e-08
896947.765 1.07797241049598e-07
916340.882 1.26551540036848e-07
935734 1.30415637427508e-07
955127.118 1.03778658967248e-07
974520.235 8.4727307528546e-08
993913.353 9.11761493974751e-08
1013306.471 1.28867035301993e-07
1032699.588 1.08661412529748e-07
1052092.706 1.23333695739552e-07
1071485.824 1.07661117207773e-07
1090878.941 1.37337108218928e-07
1110272.059 6.27004310955635e-08
1129665.176 1.35923557949463e-07
1149058.294 1.0687270151413e-07
1168451.412 1.13113917850988e-07
1187844.529 9.53448395662843e-08
1207237.647 1.06877124847842e-07
1226630.765 1.26971363169236e-07
1246023.882 1.34307034445296e-07
1265417 1.25504308132502e-07
1284810.118 6.46110975124885e-08
1304203.235 1.16915406421147e-07
1323596.353 1.03913774422585e-07
1342989.471 9.89682890684971e-08
1362382.588 8.28372088551135e-08
1381775.706 8.37974439050118e-08
1401168.824 5.95001341535429e-08
1420561.941 1.1225600943422e-07
1439955.059 9.27869073897239e-08
1459348.176 1.03201889255962e-07
1478741.294 8.70470279604008e-08
1498134.412 1.07262364940178e-07
1517527.529 9.03040563148744e-08
1536920.647 7.6984926593606e-08
1556313.765 8.44676196751063e-08
1575706.882 9.67371837191077e-08
1595100 5.97714683437909e-08
1595100 9.68293856214817e-08
1646141.765 8.25327444340196e-08
1697183.529 7.51454637019115e-08
1748225.294 8.31227534268428e-08
1799267.059 8.08821474115796e-08
1850308.824 9.90419930426276e-08
1901350.588 1.1427705276443e-07
1952392.353 9.58725454929617e-08
2003434.118 1.02153568753309e-07
2054475.882 8.98337473980018e-08
2105517.647 9.56279699681464e-08
2156559.412 8.56394877573792e-08
2207601.176 9.6509792988131e-08
2258642.941 8.17505538092972e-08
2309684.706 8.67806292424496e-08
2360726.471 1.12684306734134e-07
2411768.235 7.11270384519073e-08
2462810 6.98082317785345e-08
2513851.765 7.82814142556552e-08
2564893.529 8.70763482811188e-08
2615935.294 7.99809796819663e-08
2666977.059 6.79997248427521e-08
2718018.824 7.55995409288469e-08
2769060.588 6.03689423682741e-08
2820102.353 7.56084351938492e-08
2871144.118 7.16412160511022e-08
2922185.882 7.59689054112668e-08
2973227.647 8.5596607669764e-08
3024269.412 7.07278794956105e-08
3075311.176 6.72983280281724e-08
3126352.941 6.43605586536685e-08
3177394.706 7.98392294395982e-08
3228436.471 7.50155608358859e-08
3279478.235 7.54589876460246e-08
3330520 5.55460956567921e-08
3381561.765 6.77956703249632e-08
3432603.529 6.03473523358896e-08
3483645.294 6.13932022932018e-08
3534687.059 8.00305321212467e-08
3585728.824 5.55898798058891e-08
3636770.588 8.16859913486242e-08
3687812.353 6.81315462083167e-08
3738854.118 6.66786062001846e-08
3789895.882 6.7435935447403e-08
3840937.647 6.48971150247259e-08
3891979.412 7.44282236031467e-08
3943021.176 8.17580540311669e-08
3994062.941 5.57449958673305e-08
4045104.706 7.31631562946084e-08
4096146.471 5.65792071524195e-08
4147188.235 6.23608661224329e-08
4198230 6.72497588238471e-08
4198230 8.00782918509829e-08
4332570.588 5.52518165306581e-08
4466911.176 5.94677493125938e-08
4601251.765 6.02534430378049e-08
4735592.353 6.01844124712703e-08
4869932.941 5.93728577976966e-08
5004273.529 6.59804177919517e-08
5138614.118 5.74087601803139e-08
5272954.706 7.93123448699186e-08
5407295.294 6.47488006390852e-08
5541635.882 7.66715003412996e-08
5675976.471 6.57345219565367e-08
5810317.059 9.28637408045401e-08
5944657.647 7.59148769886081e-08
6078998.235 4.80013162533696e-08
6213338.824 6.63332474337907e-08
6347679.412 6.6934119824694e-08
6482020 5.89758039749006e-08
6616360.588 4.83720074470845e-08
6750701.176 6.2573919081631e-08
6885041.765 4.46804654970257e-08
7019382.353 6.03757821146302e-08
7153722.941 3.51783650460905e-08
7288063.529 4.35012634347831e-08
7422404.118 3.97082447488377e-08
7556744.706 5.50890018772141e-08
7691085.294 4.6950628101001e-08
7825425.882 5.48490391265335e-08
7959766.471 6.12754275533896e-08
8094107.059 4.47280299433934e-08
8228447.647 4.27883669281091e-08
8362788.235 4.46216576667564e-08
8497128.824 4.76181115112884e-08
8631469.412 4.99608213178286e-08
8765810 4.47072976796719e-08
8900150.588 2.43771183662569e-08
9034491.176 5.20385689414736e-08
9168831.765 5.44397617419474e-08
9303172.353 3.0641090585317e-08
9437512.941 5.0063537013651e-08
9571853.529 3.57774166247076e-08
9706194.118 4.92635360667502e-08
9840534.706 3.51417058882107e-08
9974875.294 5.70019784745784e-08
10109215.882 3.57164733882728e-08
10243556.471 2.34562743869716e-08
10377897.059 3.66644624496364e-08
10512237.647 4.30527346608226e-08
10646578.235 3.4362773567253e-08
10780918.824 2.91858643666159e-08
10915259.412 4.23311364437939e-08
11049600 4.70084571777803e-08
11049600 4.1805916478556e-08
11403174.51 4.28172962584047e-08
11756749.02 4.18105337095809e-08
12110323.529 3.4137867941112e-08
12463898.039 4.08381870352015e-08
12817472.549 3.06024153665605e-08
13171047.059 4.41911245775257e-08
13524621.569 5.27435998325143e-08
13878196.078 4.64750636032518e-08
14231770.588 5.53422240028606e-08
14585345.098 4.05719800994627e-08
14938919.608 5.06141836907077e-08
15292494.118 4.61213059394994e-08
15646068.627 3.56371484003518e-08
15999643.137 4.09906142494694e-08
16353217.647 3.37134077037119e-08
16706792.157 2.51472782920458e-08
17060366.667 2.91644261639964e-08
17413941.176 2.00743317881941e-08
17767515.686 3.97270302169694e-08
18121090.196 5.20712989163579e-08
18474664.706 5.30522901089642e-08
18828239.216 4.19128149166755e-08
19181813.725 4.33334514646306e-08
19535388.235 3.84808230430172e-08
19888962.745 5.27900481203389e-08
20242537.255 2.52202783430239e-08
20596111.765 5.06107612710113e-08
20949686.275 1.3430954310923e-08
21303260.784 4.64646402873271e-08
21656835.294 6.88507634617562e-08
22010409.804 2.61170896830926e-08
22363984.314 5.2032180844094e-08
22717558.824 4.75292342268293e-08
23071133.333 3.61775037702645e-08
23424707.843 2.70001041883101e-08
23778282.353 4.8628073481851e-08
24131856.863 4.59709446424772e-08
24485431.373 5.52702816304169e-08
24839005.882 3.29974383454337e-08
25192580.392 5.13674637686396e-08
25546154.902 4.05812654321585e-08
25899729.412 4.62138181770247e-08
26253303.922 4.56288881975268e-08
26606878.431 5.35905017055644e-08
26960452.941 -0
27314027.451 3.51229337413947e-08
27667601.961 4.76682206107707e-08
28021176.471 5.96583500591258e-08
28374750.98 7.64930998330804e-08
28728325.49 3.81393233623789e-08
29081900 5.9010713738883e-08
29081900 4.44642422664325e-08
30012498.039 3.91458207691996e-08
30943096.078 5.4078430173081e-08
31873694.118 5.62233270343013e-08
32804292.157 9.94501378841498e-08
33734890.196 6.66043756818064e-08
34665488.235 8.7845377905809e-08
35596086.275 8.00565795003159e-08
36526684.314 8.92735796521009e-08
37457282.353 7.21563561090366e-08
38387880.392 9.43639475452278e-08
39318478.431 5.69099675461232e-08
40249076.471 3.78814852272505e-08
41179674.51 5.51316766274662e-08
42110272.549 4.38210571179074e-08
43040870.588 6.19661189565112e-08
43971468.627 4.77931051031077e-08
44902066.667 8.28010391501459e-08
45832664.706 5.34729485567824e-08
46763262.745 6.57845368242051e-08
47693860.784 4.64609093234474e-08
48624458.824 3.93640007123971e-08
49555056.863 8.0438929007751e-08
50485654.902 5.11289572124574e-08
51416252.941 4.57939079948414e-08
52346850.98 3.8120041125046e-08
53277449.02 5.25398467780941e-08
54208047.059 3.95072315636922e-08
55138645.098 8.86829242766582e-08
56069243.137 5.87163978279739e-08
56999841.176 4.24666749995806e-08
57930439.216 3.86733617977866e-08
58861037.255 4.7832299662316e-08
59791635.294 4.53917186804994e-08
60722233.333 1.61998467524603e-08
61652831.373 2.65264270214045e-08
62583429.412 1.38470215584038e-08
63514027.451 2.66641383984351e-08
64444625.49 3.27515056843117e-08
65375223.529 1.5250875277439e-08
66305821.569 -0
67236419.608 2.53769737991668e-08
68167017.647 1.27106238088302e-08
69097615.686 1.60927027635975e-08
70028213.725 1.94554150126282e-08
70958811.765 -0
71889409.804 -0
72820007.843 -0
73750605.882 9.21797579949091e-09
74681203.922 1.44429322832554e-08
75611801.961 -0
76542400 -0
76542400 9.78075504356898e-09
78991686.275 1.48229209723151e-08
81440972.549 1.57900437270072e-08
83890258.824 4.04551662302851e-09
86339545.098 1.44095287607055e-08
88788831.373 -0
91238117.647 1.28925821547121e-08
93687403.922 6.72608236686855e-09
96136690.196 7.15225746338175e-09
98585976.471 8.52523221379336e-09
101035262.745 1.1991656909139e-08
103484549.02 1.7960741646157e-09
105933835.294 7.09938237115737e-09
108383121.569 -0
110832407.843 -0
113281694.118 9.47499651662199e-10
115730980.392 9.44568905843825e-09
118180266.667 -0
120629552.941 5.37823241305171e-09
123078839.216 7.88245810378971e-09
125528125.49 -0
127977411.765 7.85247427735864e-09
130426698.039 4.77110063277815e-09
132875984.314 5.34028860880608e-09
135325270.588 1.01730321910825e-08
137774556.863 9.32802633264401e-09
140223843.137 2.77151726038194e-09
142673129.412 -0
145122415.686 -0
147571701.961 -0
150020988.235 -0
152470274.51 -0
154919560.784 -0
157368847.059 4.30366579525908e-09
159818133.333 -0
162267419.608 6.78248301189107e-09
164716705.882 -0
167165992.157 -0
169615278.431 4.65778640627788e-09
172064564.706 1.26069200271121e-09
174513850.98 -0
176963137.255 4.25800232654469e-09
179412423.529 -0
181861709.804 4.65008041502951e-09
184310996.078 2.39034598431378e-09
186760282.353 -0
189209568.627 -0
191658854.902 -0
194108141.176 4.27041509946012e-09
196557427.451 3.43248818663066e-09
199006713.725 6.93587540555848e-09
201456000 7.62034343898909e-09
