101 1.99027151538614e-06
104.18 2.04392329205575e-06
107.361 2.3189956917004e-06
110.541 2.30303000164566e-06
113.721 2.21394094953163e-06
116.902 1.81588838730138e-06
120.082 1.85846210922472e-06
123.262 1.9650225924166e-06
126.443 1.82075009746164e-06
129.623 1.6467439102447e-06
132.803 1.32247929270326e-06
135.983 1.38014646405807e-06
139.164 1.80750373824516e-06
142.344 1.80377970816656e-06
145.524 1.34467578011913e-06
148.705 -0
151.885 7.57140999232637e-07
155.065 1.46577870674669e-06
158.246 1.98791404636191e-06
161.426 2.09451821595463e-06
164.606 1.81693683368465e-06
167.787 1.64851528099191e-06
170.967 1.78885565143475e-06
174.147 1.78271324616428e-06
177.328 1.53119172214844e-06
180.508 1.15323889501525e-06
183.688 1.23071301576762e-06
186.868 1.48000500640287e-06
190.049 1.5320720271655e-06
193.229 1.45851871622115e-06
196.409 1.2621811834875e-06
199.59 1.0691922459439e-06
202.77 1.12690165493121e-06
205.95 1.44101841316631e-06
209.131 1.81052220941434e-06
212.311 2.06242784989485e-06
215.491 1.92827561375214e-06
218.672 1.8091044013049e-06
221.852 1.673932774842e-06
225.032 1.46595410821163e-06
228.213 1.2929691484934e-06
231.393 1.14965717740931e-06
234.573 1.10156207245945e-06
237.753 1.19134090414892e-06
240.934 1.3171309299123e-06
244.114 1.51139142036572e-06
247.294 1.89660327342462e-06
250.475 2.03980817533566e-06
253.655 1.65722838609722e-06
256.835 1.42382211568451e-06
260.016 1.33305395701544e-06
263.196 1.31708679670181e-06
264.196 1.1402180235119e-06
272.598 1.01767102033731e-06
281.001 1.0813488988626e-06
289.403 1.19166118783718e-06
297.806 1.17457791801508e-06
306.208 1.31283124939184e-06
314.611 1.54707133759136e-06
323.013 1.50997256057059e-06
331.415 1.40248160350757e-06
339.818 1.34948467644475e-06
348.22 1.27738108793175e-06
356.623 1.35370501802341e-06
365.025 1.29274954904566e-06
373.428 1.22714980597203e-06
381.83 1.31836335646922e-06
390.232 1.27387618095353e-06
398.635 1.17128889788429e-06
407.037 1.05726015888332e-06
415.44 9.70763556194813e-07
423.842 8.27677110735189e-07
432.245 8.88933152418251e-07
440.647 8.62002192661219e-07
449.049 8.69025952914917e-07
457.452 8.43939054356859e-07
465.854 7.17348607715726e-07
474.257 7.21574614461214e-07
482.659 7.87977798689931e-07
491.062 9.58784522865717e-07
499.464 1.15144109180315e-06
507.867 1.34708041317868e-06
516.269 1.30291395432797e-06
524.671 1.21489781511852e-06
533.074 9.95053450883841e-07
541.476 1.01183114693687e-06
549.879 1.10245560443346e-06
558.281 1.15363288909886e-06
566.684 1.24678141397807e-06
575.086 1.1562680899929e-06
583.488 1.19180252917099e-06
591.891 1.30628867332811e-06
600.293 1.27130582850013e-06
608.696 1.21372944356424e-06
617.098 1.12393542148618e-06
625.501 1.07491805476131e-06
633.903 9.43318314306767e-07
642.305 7.73783966878153e-07
650.708 8.27834736994287e-07
659.11 8.46703617531206e-07
667.513 7.88657464296484e-07
675.915 7.24822054632784e-07
684.318 7.18088610203943e-07
692.72 7.15717753878965e-07
693.72 8.10997220961176e-07
715.867 6.04248427976499e-07
738.014 6.70104496596106e-07
760.161 6.67141746629965e-07
782.307 4.92487763706318e-07
804.454 8.11902866271262e-07
826.601 8.32056921701352e-07
848.748 9.29587663779484e-07
870.895 1.03864398099647e-06
893.042 7.44659225107062e-07
915.189 5.74582871171557e-07
937.335 6.29327377019306e-07
959.482 5.87091683810152e-07
981.629 6.46724294566355e-07
1003.776 9.7110803089353e-07
1025.923 6.32113101977929e-07
1048.07 7.25499530704797e-07
1070.217 6.86160533522681e-07
1092.364 7.4190239604417e-07
1114.51 4.80018812371349e-07
1136.657 6.23930024802461e-07
1158.804 7.85001279646339e-07
1180.951 7.47647384663332e-07
1203.098 6.76178705000912e-07
1225.245 8.15927875255252e-07
1247.392 6.27073409543253e-07
1269.538 8.06195869604347e-07
1291.685 7.34461641880126e-07
1313.832 6.33144400929338e-07
1335.979 6.76166693582167e-07
1358.126 5.65299895729196e-07
1380.273 5.58054787819807e-07
1402.42 7.54633807582035e-07
1424.566 5.71760148858077e-07
1446.713 5.79086916264977e-07
1468.86 6.27553746390546e-07
1491.007 7.14492050720006e-07
1513.154 6.79377739307809e-07
1535.301 5.03046198714432e-07
1557.448 5.29601240938274e-07
1579.595 4.93070123574883e-07
1601.741 5.26531377576541e-07
1623.888 4.73402064487933e-07
1646.035 4.42857761227778e-07
1668.182 6.02990479201629e-07
1690.329 5.12019166011273e-07
1712.476 5.35096872869764e-07
1734.623 6.59305134191992e-07
1756.769 5.82637640836695e-07
1778.916 6.98629266549291e-07
1801.063 2.98647363325997e-07
1823.21 6.50360327910367e-07
1824.21 7.0494144906092e-07
1882.531 6.83662253297365e-07
1940.853 6.09872106870113e-07
1999.174 4.51819580586765e-07
2057.495 5.69162724468943e-07
2115.817 6.61771660348553e-07
2174.138 4.61686714647898e-07
2232.46 6.26711880122892e-07
2290.781 6.23877002863985e-07
2349.102 5.1366032700879e-07
2407.424 5.83222132060532e-07
2465.745 6.06493763167128e-07
2524.066 5.09285803472036e-07
2582.388 4.37210376903319e-07
2640.709 3.69408259152748e-07
2699.031 4.18955614157094e-07
2757.352 4.28755498061571e-07
2815.673 5.33292471739842e-07
2873.995 5.14097864102741e-07
2932.316 4.71667018183707e-07
2990.637 4.33224632371755e-07
3048.959 5.19946022977359e-07
3107.28 3.68272689928927e-07
3165.602 3.94182923477778e-07
3223.923 4.41734335323425e-07
3282.244 3.06114082944082e-07
3340.566 3.65122220467623e-07
3398.887 4.03141310766781e-07
3457.208 4.11194638912444e-07
3515.53 3.90761111743949e-07
3573.851 4.35059150385494e-07
3632.173 4.36066985686761e-07
3690.494 4.56767302860222e-07
3748.815 5.68489428456326e-07
3807.137 5.61774531353932e-07
3865.458 4.00761523042352e-07
3923.779 4.24837180532887e-07
3982.101 4.66113091151523e-07
4040.422 3.64194445131981e-07
4098.744 3.80686363516711e-07
4157.065 3.94953768275722e-07
4215.386 3.76747394543997e-07
4273.708 4.46854416117412e-07
4332.029 4.28979690641454e-07
4390.35 3.25942422927942e-07
4448.672 3.04197678812225e-07
4506.993 4.49194369675409e-07
4565.315 4.68474678058253e-07
4623.636 3.35312706652732e-07
4681.957 3.67380475816726e-07
4740.279 4.27800192379203e-07
4798.6 4.50627138529878e-07
4799.6 3.47603022814567e-07
4953.131 3.0343807794469e-07
5106.663 3.44005213966896e-07
5260.194 3.24484717732072e-07
5413.725 3.34079942857617e-07
5567.257 3.65545374501945e-07
5720.788 3.51902587074479e-07
5874.32 3.32821951889475e-07
6027.851 3.59938118723381e-07
6181.382 3.6478751960987e-07
6334.914 3.06777007425231e-07
6488.445 3.88950262721442e-07
6641.976 3.1527106627999e-07
6795.508 2.8782799701066e-07
6949.039 3.54340041100988e-07
7102.571 3.73923139468134e-07
7256.102 3.37528176789025e-07
7409.633 2.62826950811828e-07
7563.165 2.25741229699198e-07
7716.696 2.50761230887671e-07
7870.227 2.64355831174684e-07
8023.759 3.16525876941269e-07
8177.29 2.90574358453976e-07
8330.822 3.28812329784093e-07
8484.353 3.96938454009716e-07
8637.884 3.5898601530934e-07
8791.416 3.30344911355885e-07
8944.947 3.30267915624641e-07
9098.478 2.91653728179245e-07
9252.01 2.62988229262025e-07
9405.541 2.27865499146724e-07
9559.073 1.99335725920126e-07
9712.604 2.87337202779576e-07
9866.135 2.11244687791065e-07
10019.667 2.49395482070501e-07
10173.198 3.40139539722466e-07
10326.729 3.00230325266252e-07
10480.261 2.55017952544693e-07
10633.792 2.13969402301241e-07
10787.324 1.84077009402852e-07
10940.855 2.83867320335895e-07
11094.386 2.79156741726672e-07
11247.918 2.7579850097632e-07
11401.449 2.860083212971e-07
11554.98 2.94158624340585e-07
11708.512 2.36552074867119e-07
11862.043 2.1071414307587e-07
12015.575 2.74758119195325e-07
12169.106 3.18647901421101e-07
12322.637 2.7923357483852e-07
12476.169 2.82719834987133e-07
12629.7 2.64180774162821e-07
12630.7 2.19300387348145e-07
13034.822 2.06388649216457e-07
13438.943 2.05326892207409e-07
13843.065 2.08555464052689e-07
14247.186 1.99241832568766e-07
14651.308 2.51776745648661e-07
15055.429 2.23474294724128e-07
15459.551 2.02006055932256e-07
15863.673 2.28825335568965e-07
16267.794 2.07345459863461e-07
16671.916 1.51063180367719e-07
17076.037 1.67986536045861e-07
17480.159 1.8719647205228e-07
17884.28 2.18465928840444e-07
18288.402 1.99570076999347e-07
18692.524 1.9343772018723e-07
19096.645 2.21422543472759e-07
19500.767 2.3221098274544e-07
19904.888 1.8963568326556e-07
20309.01 1.51911747847217e-07
20713.131 1.93065650460895e-07
21117.253 2.26009561594104e-07
21521.375 2.36372808856454e-07
21925.496 1.94321945291323e-07
22329.618 1.2141701005444e-07
22733.739 1.3879186647319e-07
23137.861 1.52352839888989e-07
23541.982 1.676301472599e-07
23946.104 2.0699800148088e-07
24350.225 2.2416545393104e-07
24754.347 1.90040901329436e-07
25158.469 1.59283321608775e-07
25562.59 1.72844176916295e-07
25966.712 1.69333426682945e-07
26370.833 1.41735183331015e-07
26774.955 1.52216842882566e-07
27179.076 1.34277174795964e-07
27583.198 1.19907350311651e-07
27987.32 1.42081105466244e-07
28391.441 1.60914803714264e-07
28795.563 1.66915316842533e-07
29199.684 2.03866777184169e-07
29603.806 2.27070175498844e-07
30007.927 2.01217473630796e-07
30412.049 1.57496322080709e-07
30816.171 1.46598914812752e-07
31220.292 1.62397355120184e-07
31624.414 1.7615164276034e-07
32028.535 1.55510884132204e-07
32432.657 1.35485762306088e-07
32836.778 1.2293410264413e-07
33240.9 1.73659752398807e-07
33241.9 1.42574428671962e-07
34305.559 1.46641262052524e-07
35369.218 1.42008002902372e-07
36432.876 1.02244731883325e-07
37496.535 1.03590262267485e-07
38560.194 1.17781992652719e-07
39623.853 1.19503631507902e-07
40687.512 1.27789119072797e-07
41751.171 1.40352732777875e-07
42814.829 1.48412565602437e-07
43878.488 1.33242994514828e-07
44942.147 1.02249925281993e-07
46005.806 1.053622942453e-07
47069.465 1.17372714343157e-07
48133.124 1.16750894133046e-07
49196.782 1.08853672326431e-07
50260.441 9.54042901158533e-08
51324.1 1.10290948666153e-07
52387.759 1.33158934817007e-07
53451.418 1.60786188085589e-07
54515.076 1.79968931651381e-07
55578.735 1.55350599317394e-07
56642.394 1.07357150296921e-07
57706.053 1.07931392486709e-07
58769.712 1.19603456906007e-07
59833.371 1.58167178395944e-07
60897.029 1.59500824892784e-07
61960.688 1.5188753853396e-07
63024.347 1.44402659972176e-07
64088.006 1.27043563917452e-07
65151.665 9.68345642918065e-08
66215.324 9.37507761896268e-08
67278.982 1.01018276695261e-07
68342.641 9.70484059268652e-08
69406.3 9.5519902085044e-08
70469.959 1.0450837344389e-07
71533.618 1.40045504656058e-07
72597.276 1.47150968863327e-07
73660.935 1.45151196696031e-07
74724.594 1.28524589753735e-07
75788.253 1.27150166388031e-07
76851.912 1.15651451192078e-07
77915.571 1.07554995165334e-07
78979.229 1.00592687111915e-07
80042.888 9.07201318172009e-08
81106.547 9.22833105875732e-08
82170.206 9.8269336110101e-08
83233.865 1.11415958047109e-07
84297.524 1.16448274616288e-07
85361.182 1.35435641727638e-07
86424.841 1.32044326656254e-07
87488.5 1.11909992732433e-07
87489.5 8.15201465025327e-08
90289.039 8.02034483515397e-08
93088.578 8.96602501083998e-08
95888.118 1.02964405201846e-07
98687.657 1.07557161709922e-07
101487.196 1.0057892317588e-07
104286.735 8.43192047899676e-08
107086.275 1.01607190631766e-07
109885.814 1.33329834522458e-07
112685.353 1.40101240640822e-07
115484.892 1.32897963603021e-07
118284.431 1.4070376543231e-07
121083.971 1.53590210728451e-07
123883.51 1.4563606209976e-07
126683.049 1.1973510487592e-07
129482.588 1.03682759105311e-07
132282.127 4.53275226599689e-08
135081.667 -0
137881.206 -0
140680.745 -0
143480.284 -0
146279.824 6.88808674876413e-08
149079.363 1.12585223231781e-07
151878.902 1.33851878855696e-07
154678.441 9.64481091646695e-08
157477.98 7.80249392774515e-08
160277.52 7.78269974677008e-08
163077.059 1.20106811872673e-07
165876.598 1.22459043779059e-07
168676.137 9.68719484720711e-08
171475.676 9.0359120951687e-08
174275.216 8.32625238808049e-08
177074.755 7.69241694812807e-08
179874.294 9.54025742805381e-08
182673.833 1.0157136665078e-07
185473.373 9.25567231908407e-08
188272.912 7.08944006878202e-08
191072.451 6.12098219895035e-08
193871.99 5.76795496844558e-08
196671.529 7.50075128806388e-08
199471.069 7.93980132883462e-08
202270.608 8.77240090999294e-08
205070.147 8.55193809559307e-08
207869.686 8.58478059361222e-08
210669.225 9.0866683701147e-08
213468.765 8.50274955521636e-08
216268.304 6.79467005036742e-08
219067.843 5.89859611749397e-08
221867.382 6.37417054879205e-08
224666.922 7.50560360468897e-08
227466.461 7.23537833765616e-08
230266 6.85747049443984e-08
230267 7.27129481335429e-08
237635.294 8.23375767724294e-08
245003.588 1.46438087056442e-07
252371.882 5.64392249779841e-07
259740.176 9.81804815036161e-08
267108.471 8.56308239973148e-08
274476.765 6.13380673184606e-08
281845.059 6.21365576636339e-08
289213.353 6.32184053326537e-08
296581.647 7.03625829039384e-08
303949.941 5.24404623226226e-08
311318.235 6.21174396662644e-08
318686.529 5.35730940141411e-08
326054.824 4.80225950438072e-08
333423.118 5.30253602256892e-08
340791.412 7.54586639190126e-08
348159.706 8.76961074271869e-08
355528 7.74396658904757e-08
362896.294 6.56007695050965e-08
370264.588 6.9320039198128e-08
377632.882 5.5179584503655e-08
385001.176 6.07342089982903e-08
392369.471 4.83143916023538e-08
399737.765 6.39513089619087e-08
407106.059 9.06879157433189e-08
414474.353 5.74924418865845e-08
421842.647 4.87120794690106e-08
429210.941 2.53581305002498e-08
436579.235 5.46813594135332e-08
443947.529 5.48766201006408e-09
451315.824 7.57447439871414e-08
458684.118 6.33062398836963e-08
466052.412 5.44460127094161e-08
473420.706 6.87399349407133e-08
480789 5.4936879105417e-08
488157.294 5.34470448128014e-08
495525.588 5.12969938560965e-08
502893.882 6.25916725691589e-08
510262.176 6.48066657870878e-08
517630.471 4.55111255061485e-08
524998.765 8.04074595542149e-08
532367.059 5.56505508937872e-08
539735.353 5.99018360410906e-08
547103.647 4.3574095472605e-08
554471.941 5.17942954384621e-08
561840.235 5.17931358502263e-08
569208.529 3.42281425137371e-08
576576.824 5.81196012079909e-08
583945.118 4.9408033395452e-08
591313.412 6.57369209644869e-08
598681.706 5.06751651912127e-08
606050 5.50994326068599e-08
606051 6.65510897124525e-08
625444.118 5.64890944669854e-08
644837.235 5.34058333450242e-08
664230.353 4.78194883481536e-08
683623.471 5.45286627572949e-08
703016.588 4.11990577092814e-08
722409.706 6.72230807901929e-08
741802.824 4.53757155845778e-08
761195.941 4.83550884768677e-08
780589.059 3.22117831257088e-08
799982.176 5.47281288797598e-08
819375.294 4.99773491335105e-08
838768.412 4.70480155538403e-08
858161.529 4.79005607749377e-08
877554.647 4.55245987008771e-08
896947.765 4.44032059235457e-08
916340.882 4.26222869117836e-08
935734 5.03917964205723e-08
955127.118 4.64329522627789e-08
974520.235 5.12037202252834e-08
993913.353 2.67223835250507e-08
1013306.471 4.94198108797221e-08
1032699.588 6.18660223173755e-08
1052092.706 5.42967844148067e-08
1071485.824 4.86946358154335e-08
1090878.941 4.72788095091744e-08
1110272.059 4.2513720203472e-08
1129665.176 5.73135542215766e-08
1149058.294 3.86384949208235e-08
1168451.412 4.63789341535788e-08
1187844.529 5.34477050771284e-08
1207237.647 5.17004978009458e-08
1226630.765 -0
1246023.882 4.35493688980254e-08
1265417 5.06205114979343e-08
1284810.118 3.03343104025607e-08
1304203.235 3.27415281143917e-08
1323596.353 4.83968658542266e-08
1342989.471 4.35109407221678e-08
1362382.588 3.74508455086197e-08
1381775.706 3.85104691797893e-08
1401168.824 4.0521207903013e-08
1420561.941 5.74375956472831e-08
1439955.059 3.94756288302796e-08
1459348.176 3.942126997944e-08
1478741.294 5.92515988746776e-08
1498134.412 4.66363773239303e-08
1517527.529 3.81904627576048e-08
1536920.647 3.24400648131674e-08
1556313.765 3.30591899734764e-08
1575706.882 4.61515908335942e-08
1595100 3.86113264415003e-08
1595100 5.08080184170019e-08
1646141.765 5.40486095452603e-08
1697183.529 3.17234068053874e-08
1748225.294 4.2373012823513e-08
1799267.059 4.99823797564062e-08
1850308.824 3.98980758156029e-08
1901350.588 4.62587159210467e-08
1952392.353 7.56753767495874e-08
2003434.118 5.64079775729923e-08
2054475.882 3.32669020210659e-08
2105517.647 3.01587299034508e-08
2156559.412 6.13177511801338e-08
2207601.176 4.3272734696327e-08
2258642.941 3.92265557267051e-08
2309684.706 4.02612876579165e-08
2360726.471 4.10916844419987e-08
2411768.235 4.01814517215842e-08
2462810 4.34064898252105e-08
2513851.765 4.01653758157844e-08
2564893.529 4.17505424127939e-08
2615935.294 5.34165391804823e-08
2666977.059 3.7840918652575e-08
2718018.824 4.08986607214075e-08
2769060.588 5.01689969761645e-08
2820102.353 2.26855884928736e-08
2871144.118 3.35579340665781e-08
2922185.882 3.31698233640157e-08
2973227.647 6.37498299472555e-08
3024269.412 3.60457231748789e-08
3075311.176 4.82182736122271e-08
3126352.941 4.70554346584961e-08
3177394.706 4.65503397061719e-08
3228436.471 3.51669621888627e-08
3279478.235 3.54322174098263e-08
3330520 3.12684347996266e-08
3381561.765 3.31281739855006e-08
3432603.529 4.72083746398835e-08
3483645.294 4.41000700698355e-08
3534687.059 3.44664075602013e-08
3585728.824 4.49572907361364e-08
3636770.588 3.61239224283078e-08
3687812.353 3.74283350619821e-08
3738854.118 3.16846406571512e-08
3789895.882 4.67453623666776e-08
3840937.647 3.02049629024106e-08
3891979.412 3.85857695837624e-08
3943021.176 4.66579438993265e-08
3994062.941 3.64152482210227e-08
4045104.706 3.23800828566652e-08
4096146.471 3.72815719919212e-08
4147188.235 5.06879221318452e-08
4198230 4.5434333916667e-08
4198230 3.19093795857879e-08
4332570.588 5.29297666221343e-08
4466911.176 5.08453819870566e-08
4601251.765 3.93646095516214e-08
4735592.353 3.79732693141702e-08
4869932.941 3.63589125004957e-08
5004273.529 4.19905747181817e-08
5138614.118 5.69922561476557e-08
5272954.706 4.11356389825173e-08
5407295.294 3.28487944929612e-08
5541635.882 3.8225069709289e-08
5675976.471 4.82959885172889e-08
5810317.059 3.38604025624741e-08
5944657.647 3.5551575456286e-08
6078998.235 3.09086194814586e-08
6213338.824 4.49493910641457e-08
6347679.412 3.66117680643465e-08
6482020 3.29789823943917e-08
6616360.588 3.45891767788495e-08
6750701.176 4.28319384343739e-08
6885041.765 3.58423903926956e-08
7019382.353 3.43465279757241e-08
7153722.941 3.68952122592133e-08
7288063.529 3.60209065082766e-08
7422404.118 3.57982905455554e-08
7556744.706 5.40180646642297e-08
7691085.294 4.07018560331774e-08
7825425.882 3.62841097062929e-08
7959766.471 3.01106488735132e-08
8094107.059 4.3650193999798e-08
8228447.647 4.2340941258301e-08
8362788.235 4.03927276951384e-08
8497128.824 2.97696517569017e-08
8631469.412 3.71007146732202e-08
8765810 2.94077407891596e-08
8900150.588 2.67036211293057e-08
9034491.176 3.34440844965967e-08
9168831.765 2.70550467557478e-08
9303172.353 4.5211366089311e-08
9437512.941 4.09517100326909e-08
9571853.529 3.19354038260924e-08
9706194.118 4.50619722490084e-08
9840534.706 2.89725204875862e-08
9974875.294 3.01498701607304e-08
10109215.882 4.21579874371251e-08
10243556.471 3.46037124823407e-08
10377897.059 3.87828915200259e-08
10512237.647 2.78461326387418e-08
10646578.235 2.27346817834493e-08
10780918.824 3.78106716636983e-08
10915259.412 3.82452963504011e-08
11049600 4.2989650770197e-08
11049600 3.6522527704625e-08
11403174.51 1.8234554697302e-08
11756749.02 2.54212526600559e-08
12110323.529 3.24208237433767e-08
12463898.039 3.53365626745557e-08
12817472.549 3.42621204628888e-08
13171047.059 3.21974103129429e-08
13524621.569 3.89069379330988e-08
13878196.078 4.67336987473804e-08
14231770.588 4.76739499094086e-08
14585345.098 4.27636146821992e-08
14938919.608 3.04564768155724e-08
15292494.118 3.6383934619748e-08
15646068.627 2.78697899134959e-08
15999643.137 3.5888325753292e-08
16353217.647 3.69774602683919e-08
16706792.157 3.67806164712447e-08
17060366.667 3.6898476358198e-08
17413941.176 3.4269493407614e-08
17767515.686 3.92126892299827e-08
18121090.196 4.56083480534123e-08
18474664.706 3.3560555128387e-08
18828239.216 4.53937204632039e-08
19181813.725 4.20096892303002e-08
19535388.235 3.46952784138692e-08
19888962.745 3.82362680472559e-08
20242537.255 4.94594064494106e-08
20596111.765 2.9684096941994e-08
20949686.275 4.25201290934823e-08
21303260.784 3.68070279326326e-08
21656835.294 3.95630692440311e-08
22010409.804 2.44040164593946e-08
22363984.314 3.82715238260133e-08
22717558.824 3.66971952777048e-08
23071133.333 4.71168736327231e-08
23424707.843 4.02778474257798e-08
23778282.353 4.31406542409558e-08
24131856.863 5.13632561934356e-08
24485431.373 4.62047042445896e-08
24839005.882 4.57743725172645e-08
25192580.392 3.65882609659437e-08
25546154.902 4.23438958317253e-08
25899729.412 4.19998560918427e-08
26253303.922 3.53274774901521e-08
26606878.431 5.47303820819296e-08
26960452.941 2.54662738193341e-08
27314027.451 3.68167999422587e-08
27667601.961 3.90262719107462e-08
28021176.471 5.4289458502888e-08
28374750.98 4.12083630006738e-08
28728325.49 4.81448639176569e-08
29081900 3.53012030216011e-08
29081900 2.32382403784861e-08
30012498.039 5.07460213164264e-08
30943096.078 3.90716055738486e-08
31873694.118 5.34796391298445e-08
32804292.157 4.42783414472945e-08
33734890.196 3.99404351959327e-08
34665488.235 4.73973918443336e-08
35596086.275 3.22703360271767e-08
36526684.314 5.11549554592583e-08
37457282.353 4.77598611702997e-08
38387880.392 4.61538410071415e-08
39318478.431 6.07700079716508e-08
40249076.471 5.31584109665441e-08
41179674.51 4.67183655686808e-08
42110272.549 4.19551690905626e-08
43040870.588 4.7645161676123e-08
43971468.627 5.94759496169141e-08
44902066.667 5.2052440959517e-08
45832664.706 5.53355702973783e-08
46763262.745 6.1249056230551e-08
47693860.784 3.88131358640435e-08
48624458.824 5.86529676124533e-08
49555056.863 3.34002504041377e-08
50485654.902 4.14598067535873e-08
51416252.941 4.45450632872073e-08
52346850.98 3.47639263772477e-08
53277449.02 2.93220737352664e-08
54208047.059 4.24808488212135e-08
55138645.098 4.89928851913918e-08
56069243.137 2.01464449404653e-08
56999841.176 4.35037197085491e-08
57930439.216 4.4244659570981e-08
58861037.255 1.90298066461039e-08
59791635.294 3.19305289456736e-08
60722233.333 2.6456718310176e-08
61652831.373 1.85430804034065e-08
62583429.412 2.69805442528853e-08
63514027.451 1.17914435238312e-08
64444625.49 2.45538874827287e-08
65375223.529 1.20460093122328e-08
66305821.569 1.519795939735e-08
67236419.608 1.65382251353402e-08
68167017.647 -0
69097615.686 2.96977126568695e-09
70028213.725 2.09816935027657e-08
70958811.765 2.70875293526745e-08
71889409.804 6.50839509792544e-09
72820007.843 8.96558247888e-09
73750605.882 1.7743843365531e-08
74681203.922 1.9627855440962e-08
75611801.961 1.19724927634181e-08
76542400 1.15641640339239e-08
76542400 1.07025061100847e-08
78991686.275 1.60572994284842e-08
81440972.549 9.57339157161661e-09
83890258.824 9.97748590940123e-09
86339545.098 -0
88788831.373 -0
91238117.647 1.8301183963613e-09
93687403.922 -0
96136690.196 -0
98585976.471 -0
101035262.745 -0
103484549.02 -0
105933835.294 -0
108383121.569 5.60289359477761e-09
110832407.843 -0
113281694.118 2.04170635694754e-09
115730980.392 1.10707357163142e-08
118180266.667 -0
120629552.941 5.13862066596669e-09
123078839.216 -0
125528125.49 6.12898619073628e-09
127977411.765 -0
130426698.039 -0
132875984.314 -0
135325270.588 -0
137774556.863 5.38169086216405e-09
140223843.137 -0
142673129.412 -0
145122415.686 1.14894922980079e-08
147571701.961 7.78735922573526e-09
150020988.235 1.51886672463386e-09
152470274.51 -0
154919560.784 -0
157368847.059 6.22331662872105e-09
159818133.333 -0
162267419.608 6.71016347020987e-09
164716705.882 5.6374723017434e-09
167165992.157 -0
169615278.431 4.38108651492378e-09
172064564.706 1.18265751303579e-08
174513850.98 -0
176963137.255 8.95896966723496e-09
179412423.529 -0
181861709.804 -0
184310996.078 -0
186760282.353 5.91744323543066e-09
189209568.627 7.85257749111717e-09
191658854.902 -0
194108141.176 5.92486014325967e-09
196557427.451 7.02737966386789e-09
199006713.725 -0
201456000 6.90944107364199e-09
