101 1.48872961387559e-07
104.18 1.52182983060624e-07
107.361 1.71661317651447e-07
110.541 1.70888207979334e-07
113.721 1.63597262829136e-07
116.902 1.33758734524476e-07
120.082 1.37639222601125e-07
123.262 1.44686845433886e-07
126.443 1.3422513266231e-07
129.623 1.20708698153392e-07
132.803 9.68929950626832e-08
135.983 1.01202601624404e-07
139.164 1.32352821540523e-07
142.344 1.31717960325597e-07
145.524 9.82427662601659e-08
148.705 -0
151.885 5.51031294029757e-08
155.065 1.06803481182952e-07
158.246 1.44341629026166e-07
161.426 1.52117311713837e-07
164.606 1.31580438446926e-07
167.787 1.19464254479292e-07
170.967 1.29620232869565e-07
174.147 1.29095020686165e-07
177.328 1.11243225455053e-07
180.508 8.34800655310169e-08
183.688 8.88867021922999e-08
186.868 1.06868000663529e-07
190.049 1.10692241830331e-07
193.229 1.05351932526532e-07
196.409 9.12470224254374e-08
199.59 7.70282977494445e-08
202.77 8.12640601014555e-08
205.95 1.03921649198508e-07
209.131 1.30359100954995e-07
212.311 1.482290292821e-07
215.491 1.38748440007326e-07
218.672 1.30160926174703e-07
221.852 1.20457130343153e-07
225.032 1.05429798115568e-07
228.213 9.29056577364902e-08
231.393 8.26091883192067e-08
234.573 7.91321516201949e-08
237.753 8.57317232490512e-08
240.934 9.46172776603678e-08
244.114 1.08430123531246e-07
247.294 1.36186950665878e-07
250.475 1.46489611779991e-07
253.655 1.18650169663305e-07
256.835 1.0214573419984e-07
260.016 9.55480280499765e-08
263.196 9.43924799035319e-08
264.196 8.1745038300277e-08
272.598 7.30251415592535e-08
281.001 7.7604935508055e-08
289.403 8.52838494212307e-08
297.806 8.40912545785953e-08
306.208 9.44078061704609e-08
314.611 1.10678646654559e-07
323.013 1.08074082014191e-07
331.415 1.00090342018935e-07
339.818 9.64945882866535e-08
348.22 9.13931154464926e-08
356.623 9.67725174091481e-08
365.025 9.22797469545815e-08
373.428 8.7527612644554e-08
381.83 9.43834011797196e-08
390.232 9.0692467324765e-08
398.635 8.35388566121281e-08
407.037 7.54159779055829e-08
415.44 6.93148781230033e-08
423.842 5.91078884485117e-08
432.245 6.33704226030125e-08
440.647 6.15495483647118e-08
449.049 6.19711059272862e-08
457.452 6.03762429948022e-08
465.854 5.11470110996094e-08
474.257 5.1453419917297e-08
482.659 5.62811524035104e-08
491.062 6.84027425659726e-08
499.464 8.21665825298143e-08
507.867 9.64267482355727e-08
516.269 9.2900325453512e-08
524.671 8.67334758307143e-08
533.074 7.08296197346592e-08
541.476 7.21290220726911e-08
549.879 7.85347037059207e-08
558.281 8.2226372042057e-08
566.684 8.90309114639986e-08
575.086 8.25075213409992e-08
583.488 8.49760036487655e-08
591.891 9.32282777032982e-08
600.293 9.04946777971494e-08
608.696 8.62709116762991e-08
617.098 7.99783349608949e-08
625.501 7.65609577259718e-08
633.903 6.71794225134807e-08
642.305 5.51970321033203e-08
650.708 5.91076435988315e-08
659.11 6.03069570177922e-08
667.513 5.60950343216398e-08
675.915 5.15886186715746e-08
684.318 5.11631220981148e-08
692.72 5.09392786135288e-08
693.72 5.77280471206284e-08
715.867 4.29957500207214e-08
738.014 4.77474884334246e-08
760.161 4.75523645993272e-08
782.307 3.50390194816494e-08
804.454 5.78599527430829e-08
826.601 5.93974140472512e-08
848.748 6.62480884873256e-08
870.895 7.37996341170137e-08
893.042 5.29501352881532e-08
915.189 4.10272280228428e-08
937.335 4.48015587993774e-08
959.482 4.17801436268457e-08
981.629 4.60656470519907e-08
1003.776 6.88863296598853e-08
1025.923 4.49309697541587e-08
1048.07 5.17052492286939e-08
1070.217 4.88719575339009e-08
1092.364 5.27980975013239e-08
1114.51 3.41784810560301e-08
1136.657 4.44242787225028e-08
1158.804 5.58010491814495e-08
1180.951 5.32569533688288e-08
1203.098 4.81506871608323e-08
1225.245 5.81638667145717e-08
1247.392 4.47827114640523e-08
1269.538 5.73314688656726e-08
1291.685 5.22596647276792e-08
1313.832 4.5152080944806e-08
1335.979 4.80803117127734e-08
1358.126 4.01910086308172e-08
1380.273 3.97635214537348e-08
1402.42 5.37066739871534e-08
1424.566 4.06633713075833e-08
1446.713 4.12418133788971e-08
1468.86 4.4567361814511e-08
1491.007 5.08456028949728e-08
1513.154 4.82896227437245e-08
1535.301 3.58127665387729e-08
1557.448 3.76585413348012e-08
1579.595 3.5072133717029e-08
1601.741 3.74694015904465e-08
1623.888 3.37194628366718e-08
1646.035 3.14614518586341e-08
1668.182 4.29231370495078e-08
1690.329 3.64662594769976e-08
1712.476 3.80493649695012e-08
1734.623 4.70418570365919e-08
1756.769 4.14992777587423e-08
1778.916 4.98403145868536e-08
1801.063 2.12101961492108e-08
1823.21 4.62558367262282e-08
1824.21 5.01582697696318e-08
1882.531 4.85763749460697e-08
1940.853 4.32518582405725e-08
1999.174 3.2021306537945e-08
2057.495 4.04458483899758e-08
2115.817 4.70924911716179e-08
2174.138 3.283083115602e-08
2232.46 4.47353590504122e-08
2290.781 4.439989848092e-08
2349.102 3.65701316622269e-08
2407.424 4.14442224592511e-08
2465.745 4.30669225372116e-08
2524.066 3.62641139102333e-08
2582.388 3.11239680696094e-08
2640.709 2.62633185365778e-08
2699.031 2.981418997854e-08
2757.352 3.04754903528376e-08
2815.673 3.81436240247505e-08
2873.995 3.65911281497112e-08
2932.316 3.35896136669662e-08
2990.637 3.08363624598619e-08
3048.959 3.69764114464896e-08
3107.28 2.61900310908051e-08
3165.602 2.7932017543706e-08
3223.923 3.14090396366363e-08
3282.244 2.1809731048297e-08
3340.566 2.59622461918522e-08
3398.887 2.87146021608085e-08
3457.208 2.91901242610881e-08
3515.53 2.77870752083873e-08
3573.851 3.08886058803439e-08
3632.173 3.10433947749928e-08
3690.494 3.25711811459454e-08
3748.815 4.05117862928894e-08
3807.137 3.9948782320045e-08
3865.458 2.84909557635189e-08
3923.779 3.0306760568584e-08
3982.101 3.32314889618001e-08
4040.422 2.59135741451421e-08
4098.744 2.71736714607335e-08
4157.065 2.81478521909707e-08
4215.386 2.68921643999825e-08
4273.708 3.18376536779637e-08
4332.029 3.05500012038666e-08
4390.35 2.31856560824587e-08
4448.672 2.16921398575202e-08
4506.993 3.195433648328e-08
4565.315 3.32836634084852e-08
4623.636 2.39099138495859e-08
4681.957 2.61987802608921e-08
4740.279 3.0457936403946e-08
4798.6 3.21384067589657e-08
4799.6 2.47467712845673e-08
4953.131 2.15844297237688e-08
5106.663 2.45413260308741e-08
5260.194 2.31317370935889e-08
5413.725 2.39400141465731e-08
5567.257 2.60185322036733e-08
5720.788 2.51202501387134e-08
5874.32 2.3745398547367e-08
6027.851 2.56409340951866e-08
6181.382 2.60331950032497e-08
6334.914 2.19234958552931e-08
6488.445 2.77404543015028e-08
6641.976 2.24450778248361e-08
6795.508 2.04765853273412e-08
6949.039 2.5210980193476e-08
7102.571 2.66024319798379e-08
7256.102 2.40627375070979e-08
7409.633 1.87620762495349e-08
7563.165 1.60763475490078e-08
7716.696 1.78684916258358e-08
7870.227 1.8791367866527e-08
8023.759 2.25526832682841e-08
8177.29 2.0666445524523e-08
8330.822 2.33947330695502e-08
8484.353 2.83870441930914e-08
8637.884 2.55516253196239e-08
8791.416 2.3596936362566e-08
8944.947 2.35311084571337e-08
9098.478 2.077712881477e-08
9252.01 1.87480158028953e-08
9405.541 1.62323939470962e-08
9559.073 1.42373657527941e-08
9712.604 2.05115206979853e-08
9866.135 1.50734545740486e-08
10019.667 1.78025035785998e-08
10173.198 2.42184932280677e-08
10326.729 2.14065193005196e-08
10480.261 1.81933114659936e-08
10633.792 1.52668758358121e-08
10787.324 1.31125316653179e-08
10940.855 2.02442596144802e-08
11094.386 1.98690279487524e-08
11247.918 1.97346260485591e-08
11401.449 2.04305552093143e-08
11554.98 2.09595804869263e-08
11708.512 1.68916572961771e-08
11862.043 1.50055074332292e-08
12015.575 1.96244066611168e-08
12169.106 2.27093687637485e-08
12322.637 1.99362575873756e-08
12476.169 2.01689727256448e-08
12629.7 1.88443520233862e-08
12630.7 1.56213440936146e-08
13034.822 1.4692757429597e-08
13438.943 1.46851312961181e-08
13843.065 1.49010225738686e-08
14247.186 1.41680808861445e-08
14651.308 1.80424336031615e-08
15055.429 1.58782477986788e-08
15459.551 1.43655212645566e-08
15863.673 1.62723436698755e-08
16267.794 1.48184585703334e-08
16671.916 1.07779986226058e-08
17076.037 1.19644978185221e-08
17480.159 1.32985306834752e-08
17884.28 1.56361279496233e-08
18288.402 1.41673924647602e-08
18692.524 1.37593103024419e-08
19096.645 1.59020397670268e-08
19500.767 1.66281049316287e-08
19904.888 1.35031956660297e-08
20309.01 1.0828825630675e-08
20713.131 1.37166485921332e-08
21117.253 1.60713112792762e-08
21521.375 1.67917715086384e-08
21925.496 1.37862722101591e-08
22329.618 8.64180642541336e-09
22733.739 9.92909157563885e-09
23137.861 1.08275464114173e-08
23541.982 1.19427990946478e-08
23946.104 1.47872921234684e-08
24350.225 1.59293730976464e-08
24754.347 1.35942759537257e-08
25158.469 1.13568738998739e-08
25562.59 1.22903925087848e-08
25966.712 1.20430696199886e-08
26370.833 1.01087782498786e-08
26774.955 1.0839673723232e-08
27179.076 9.55737650623704e-09
27583.198 8.54921632004739e-09
27987.32 1.01398335867781e-08
28391.441 1.14646948499587e-08
28795.563 1.19232785821646e-08
29199.684 1.46001210805196e-08
29603.806 1.61951917955532e-08
30007.927 1.42563776725879e-08
30412.049 1.12243038907135e-08
30816.171 1.04425185516957e-08
31220.292 1.16136825779172e-08
31624.414 1.25823916042749e-08
32028.535 1.10872870225656e-08
32432.657 9.64483182232055e-09
32836.778 8.76825911649679e-09
33240.9 1.23860742031923e-08
33241.9 1.02108087047999e-08
34305.559 1.0419171574016e-08
35369.218 1.01679714908537e-08
36432.876 7.28727133542357e-09
37496.535 7.362315637614e-09
38560.194 8.34721111163277e-09
39623.853 8.53609231004352e-09
40687.512 9.16099985561203e-09
41751.171 9.99893794544538e-09
42814.829 1.06141854859549e-08
43878.488 9.50382398750726e-09
44942.147 7.26316648881048e-09
46005.806 7.49659793129249e-09
47069.465 8.3458321907598e-09
48133.124 8.28552849566116e-09
49196.782 7.75550505297261e-09
50260.441 6.8275109350773e-09
51324.1 7.85613381600032e-09
52387.759 9.45484279878146e-09
53451.418 1.14933792929724e-08
54515.076 1.28511513557101e-08
55578.735 1.11136299762077e-08
56642.394 7.64631129601114e-09
57706.053 7.69784709294308e-09
58769.712 8.54205242079505e-09
59833.371 1.12714520321516e-08
60897.029 1.14094164772509e-08
61960.688 1.0855220360878e-08
63024.347 1.03229825506945e-08
64088.006 9.09893721704857e-09
65151.665 6.89523231057783e-09
66215.324 6.66789683828869e-09
67278.982 7.19388441146724e-09
68342.641 6.89274808493993e-09
69406.3 6.79274589375492e-09
70469.959 7.43605491709541e-09
71533.618 9.98501387953847e-09
72597.276 1.05024379878008e-08
73660.935 1.03600922064189e-08
74724.594 9.16150296070377e-09
75788.253 9.03703434540624e-09
76851.912 8.23587196897981e-09
77915.571 7.67284782725624e-09
78979.229 7.15221250301472e-09
80042.888 6.43976727188802e-09
81106.547 6.57096518369836e-09
82170.206 7.01483599908997e-09
83233.865 7.95230262991504e-09
84297.524 8.33624669201637e-09
85361.182 9.61621068505831e-09
86424.841 9.41879286816011e-09
87488.5 7.96424969454977e-09
87489.5 5.84078138738688e-09
90289.039 5.72312908081595e-09
93088.578 6.41055965542607e-09
95888.118 7.30467023983666e-09
98687.657 7.70456872166861e-09
101487.196 7.19025812704554e-09
104286.735 5.98461204151608e-09
107086.275 7.2506416860642e-09
109885.814 9.50222566478083e-09
112685.353 9.96162023348351e-09
115484.892 9.46927711683659e-09
118284.431 1.00652651476949e-08
121083.971 1.08944556749333e-08
123883.51 1.03527309455982e-08
126683.049 8.52825149260323e-09
129482.588 7.50136064576082e-09
132282.127 3.21118616234899e-09
135081.667 -0
137881.206 -0
140680.745 -0
143480.284 -0
146279.824 4.85677638263008e-09
149079.363 8.10326222836229e-09
151878.902 9.52816944119618e-09
154678.441 6.92048796701869e-09
157477.98 5.55461470242341e-09
160277.52 5.56134421057345e-09
163077.059 8.58924793525095e-09
165876.598 8.78036083543243e-09
168676.137 6.90155630080491e-09
171475.676 6.49309111627666e-09
174275.216 5.96806536695946e-09
177074.755 5.46354237814811e-09
179874.294 6.80147480434143e-09
182673.833 7.22462477293535e-09
185473.373 6.63300723148203e-09
188272.912 5.07373681242725e-09
191072.451 4.3725483101539e-09
193871.99 4.10176581351341e-09
196671.529 5.33154114646113e-09
199471.069 5.69600858986272e-09
202270.608 6.27824083411317e-09
205070.147 6.11792358947205e-09
207869.686 6.11765103391829e-09
210669.225 6.4788761519429e-09
213468.765 6.06389799766701e-09
216268.304 4.83377434308557e-09
219067.843 4.22484383587163e-09
221867.382 4.5608803526852e-09
224666.922 5.34159705986637e-09
227466.461 5.16086792951893e-09
230266 4.91156558516375e-09
230267 5.22165595262973e-09
237635.294 5.78713457170457e-09
245003.588 1.04474799653512e-08
252371.882 4.05053175628374e-08
259740.176 7.05373529120034e-09
267108.471 6.12399211878265e-09
274476.765 4.37853260259117e-09
281845.059 4.4619909991012e-09
289213.353 4.51961078879839e-09
296581.647 5.06249693598413e-09
303949.941 3.75023956955095e-09
311318.235 4.415643944938e-09
318686.529 3.83353761515193e-09
326054.824 3.41523525318251e-09
333423.118 3.77933272091985e-09
340791.412 5.4343876079156e-09
348159.706 6.27280542920374e-09
355528 5.57877017671895e-09
362896.294 4.66529309964685e-09
370264.588 4.92559046213568e-09
377632.882 3.9141631681992e-09
385001.176 4.34580144124442e-09
392369.471 3.4543633326475e-09
399737.765 4.54779560980386e-09
407106.059 6.51427248584649e-09
414474.353 4.10215678272156e-09
421842.647 3.49616297753866e-09
429210.941 1.82215884085376e-09
436579.235 3.92014203643761e-09
443947.529 3.92243589834454e-10
451315.824 5.40254635658555e-09
458684.118 4.52033913948607e-09
466052.412 3.87653384652164e-09
473420.706 4.91418064141479e-09
480789 3.93034780797681e-09
488157.294 3.82227295254306e-09
495525.588 3.67093686252271e-09
502893.882 4.47676767433916e-09
510262.176 4.61735938156278e-09
517630.471 3.23269011995869e-09
524998.765 5.73167215043822e-09
532367.059 3.96347814544489e-09
539735.353 4.29435688685393e-09
547103.647 3.14297104921469e-09
554471.941 3.70353906285079e-09
561840.235 3.67430502279127e-09
569208.529 2.4473626709988e-09
576576.824 4.17412668402418e-09
583945.118 3.52655829998965e-09
591313.412 4.70263052341864e-09
598681.706 3.59367810039047e-09
606050 3.93012285601318e-09
606051 4.74887973271008e-09
625444.118 4.04900779589553e-09
644837.235 3.82939085835643e-09
664230.353 3.40901117596787e-09
683623.471 3.88126992760524e-09
703016.588 2.92451116089102e-09
722409.706 4.82234094258261e-09
741802.824 3.24458373697981e-09
761195.941 3.46016000763836e-09
780589.059 2.29437428457971e-09
799982.176 3.88546141171618e-09
819375.294 3.57143472405853e-09
838768.412 3.37065893454082e-09
858161.529 3.39179501661001e-09
877554.647 3.21931613448845e-09
896947.765 3.15058954447484e-09
916340.882 3.03873793971101e-09
935734 3.5767191571668e-09
955127.118 3.29109408144367e-09
974520.235 3.67553883644967e-09
993913.353 1.9015431844776e-09
1013306.471 3.52823154942334e-09
1032699.588 4.3810952355673e-09
1052092.706 3.84465708843444e-09
1071485.824 3.44978176397299e-09
1090878.941 3.38580180656241e-09
1110272.059 3.06390369220598e-09
1129665.176 4.10702495272771e-09
1149058.294 2.76031535347326e-09
1168451.412 3.28752272661115e-09
1187844.529 3.81060613499361e-09
1207237.647 3.70078814942324e-09
1226630.765 -0
1246023.882 3.08881477306533e-09
1265417 3.59323010122838e-09
1284810.118 2.1583264176144e-09
1304203.235 2.33692053573632e-09
1323596.353 3.45583292467885e-09
1342989.471 3.11475558335564e-09
1362382.588 2.68745144825798e-09
1381775.706 2.73617461721022e-09
1401168.824 2.89784320262034e-09
1420561.941 4.08094039773304e-09
1439955.059 2.81639170711608e-09
1459348.176 2.81268185319725e-09
1478741.294 4.20610465105644e-09
1498134.412 3.301317601559e-09
1517527.529 2.72860028900045e-09
1536920.647 2.3033116977265e-09
1556313.765 2.35912367041588e-09
1575706.882 3.2874842106207e-09
1595100 2.74872771568552e-09
1595100 3.63477688180385e-09
1646141.765 3.87037482169782e-09
1697183.529 2.26570738603613e-09
1748225.294 3.02000279214861e-09
1799267.059 3.5634275215092e-09
1850308.824 2.84519443944207e-09
1901350.588 3.27126007473965e-09
1952392.353 5.35988031093807e-09
2003434.118 3.98049450756424e-09
2054475.882 2.37344328866965e-09
2105517.647 2.13550723838374e-09
2156559.412 4.36147330625539e-09
2207601.176 3.09398242254238e-09
2258642.941 2.80288433748119e-09
2309684.706 2.86944008280732e-09
2360726.471 2.9086063260475e-09
2411768.235 2.85814411585347e-09
2462810 3.08176960125854e-09
2513851.765 2.86302298655286e-09
2564893.529 2.96977209467079e-09
2615935.294 3.76339017668815e-09
2666977.059 2.6885224733474e-09
2718018.824 2.88441394619442e-09
2769060.588 3.55861838644059e-09
2820102.353 1.60583178512095e-09
2871144.118 2.38069202119341e-09
2922185.882 2.36419970507342e-09
2973227.647 4.55626557901647e-09
3024269.412 2.54953655413194e-09
3075311.176 3.4249809244259e-09
3126352.941 3.35361566363399e-09
3177394.706 3.3008656983614e-09
3228436.471 2.47092096626273e-09
3279478.235 2.51657763157304e-09
3330520 2.228307604349e-09
3381561.765 2.35463447492036e-09
3432603.529 3.33133300936661e-09
3483645.294 3.12658168484853e-09
3534687.059 2.45194666525675e-09
3585728.824 3.18628509090107e-09
3636770.588 2.55039472235737e-09
3687812.353 2.6618771528769e-09
3738854.118 2.23400831923927e-09
3789895.882 3.33246065630825e-09
3840937.647 2.14558540681953e-09
3891979.412 2.7350965806151e-09
3943021.176 3.28918345161924e-09
3994062.941 2.57609144063609e-09
4045104.706 2.30459680640228e-09
4096146.471 2.64449174860552e-09
4147188.235 3.59109577853153e-09
4198230 3.22227176269601e-09
4198230 2.25775264786862e-09
4332570.588 3.76307590970519e-09
4466911.176 3.58547760652655e-09
4601251.765 2.77905056032266e-09
4735592.353 2.6948400270289e-09
4869932.941 2.60004212873397e-09
5004273.529 2.98346755165368e-09
5138614.118 4.04057664924559e-09
5272954.706 2.89212958324508e-09
5407295.294 2.32844474373185e-09
5541635.882 2.70632398227918e-09
5675976.471 3.40651699207671e-09
5810317.059 2.38488870688569e-09
5944657.647 2.50423079075145e-09
6078998.235 2.1838716370047e-09
6213338.824 3.17967924927975e-09
6347679.412 2.56876989274539e-09
6482020 2.32189593307308e-09
6616360.588 2.44105309582517e-09
6750701.176 2.99161518931547e-09
6885041.765 2.5033897276552e-09
7019382.353 2.41999150590386e-09
7153722.941 2.60419207656239e-09
7288063.529 2.5486261694146e-09
7422404.118 2.50136338607647e-09
7556744.706 3.80265145433e-09
7691085.294 2.83943357792934e-09
7825425.882 2.55173147972767e-09
7959766.471 2.11685501802587e-09
8094107.059 3.06094607202962e-09
8228447.647 2.96946703469506e-09
8362788.235 2.84420360001365e-09
8497128.824 2.07689602118992e-09
8631469.412 2.59660731085979e-09
8765810 2.05716753388174e-09
8900150.588 1.8575869766579e-09
9034491.176 2.35756302717466e-09
9168831.765 1.89312063276106e-09
9303172.353 3.13729696749399e-09
9437512.941 2.84837746668754e-09
9571853.529 2.22361662405398e-09
9706194.118 3.12171100762947e-09
9840534.706 2.01817944517733e-09
9974875.294 2.08615198871601e-09
10109215.882 2.91660670656028e-09
10243556.471 2.40278379818161e-09
10377897.059 2.66990116876547e-09
10512237.647 1.92326393354338e-09
10646578.235 1.57247547156479e-09
10780918.824 2.61986185833104e-09
10915259.412 2.65747709796554e-09
11049600 2.95055977314827e-09
11049600 2.52354077964155e-09
11403174.51 1.24660298349386e-09
11756749.02 1.7506121852675e-09
12110323.529 2.24334746421616e-09
12463898.039 2.4090693470589e-09
12817472.549 2.31547575380165e-09
13171047.059 2.19291572659443e-09
13524621.569 2.6143278666344e-09
13878196.078 3.15633182797489e-09
14231770.588 3.19425170907095e-09
14585345.098 2.8703933004879e-09
14938919.608 2.03927437959993e-09
15292494.118 2.4292105724668e-09
15646068.627 1.85311211337321e-09
15999643.137 2.38295970304268e-09
16353217.647 2.44310469944917e-09
16706792.157 2.42319020078096e-09
17060366.667 2.40752016443021e-09
17413941.176 2.2476241224195e-09
17767515.686 2.55479835294412e-09
18121090.196 2.97038225844294e-09
18474664.706 2.15740726028665e-09
18828239.216 2.92457510574116e-09
19181813.725 2.67250156884109e-09
19535388.235 2.19295074291017e-09
19888962.745 2.43924541582409e-09
20242537.255 3.12665814640136e-09
20596111.765 1.8617413351116e-09
20949686.275 2.67624010394841e-09
21303260.784 2.28801438593487e-09
21656835.294 2.46960773177008e-09
22010409.804 1.50908884627266e-09
22363984.314 2.34613908451604e-09
22717558.824 2.24092784439418e-09
23071133.333 2.85515352536799e-09
23424707.843 2.4450050048359e-09
23778282.353 2.57696919489123e-09
24131856.863 3.08283689694145e-09
24485431.373 2.7487813444902e-09
24839005.882 2.7049385266638e-09
25192580.392 2.17152217206112e-09
25546154.902 2.48205449575743e-09
25899729.412 2.45160953815255e-09
26253303.922 2.05258253065348e-09
26606878.431 3.17343407014979e-09
26960452.941 1.46013800270906e-09
27314027.451 2.10332816622117e-09
27667601.961 2.2188174161131e-09
28021176.471 3.070273116502e-09
28374750.98 2.32263444580226e-09
28728325.49 2.7146538728421e-09
29081900 1.96485499777669e-09
29081900 1.2995372713078e-09
30012498.039 2.80130565226351e-09
30943096.078 2.12378602199838e-09
31873694.118 2.86044741327265e-09
32804292.157 2.33424987895374e-09
33734890.196 2.08837888092733e-09
34665488.235 2.43850664970237e-09
35596086.275 1.64504388320652e-09
36526684.314 2.58388220421312e-09
37457282.353 2.39821467248877e-09
38387880.392 2.28762244854702e-09
39318478.431 3.01414952817319e-09
40249076.471 2.63433492943892e-09
41179674.51 2.30835787694676e-09
42110272.549 2.06204897456443e-09
43040870.588 2.36899315023213e-09
43971468.627 2.99919625334692e-09
44902066.667 2.65795485497334e-09
45832664.706 2.86513038363974e-09
46763262.745 3.22476744747625e-09
47693860.784 2.08797229845091e-09
48624458.824 3.22340214534432e-09
49555056.863 1.87709703094094e-09
50485654.902 2.39745118676387e-09
51416252.941 2.64794268362494e-09
52346850.98 2.13440004556207e-09
53277449.02 1.86050645663168e-09
54208047.059 2.7935901189805e-09
55138645.098 3.35014045926831e-09
56069243.137 1.42826213035321e-09
56999841.176 3.20178666950509e-09
57930439.216 3.40356350214141e-09
58861037.255 1.50880590685562e-09
59791635.294 2.60311654753694e-09
60722233.333 2.25461282626271e-09
61652831.373 1.648528202937e-09
62583429.412 2.50745244996632e-09
63514027.451 1.13291408247131e-09
64444625.49 2.45404352642361e-09
65375223.529 1.24841418474977e-09
66305821.569 1.62962913279327e-09
67236419.608 1.84021429359204e-09
68167017.647 -0
69097615.686 3.56441695539525e-10
70028213.725 2.59394067112851e-09
70958811.765 3.45411581308448e-09
71889409.804 8.61032232199995e-10
72820007.843 1.22530868046882e-09
73750605.882 2.50307691602542e-09
74681203.922 2.86020624625264e-09
75611801.961 1.79352561332523e-09
76542400 1.79496400258851e-09
76542400 1.66186401679128e-09
78991686.275 2.68174207543496e-09
81440972.549 1.72645126267163e-09
83890258.824 1.93507420234768e-09
86339545.098 -0
88788831.373 -0
91238117.647 4.24993400893996e-10
93687403.922 -0
96136690.196 -0
98585976.471 -0
101035262.745 -0
103484549.02 -0
105933835.294 -0
108383121.569 1.83546465063548e-09
110832407.843 -0
113281694.118 7.24506908431109e-10
115730980.392 4.13026753141965e-09
118180266.667 -0
120629552.941 2.10128402669968e-09
123078839.216 -0
125528125.49 2.79567570809246e-09
127977411.765 -0
130426698.039 -0
132875984.314 -0
135325270.588 -0
137774556.863 3.23422699109689e-09
140223843.137 -0
142673129.412 -0
145122415.686 8.16215219106261e-09
147571701.961 5.89803246679762e-09
150020988.235 1.19906414772969e-09
152470274.51 -0
154919560.784 -0
157368847.059 5.61472535436834e-09
159818133.333 -0
162267419.608 6.58496264118858e-09
164716705.882 5.70479136530548e-09
167165992.157 -0
169615278.431 4.73016722356945e-09
172064564.706 1.30640289781123e-08
174513850.98 -0
176963137.255 1.04941076801145e-08
179412423.529 -0
181861709.804 -0
184310996.078 -0
186760282.353 7.28404718689472e-09
189209568.627 9.91174409667227e-09
191658854.902 -0
194108141.176 7.50408946704901e-09
196557427.451 8.93986411321753e-09
199006713.725 -0
201456000 8.78976203019764e-09
