101 NaN
104.18 131.724741454783
107.361 122.981662674921
110.541 225.729341606419
113.721 385.69452162662
116.902 176.813734608722
120.082 166.310441369107
123.262 64.8946159438303
126.443 67.4491000888803
129.623 118.331842772896
132.803 183.384626187725
135.983 178.226059402122
139.164 127.733231899082
142.344 NaN
145.524 65.0672452829866
148.705 345.387855352503
151.885 467.724590012737
155.065 265.552497763113
158.246 NaN
161.426 140.168780618566
164.606 102.980861823286
167.787 118.740404757804
170.967 211.160203594759
174.147 199.286274812613
177.328 152.845527172853
180.508 86.3142927904013
183.688 NaN
186.868 NaN
190.049 NaN
193.229 NaN
196.409 86.7444997113569
199.59 198.617908914011
202.77 191.281078411052
205.95 116.675108194261
209.131 NaN
212.311 NaN
215.491 NaN
218.672 83.9680854915154
221.852 167.40224261394
225.032 145.014827222663
228.213 120.172714980321
231.393 151.526207511951
234.573 71.4415608691007
237.753 NaN
240.934 NaN
244.114 NaN
247.294 144.706971474644
250.475 238.883338932269
253.655 287.496753630219
256.835 323.561659997089
260.016 224.76782627262
263.196 88.440790420071
264.196 181.869786114423
272.598 129.530308132313
281.001 98.4819048165085
289.403 30.8102888789457
297.806 NaN
306.208 69.7101599209037
314.611 90.1306792549341
323.013 80.7826208224619
331.415 87.7778300292371
339.818 134.792761370222
348.22 161.253429086622
356.623 134.022441102295
365.025 111.145203999932
373.428 77.2875697318305
381.83 76.3546818118414
390.232 125.545214024371
398.635 124.258257816699
407.037 104.951336670799
415.44 96.9050784387197
423.842 81.1572339178055
432.245 105.14594916026
440.647 NaN
449.049 NaN
457.452 NaN
465.854 NaN
474.257 73.4396196863703
482.659 92.1111562707388
491.062 73.9168690560496
499.464 65.6204273761147
507.867 37.0692533043066
516.269 38.6758357381598
524.671 57.1667706716563
533.074 30.3094944717394
541.476 NaN
549.879 NaN
558.281 NaN
566.684 NaN
575.086 14.2643905631332
583.488 51.2561390387818
591.891 76.5480787178216
600.293 100.196160008477
608.696 104.046765489693
617.098 107.040074074981
625.501 77.6357885716832
633.903 41.2439856656642
642.305 14.6268278225703
650.708 51.9324104338128
659.11 67.9531353400846
667.513 98.6374454985113
675.915 92.9078384397355
684.318 65.7508200646988
692.72 45.0319948846411
693.72 59.3470751379249
715.867 70.9188212965935
738.014 52.3916500234342
760.161 53.2285683199108
782.307 66.481267057627
804.454 81.7868973334373
826.601 44.7422536651596
848.748 9.5762489698171
870.895 62.086961030794
893.042 50.0688738691527
915.189 64.5759660708115
937.335 NaN
959.482 NaN
981.629 NaN
1003.776 52.8446671062446
1025.923 54.4423748372729
1048.07 70.914786833633
1070.217 NaN
1092.364 38.2623883683049
1114.51 51.1403583159392
1136.657 33.9224305424193
1158.804 37.3449420033748
1180.951 17.4928971605202
1203.098 NaN
1225.245 NaN
1247.392 NaN
1269.538 7.63881999493201
1291.685 33.2426349896411
1313.832 40.9990974642824
1335.979 NaN
1358.126 NaN
1380.273 NaN
1402.42 35.3104127223157
1424.566 19.1431684818442
1446.713 17.6521211644988
1468.86 22.451592325463
1491.007 41.4105947951195
1513.154 63.8116229174054
1535.301 6.71399996643856
1557.448 NaN
1579.595 NaN
1601.741 19.9286174651238
1623.888 NaN
1646.035 5.10607098186758
1668.182 33.3857864158079
1690.329 31.0162542923958
1712.476 35.2312224274377
1734.623 34.2153374987436
1756.769 31.3290860368586
1778.916 21.3680094798077
1801.063 33.5824076218367
1823.21 51.5043060087778
1824.21 26.8499838906729
1882.531 16.9683181504755
1940.853 39.5524071991454
1999.174 69.7486707961838
2057.495 38.610195385506
2115.817 NaN
2174.138 36.4597118614276
2232.46 27.4717417474153
2290.781 26.2229041164064
2349.102 21.0701902978084
2407.424 19.5384330199022
2465.745 8.54096444962763
2524.066 15.3341898527976
2582.388 18.0517648459449
2640.709 21.6046761473533
2699.031 23.5687564935133
2757.352 30.37175098844
2815.673 24.0300189621718
2873.995 29.3351511630483
2932.316 29.5583218392109
2990.637 40.5824051287345
3048.959 34.4836669620165
3107.28 29.3833916574255
3165.602 28.6215739402317
3223.923 26.859027775937
3282.244 27.6031504253661
3340.566 23.7545925978296
3398.887 24.6626347542796
3457.208 30.7396800804105
3515.53 27.2481025355311
3573.851 18.772469888407
3632.173 13.5362485486798
3690.494 11.0669846665212
3748.815 17.4190331525743
3807.137 12.9847604393867
3865.458 12.9031529474107
3923.779 15.2383641425383
3982.101 18.8586077786774
4040.422 42.7912323710231
4098.744 37.3186165392888
4157.065 23.801911348192
4215.386 16.7136415828471
4273.708 17.6170024728894
4332.029 11.5486490939727
4390.35 19.2867952839175
4448.672 25.3083128763699
4506.993 28.7703770992741
4565.315 16.6283043369468
4623.636 17.6438072567052
4681.957 16.5305483655924
4740.279 15.4535930552468
4798.6 12.227768558788
4799.6 9.96107706351671
4953.131 14.5481813974183
5106.663 13.4501261244764
5260.194 12.492473055139
5413.725 15.7085329290136
5567.257 14.3243941859044
5720.788 17.5370670760197
5874.32 5.11214842658451
6027.851 14.7968904638544
6181.382 21.3944441506862
6334.914 11.8965086762439
6488.445 14.1900052314569
6641.976 8.56680513725082
6795.508 6.7687627683384
6949.039 8.18257803504656
7102.571 9.00237832559137
7256.102 15.1960249369922
7409.633 21.096551835749
7563.165 20.0712113163412
7716.696 11.8903908528127
7870.227 12.0305790139423
8023.759 14.4178425168952
8177.29 4.38733162869603
8330.822 15.427837551925
8484.353 20.5477562620792
8637.884 14.3345887223018
8791.416 10.8851579148895
8944.947 11.7801664775505
9098.478 13.3949768533452
9252.01 14.4367363913619
9405.541 10.802275755313
9559.073 16.5814679899507
9712.604 15.4880416162916
9866.135 15.4675455540744
10019.667 13.1792312716492
10173.198 10.0665606478225
10326.729 8.07324591090506
10480.261 7.95888897321176
10633.792 6.88388777814622
10787.324 8.38041716845269
10940.855 13.7400210154333
11094.386 16.2802200352669
11247.918 16.7985533539741
11401.449 18.4717624011831
11554.98 14.8706533620939
11708.512 5.59030641761697
11862.043 12.3291069625339
12015.575 10.7021789568072
12169.106 11.4689723673429
12322.637 8.99678308995736
12476.169 7.08725584446677
12629.7 12.2145122909758
12630.7 15.2844611927049
13034.822 15.0866838879641
13438.943 10.3285934610444
13843.065 9.52222942228194
14247.186 8.63530961618314
14651.308 10.2190585887172
15055.429 8.70564945706759
15459.551 3.40762476732939
15863.673 NaN
16267.794 6.96668809023284
16671.916 8.38343159602291
17076.037 8.9493284103066
17480.159 7.99588174770855
17884.28 7.56290554430222
18288.402 9.78369437747093
18692.524 11.4238348162946
19096.645 10.7699143027334
19500.767 12.6271983213617
19904.888 14.5038153146494
20309.01 12.9221634070369
20713.131 10.3730099716715
21117.253 8.73996587093693
21521.375 7.29734571749569
21925.496 7.68076241403974
22329.618 8.44656157726103
22733.739 7.76894526263271
23137.861 7.7941133051978
23541.982 8.11115049502417
23946.104 6.63553486522021
24350.225 NaN
24754.347 NaN
25158.469 7.77183588203117
25562.59 10.2601356661819
25966.712 10.3761975835814
26370.833 11.8081890056688
26774.955 9.62633947206749
27179.076 5.82161175060127
27583.198 4.43916527148922
27987.32 5.64871568719784
28391.441 NaN
28795.563 NaN
29199.684 4.62301341652227
29603.806 6.08391517702588
30007.927 7.64304317900342
30412.049 6.1583914382099
30816.171 10.3349518581058
31220.292 9.60780218153043
31624.414 2.48311875001164
32028.535 NaN
32432.657 NaN
32836.778 7.09248921829207
33240.9 12.0576437189772
33241.9 10.5419064600817
34305.559 7.34977472690087
35369.218 NaN
36432.876 5.10143232423771
37496.535 8.0447860282666
38560.194 7.96468920096776
39623.853 NaN
40687.512 NaN
41751.171 NaN
42814.829 5.18565149204754
43878.488 4.98622638104966
44942.147 4.54656379790152
46005.806 6.33597765410983
47069.465 7.79239436062064
48133.124 6.4570480528509
49196.782 4.07295604034511
50260.441 4.02063332940815
51324.1 7.26572909849247
52387.759 8.20157160268628
53451.418 6.77226181936404
54515.076 4.23453359755099
55578.735 1.23081111735364
56642.394 NaN
57706.053 NaN
58769.712 NaN
59833.371 NaN
60897.029 NaN
61960.688 NaN
63024.347 NaN
64088.006 NaN
65151.665 5.04542762729738
66215.324 4.68701934741376
67278.982 5.04612622607029
68342.641 7.14892363772245
69406.3 8.3227755935375
70469.959 7.87634972131121
71533.618 5.66717720054771
72597.276 4.78945090712672
73660.935 5.08780796455496
74724.594 3.92331287041717
75788.253 4.161418825573
76851.912 2.37480123971091
77915.571 6.38681638598026
78979.229 10.3169949077059
80042.888 9.85028078742097
81106.547 8.61573617139968
82170.206 7.81801836289846
83233.865 9.69055425332119
84297.524 9.68050307533744
85361.182 7.13420775596811
86424.841 7.34335292416656
87488.5 7.73037435299637
87489.5 4.88645221931535
90289.039 5.22546010184182
93088.578 6.9098654011193
95888.118 8.38684905625685
98687.657 7.46748861490753
101487.196 7.48582111174283
104286.735 6.76617628950779
107086.275 5.26258995343905
109885.814 4.20488156812838
112685.353 5.67793718833202
115484.892 5.69888596890162
118284.431 6.8057418837867
121083.971 6.71796570160632
123883.51 6.78701851675422
126683.049 6.33086048175626
129482.588 6.13745333845508
132282.127 2.23504970033871
135081.667 NaN
137881.206 NaN
140680.745 1.26685287855429
143480.284 NaN
146279.824 2.94726331330584
149079.363 4.29818480063478
151878.902 5.61337668757227
154678.441 7.28135596736505
157477.98 7.55971304276452
160277.52 8.07257419206372
163077.059 7.33768876959095
165876.598 6.58071920743661
168676.137 7.11058020871647
171475.676 7.49647483964109
174275.216 8.11223987717024
177074.755 8.10917922079442
179874.294 6.70180214662611
182673.833 6.7784512457885
185473.373 6.73439966904037
188272.912 5.87542725619097
191072.451 4.14393012652978
193871.99 3.46759820375106
196671.529 3.95011052421361
199471.069 5.57271792535291
202270.608 6.77526173778243
205070.147 8.18833086957623
207869.686 7.2715146945802
210669.225 7.77641274201558
213468.765 8.24914162869942
216268.304 7.81263318664375
219067.843 8.89381078148623
221867.382 9.53087487689018
224666.922 7.81712778895589
227466.461 5.92804138191211
230266 4.60397533529267
230267 7.76329892305681
237635.294 57.8774628854351
245003.588 61.2231728644085
252371.882 4.48858963171619
259740.176 5.92728558187965
267108.471 NaN
274476.765 8.84626853511156
281845.059 9.37689503835203
289213.353 6.73312468636021
296581.647 5.58883888200289
303949.941 5.27202098454859
311318.235 3.84272965582223
318686.529 3.61564020487524
326054.824 7.19993219296852
333423.118 9.67260417543743
340791.412 8.6697033470438
348159.706 8.19155166132806
355528 3.9802008829807
362896.294 3.50166640872274
370264.588 6.75597645348695
377632.882 3.41693498862206
385001.176 4.14412879295768
392369.471 7.45546513390055
399737.765 1.14024620202584
407106.059 2.33852131029987
414474.353 3.47490112981003
421842.647 6.39419558999248
429210.941 3.80682465937712
436579.235 4.49756341756243
443947.529 6.39306714594616
451315.824 6.64544279939118
458684.118 5.39180820136746
466052.412 7.83604591073826
473420.706 6.30966114376123
480789 8.74065022638293
488157.294 5.31937238503393
495525.588 5.42179346556499
502893.882 5.23108598832975
510262.176 7.89680801447077
517630.471 5.60215631500544
524998.765 5.92005845705271
532367.059 5.96934212929075
539735.353 4.67261647968746
547103.647 4.34328298797891
554471.941 5.39117638236701
561840.235 5.00338836992779
569208.529 NaN
576576.824 2.67534990987077
583945.118 7.63821053231691
591313.412 4.04386034596395
598681.706 3.24033594481663
606050 7.13056734913914
606051 5.06176122844354
625444.118 5.85217277691731
644837.235 5.31274511836007
664230.353 NaN
683623.471 5.78500797688999
703016.588 7.91318255722964
722409.706 3.53588926330428
741802.824 5.61656857623482
761195.941 5.42849349190422
780589.059 2.30670511616696
799982.176 5.08728992919767
819375.294 4.04440150811106
838768.412 4.82405153002057
858161.529 3.9695346644549
877554.647 NaN
896947.765 4.90778791202148
916340.882 5.73198902098585
935734 5.16636608108314
955127.118 5.11621387880336
974520.235 NaN
993913.353 2.20297679507272
1013306.471 4.87535559292881
1032699.588 8.10989334684893
1052092.706 5.43108970582284
1071485.824 6.56771572093471
1090878.941 2.26670906078297
1110272.059 6.23501999727101
1129665.176 8.02275924274979
1149058.294 6.1840987627384
1168451.412 4.03313801273704
1187844.529 5.37769136592445
1207237.647 6.22307113226448
1226630.765 3.79957893292673
1246023.882 1.70145348819235
1265417 6.18885854731422
1284810.118 6.22390563846277
1304203.235 NaN
1323596.353 4.37790125728163
1342989.471 6.78502496365968
1362382.588 5.76328121861766
1381775.706 6.96401260157996
1401168.824 4.44594531269297
1420561.941 6.04169613129103
1439955.059 NaN
1459348.176 NaN
1478741.294 6.50266697914228
1498134.412 2.46271106779991
1517527.529 NaN
1536920.647 5.51074512398892
1556313.765 5.00509998320536
1575706.882 4.97542239266706
1595100 5.93542535796451
1595100 NaN
1646141.765 3.57756292479004
1697183.529 9.95069451748499
1748225.294 4.05356064067446
1799267.059 6.97803919066218
1850308.824 2.61216907630316
1901350.588 NaN
1952392.353 2.34180341604328
2003434.118 3.90310733510075
2054475.882 6.46838617232354
2105517.647 6.08410071557515
2156559.412 2.08319876262931
2207601.176 NaN
2258642.941 4.87251971127426
2309684.706 3.80139834034436
2360726.471 3.86883311151023
2411768.235 NaN
2462810 5.10722992391409
2513851.765 5.41533546546123
2564893.529 6.90385026657065
2615935.294 7.34382408225251
2666977.059 NaN
2718018.824 5.31457921564647
2769060.588 4.34237726001192
2820102.353 NaN
2871144.118 4.01239447944388
2922185.882 7.43422787722821
2973227.647 4.75853614538595
3024269.412 5.67703375260989
3075311.176 3.45691299019058
3126352.941 4.18519815216665
3177394.706 4.49569475465659
3228436.471 4.39059000307531
3279478.235 6.35981011165096
3330520 2.16561826106103
3381561.765 1.90612281130723
3432603.529 6.12735328700987
3483645.294 2.53953187679724
3534687.059 5.06487051320024
3585728.824 2.71935608965659
3636770.588 5.35868967319018
3687812.353 2.31612531291464
3738854.118 5.58678479954272
3789895.882 5.18578233584325
3840937.647 4.10227544079311
3891979.412 7.6145093331758
3943021.176 3.57778218730429
3994062.941 6.59564392853378
4045104.706 4.71962944949379
4096146.471 NaN
4147188.235 6.33018979694729
4198230 3.80913752855118
4198230 4.81226820588497
4332570.588 6.63459145802588
4466911.176 4.6458738032321
4601251.765 NaN
4735592.353 6.81596095659253
4869932.941 3.79947142734803
5004273.529 NaN
5138614.118 3.3115733408474
5272954.706 4.4853905273032
5407295.294 NaN
5541635.882 4.52108631102397
5675976.471 5.82584359574832
5810317.059 8.11910981273758
5944657.647 6.63986119994045
6078998.235 NaN
6213338.824 4.2518503901707
6347679.412 NaN
6482020 3.53704970345402
6616360.588 4.81060473199727
6750701.176 1.98511475045076
6885041.765 5.45299691652287
7019382.353 7.03971595678756
7153722.941 5.4500124028192
7288063.529 5.49856611356979
7422404.118 4.08730774322166
7556744.706 6.02108155425855
7691085.294 3.3952495840914
7825425.882 5.42086112658345
7959766.471 NaN
8094107.059 2.69373542216237
8228447.647 4.22463993726032
8362788.235 NaN
8497128.824 4.92894683350212
8631469.412 1.78961909540895
8765810 2.41527317802766
8900150.588 8.48533932416587
9034491.176 3.75308841339982
9168831.765 2.6303794007222
9303172.353 6.01447452298763
9437512.941 3.6228227747962
9571853.529 2.29579643983825
9706194.118 1.45572716976535
9840534.706 0.973500095997921
9974875.294 2.14433102298714
10109215.882 4.79896413074217
10243556.471 4.64156653225738
10377897.059 3.99686358561442
10512237.647 NaN
10646578.235 0.95373636484479
10780918.824 4.87849079970775
10915259.412 NaN
11049600 NaN
11049600 4.61042412156678
11403174.51 6.59148857639324
11756749.02 3.99590206967822
12110323.529 5.99210467304734
12463898.039 1.92272790216022
12817472.549 2.32583126944511
13171047.059 5.43944878466292
13524621.569 2.66801962491499
13878196.078 3.80351600666206
14231770.588 7.38348689320332
14585345.098 4.43271747741968
14938919.608 2.01624522199951
15292494.118 0.373545782255967
15646068.627 5.77762532451332
15999643.137 NaN
16353217.647 NaN
16706792.157 5.42812164856025
17060366.667 NaN
17413941.176 NaN
17767515.686 3.97823701614444
18121090.196 7.71934003069263
18474664.706 2.35096734267051
18828239.216 6.4414235071395
19181813.725 5.70240998058034
19535388.235 NaN
19888962.745 3.85260845713489
20242537.255 6.737986159461
20596111.765 7.26333213378626
20949686.275 5.31558071091562
21303260.784 6.44146632137898
21656835.294 4.22314207800963
22010409.804 NaN
22363984.314 2.05464845785388
22717558.824 NaN
23071133.333 NaN
23424707.843 2.45186280910328
23778282.353 4.53663054031894
24131856.863 NaN
24485431.373 2.21252077027628
24839005.882 4.25454752021131
25192580.392 NaN
25546154.902 NaN
25899729.412 4.82000067626826
26253303.922 NaN
26606878.431 5.47213039924273
26960452.941 1.89538618032493
27314027.451 NaN
27667601.961 4.18666247809696
28021176.471 4.02658098305256
28374750.98 5.72085914376467
28728325.49 5.94051667656307
29081900 5.29547153978063
29081900 6.08676096989733
30012498.039 4.32552837970835
30943096.078 4.77910329246331
31873694.118 7.17697313496141
32804292.157 5.47517687578112
33734890.196 5.29383511002521
34665488.235 7.11269281639801
35596086.275 5.969172603191
36526684.314 4.29983263936333
37457282.353 5.20912995354656
38387880.392 3.89171150956326
39318478.431 6.90829376918987
40249076.471 5.70664901449551
41179674.51 4.92703168796617
42110272.549 3.50050525080145
43040870.588 3.56208457803607
43971468.627 5.79989407125324
44902066.667 2.72160508216528
45832664.706 4.71433890976511
46763262.745 6.16316572625284
47693860.784 5.57062331288324
48624458.824 3.55591127175169
49555056.863 4.95733803166338
50485654.902 9.49246638027504
51416252.941 7.26926812134263
52346850.98 3.4224905852122
53277449.02 2.3380309545169
54208047.059 6.32499729007444
55138645.098 7.60171264507369
56069243.137 NaN
56999841.176 NaN
57930439.216 2.23243510141887
58861037.255 4.89642183724057
59791635.294 6.16519278199126
60722233.333 NaN
61652831.373 NaN
62583429.412 NaN
63514027.451 NaN
64444625.49 4.55242317419294
65375223.529 NaN
66305821.569 5.36745787869159
67236419.608 7.78045437380725
68167017.647 NaN
69097615.686 NaN
70028213.725 NaN
70958811.765 NaN
71889409.804 NaN
72820007.843 NaN
73750605.882 NaN
74681203.922 NaN
75611801.961 NaN
76542400 NaN
76542400 3.17618091273856
78991686.275 12.0800024515746
81440972.549 8.40520206582708
83890258.824 NaN
86339545.098 NaN
88788831.373 NaN
91238117.647 7.68221034034241
93687403.922 NaN
96136690.196 NaN
98585976.471 NaN
101035262.745 7.854395302964
103484549.02 NaN
105933835.294 NaN
108383121.569 NaN
110832407.843 NaN
113281694.118 NaN
115730980.392 NaN
118180266.667 9.74170807954019
120629552.941 13.0157750004481
123078839.216 NaN
125528125.49 NaN
127977411.765 NaN
130426698.039 26.3501548319931
132875984.314 NaN
135325270.588 NaN
137774556.863 8.47389335385481
140223843.137 15.4875921875184
142673129.412 NaN
145122415.686 32.1830742720549
147571701.961 31.9820694878396
150020988.235 19.3490447631777
152470274.51 22.5681217855702
154919560.784 23.2204818811568
157368847.059 NaN
159818133.333 NaN
162267419.608 NaN
164716705.882 NaN
167165992.157 NaN
169615278.431 NaN
172064564.706 NaN
174513850.98 28.385786035528
176963137.255 NaN
179412423.529 NaN
181861709.804 32.7146684842814
184310996.078 12.9861991115765
186760282.353 NaN
189209568.627 38.2216269899649
191658854.902 27.9430678261493
194108141.176 NaN
196557427.451 NaN
199006713.725 16.4744657843654
201456000 15.2997927426046
