101 1.11804454122551e-05
104.18 8.66834167696867e-06
107.361 6.8049536606082e-06
110.541 7.64435841190057e-06
113.721 1.05725905868658e-05
116.902 1.12690952327354e-05
120.082 1.09588002649078e-05
123.262 1.08529224784587e-05
126.443 1.07048469871224e-05
129.623 9.2131272211105e-06
132.803 7.64685656339386e-06
135.983 7.89784194364672e-06
139.164 7.46332034663242e-06
142.344 5.80960572004373e-06
145.524 6.81609286263612e-06
148.705 1.06555349277308e-05
151.885 1.10135152123881e-05
155.065 1.10105150058876e-05
158.246 9.40428408029548e-06
161.426 8.07061271253738e-06
164.606 8.8577553094043e-06
167.787 9.00246610940182e-06
170.967 8.0050479224301e-06
174.147 8.77000558409251e-06
177.328 9.51795748420838e-06
180.508 1.0024910765838e-05
183.688 9.65849826969848e-06
186.868 9.80730621640649e-06
190.049 8.86610153002386e-06
193.229 7.22692657742532e-06
196.409 7.76032879311693e-06
199.59 1.13177481947014e-05
202.77 1.43725876744489e-05
205.95 1.41207360560331e-05
209.131 1.15522323936796e-05
212.311 1.0473307573041e-05
215.491 9.65534752720357e-06
218.672 8.67424726462416e-06
221.852 7.93066914082152e-06
225.032 7.51430463818614e-06
228.213 7.2140973010043e-06
231.393 6.20760064657486e-06
234.573 5.5743121341161e-06
237.753 6.94541329692955e-06
240.934 6.41519976999206e-06
244.114 5.72740112505958e-06
247.294 7.72694075436959e-06
250.475 9.69909541867385e-06
253.655 1.0068358289766e-05
256.835 9.40396563844588e-06
260.016 6.66573896915261e-06
263.196 6.79539494499559e-06
264.196 7.10836726964831e-06
272.598 7.16822966054555e-06
281.001 6.97012938670135e-06
289.403 6.25624779940619e-06
297.806 5.6384969700438e-06
306.208 4.76291976926103e-06
314.611 5.14474288792676e-06
323.013 5.49408203206275e-06
331.415 5.7515638240892e-06
339.818 6.80561834947265e-06
348.22 7.47312464501992e-06
356.623 7.45755954911726e-06
365.025 6.89593270376879e-06
373.428 5.97875867506788e-06
381.83 6.14105724334716e-06
390.232 7.58766789124496e-06
398.635 8.90778445559711e-06
407.037 9.41009911358161e-06
415.44 9.48518349747073e-06
423.842 6.79924261484472e-06
432.245 6.23578259766707e-06
440.647 6.43161000901273e-06
449.049 6.57603983679667e-06
457.452 6.47513254882955e-06
465.854 6.11770869935883e-06
474.257 5.68456254544177e-06
482.659 5.1107817835332e-06
491.062 5.74682590521926e-06
499.464 6.1597929214242e-06
507.867 6.88406660814534e-06
516.269 6.7204942598483e-06
524.671 6.37568875424911e-06
533.074 6.05368110079531e-06
541.476 6.0729994965126e-06
549.879 6.50825664353575e-06
558.281 6.59890494911614e-06
566.684 6.55325348323379e-06
575.086 5.83902534001296e-06
583.488 5.39199022360873e-06
591.891 5.09855379545438e-06
600.293 5.75997537893353e-06
608.696 6.88019220872237e-06
617.098 8.3696873911315e-06
625.501 7.92986088774937e-06
633.903 7.28232709799776e-06
642.305 7.28199516553539e-06
650.708 7.446475571481e-06
659.11 7.34403411590742e-06
667.513 6.33610559343569e-06
675.915 5.28874157347388e-06
684.318 4.34832368053816e-06
692.72 4.23550548026966e-06
693.72 5.11307931459858e-06
715.867 5.429242235122e-06
738.014 5.2918721472689e-06
760.161 5.74111394319884e-06
782.307 4.55194082461987e-06
804.454 5.81109532420187e-06
826.601 4.70329849097104e-06
848.748 4.79902671634522e-06
870.895 3.29525210410084e-06
893.042 3.18902906987741e-06
915.189 4.77047651697613e-06
937.335 4.32945184910681e-06
959.482 4.55430173774832e-06
981.629 5.80308775657967e-06
1003.776 5.16118708256302e-06
1025.923 4.43910241114137e-06
1048.07 5.52977604741656e-06
1070.217 4.91683782870955e-06
1092.364 4.16539890833668e-06
1114.51 2.85145333617824e-06
1136.657 3.23405216488754e-06
1158.804 2.92012781030095e-06
1180.951 3.00431423011807e-06
1203.098 2.99475079262449e-06
1225.245 3.78062477888686e-06
1247.392 3.76223876700985e-06
1269.538 3.07866631000415e-06
1291.685 3.5082221401038e-06
1313.832 2.8128258647325e-06
1335.979 3.31820553150675e-06
1358.126 3.42862402233655e-06
1380.273 4.07004093825732e-06
1402.42 4.44907476740548e-06
1424.566 3.89713942031931e-06
1446.713 3.27704295613938e-06
1468.86 3.4031873210104e-06
1491.007 3.81144249278229e-06
1513.154 3.44170803581045e-06
1535.301 3.46087326040267e-06
1557.448 3.50262056342014e-06
1579.595 3.69088689361522e-06
1601.741 3.20415151511762e-06
1623.888 3.21114789520194e-06
1646.035 3.22611824823575e-06
1668.182 3.91897740285156e-06
1690.329 3.70922857139334e-06
1712.476 2.47945065274259e-06
1734.623 3.18157556969691e-06
1756.769 3.52481620325142e-06
1778.916 2.8733734180396e-06
1801.063 2.59834864545989e-06
1823.21 2.87583608313543e-06
1824.21 3.2717573784337e-06
1882.531 2.81272626564056e-06
1940.853 1.90793473632504e-06
1999.174 2.97224682956139e-06
2057.495 2.89135470265228e-06
2115.817 3.16666750244373e-06
2174.138 2.2878172422796e-06
2232.46 2.85068002578909e-06
2290.781 2.84568571289734e-06
2349.102 2.23173150117217e-06
2407.424 1.85785300253432e-06
2465.745 2.42888480822917e-06
2524.066 3.15454197302226e-06
2582.388 3.59392546771702e-06
2640.709 3.38129936846343e-06
2699.031 3.10373098081459e-06
2757.352 3.038375713531e-06
2815.673 2.83928141255511e-06
2873.995 2.49642839768719e-06
2932.316 2.21872617088844e-06
2990.637 2.28369188514654e-06
3048.959 1.81977589634788e-06
3107.28 1.97546572018705e-06
3165.602 2.58187066976616e-06
3223.923 2.72795320075132e-06
3282.244 2.25328650721775e-06
3340.566 3.10270833797618e-06
3398.887 2.68611214039526e-06
3457.208 2.50898769384822e-06
3515.53 2.18896312346171e-06
3573.851 2.35472582454701e-06
3632.173 2.7556177896545e-06
3690.494 2.09553131428409e-06
3748.815 2.48364405425579e-06
3807.137 2.17374781242287e-06
3865.458 1.64207769988069e-06
3923.779 1.90689037444876e-06
3982.101 2.11663115827927e-06
4040.422 2.33287588076449e-06
4098.744 2.94219330329438e-06
4157.065 3.12607236281896e-06
4215.386 2.4225148543789e-06
4273.708 2.42061086937657e-06
4332.029 2.26478277828635e-06
4390.35 2.16815379995982e-06
4448.672 1.84456994480491e-06
4506.993 1.9388685613389e-06
4565.315 2.75033351707788e-06
4623.636 2.16537216403623e-06
4681.957 1.89399099036437e-06
4740.279 2.1390983624125e-06
4798.6 1.54941006869651e-06
4799.6 1.77924964773832e-06
4953.131 1.79977502927807e-06
5106.663 2.31258675042688e-06
5260.194 2.07789187165353e-06
5413.725 1.42303964326643e-06
5567.257 1.43664580931754e-06
5720.788 1.75525804835168e-06
5874.32 2.21283490820087e-06
6027.851 2.43683073985109e-06
6181.382 1.99965561687659e-06
6334.914 1.99713565778556e-06
6488.445 2.24594006134619e-06
6641.976 2.30051277525646e-06
6795.508 1.2338506938433e-06
6949.039 1.50308974960232e-06
7102.571 1.8322869021594e-06
7256.102 1.51386413621853e-06
7409.633 1.44030172702595e-06
7563.165 1.43622827451958e-06
7716.696 1.57051157875238e-06
7870.227 2.62962826187096e-06
8023.759 2.000351384272e-06
8177.29 1.706760798474e-06
8330.822 1.87021342259806e-06
8484.353 1.9020274643909e-06
8637.884 1.91358484834382e-06
8791.416 1.89774327424619e-06
8944.947 1.58377826348133e-06
9098.478 1.58989235100544e-06
9252.01 1.1505342314808e-06
9405.541 1.22241678329625e-06
9559.073 1.39541373434201e-06
9712.604 1.95643409106508e-06
9866.135 1.86737710417705e-06
10019.667 1.50273226349103e-06
10173.198 1.47453822475793e-06
10326.729 1.7324222560915e-06
10480.261 1.72443948137218e-06
10633.792 1.92254097342741e-06
10787.324 1.96311515955786e-06
10940.855 1.55644018708927e-06
11094.386 1.23269811062604e-06
11247.918 1.60927610401517e-06
11401.449 1.335433125276e-06
11554.98 1.48049739952409e-06
11708.512 1.59633109514665e-06
11862.043 1.3152006613501e-06
12015.575 1.39828009283297e-06
12169.106 1.33080336189599e-06
12322.637 1.37936593497038e-06
12476.169 1.21331677515658e-06
12629.7 1.016169662587e-06
12630.7 1.95108903786342e-06
13034.822 1.81569317199725e-06
13438.943 1.63761094251075e-06
13843.065 1.66405028808035e-06
14247.186 1.36734137374769e-06
14651.308 1.08972187003104e-06
15055.429 1.20084343298378e-06
15459.551 1.17378627157991e-06
15863.673 1.22475895006404e-06
16267.794 1.42412556828827e-06
16671.916 1.55021017994139e-06
17076.037 1.85456877607269e-06
17480.159 1.72956999381487e-06
17884.28 1.28200869153264e-06
18288.402 1.19370436155916e-06
18692.524 1.18028618408957e-06
19096.645 1.22733361909905e-06
19500.767 1.10099624467604e-06
19904.888 1.10023449387845e-06
20309.01 1.11659705364848e-06
20713.131 1.35897240090147e-06
21117.253 1.15126796033284e-06
21521.375 9.47388791707037e-07
21925.496 1.17791258044837e-06
22329.618 1.44982368518396e-06
22733.739 1.41541693342573e-06
23137.861 1.04941263330156e-06
23541.982 1.05642693222463e-06
23946.104 1.1687963996619e-06
24350.225 1.00608453169666e-06
24754.347 7.83703685092387e-07
25158.469 8.1161933026447e-07
25562.59 1.02812852263799e-06
25966.712 1.09764042358907e-06
26370.833 8.78252608240156e-07
26774.955 8.75389659478872e-07
27179.076 1.06294531124638e-06
27583.198 1.10521632267816e-06
27987.32 1.14786728366956e-06
28391.441 1.21769388717231e-06
28795.563 1.44228809251545e-06
29199.684 1.42122278208834e-06
29603.806 1.18904321383039e-06
30007.927 8.47271252285998e-07
30412.049 9.4659169144811e-07
30816.171 1.1810279185781e-06
31220.292 1.16053289186866e-06
31624.414 1.07635332809099e-06
32028.535 9.2212054323677e-07
32432.657 7.99783039335711e-07
32836.778 8.22170179456567e-07
33240.9 8.11394271498113e-07
33241.9 6.93828589434977e-07
34305.559 6.55124349995884e-07
35369.218 6.18177237231427e-07
36432.876 7.42750205548955e-07
37496.535 7.73624981092064e-07
38560.194 8.74991239675757e-07
39623.853 8.17545375050652e-07
40687.512 7.74168088699644e-07
41751.171 8.35404426060748e-07
42814.829 1.051713292122e-06
43878.488 1.09829307669587e-06
44942.147 9.84415636922426e-07
46005.806 9.42570880853718e-07
47069.465 8.18924417862731e-07
48133.124 7.10839340101247e-07
49196.782 7.86966145541237e-07
50260.441 8.92768200604865e-07
51324.1 9.47281910708498e-07
52387.759 9.04390935276975e-07
53451.418 8.47025355508984e-07
54515.076 8.66113537092319e-07
55578.735 8.44553024143984e-07
56642.394 7.09689996338584e-07
57706.053 6.24334216813381e-07
58769.712 6.17123509339108e-07
59833.371 8.52774109639801e-07
60897.029 9.40687001605555e-07
61960.688 9.45212079659582e-07
63024.347 7.96891570338918e-07
64088.006 6.83965106643424e-07
65151.665 6.97518434733155e-07
66215.324 7.50200740725679e-07
67278.982 7.76448859660793e-07
68342.641 8.31296498344067e-07
69406.3 8.70699039658457e-07
70469.959 8.50469946305118e-07
71533.618 6.5704449741665e-07
72597.276 6.56404207386154e-07
73660.935 6.40823559715516e-07
74724.594 4.70497751194449e-07
75788.253 5.36674730162386e-07
76851.912 7.64533953624516e-07
77915.571 8.13002646422795e-07
78979.229 8.38091580580086e-07
80042.888 8.49248758042827e-07
81106.547 8.00437803982552e-07
82170.206 7.31775190010051e-07
83233.865 6.35626529245611e-07
84297.524 5.83929433998124e-07
85361.182 6.82149440640049e-07
86424.841 7.15962308657927e-07
87488.5 6.6007853642302e-07
87489.5 7.62159633576359e-07
90289.039 7.33636958274696e-07
93088.578 6.73795940511752e-07
95888.118 6.21342341806504e-07
98687.657 4.53967305952593e-07
101487.196 4.8239106076987e-07
104286.735 6.07884093805885e-07
107086.275 6.3910992724094e-07
109885.814 6.32740388665834e-07
112685.353 6.01969152220751e-07
115484.892 5.59575379064665e-07
118284.431 5.69074384879262e-07
121083.971 6.54698895020857e-07
123883.51 6.60364823061893e-07
126683.049 6.35146962925747e-07
129482.588 6.12173423717407e-07
132282.127 4.98921052994919e-07
135081.667 4.46188630668821e-07
137881.206 4.8953395636474e-07
140680.745 4.96142654334942e-07
143480.284 5.1607448114288e-07
146279.824 4.69826638929156e-07
149079.363 3.90704781378669e-07
151878.902 4.37733987841618e-07
154678.441 4.56084447454197e-07
157477.98 4.19068213316725e-07
160277.52 4.02419958041397e-07
163077.059 3.74102369374694e-07
165876.598 4.16354756914506e-07
168676.137 4.45108093011959e-07
171475.676 4.72154702882832e-07
174275.216 4.7981510614739e-07
177074.755 4.44360573122482e-07
179874.294 4.8531134363767e-07
182673.833 4.89611153751819e-07
185473.373 4.49204749328802e-07
188272.912 4.04675906401484e-07
191072.451 4.29335418419585e-07
193871.99 4.7688486341643e-07
196671.529 4.96002611086563e-07
199471.069 4.68493921632505e-07
202270.608 4.00775642824034e-07
205070.147 3.76486797741339e-07
207869.686 4.18712212897221e-07
210669.225 4.78640249761008e-07
213468.765 4.83083251510894e-07
216268.304 4.00124547907326e-07
219067.843 3.0901832837189e-07
221867.382 3.35381379428733e-07
224666.922 4.05798846884111e-07
227466.461 4.29777364510635e-07
230266 4.11035207611667e-07
230267 4.9825144235533e-07
237635.294 4.15097339229136e-07
245003.588 3.35269312098006e-07
252371.882 4.24462892071345e-07
259740.176 4.47173336631369e-07
267108.471 4.48871950860083e-07
274476.765 4.07295898653863e-07
281845.059 2.90044305019224e-07
289213.353 2.93370039421745e-07
296581.647 4.18161457011512e-07
303949.941 4.27269781334463e-07
311318.235 3.85241422969392e-07
318686.529 3.34510618981446e-07
326054.824 3.08089432014683e-07
333423.118 3.13634570659027e-07
340791.412 3.50988593146327e-07
348159.706 3.00141701044375e-07
355528 3.39942220584539e-07
362896.294 3.07469662053429e-07
370264.588 4.26121735333273e-07
377632.882 3.27700130937744e-07
385001.176 3.15667441616207e-07
392369.471 2.79819638928678e-07
399737.765 2.69791241012298e-07
407106.059 1.9403605465266e-07
414474.353 1.97955562493099e-07
421842.647 2.68801194841612e-07
429210.941 3.67751220022611e-07
436579.235 3.28520864360071e-07
443947.529 3.67306453544969e-07
451315.824 4.86731225878141e-07
458684.118 3.16764870932146e-07
466052.412 3.00664131005309e-07
473420.706 2.08299286064505e-07
480789 3.21605692260171e-07
488157.294 3.20812743168406e-07
495525.588 3.92130719012925e-07
502893.882 3.07016190475713e-07
510262.176 3.00033897950469e-07
517630.471 3.63038613210463e-07
524998.765 2.58714669831008e-07
532367.059 2.22911217671019e-07
539735.353 3.24114787967626e-07
547103.647 3.47372899740541e-07
554471.941 2.81318196417146e-07
561840.235 2.6728848268603e-07
569208.529 1.88255988739243e-07
576576.824 1.97796543593647e-07
583945.118 2.40429461877108e-07
591313.412 2.95117703629683e-07
598681.706 2.68854243548168e-07
606050 2.89018147780624e-07
606051 2.57715440962245e-07
625444.118 2.87232438834374e-07
644837.235 3.14671157712937e-07
664230.353 2.63124524779364e-07
683623.471 3.19110293893572e-07
703016.588 2.1529802044186e-07
722409.706 3.13138549795137e-07
741802.824 3.15317674633137e-07
761195.941 3.66461255330254e-07
780589.059 2.76437350026847e-07
799982.176 2.47915151211917e-07
819375.294 2.33749987710537e-07
838768.412 2.92569852620078e-07
858161.529 2.77683701780882e-07
877554.647 2.66301827455916e-07
896947.765 2.32790460876196e-07
916340.882 2.81384901238995e-07
935734 2.3622692076996e-07
955127.118 2.05186602061617e-07
974520.235 2.22776479618036e-07
993913.353 2.98642994229048e-07
1013306.471 2.7468519125589e-07
1032699.588 2.35301775350556e-07
1052092.706 2.07563455432127e-07
1071485.824 2.45518016253855e-07
1090878.941 3.61492753241765e-07
1110272.059 2.95191764364332e-07
1129665.176 2.09616581453284e-07
1149058.294 2.70238819769306e-07
1168451.412 2.38199109362414e-07
1187844.529 2.52591350009495e-07
1207237.647 2.15634329173382e-07
1226630.765 2.26149263660601e-07
1246023.882 2.15890556444121e-07
1265417 3.07147117610532e-07
1284810.118 2.09882326292423e-07
1304203.235 2.69623085388988e-07
1323596.353 2.55840548299556e-07
1342989.471 1.90517107067843e-07
1362382.588 2.93631128368032e-07
1381775.706 2.32851302343447e-07
1401168.824 2.24728085814785e-07
1420561.941 2.68219539570229e-07
1439955.059 2.36586560806478e-07
1459348.176 2.07525326876384e-07
1478741.294 1.99651010634792e-07
1498134.412 1.7917579639358e-07
1517527.529 2.43616180468997e-07
1536920.647 2.06936007289226e-07
1556313.765 1.90885838110112e-07
1575706.882 2.18784071020607e-07
1595100 2.09657942293849e-07
1595100 1.97936020424854e-07
1646141.765 2.02233948375772e-07
1697183.529 2.18919002533557e-07
1748225.294 1.65564702570674e-07
1799267.059 1.88315635939902e-07
1850308.824 1.60406557025405e-07
1901350.588 1.83211991857598e-07
1952392.353 2.14990463919357e-07
2003434.118 2.061147896135e-07
2054475.882 1.55791171931999e-07
2105517.647 2.31808859154838e-07
2156559.412 1.3820859289183e-07
2207601.176 1.80416329918801e-07
2258642.941 1.99588235944325e-07
2309684.706 2.39815896137587e-07
2360726.471 1.95213688296075e-07
2411768.235 1.67905157093241e-07
2462810 1.35543525682638e-07
2513851.765 1.87242326849994e-07
2564893.529 1.49903529170656e-07
2615935.294 1.96522861256083e-07
2666977.059 1.64283630604018e-07
2718018.824 1.72830943621527e-07
2769060.588 1.66414802562932e-07
2820102.353 1.48817947774708e-07
2871144.118 1.61573209014103e-07
2922185.882 1.60263045126722e-07
2973227.647 1.72896986370729e-07
3024269.412 1.19736882673495e-07
3075311.176 1.62653931382125e-07
3126352.941 1.7558899738499e-07
3177394.706 1.38723721659493e-07
3228436.471 2.1399216334211e-07
3279478.235 1.38311833115656e-07
3330520 1.45831916205764e-07
3381561.765 1.67537528829506e-07
3432603.529 1.55857823887144e-07
3483645.294 1.91462552591094e-07
3534687.059 1.95935461282955e-07
3585728.824 1.5958859709738e-07
3636770.588 1.66654130788182e-07
3687812.353 1.24434398868268e-07
3738854.118 1.73762202472337e-07
3789895.882 1.71793453120856e-07
3840937.647 1.74485122129095e-07
3891979.412 1.51856424472317e-07
3943021.176 1.56704497936728e-07
3994062.941 1.94164429276435e-07
4045104.706 1.57766990151949e-07
4096146.471 1.9696748552756e-07
4147188.235 1.4929016858794e-07
4198230 1.52786763712234e-07
4198230 2.02858818531933e-07
4332570.588 1.60492083366046e-07
4466911.176 1.29005076185071e-07
4601251.765 1.19324306744527e-07
4735592.353 1.02633131163296e-07
4869932.941 1.58985196959761e-07
5004273.529 1.38552297877932e-07
5138614.118 1.51671339905196e-07
5272954.706 1.22019592427446e-07
5407295.294 1.4644285514472e-07
5541635.882 9.181267778535e-08
5675976.471 1.27260594256973e-07
5810317.059 1.30112626657969e-07
5944657.647 1.50750505793791e-07
6078998.235 1.05728446055984e-07
6213338.824 1.42514382022124e-07
6347679.412 1.14467831023524e-07
6482020 1.16834561480484e-07
6616360.588 1.40522966265246e-07
6750701.176 1.30009635404871e-07
6885041.765 9.45767771693961e-08
7019382.353 1.52440612188324e-07
7153722.941 1.46050480240224e-07
7288063.529 1.25103626865595e-07
7422404.118 1.37761811092189e-07
7556744.706 1.27830371785036e-07
7691085.294 1.41688738716612e-07
7825425.882 1.10524858700453e-07
7959766.471 9.11140342173987e-08
8094107.059 1.21536284467356e-07
8228447.647 9.90448591041433e-08
8362788.235 1.17924714085174e-07
8497128.824 8.94765211776587e-08
8631469.412 1.23010899459283e-07
8765810 1.19112087118559e-07
8900150.588 1.11356621307065e-07
9034491.176 1.61901284437726e-07
9168831.765 8.79947052045292e-08
9303172.353 1.0664473941836e-07
9437512.941 1.02237086966089e-07
9571853.529 1.01489329629363e-07
9706194.118 1.2593102809036e-07
9840534.706 1.39381832185927e-07
9974875.294 1.03575671720235e-07
10109215.882 8.98757570893481e-08
10243556.471 7.67942422405821e-08
10377897.059 1.02572060334676e-07
10512237.647 1.3634461044816e-07
10646578.235 9.47042067289685e-08
10780918.824 1.12179356445059e-07
10915259.412 7.4476410650514e-08
11049600 1.32651887850147e-07
11049600 1.2260094138349e-07
11403174.51 6.4169708660075e-08
11756749.02 1.2164505279072e-07
12110323.529 1.00085081793591e-07
12463898.039 1.17651454144026e-07
12817472.549 1.38793762455225e-07
13171047.059 1.25719194096884e-07
13524621.569 1.22676123322379e-07
13878196.078 1.50619264979144e-07
14231770.588 1.12402278939473e-07
14585345.098 1.46510077207091e-07
14938919.608 1.32423821512489e-07
15292494.118 1.13059205661988e-07
15646068.627 1.48360130795992e-07
15999643.137 1.06613963124157e-07
16353217.647 1.2566290074672e-07
16706792.157 1.64737922453198e-07
17060366.667 1.42439447718754e-07
17413941.176 1.06413660656257e-07
17767515.686 9.82864137690998e-08
18121090.196 9.68053645607985e-08
18474664.706 1.42838222402357e-07
18828239.216 7.77662565179731e-08
19181813.725 8.17330343103742e-08
19535388.235 1.92290895621816e-07
19888962.745 1.49109742114338e-07
20242537.255 1.21830942789703e-07
20596111.765 1.13143330974602e-07
20949686.275 1.29216660898718e-07
21303260.784 1.41741687300596e-07
21656835.294 1.43565091777634e-07
22010409.804 1.51181452345113e-07
22363984.314 1.49410182327937e-07
22717558.824 1.62966502294992e-07
23071133.333 1.33596911608137e-07
23424707.843 1.05754048468449e-07
23778282.353 1.16252888996057e-07
24131856.863 1.14301297120199e-07
24485431.373 1.47962390902849e-07
24839005.882 1.07710983569398e-07
25192580.392 1.23765014951429e-07
25546154.902 1.33665293146267e-07
25899729.412 1.32229542438631e-07
26253303.922 1.21260814561698e-07
26606878.431 8.55431138110152e-08
26960452.941 1.40094419499877e-07
27314027.451 1.58703429581131e-07
27667601.961 1.21081289464267e-07
28021176.471 1.30656935856225e-07
28374750.98 1.28603726758442e-07
28728325.49 1.11809659024793e-07
29081900 1.23684174649205e-07
29081900 1.56969026173074e-07
30012498.039 1.53748971633984e-07
30943096.078 1.44003763817367e-07
31873694.118 1.20324767671591e-07
32804292.157 1.1141944630948e-07
33734890.196 9.55279579487304e-08
34665488.235 1.48214015926899e-07
35596086.275 1.29579791554871e-07
36526684.314 1.09772689391453e-07
37457282.353 1.54435591118782e-07
38387880.392 1.63959036090848e-07
39318478.431 1.27318328474851e-07
40249076.471 1.52374645820081e-07
41179674.51 1.4104200586273e-07
42110272.549 1.33710248517817e-07
43040870.588 1.43358655084547e-07
43971468.627 1.27874084174607e-07
44902066.667 1.22909540959642e-07
45832664.706 1.14811008854011e-07
46763262.745 1.08463689694061e-07
47693860.784 9.68018654136401e-08
48624458.824 1.12719083539956e-07
49555056.863 1.28398912971062e-07
50485654.902 1.28901532073857e-07
51416252.941 1.06118249966861e-07
52346850.98 1.18144975423092e-07
53277449.02 1.05373168082422e-07
54208047.059 8.45892292983185e-08
55138645.098 8.5826392838628e-08
56069243.137 8.08008728825871e-08
56999841.176 8.04193050615827e-08
57930439.216 8.26996616575207e-08
58861037.255 7.45831587859679e-08
59791635.294 8.21874160076888e-08
60722233.333 5.51943113108154e-08
61652831.373 7.39359704487924e-08
62583429.412 5.60952413536808e-08
63514027.451 4.82410627848112e-08
64444625.49 5.12259999866347e-08
65375223.529 4.943707227649e-08
66305821.569 3.96508760098576e-08
67236419.608 4.11138575651434e-08
68167017.647 5.16116426429493e-08
69097615.686 6.1522021524008e-08
70028213.725 5.58733666999197e-08
70958811.765 4.3473262879991e-08
71889409.804 2.97771104076386e-08
72820007.843 2.91179693393204e-08
73750605.882 4.78410647922901e-08
74681203.922 3.68688259720323e-08
75611801.961 3.24262803218069e-08
76542400 3.56404016814401e-08
76542400 3.49509696543386e-08
78991686.275 2.935057610754e-08
81440972.549 2.44346376472151e-08
83890258.824 2.67482640431113e-08
86339545.098 1.98332926205534e-08
88788831.373 2.42875123507719e-08
91238117.647 2.73531378242333e-08
93687403.922 1.49397037595831e-08
96136690.196 2.31439593300196e-08
98585976.471 1.38936592011176e-08
101035262.745 1.43443568410717e-08
103484549.02 1.73271205657028e-08
105933835.294 1.90431127905918e-08
108383121.569 1.94954366302961e-08
110832407.843 1.35764875257373e-08
113281694.118 2.13679426889693e-08
115730980.392 1.72190939416596e-08
118180266.667 1.19928459054219e-08
120629552.941 -0
123078839.216 1.61585901989747e-08
125528125.49 1.23170167521401e-08
127977411.765 8.46154502421396e-09
130426698.039 1.08808446544374e-08
132875984.314 8.77697093932184e-09
135325270.588 1.21884860561492e-08
137774556.863 1.0280589946968e-08
140223843.137 1.08038897968047e-08
142673129.412 8.21706726540406e-09
145122415.686 8.01352348600789e-09
147571701.961 6.50434537155423e-09
150020988.235 9.0079013102942e-09
152470274.51 9.51652795696519e-09
154919560.784 4.17048102789115e-09
157368847.059 9.6727826849568e-09
159818133.333 -0
162267419.608 4.95313110671422e-09
164716705.882 6.8497183690335e-09
167165992.157 -0
169615278.431 -0
172064564.706 2.25029690649034e-09
174513850.98 6.12576466802308e-09
176963137.255 7.15809422385533e-09
179412423.529 8.80547663293271e-09
181861709.804 8.29834090887564e-09
184310996.078 5.22258215547147e-09
186760282.353 -0
189209568.627 6.21706976855496e-09
191658854.902 1.02509675934701e-08
194108141.176 7.76431974494224e-09
196557427.451 5.05143896324048e-09
199006713.725 5.79522942877985e-09
201456000 5.86473468537495e-09
