101 416.895020048507
104.18 450.325160786953
107.361 398.986554746709
110.541 298.193996602824
113.721 189.91082778534
116.902 206.804845000845
120.082 236.921496793109
123.262 282.303673928113
126.443 284.158686875129
129.623 244.942149320802
132.803 226.940057126994
135.983 295.345343093658
139.164 322.784575052051
142.344 279.636107306232
145.524 210.528968449432
148.705 184.189763546461
151.885 148.428402499716
155.065 162.073861574454
158.246 249.243248567055
161.426 276.466239392825
164.606 235.130617301136
167.787 260.741553888503
170.967 269.515331186429
174.147 239.418211157912
177.328 209.347340375552
180.508 211.038264093447
183.688 208.157630234393
186.868 195.963643875571
190.049 205.783275951343
193.229 228.759417542175
196.409 206.542930554483
199.59 237.131980938606
202.77 225.31967338356
205.95 224.391258252933
209.131 199.868633614305
212.311 217.628809293803
215.491 269.334166525995
218.672 264.168577936893
221.852 256.86995471739
225.032 253.876261182872
228.213 227.46649264099
231.393 209.415454937043
234.573 166.472730552221
237.753 165.178262004982
240.934 199.032798411139
244.114 243.1069947472
247.294 230.244046000967
250.475 251.348233523137
253.655 271.052213444843
256.835 299.003052553363
260.016 265.292323177336
263.196 205.956770110423
264.196 239.308141743308
272.598 231.607284171479
281.001 222.054772879435
289.403 253.453462754175
297.806 273.047880478411
306.208 290.933862342502
314.611 296.843544963269
323.013 274.679607103811
331.415 214.061979582124
339.818 213.295722089968
348.22 230.20938890919
356.623 226.211339650554
365.025 201.16323338827
373.428 172.123846348508
381.83 186.612490612117
390.232 203.892245332562
398.635 193.104159401086
407.037 170.289030251422
415.44 150.017741263291
423.842 142.253473942868
432.245 166.597560459787
440.647 170.737432607806
449.049 153.831919982422
457.452 157.120482199913
465.854 191.506793761998
474.257 197.327939947919
482.659 190.096074988507
491.062 184.163125279627
499.464 185.481301918755
507.867 173.440076772721
516.269 164.548222995978
524.671 156.901587211667
533.074 149.307604631995
541.476 158.66514789193
549.879 197.728391199566
558.281 202.052284687376
566.684 199.208460169852
575.086 186.012836913749
583.488 186.08025397449
591.891 176.592351761029
600.293 178.090643596588
608.696 183.630765160376
617.098 174.725229923376
625.501 144.514662779831
633.903 129.424739622658
642.305 161.381731055799
650.708 159.733209201572
659.11 152.310442223523
667.513 166.675479533812
675.915 166.298844542005
684.318 173.415813414301
692.72 165.207331710176
693.72 190.686494733716
715.867 188.681905578995
738.014 153.254420359611
760.161 151.849389945857
782.307 128.042236370411
804.454 157.278250288816
826.601 148.522198867234
848.748 159.109831092441
870.895 136.592155954834
893.042 146.523444306691
915.189 117.033122047734
937.335 110.216188156973
959.482 101.644782161346
981.629 103.258529947004
1003.776 105.111958305611
1025.923 136.428284151712
1048.07 149.4865745023
1070.217 142.727782325432
1092.364 116.50231116121
1114.51 124.239829247553
1136.657 106.265822475079
1158.804 113.564524432708
1180.951 121.499351865782
1203.098 100.021225535806
1225.245 124.797954936979
1247.392 151.770962587912
1269.538 130.508965155286
1291.685 97.5897072112461
1313.832 108.762431507524
1335.979 100.283950876544
1358.126 81.9559400722415
1380.273 94.7115155167623
1402.42 78.3766706349447
1424.566 101.061398959638
1446.713 102.878470925998
1468.86 124.786878600383
1491.007 132.226820348631
1513.154 123.811228513073
1535.301 95.3892160013214
1557.448 72.1478974713248
1579.595 89.7571527445696
1601.741 111.038810259201
1623.888 127.387655030187
1646.035 128.143718861268
1668.182 98.9774868987257
1690.329 78.9411510544364
1712.476 78.7640132668723
1734.623 101.974428443786
1756.769 116.775056404572
1778.916 105.999072421586
1801.063 93.344778481098
1823.21 100.549481546823
1824.21 104.297829228975
1882.531 112.517324503488
1940.853 103.920047497946
1999.174 90.4605250116113
2057.495 110.027421938043
2115.817 100.484533828273
2174.138 72.5108027504559
2232.46 72.6815234633051
2290.781 76.5671841365234
2349.102 73.0212560897478
2407.424 81.71333713362
2465.745 77.243527051335
2524.066 96.330663333459
2582.388 100.592264345884
2640.709 78.9985272304406
2699.031 77.1184129766901
2757.352 100.718468460578
2815.673 84.8241133764321
2873.995 81.620794915156
2932.316 80.5488869163616
2990.637 96.7052216911605
3048.959 96.879107907987
3107.28 65.9189882917485
3165.602 56.5468046397531
3223.923 63.683445404288
3282.244 86.4940683795385
3340.566 93.5420805452863
3398.887 84.9379958168958
3457.208 64.9391004988537
3515.53 62.4707911064771
3573.851 70.8029812550655
3632.173 78.0706865702125
3690.494 92.7102157212369
3748.815 88.6601423854876
3807.137 83.5509808324359
3865.458 79.4815530330293
3923.779 67.7060152600219
3982.101 62.5191698008684
4040.422 72.8276049106271
4098.744 73.90407072013
4157.065 71.2125249989283
4215.386 87.0887206815761
4273.708 80.5662762470684
4332.029 73.2427861740547
4390.35 80.8921510137958
4448.672 88.7680713244558
4506.993 69.0656105078351
4565.315 69.9098513551491
4623.636 67.681366885014
4681.957 59.3258773282998
4740.279 67.7888926208426
4798.6 56.6689408755397
4799.6 63.9229367105322
4953.131 82.7891565281128
5106.663 82.2216025098742
5260.194 65.4509749431007
5413.725 55.4244629816061
5567.257 60.5877561793353
5720.788 55.1894244711507
5874.32 67.0046859000232
6027.851 71.3213557061718
6181.382 65.0939255375714
6334.914 58.9405354088432
6488.445 69.5049808495013
6641.976 72.8342301381175
6795.508 45.1293161664457
6949.039 53.6902634955672
7102.571 69.1152848076383
7256.102 72.6562740646471
7409.633 59.2152192516164
7563.165 50.4328695419281
7716.696 53.2938489859993
7870.227 62.4257060365677
8023.759 65.9685663156983
8177.29 53.1422528899739
8330.822 37.1029538974639
8484.353 45.9448065027513
8637.884 54.9215217617819
8791.416 45.8906192056481
8944.947 57.4196740636515
9098.478 66.2307943549773
9252.01 67.3403923875549
9405.541 54.4473053806622
9559.073 67.1510403270673
9712.604 55.9862721199968
9866.135 47.6474569314477
10019.667 48.7006909101184
10173.198 57.9048797822847
10326.729 58.3875259536536
10480.261 47.1753415663034
10633.792 46.7296213240888
10787.324 40.5198217141115
10940.855 42.3881245047739
11094.386 39.0447632724902
11247.918 53.5257558517009
11401.449 44.5565575287045
11554.98 41.1983221094968
11708.512 53.0584108021572
11862.043 54.3908336548321
12015.575 55.7298936812171
12169.106 60.7061532020146
12322.637 59.1954677414038
12476.169 50.5322105698281
12629.7 43.9097615114253
12630.7 57.8074800335697
13034.822 46.9178010026036
13438.943 45.6499897541233
13843.065 48.0088155130561
14247.186 38.7967549064382
14651.308 36.3417971262508
15055.429 39.0267277217095
15459.551 44.4606096323064
15863.673 49.1475042826397
16267.794 46.4897254641991
16671.916 39.3966917446513
17076.037 30.6532550795104
17480.159 31.292702351796
17884.28 30.0754149779931
18288.402 34.6802318193859
18692.524 39.7471074537248
19096.645 37.5280543056652
19500.767 30.8111285506261
19904.888 38.4113441494917
20309.01 42.420649384595
20713.131 42.7357668897026
21117.253 38.7057233955757
21521.375 36.7175570911332
21925.496 37.4420376244587
22329.618 33.4365158130643
22733.739 29.3106401601678
23137.861 27.5521106056894
23541.982 30.9540468700334
23946.104 26.9407687193189
24350.225 31.6782111534621
24754.347 45.4416102352293
25158.469 48.567720083451
25562.59 40.57359000234
25966.712 35.306062821276
26370.833 33.1002574891545
26774.955 35.6879261803829
27179.076 43.8415974128203
27583.198 43.687933392899
27987.32 37.9331422544445
28391.441 35.5902986929017
28795.563 31.242518804479
29199.684 30.9889969203732
29603.806 32.7039670123256
30007.927 36.7887472398316
30412.049 33.5103621481849
30816.171 26.4848396046628
31220.292 30.0858051546979
31624.414 38.2685528951462
32028.535 41.9936042549026
32432.657 40.1744346085872
32836.778 31.2267746790356
33240.9 25.6059440639436
33241.9 28.3282966605331
34305.559 29.0530254058495
35369.218 31.5072504004577
36432.876 34.5105227679518
37496.535 35.316481484805
38560.194 35.6463621982007
39623.853 42.0260641038989
40687.512 41.6573410095088
41751.171 40.5662200713276
42814.829 28.3859490794048
43878.488 24.5257839192216
44942.147 27.7297583059129
46005.806 27.7059689746994
47069.465 25.5191577285541
48133.124 19.5555390517378
49196.782 20.4066508523928
50260.441 18.6784876922742
51324.1 13.8738381631367
52387.759 14.6099231076904
53451.418 18.4141501662636
54515.076 22.8665656288
55578.735 21.914898086648
56642.394 24.7030639589688
57706.053 25.129172640859
58769.712 23.9511080166395
59833.371 22.9958284867307
60897.029 23.9547038783057
61960.688 24.8196463374147
63024.347 26.7260678589081
64088.006 27.9284203342809
65151.665 25.9508775379135
66215.324 23.5530876848095
67278.982 22.4129155015222
68342.641 24.6171583623648
69406.3 25.1320451251962
70469.959 23.7406674623135
71533.618 22.271903666614
72597.276 22.9402271651056
73660.935 25.4727757486083
74724.594 22.3639230919579
75788.253 21.0077714561416
76851.912 25.5103273385421
77915.571 25.9393722345879
78979.229 25.5708753859671
80042.888 26.2852304905463
81106.547 29.8138286486139
82170.206 33.1529914219868
83233.865 27.9451758014069
84297.524 24.0401715757486
85361.182 20.7655244886055
86424.841 21.462283729451
87488.5 20.070631777074
87489.5 21.3028320842676
90289.039 22.9838388722703
93088.578 22.8935763082403
95888.118 18.1975006961005
98687.657 18.0524209355293
101487.196 16.5526328835936
104286.735 14.1594701941889
107086.275 15.8936323218638
109885.814 17.7846412529849
112685.353 18.0723850122963
115484.892 17.592495472258
118284.431 18.3780327141214
121083.971 20.3376499074633
123883.51 18.5890026246889
126683.049 16.8444487846
129482.588 15.7519523249468
132282.127 16.5133815643476
135081.667 18.3606271851329
137881.206 18.6599067170274
140680.745 18.7077377670154
143480.284 18.6694771509715
146279.824 19.6164916741596
149079.363 20.4047429006979
151878.902 19.9781958876654
154678.441 19.2874573067037
157477.98 18.594866924655
160277.52 17.570547068348
163077.059 17.3138513498779
165876.598 18.600946326511
168676.137 18.7050228893018
171475.676 18.8419005508885
174275.216 18.0497505290042
177074.755 18.1916477549866
179874.294 18.5450887045824
182673.833 14.9174852391227
185473.373 13.5074862699908
188272.912 13.4592896996676
191072.451 11.8358802983766
193871.99 10.5546387030558
196671.529 10.9114613788417
199471.069 11.1352531797559
202270.608 11.7479152937633
205070.147 12.0274926798129
207869.686 12.5527561093462
210669.225 15.2490758656091
213468.765 15.2324988174669
216268.304 14.2827337825497
219067.843 14.8370341596545
221867.382 12.7383950058092
224666.922 11.0978509943691
227466.461 11.2880130313534
230266 12.0208400806609
230267 11.7354455294329
237635.294 17.5851894109166
245003.588 28.2102388234159
252371.882 12.5980418090801
259740.176 14.4566629659079
267108.471 11.2284865450371
274476.765 16.087209054229
281845.059 14.1003284606063
289213.353 19.1618986482676
296581.647 17.7811360928102
303949.941 12.1137339682441
311318.235 11.3018422103867
318686.529 15.2821593798171
326054.824 11.9693904989183
333423.118 11.0835825921563
340791.412 13.5142930907017
348159.706 11.3510660999821
355528 14.7440707966029
362896.294 10.6039386916105
370264.588 13.5413119712825
377632.882 10.1287335745077
385001.176 14.2954532303439
392369.471 9.79536458948228
399737.765 6.85043239395707
407106.059 7.5577833892427
414474.353 9.276192424707
421842.647 12.156611703576
429210.941 10.9167220855458
436579.235 10.4939600552638
443947.529 8.56821322647567
451315.824 9.35554721695136
458684.118 10.8261032143319
466052.412 7.62537357697241
473420.706 6.94203728840813
480789 9.95490497077164
488157.294 9.47956608236235
495525.588 10.519556350616
502893.882 10.4845559154906
510262.176 12.2225672284115
517630.471 10.8535435924331
524998.765 10.928620087575
532367.059 6.47096680822514
539735.353 8.86978628939261
547103.647 10.8412056273358
554471.941 10.6159818460706
561840.235 9.01217538036168
569208.529 10.0784817000838
576576.824 8.80446068341972
583945.118 8.09606583807566
591313.412 9.0073190045301
598681.706 10.7816147723065
606050 10.7136593018919
606051 8.19896190724197
625444.118 9.5196129178193
644837.235 10.5224031442746
664230.353 6.52102790774454
683623.471 7.34688938718771
703016.588 9.13226487010491
722409.706 9.68132996235909
741802.824 12.6107702250705
761195.941 5.68503660441889
780589.059 9.88074181476947
799982.176 8.64433228659601
819375.294 8.30335120468007
838768.412 8.25321730561146
858161.529 8.3553938710952
877554.647 7.09686773915117
896947.765 7.88106776125921
916340.882 9.2557600562418
935734 9.60868911664548
955127.118 7.61595998516618
974520.235 6.15392864536908
993913.353 6.66146502634367
1013306.471 9.3867322856316
1032699.588 7.91899377544491
1052092.706 8.9747110907358
1071485.824 7.83659555498236
1090878.941 10.0096175563593
1110272.059 4.53188472601008
1129665.176 9.92544759976496
1149058.294 7.82090478516878
1168451.412 8.1842623542376
1187844.529 6.94171936229009
1207237.647 7.8065039217126
1226630.765 9.32625236617897
1246023.882 9.80708774122748
1265417 9.18260879319707
1284810.118 4.69493950210448
1304203.235 8.56546329307861
1323596.353 7.54213753454621
1342989.471 7.24087681173574
1362382.588 6.03543981923281
1381775.706 6.08068378623916
1401168.824 4.30453315653393
1420561.941 8.15890342690763
1439955.059 6.80042271860458
1459348.176 7.5565832048547
1478741.294 6.30660813256329
1498134.412 7.80180195217911
1517527.529 6.59314235930853
1536920.647 5.56335001312483
1556313.765 6.18135374045792
1575706.882 7.04102055022481
1595100 4.33690727232701
1595100 7.04588140365986
1646141.765 6.01663234754931
1697183.529 5.44967579320169
1748225.294 6.07914286195549
1799267.059 5.88287291704591
1850308.824 7.21942892034346
1901350.588 8.36126355522241
1952392.353 7.04386269039373
2003434.118 7.42568944582776
2054475.882 6.59761528853726
2105517.647 6.9744605652726
2156559.412 6.19940397749318
2207601.176 7.03249926573814
2258642.941 5.90858916479066
2309684.706 6.27223920252023
2360726.471 8.25082490808576
2411768.235 5.18092856747605
2462810 5.07433973361699
2513851.765 5.70423256502967
2564893.529 6.33889912726192
2615935.294 5.83363840747092
2666977.059 4.90950352773277
2718018.824 5.48658473426295
2769060.588 4.34573521290565
2820102.353 5.53421048991259
2871144.118 5.22017718437054
2922185.882 5.55294409121883
2973227.647 6.24642663992327
3024269.412 5.09599131068537
3075311.176 4.87995321080084
3126352.941 4.66347870876739
3177394.706 5.79639508933889
3228436.471 5.42092007340429
3279478.235 5.47894813489605
3330520 4.02509282414871
3381561.765 4.92692864375592
3432603.529 4.37018062280495
3483645.294 4.45413698603414
3534687.059 5.83416166754425
3585728.824 3.99176430035938
3636770.588 5.96906052499236
3687812.353 4.92141392164204
3738854.118 4.85611975221085
3789895.882 4.88942893421041
3840937.647 4.70259741698599
3891979.412 5.3939895554917
3943021.176 5.96746124894474
3994062.941 4.02910914157537
4045104.706 5.30333874037474
4096146.471 4.07350351477285
4147188.235 4.50824335823527
4198230 4.89398761969705
4198230 5.83213056094355
4332570.588 3.98802525406723
4466911.176 4.30498467636418
4601251.765 4.34258984335019
4735592.353 4.33053409341893
4869932.941 4.25565540017291
5004273.529 4.77578059539558
5138614.118 4.17651542788784
5272954.706 5.74755085532062
5407295.294 4.68563765217455
5541635.882 5.52061683770637
5675976.471 4.72722632522485
5810317.059 6.71471978003583
5944657.647 5.46988008158004
6078998.235 3.42033351646729
6213338.824 4.74986436970395
6347679.412 4.83558529037915
6482020 4.24695808215151
6616360.588 3.44378215285143
6750701.176 4.4745361605065
6885041.765 3.16015058575456
7019382.353 4.32002602519478
7153722.941 2.50006848035224
7288063.529 3.07512227528429
7422404.118 2.81053163010519
7556744.706 3.93804861074947
7691085.294 3.36431892632931
7825425.882 3.89013615027365
7959766.471 4.37353474131695
8094107.059 3.18131378936176
8228447.647 3.01578659859604
8362788.235 3.15750690574217
8497128.824 3.36880452774651
8631469.412 3.54867437166402
8765810 3.1661139482156
8900150.588 1.626322329359
9034491.176 3.67385833831583
9168831.765 3.83307324343605
9303172.353 2.09489598156095
9437512.941 3.53857668835332
9571853.529 2.47943909005548
9706194.118 3.47113209731857
9840534.706 2.43331068245016
9974875.294 4.02309147917871
10109215.882 2.47848007348431
10243556.471 1.53883268333176
10377897.059 2.53423358150358
10512237.647 2.99005214220182
10646578.235 2.36295524818169
10780918.824 1.96655135705072
10915259.412 2.92113139414121
11049600 3.27872384029386
11049600 2.88548460798087
11403174.51 2.94151610396113
11756749.02 2.86139888244373
12110323.529 2.30571152954599
12463898.039 2.78953554364926
12817472.549 2.0312597788399
13171047.059 3.00599509336995
13524621.569 3.62388961284844
13878196.078 3.13803175757041
14231770.588 3.76603064448901
14585345.098 2.73665502220156
14938919.608 3.4165159436197
15292494.118 3.08874675859748
15646068.627 2.36342420912833
15999643.137 2.72643638054438
16353217.647 2.19625851997019
16706792.157 1.58223910751592
17060366.667 1.85350671030146
17413941.176 1.17682332873012
17767515.686 2.58149026151818
18121090.196 3.41551149063923
18474664.706 3.44295360166848
18828239.216 2.68871204500528
19181813.725 2.7574732389027
19535388.235 2.4359376528149
19888962.745 3.3746252031142
20242537.255 1.51308341511386
20596111.765 3.17942409497034
20949686.275 0.577632501099388
21303260.784 2.90949928743223
21656835.294 4.32652279715384
22010409.804 1.51820275471963
22363984.314 3.20425106132644
22717558.824 2.90354407303836
23071133.333 2.16343447285297
23424707.843 1.54431944335468
23778282.353 2.924762908678
24131856.863 2.75130425854699
24485431.373 3.30716978204688
24839005.882 1.88892764445609
25192580.392 3.04718581844296
25546154.902 2.34823722584341
25899729.412 2.6848135715522
26253303.922 2.62995018898521
26606878.431 3.11078558848237
26960452.941 NaN
27314027.451 1.95378308513401
27667601.961 2.68770819956614
28021176.471 3.39368932164776
28374750.98 4.35643572368271
28728325.49 2.0827013212159
29081900 3.27072301827363
29081900 2.43916492663942
30012498.039 2.07851486471447
30943096.078 2.89731653064306
31873694.118 2.98772113768018
32804292.157 5.26639561269796
33734890.196 3.45302715524078
34665488.235 4.51368317050173
35596086.275 4.05277569708405
36526684.314 4.4932352492672
37457282.353 3.58644379239644
38387880.392 4.66763639074628
39318478.431 2.74227676205286
40249076.471 1.76264076858949
41179674.51 2.65016095580924
42110272.549 2.08426921714094
43040870.588 3.02885959565884
43971468.627 2.31502587256597
44902066.667 4.15940499712858
45832664.706 2.66832191858267
46763262.745 3.40507332306994
47693860.784 2.41657503257395
48624458.824 2.07869752805544
49555056.863 4.55640873558114
50485654.902 2.91202196292049
51416252.941 2.66825089295923
52346850.98 2.31214254553268
53277449.02 3.36022511379452
54208047.059 2.60485423685212
55138645.098 6.20078845491042
56069243.137 4.2337036512806
56999841.176 3.19999166131525
57930439.216 2.99444703846578
58861037.255 3.87736685609358
59791635.294 3.83309512300869
60722233.333 1.29717534466972
61652831.373 2.38524537537894
62583429.412 1.16837209462008
63514027.451 2.59773823875904
64444625.49 3.33537765193155
65375223.529 1.51288551521461
66305821.569 NaN
67236419.608 2.86890139657855
68167017.647 1.39829638053578
69097615.686 1.90730415477203
70028213.725 2.42788573783611
70958811.765 NaN
71889409.804 NaN
72820007.843 NaN
73750605.882 1.1957252566708
74681203.922 2.10838811068352
75611801.961 NaN
76542400 NaN
76542400 1.43967229364238
78991686.275 2.49352769654487
81440972.549 2.89776287930125
83890258.824 0.496716103199214
86339545.098 3.00593880970965
88788831.373 NaN
91238117.647 3.00330234667185
93687403.922 1.58541376234701
96136690.196 1.79640999507505
98585976.471 2.30488373900092
101035262.745 3.51724180179728
103484549.02 NaN
105933835.294 2.20878030839695
108383121.569 NaN
110832407.843 NaN
113281694.118 NaN
115730980.392 3.78585410861561
118180266.667 NaN
120629552.941 2.37649603308275
123078839.216 3.75528959842716
125528125.49 NaN
127977411.765 4.26248749704654
130426698.039 2.70037346298513
132875984.314 3.22192935218561
135325270.588 6.58858385375598
137774556.863 6.39395197367473
140223843.137 1.91120023131565
142673129.412 NaN
145122415.686 NaN
147571701.961 NaN
150020988.235 NaN
152470274.51 NaN
154919560.784 NaN
157368847.059 4.20073378116427
159818133.333 NaN
162267419.608 7.11121653206552
164716705.882 NaN
167165992.157 NaN
169615278.431 5.1924681549368
172064564.706 1.29808063142564
174513850.98 NaN
176963137.255 4.98131260326441
179412423.529 NaN
181861709.804 5.58553232028335
184310996.078 2.81324465391218
186760282.353 NaN
189209568.627 NaN
191658854.902 NaN
194108141.176 5.26126468119647
196557427.451 4.23064177760932
199006713.725 9.05901621017658
201456000 9.80595012322425
