101 345.147850574985
104.18 329.443271663728
107.361 306.129869402402
110.541 318.99445099608
113.721 305.004330862772
116.902 289.158839684752
120.082 242.292492519227
123.262 207.084331579885
126.443 233.989655516245
129.623 212.717817778368
132.803 140.839717830492
135.983 169.186879014257
139.164 228.586886635199
142.344 237.69805638738
145.524 166.992523078838
148.705 144.703728068268
151.885 182.821760690497
155.065 150.352437159386
158.246 150.879165378298
161.426 141.209034639597
164.606 137.475431476606
167.787 197.225238665663
170.967 253.899572261708
174.147 227.500969238109
177.328 205.071347951651
180.508 209.113250445965
183.688 199.512265522539
186.868 162.302845538015
190.049 164.477561529662
193.229 201.285804338118
196.409 209.900542979699
199.59 187.347714238993
202.77 179.350309171741
205.95 162.349455936028
209.131 156.396457341383
212.311 180.053862100944
215.491 196.937646093356
218.672 176.946776070399
221.852 154.047117700381
225.032 126.369743524469
228.213 139.303923101275
231.393 153.615522998829
234.573 151.916853613572
237.753 119.123289187793
240.934 126.712234018484
244.114 158.000147087237
247.294 191.546671606886
250.475 193.329978192262
253.655 160.657292753187
256.835 124.988713719821
260.016 132.289008377124
263.196 125.971563743177
264.196 205.475275938679
272.598 206.838684239774
281.001 192.643825698224
289.403 161.203218061642
297.806 159.527251897397
306.208 154.071501597066
314.611 131.690781697469
323.013 132.463465754124
331.415 141.79069784051
339.818 147.7567312017
348.22 152.174416157446
356.623 119.768622598233
365.025 105.092570263656
373.428 108.182934298863
381.83 117.32095437504
390.232 110.918385568487
398.635 95.5444646939003
407.037 108.008149819284
415.44 117.029738378835
423.842 124.823716980358
432.245 132.373881535626
440.647 122.039586061904
449.049 118.946084905112
457.452 127.284773983816
465.854 135.105637638605
474.257 133.59454284958
482.659 135.985026565322
491.062 131.308370133059
499.464 125.407066957854
507.867 107.062715301907
516.269 91.2233216148769
524.671 82.3976028400051
533.074 69.4777210319935
541.476 72.203714429098
549.879 98.6160136127365
558.281 108.518051629594
566.684 111.642767670847
575.086 90.5102902149862
583.488 87.2114767499319
591.891 94.8806789400959
600.293 103.163066224597
608.696 103.745342912015
617.098 106.031616861894
625.501 103.981088583893
633.903 94.4403036164599
642.305 80.3391261175
650.708 89.6205479807532
659.11 94.4967288498186
667.513 91.2915216890283
675.915 91.7012982353471
684.318 91.3287286625292
692.72 88.6238982214483
693.72 86.4435457489161
715.867 90.8743929364682
738.014 89.2231834517463
760.161 88.9124997427026
782.307 67.7353769312123
804.454 60.3719461639462
826.601 76.5014800183007
848.748 124.741168340688
870.895 102.632796676659
893.042 86.9752806405905
915.189 69.3464071515926
937.335 78.5997135678501
959.482 98.6826292562117
981.629 85.0133695273119
1003.776 64.4897473496522
1025.923 71.0370091014603
1048.07 81.57805489021
1070.217 69.9969201586253
1092.364 70.9061899470368
1114.51 84.2155550923632
1136.657 95.1510362416439
1158.804 78.938537421265
1180.951 73.6149186593629
1203.098 68.0279418645034
1225.245 60.6381057406827
1247.392 70.8070027852009
1269.538 67.9892372483091
1291.685 59.288310433304
1313.832 65.1026144041121
1335.979 77.8601925771673
1358.126 55.1541264138321
1380.273 68.0641188202474
1402.42 54.0015263215888
1424.566 58.4122911942647
1446.713 82.5928969468336
1468.86 87.3937062413176
1491.007 63.7760664912071
1513.154 83.5622172848301
1535.301 84.3857460825174
1557.448 72.6362124459512
1579.595 75.9336574855985
1601.741 56.9075392215594
1623.888 81.0330611782207
1646.035 76.6910106332577
1668.182 90.1492396642769
1690.329 86.4798540815102
1712.476 74.1430159740221
1734.623 64.5533558930718
1756.769 60.2090912883346
1778.916 65.6139142454861
1801.063 85.2629976090394
1823.21 71.1751965347343
1824.21 52.0939844026013
1882.531 46.5319944175178
1940.853 57.5586857114732
1999.174 71.2104518899307
2057.495 79.2087075704034
2115.817 65.2020461982174
2174.138 53.798825088787
2232.46 61.1868699192407
2290.781 65.4849683709778
2349.102 50.1675418100666
2407.424 52.0381746208364
2465.745 66.9355677875403
2524.066 60.4476972981986
2582.388 52.0607982681399
2640.709 53.1359292988282
2699.031 53.5652595255837
2757.352 40.9730073311757
2815.673 42.4323442772244
2873.995 58.6382538810487
2932.316 59.485575574158
2990.637 49.6595096890625
3048.959 60.642910174185
3107.28 50.5136712963804
3165.602 48.5692687103259
3223.923 55.8320240570113
3282.244 55.0946663757623
3340.566 51.2047261342089
3398.887 47.3887936348905
3457.208 40.6674802693024
3515.53 47.4049223198441
3573.851 40.6352403373813
3632.173 33.7033576681781
3690.494 33.3391527669094
3748.815 46.3454351345528
3807.137 41.1464697595316
3865.458 50.1894231066892
3923.779 42.9065221247759
3982.101 40.1700957087885
4040.422 53.1263643703269
4098.744 59.8717096295737
4157.065 53.3951724131875
4215.386 50.4658946984022
4273.708 52.0972150903052
4332.029 60.3615014239169
4390.35 48.8336923619418
4448.672 41.9428145027603
4506.993 49.8859258785241
4565.315 50.4101301236146
4623.636 36.9607347333722
4681.957 35.9525778275834
4740.279 47.3307798165601
4798.6 45.2736208640176
4799.6 39.8069424128635
4953.131 34.8150158913528
5106.663 42.5281137456364
5260.194 43.9670776304215
5413.725 43.7423068173312
5567.257 39.7241551926948
5720.788 36.3854360025306
5874.32 49.626419003412
6027.851 41.2450555471904
6181.382 38.8819003649194
6334.914 44.9883025803774
6488.445 40.6953949709184
6641.976 35.6374279370176
6795.508 44.1379609310209
6949.039 40.3874429909484
7102.571 28.9931226458572
7256.102 24.7094607581737
7409.633 29.0579806206895
7563.165 33.7058991437328
7716.696 35.2446747645564
7870.227 32.1561122843551
8023.759 35.5218564660041
8177.29 24.6885772790697
8330.822 28.5885437397534
8484.353 32.067851171492
8637.884 37.7667460970352
8791.416 35.553249318097
8944.947 28.0885151038677
9098.478 29.1078198510234
9252.01 29.5197315514816
9405.541 25.8034055504335
9559.073 21.9448584327713
9712.604 29.5545975145538
9866.135 26.109626185725
10019.667 27.7945707974152
10173.198 33.9823818882576
10326.729 38.592656159152
10480.261 37.934672986598
10633.792 30.2467692763921
10787.324 32.1564397901011
10940.855 27.3611894106566
11094.386 25.4140897675932
11247.918 21.4077388765011
11401.449 25.9346268740154
11554.98 34.213459445779
11708.512 30.7634324157346
11862.043 26.2256466183068
12015.575 25.4079336876841
12169.106 27.2957054132899
12322.637 25.3497124262634
12476.169 21.321156575306
12629.7 21.6164101384269
12630.7 34.234327768438
13034.822 30.5381370885754
13438.943 30.3960574858657
13843.065 22.0743263244131
14247.186 20.3785299305267
14651.308 19.6394722078179
15055.429 16.9223059836654
15459.551 20.8709567775567
15863.673 23.3106925688556
16267.794 20.4035361331575
16671.916 16.5621528661064
17076.037 18.0604542233893
17480.159 24.8874811821047
17884.28 29.679191480031
18288.402 28.1878512427843
18692.524 28.4589736660371
19096.645 30.0348675781592
19500.767 27.1922498323576
19904.888 25.464687902549
20309.01 20.4409725034681
20713.131 15.9714822380629
21117.253 15.0530626059982
21521.375 16.3529730286936
21925.496 19.8726261483163
22329.618 16.6399344183162
22733.739 15.4578038135359
23137.861 19.6665226882055
23541.982 20.8653290412982
23946.104 19.8589112031568
24350.225 15.9922808559329
24754.347 19.4504697340352
25158.469 22.8558104259633
25562.59 22.1802104051085
25966.712 18.8101131002068
26370.833 18.321518057272
26774.955 16.8156331098367
27179.076 16.0895241338953
27583.198 16.4458212086662
27987.32 17.4586447386325
28391.441 13.6719761630831
28795.563 16.325840983626
29199.684 18.311482970429
29603.806 17.8873220375586
30007.927 19.2323115286148
30412.049 20.2153259022537
30816.171 17.9100649846901
31220.292 13.0943056475007
31624.414 17.0313370384545
32028.535 20.7547069012109
32432.657 23.0901900870443
32836.778 21.0245210164806
33240.9 19.107305248772
33241.9 14.8088216202898
34305.559 14.4800024135653
35369.218 14.8609166217059
36432.876 13.2457879797502
37496.535 12.0821602222012
38560.194 12.1924677927587
39623.853 15.9437097109865
40687.512 17.5487549123861
41751.171 17.9176644950576
42814.829 15.3018338763689
43878.488 14.2334090678075
44942.147 13.5668615835602
46005.806 13.9215073036314
47069.465 13.8392490909263
48133.124 11.8317889834041
49196.782 11.7448207755176
50260.441 11.44014308921
51324.1 9.12599372168083
52387.759 10.9298799430054
53451.418 13.2556313685212
54515.076 13.0540046157105
55578.735 11.1091557998501
56642.394 9.84876505926193
57706.053 10.7000410621199
58769.712 11.7618771208142
59833.371 12.89998073722
60897.029 11.7522481735106
61960.688 10.1783205911483
63024.347 10.1027558773386
64088.006 11.8968891236947
65151.665 13.7183507354063
66215.324 13.9613317487832
67278.982 13.5666853681641
68342.641 12.4006773553133
69406.3 11.1501855663292
70469.959 10.4472143049535
71533.618 10.2571438554877
72597.276 11.7473874405118
73660.935 12.5816830246143
74724.594 11.588916636171
75788.253 9.83243454611735
76851.912 7.84853264848294
77915.571 8.5956625054909
78979.229 10.2769837443319
80042.888 12.5551549485523
81106.547 13.0359325226623
82170.206 12.9409628926326
83233.865 10.319028257309
84297.524 9.51487216026461
85361.182 9.48751366922005
86424.841 9.17735037589292
87488.5 10.2441116728924
87489.5 9.21697431491324
90289.039 9.34718984915101
93088.578 9.91015761138724
95888.118 9.99459185950249
98687.657 10.0501214944105
101487.196 10.4834760189997
104286.735 11.9337281383461
107086.275 10.4360096822541
109885.814 7.91402517796142
112685.353 5.9197588581511
115484.892 6.13202821909086
118284.431 7.19741706570956
121083.971 8.23850353236839
123883.51 8.33318948361797
126683.049 6.43248294646582
129482.588 5.29187035880667
132282.127 5.62230062215378
135081.667 8.70570846843497
137881.206 11.3144349084784
140680.745 10.6552165652036
143480.284 10.7544668944796
146279.824 10.8578040782715
149079.363 7.34256406418448
151878.902 6.95224091429556
154678.441 7.62317413090028
157477.98 8.14674129519292
160277.52 7.67875858470751
163077.059 7.05617780779678
165876.598 7.77455974074847
168676.137 7.82220937020166
171475.676 7.30538386513067
174275.216 6.14838799487585
177074.755 6.40563775136999
179874.294 6.98918133174952
182673.833 7.6098387083204
185473.373 7.59133441564189
188272.912 7.38961950588575
191072.451 6.53271881338776
193871.99 5.74314292770819
196671.529 5.93612877270509
199471.069 6.30755436918512
202270.608 6.60823990220604
205070.147 5.79641073054698
207869.686 4.67627840775671
210669.225 3.78384086910229
213468.765 3.79978750777723
216268.304 4.94478656601735
219067.843 5.83749098834336
221867.382 6.50279254310769
224666.922 5.44116168324536
227466.461 4.91274098583184
230266 4.95192218804015
230267 4.02531907443192
237635.294 5.6692741557056
245003.588 NaN
252371.882 NaN
259740.176 6.2710484688102
267108.471 7.95764126539966
274476.765 6.25713867889929
281845.059 6.23640250166072
289213.353 5.70659549826203
296581.647 4.90814884068554
303949.941 5.82104893617669
311318.235 6.30243430086977
318686.529 6.1266756259489
326054.824 5.80349810367571
333423.118 6.40481573832295
340791.412 6.46428800447663
348159.706 4.60447189479592
355528 4.14821897781291
362896.294 6.61064136066907
370264.588 5.62182573115227
377632.882 5.89191241913471
385001.176 6.20247126789201
392369.471 4.98332352876923
399737.765 4.78981728469742
407106.059 4.3570170223517
414474.353 4.75651076905799
421842.647 5.95623596611443
429210.941 5.30827188334234
436579.235 4.68438103327032
443947.529 6.28236493674434
451315.824 5.2277462012351
458684.118 5.0735684500553
466052.412 5.8420595141779
473420.706 5.89988754922075
480789 5.20529781102166
488157.294 4.24242429553319
495525.588 4.05771879202643
502893.882 4.19450763367677
510262.176 5.42977393808139
517630.471 4.71168143968097
524998.765 4.94666633429414
532367.059 3.5499388877174
539735.353 4.14038524900093
547103.647 4.97536275307788
554471.941 3.33502721126224
561840.235 3.94214278986375
569208.529 3.6672535402147
576576.824 3.15748388445075
583945.118 4.57105560082882
591313.412 3.76857161486414
598681.706 4.75967619792105
606050 4.13324798955137
606051 3.27604955623666
625444.118 4.90103944217774
644837.235 3.96201612696962
664230.353 4.97773613848574
683623.471 3.83267232998695
703016.588 3.70973352861278
722409.706 3.73399584390906
741802.824 3.29787819096459
761195.941 4.05099495323531
780589.059 3.72804625261517
799982.176 5.29059438354661
819375.294 5.34726679813324
838768.412 4.24895605246903
858161.529 3.06389693064185
877554.647 3.12197639448224
896947.765 3.36406711544226
916340.882 3.70149794787412
935734 2.89021288552493
955127.118 2.88198216243862
974520.235 4.33921613755852
993913.353 3.9624332733993
1013306.471 4.00269938803465
1032699.588 2.58677004310843
1052092.706 3.38980793361634
1071485.824 3.74862542583677
1090878.941 3.57765245103667
1110272.059 2.90655160531569
1129665.176 3.6929513748988
1149058.294 4.29961057527334
1168451.412 4.48904237875579
1187844.529 4.27962485363519
1207237.647 4.81191515414979
1226630.765 3.29391605959832
1246023.882 3.25410063713519
1265417 2.92588137445014
1284810.118 2.64583653749293
1304203.235 4.13743814011827
1323596.353 2.41456761065837
1342989.471 2.54179082299055
1362382.588 4.28995566900778
1381775.706 2.73657602252463
1401168.824 2.63723354769715
1420561.941 4.00758356539678
1439955.059 3.38159452761376
1459348.176 3.63584446647822
1478741.294 4.00392214318203
1498134.412 3.03798914763073
1517527.529 3.18821307347219
1536920.647 2.57600715150871
1556313.765 3.46277952936511
1575706.882 2.13809340244189
1595100 2.70049288456206
1595100 2.03513896030569
1646141.765 2.67470060181273
1697183.529 3.47142283480582
1748225.294 2.69486127125682
1799267.059 2.24582038675957
1850308.824 2.62314148940559
1901350.588 3.05664685917753
1952392.353 1.790690054235
2003434.118 2.40845191709088
2054475.882 3.42614966483888
2105517.647 2.74208151207549
2156559.412 2.91214739292427
2207601.176 3.49526418684627
2258642.941 3.50790920788247
2309684.706 3.39741146320586
2360726.471 3.1146588812232
2411768.235 2.18018933025611
2462810 2.35336479059755
2513851.765 2.24697992963434
2564893.529 2.11136251481716
2615935.294 2.64935985168913
2666977.059 2.94253039342132
2718018.824 3.01482650435991
2769060.588 1.3707693898562
2820102.353 3.4134373090142
2871144.118 2.50298077977728
2922185.882 2.42924208678748
2973227.647 1.2455082813664
3024269.412 2.54063442173441
3075311.176 2.98641452284834
3126352.941 2.64567568199433
3177394.706 2.06792990894096
3228436.471 3.20481913010084
3279478.235 2.40602236860161
3330520 2.516195420034
3381561.765 2.3585847410042
3432603.529 2.10084188807656
3483645.294 2.72856477761702
3534687.059 2.73928143540905
3585728.824 2.05999305928709
3636770.588 1.8160030636008
3687812.353 1.97248301364839
3738854.118 2.57313948538789
3789895.882 2.30384742014129
3840937.647 2.58433373542369
3891979.412 2.04605111225921
3943021.176 2.00282232750999
3994062.941 2.86946876752458
4045104.706 2.06976183351704
4096146.471 1.74461376951051
4147188.235 2.40216427099723
4198230 3.16391332125439
4198230 2.21674838699754
4332570.588 1.82133793824989
4466911.176 1.90516677743366
4601251.765 3.14681150773765
4735592.353 2.7124778547548
4869932.941 1.54464365648406
5004273.529 2.87410909940538
5138614.118 2.59933230112179
5272954.706 3.13367931224336
5407295.294 2.86451111322003
5541635.882 2.42560268801581
5675976.471 2.82407160423074
5810317.059 1.79609188902852
5944657.647 1.73584146821696
6078998.235 2.18486823121922
6213338.824 2.70105752357091
6347679.412 2.08581654707552
6482020 1.70839577355699
6616360.588 2.45345856253585
6750701.176 3.15261389000204
6885041.765 3.18683492599359
7019382.353 3.23865183787611
7153722.941 1.92991653602868
7288063.529 1.39694092194354
7422404.118 2.59844610700146
7556744.706 2.53706557917247
7691085.294 1.50553096519684
7825425.882 1.49652329136635
7959766.471 2.27413935892153
8094107.059 1.2579145166376
8228447.647 1.96277946395478
8362788.235 3.12968381600265
8497128.824 2.38426572289379
8631469.412 1.95680046898731
8765810 2.46913635291871
8900150.588 1.52580350427962
9034491.176 2.22835059070406
9168831.765 1.88612509948293
9303172.353 1.96634872660265
9437512.941 2.06167665656162
9571853.529 1.71462441491193
9706194.118 1.24002368476112
9840534.706 2.08134899481098
9974875.294 1.38104199774787
10109215.882 1.44462852588836
10243556.471 1.62492179871458
10377897.059 NaN
10512237.647 2.04367174546259
10646578.235 1.45103275460467
10780918.824 1.74288032650319
10915259.412 2.05494318246654
11049600 2.19101106692847
11049600 2.05999574420464
11403174.51 2.09759297558127
11756749.02 2.51486070617993
12110323.529 1.71178394150413
12463898.039 1.7861778316053
12817472.549 2.78547359321063
13171047.059 2.55781881121354
13524621.569 2.05447549351845
13878196.078 1.72683829422478
14231770.588 1.52282935550757
14585345.098 2.51518566227198
14938919.608 1.65430440669815
15292494.118 1.07323583264276
15646068.627 1.34238277391926
15999643.137 2.07331630847077
16353217.647 1.20530003711626
16706792.157 2.56367227373491
17060366.667 2.41200686366799
17413941.176 NaN
17767515.686 1.36731125844382
18121090.196 1.99541990654885
18474664.706 1.63189118388009
18828239.216 1.37463747736919
19181813.725 2.05911585017877
19535388.235 1.20236682755273
19888962.745 1.62599802067445
20242537.255 2.06052475288499
20596111.765 2.62476530024021
20949686.275 1.14058496053983
21303260.784 1.9389112639162
21656835.294 1.93390342221808
22010409.804 1.37332349005096
22363984.314 1.68148584489596
22717558.824 2.11932309064374
23071133.333 2.11254671714472
23424707.843 1.92731378413396
23778282.353 2.17119627920417
24131856.863 1.56303024302802
24485431.373 1.7729183860695
24839005.882 2.56148087205117
25192580.392 2.64217236048168
25546154.902 2.6432293140892
25899729.412 2.56998516516252
26253303.922 1.65666164304656
26606878.431 2.13953114119599
26960452.941 0.683968379510635
27314027.451 2.82042660689947
27667601.961 2.10012496411166
28021176.471 1.64004173049071
28374750.98 2.26961760096874
28728325.49 1.97926750413046
29081900 2.09005081439169
29081900 0.463338127839234
30012498.039 1.74273332526884
30943096.078 2.48116853834682
31873694.118 2.57071428034734
32804292.157 2.06731676396894
33734890.196 2.4980316394715
34665488.235 2.38695867341744
35596086.275 1.73449962876242
36526684.314 1.85875341917655
37457282.353 2.73290654381659
38387880.392 2.1037770630406
39318478.431 1.91844574254622
40249076.471 2.3660358878562
41179674.51 1.58737057281125
42110272.549 2.23788745526999
43040870.588 1.90982735020608
43971468.627 2.02028427255117
44902066.667 1.98650217115914
45832664.706 2.11937650354987
46763262.745 2.92261799149177
47693860.784 2.7322809845813
48624458.824 1.99151979354123
49555056.863 1.65520644698761
50485654.902 2.61105357876305
51416252.941 NaN
52346850.98 1.49016730402843
53277449.02 2.03012746996213
54208047.059 NaN
55138645.098 2.66041831536489
56069243.137 1.18077632971256
56999841.176 1.14481496352769
57930439.216 2.69612317633216
58861037.255 1.79336832771611
59791635.294 1.2475782197021
60722233.333 0.576574568894566
61652831.373 1.0654822668138
62583429.412 1.96801279258661
63514027.451 0.250517050155222
64444625.49 1.28781695833338
65375223.529 1.41747696129655
66305821.569 1.92167185316612
67236419.608 1.93761357919215
68167017.647 2.7588301847423
69097615.686 2.21552613269793
70028213.725 2.47100261276805
70958811.765 1.44855010311468
71889409.804 1.76439215281437
72820007.843 NaN
73750605.882 1.44440387465318
74681203.922 2.46536107236314
75611801.961 1.38845384610429
76542400 1.75516285757307
76542400 2.29904054374723
78991686.275 2.73602401622066
81440972.549 NaN
83890258.824 2.343045808262
86339545.098 2.83620460945787
88788831.373 NaN
91238117.647 NaN
93687403.922 NaN
96136690.196 21.0149602913053
98585976.471 2.1459194750942
101035262.745 NaN
103484549.02 NaN
105933835.294 1.1809847169492
108383121.569 NaN
110832407.843 1.15647199412677
113281694.118 1.23393243068137
115730980.392 2.25615068807583
118180266.667 NaN
120629552.941 NaN
123078839.216 1.55507033743447
125528125.49 NaN
127977411.765 NaN
130426698.039 1.74415924902386
132875984.314 NaN
135325270.588 NaN
137774556.863 4.2864430793988
140223843.137 1.29491925233979
142673129.412 NaN
145122415.686 NaN
147571701.961 NaN
150020988.235 4.75231558651521
152470274.51 NaN
154919560.784 NaN
157368847.059 2.19124267800834
159818133.333 NaN
162267419.608 NaN
164716705.882 NaN
167165992.157 NaN
169615278.431 4.09497619360544
172064564.706 8.46516210312685
174513850.98 3.57783752837856
176963137.255 NaN
179412423.529 NaN
181861709.804 NaN
184310996.078 NaN
186760282.353 NaN
189209568.627 9.81042151629316
191658854.902 9.29836314441596
194108141.176 7.40055375817281
196557427.451 8.61308796348182
199006713.725 NaN
201456000 9.57104636227028
