101 126.056419441932
104.18 112.259708812059
107.361 48.4938409229059
110.541 NaN
113.721 NaN
116.902 207.974475300125
120.082 192.89208119942
123.262 199.192402145238
126.443 239.699913796277
129.623 315.319529698298
132.803 301.296693795573
135.983 163.84005922097
139.164 152.763850008331
142.344 214.465139114929
145.524 333.463769482383
148.705 281.280118265542
151.885 236.405377997554
155.065 NaN
158.246 NaN
161.426 149.3819219822
164.606 150.683144933785
167.787 128.79612832442
170.967 179.149769594846
174.147 202.795493506512
177.328 200.418064909807
180.508 180.017537231558
183.688 180.449991882429
186.868 189.063353227819
190.049 195.49275924565
193.229 168.025571314463
196.409 136.264508290929
199.59 120.325365082876
202.77 131.426898208783
205.95 143.525203859094
209.131 126.491476179879
212.311 117.313232797097
215.491 154.422904016718
218.672 170.283888687691
221.852 127.456466899907
225.032 93.4430921245702
228.213 116.188698698647
231.393 149.656672984893
234.573 151.613703723083
237.753 153.319708121633
240.934 135.132441594419
244.114 138.799235989309
247.294 170.671370620332
250.475 162.991627973828
253.655 95.6745511268918
256.835 14.5335770785251
260.016 113.532726451182
263.196 136.601562158975
264.196 70.1803747354217
272.598 71.8925006154202
281.001 63.5594630704197
289.403 75.5572417921777
297.806 79.7092417900314
306.208 88.7695785370101
314.611 130.436555941206
323.013 144.014837539128
331.415 134.050379905023
339.818 121.619902346299
348.22 119.853515181759
356.623 124.273261154399
365.025 118.457892360541
373.428 112.297487878674
381.83 131.153482273513
390.232 142.494736031874
398.635 120.687554629936
407.037 117.457306866321
415.44 130.355473653041
423.842 145.65558830045
432.245 136.457577299487
440.647 117.499661390809
449.049 117.260473503492
457.452 121.403350971122
465.854 118.147894356963
474.257 109.882971318719
482.659 100.313881370184
491.062 78.9032745653738
499.464 89.1057515305338
507.867 95.2579718152874
516.269 96.213139807496
524.671 99.7538112416895
533.074 106.110495635261
541.476 122.223220471213
549.879 131.75871753995
558.281 121.114927754121
566.684 120.126166247226
575.086 111.592145936082
583.488 108.736068417249
591.891 106.574070706861
600.293 86.9958982468228
608.696 78.7332183303911
617.098 78.3509106355873
625.501 85.8448313378996
633.903 94.9839556339568
642.305 103.259513168073
650.708 102.01115768747
659.11 106.6905175137
667.513 117.057552676182
675.915 108.294070803091
684.318 85.3650522795697
692.72 81.8519170460521
693.72 75.7294917070152
715.867 84.9580451998112
738.014 101.660059987542
760.161 108.91751727304
782.307 105.234093220632
804.454 91.2177617670239
826.601 74.564154439362
848.748 75.3432541381695
870.895 76.7915311393085
893.042 59.6878816233187
915.189 109.104416934443
937.335 89.9650682288788
959.482 100.197707403835
981.629 101.102168582959
1003.776 74.8809101263447
1025.923 71.5658908346419
1048.07 70.2666374258014
1070.217 69.1535701658862
1092.364 66.2913177463787
1114.51 59.8380356051132
1136.657 71.8473564944217
1158.804 73.8731217632173
1180.951 74.1064223431953
1203.098 71.5715648669221
1225.245 80.6675884660304
1247.392 84.9127528517581
1269.538 80.3792566594006
1291.685 77.7685019195738
1313.832 64.6374438682073
1335.979 72.1677097035689
1358.126 62.0605128108393
1380.273 60.7861777007006
1402.42 53.0497722344204
1424.566 90.6414588350148
1446.713 75.118308631078
1468.86 60.4561508721546
1491.007 69.98349740831
1513.154 61.3801957412553
1535.301 68.8530158457796
1557.448 61.7665830313163
1579.595 68.6230780508358
1601.741 67.3614132805233
1623.888 57.1379305498284
1646.035 65.5055579634009
1668.182 40.5123290224714
1690.329 61.4080865765199
1712.476 74.9637987964681
1734.623 61.1903736402047
1756.769 61.8080034883779
1778.916 66.9821774651185
1801.063 45.7846928505714
1823.21 57.6800430422811
1824.21 69.933666354325
1882.531 69.5379355646476
1940.853 66.0843522090123
1999.174 67.0242720981476
2057.495 73.2498847365688
2115.817 68.4205415183603
2174.138 51.1531051844819
2232.46 40.1706937720686
2290.781 46.8751870870929
2349.102 45.0328053267019
2407.424 47.8888383479541
2465.745 35.6075853144224
2524.066 54.8710131000459
2582.388 42.9495139219581
2640.709 49.3327465464216
2699.031 62.7737931595711
2757.352 46.6321919391131
2815.673 50.0122386732709
2873.995 63.8097295287526
2932.316 55.4963863871986
2990.637 54.5516352382983
3048.959 59.0220852302826
3107.28 62.4006795015724
3165.602 51.5988912934873
3223.923 48.5661942241467
3282.244 40.7117475492092
3340.566 41.4053376451019
3398.887 36.3346579269621
3457.208 55.2282905049974
3515.53 54.9099915214445
3573.851 40.3875871501125
3632.173 35.4524449531762
3690.494 36.8196358590736
3748.815 49.5636888344389
3807.137 47.1884064696363
3865.458 46.4762138054412
3923.779 49.1225512196119
3982.101 46.1610416935304
4040.422 38.1866741921781
4098.744 37.5522978067005
4157.065 29.4657098462522
4215.386 39.5322326890066
4273.708 45.2381396801512
4332.029 47.060447635463
4390.35 43.8042891517279
4448.672 39.4739357618943
4506.993 33.8648780204834
4565.315 35.8957061868154
4623.636 29.0717458573961
4681.957 33.2971710435226
4740.279 42.3439960493592
4798.6 42.8518955781328
4799.6 41.541855254051
4953.131 39.7036347282955
5106.663 43.7110674848608
5260.194 39.4029339689201
5413.725 25.2463347608133
5567.257 25.972054651282
5720.788 27.5899729938912
5874.32 32.7349830991925
6027.851 30.1631256411026
6181.382 40.8182503621895
6334.914 40.5555614150002
6488.445 42.3495668402233
6641.976 38.7419967076631
6795.508 32.0351965243591
6949.039 34.7749977095546
7102.571 36.6586183166335
7256.102 22.4535471154086
7409.633 24.543147775597
7563.165 34.140025391873
7716.696 37.0109357594
7870.227 31.6176018198958
8023.759 22.2277099028706
8177.29 22.3737167575138
8330.822 33.6639419011284
8484.353 34.9479929512481
8637.884 25.7065177109375
8791.416 29.6416797746537
8944.947 30.4258762315326
9098.478 29.9721669946676
9252.01 29.4161398161396
9405.541 23.7886460552578
9559.073 25.2798387456054
9712.604 27.3855858692004
9866.135 26.1352882428573
10019.667 30.9499006105592
10173.198 40.8931676841407
10326.729 41.4571196667035
10480.261 33.9123862617787
10633.792 25.260814088861
10787.324 33.3146587163742
10940.855 29.6273760902203
11094.386 27.0631756965879
11247.918 21.5367907642568
11401.449 20.8731300613319
11554.98 23.3888816303494
11708.512 26.0620384483765
11862.043 23.5411907311892
12015.575 20.2348182076002
12169.106 23.5160769952858
12322.637 28.2329081537052
12476.169 26.2939858011041
12629.7 18.3388982228145
12630.7 22.512415127289
13034.822 27.0490837990146
13438.943 30.111374256951
13843.065 25.6698969879153
14247.186 21.2499050525986
14651.308 18.0935850472389
15055.429 19.282748111454
15459.551 26.4392500570074
15863.673 25.4038429343969
16267.794 22.2483572009681
16671.916 16.3472739848756
17076.037 18.4933019352968
17480.159 22.9647124899545
17884.28 17.4233529930522
18288.402 17.1573283496104
18692.524 20.3286715554296
19096.645 16.4879930774116
19500.767 16.5407747531863
19904.888 21.2680182453934
20309.01 22.4723893675202
20713.131 19.6717166503862
21117.253 15.8553502759575
21521.375 16.0054551703876
21925.496 17.7299180519583
22329.618 13.8574854962296
22733.739 13.6283716758755
23137.861 17.468412122241
23541.982 19.3304813630088
23946.104 18.8000819732414
24350.225 15.5060387084125
24754.347 16.8417908623223
25158.469 16.2802971649685
25562.59 10.3400155456573
25966.712 9.34718505341214
26370.833 12.0539655884766
26774.955 13.6290780364521
27179.076 13.2361761566067
27583.198 10.8713415384418
27987.32 12.7284064779165
28391.441 13.5110214883654
28795.563 15.2898262629511
29199.684 17.7018106820118
29603.806 17.7900189071194
30007.927 14.0016059391912
30412.049 10.4085465593802
30816.171 12.881253401365
31220.292 14.0741400063745
31624.414 15.4738419884624
32028.535 14.3199744342143
32432.657 13.4382052677016
32836.778 12.517568431714
33240.9 13.8363646946305
33241.9 10.901197466351
34305.559 10.9211989828426
35369.218 11.8471431817928
36432.876 14.3393899893459
37496.535 15.0319402709416
38560.194 15.2978861057931
39623.853 14.3293506760322
40687.512 15.5224243571654
41751.171 14.8103325831756
42814.829 12.905550755887
43878.488 13.5485154644568
44942.147 14.1480882128876
46005.806 14.3079404214794
47069.465 13.8918120097178
48133.124 12.3280997181782
49196.782 10.7047704952652
50260.441 10.0008693722073
51324.1 11.8441226293429
52387.759 11.4391760812721
53451.418 10.6203727622467
54515.076 9.64086869800848
55578.735 8.20980816934262
56642.394 8.62303048666994
57706.053 10.0767308817623
58769.712 11.4103325230285
59833.371 13.8371196339979
60897.029 13.2851562547573
61960.688 11.6363264447075
63024.347 10.6726713714046
64088.006 11.4746529459849
65151.665 11.7586554337736
66215.324 12.3293691168155
67278.982 12.0841565651474
68342.641 11.5033307458599
69406.3 10.526171047771
70469.959 11.9780078272877
71533.618 17.047560569624
72597.276 16.3622720601475
73660.935 14.3494218228214
74724.594 13.4347124360451
75788.253 14.9913875991117
76851.912 12.8236832297298
77915.571 10.0334028637504
78979.229 7.81355818759822
80042.888 9.04120438250296
81106.547 10.1986779815783
82170.206 9.3184910878368
83233.865 7.63643385902359
84297.524 7.62859827147736
85361.182 8.4676003394908
86424.841 8.80594331906185
87488.5 9.55149029433362
87489.5 7.56071661863952
90289.039 7.8719795964561
93088.578 9.70751724232357
95888.118 10.4934135086673
98687.657 10.5725359270936
101487.196 10.3002323240568
104286.735 7.75890739237913
107086.275 7.00895865976389
109885.814 7.92273338915682
112685.353 9.59733469506113
115484.892 10.0772198520237
118284.431 9.57256495493483
121083.971 8.98405904250759
123883.51 7.80688388435724
126683.049 7.62299754257613
129482.588 7.69800050754457
132282.127 7.81923087168718
135081.667 9.02794285999619
137881.206 8.82918832021351
140680.745 7.95972809526661
143480.284 7.32789101704307
146279.824 8.04058707829057
149079.363 8.19646669058432
151878.902 6.76754007875996
154678.441 6.22490228471096
157477.98 6.21747170409342
160277.52 6.13891410665129
163077.059 5.84802409285413
165876.598 6.39073816094896
168676.137 5.94285316162367
171475.676 4.92993794679013
174275.216 NaN
177074.755 1.53497100140923
179874.294 5.30192353174964
182673.833 7.81133557648434
185473.373 8.53338238988173
188272.912 7.44665293837879
191072.451 6.00592721260944
193871.99 5.72576611059144
196671.529 7.4018554040295
199471.069 7.83558998452945
202270.608 7.26115482528383
205070.147 6.34271637969892
207869.686 6.87095143574186
210669.225 6.37790418291345
213468.765 6.38229291900798
216268.304 6.30236569951084
219067.843 5.44683889396595
221867.382 5.66109695381989
224666.922 5.9147064356322
227466.461 5.56650582104957
230266 6.09628795468527
230267 6.08670809095954
237635.294 5.17419579822013
245003.588 NaN
252371.882 26.9506104423929
259740.176 5.95331110200782
267108.471 5.75083758909978
274476.765 6.67868517881192
281845.059 4.92935148272477
289213.353 5.93751409990844
296581.647 5.38882785554056
303949.941 5.51211020527631
311318.235 7.19868828318404
318686.529 4.84937051608453
326054.824 3.94899907588106
333423.118 5.4905369703708
340791.412 4.9670549062826
348159.706 3.4265685373586
355528 5.04339965870983
362896.294 5.70304182744882
370264.588 4.54738178555309
377632.882 4.29091240323681
385001.176 4.50406487094374
392369.471 4.82351841799703
399737.765 4.94121793537042
407106.059 4.37664713088448
414474.353 6.40242260809896
421842.647 6.3571040882392
429210.941 4.69996629638764
436579.235 4.25086640795283
443947.529 5.8972642079116
451315.824 6.05496377928627
458684.118 4.81468652299413
466052.412 6.34945809164635
473420.706 5.49985080191778
480789 3.38212198603637
488157.294 3.89889541266582
495525.588 4.52740054750356
502893.882 2.54848453163024
510262.176 4.67869783117412
517630.471 NaN
524998.765 4.49646018979409
532367.059 3.68172785707494
539735.353 4.19208250090101
547103.647 4.06266120451914
554471.941 5.38956418854538
561840.235 3.64193417931227
569208.529 3.19507801338155
576576.824 3.96729049559614
583945.118 3.67605602301117
591313.412 4.39641977403081
598681.706 4.45982961537434
606050 4.02237645955065
606051 2.82412012741444
625444.118 0.905204388390316
644837.235 4.82728658314345
664230.353 3.36944523080106
683623.471 4.83497358800555
703016.588 3.41332109927227
722409.706 4.60783554085212
741802.824 4.30019907003363
761195.941 3.30608977900696
780589.059 2.95568352267904
799982.176 3.81449851129582
819375.294 4.44489783014683
838768.412 3.89018649693259
858161.529 2.80377582231486
877554.647 3.87014196646299
896947.765 5.35111272879121
916340.882 2.6995912825577
935734 3.92642769426172
955127.118 6.14651859521211
974520.235 3.78399400745314
993913.353 3.04876481333935
1013306.471 3.67738726669476
1032699.588 NaN
1052092.706 NaN
1071485.824 2.5289900503461
1090878.941 NaN
1110272.059 0.896335989891552
1129665.176 NaN
1149058.294 NaN
1168451.412 NaN
1187844.529 3.03633518538099
1207237.647 NaN
1226630.765 NaN
1246023.882 3.05077103135
1265417 NaN
1284810.118 4.26586250798639
1304203.235 3.57890947975166
1323596.353 4.95559268598738
1342989.471 3.84764232551161
1362382.588 4.8696775859848
1381775.706 3.59948454191488
1401168.824 1.27337363226814
1420561.941 3.67480426034656
1439955.059 4.28431974378919
1459348.176 4.07855072090517
1478741.294 1.69209578891671
1498134.412 NaN
1517527.529 1.94021115025392
1536920.647 3.51601892122725
1556313.765 2.96547200741638
1575706.882 2.05765511954718
1595100 3.30324087167584
1595100 3.81441655857647
1646141.765 4.74919996677131
1697183.529 1.99528409369893
1748225.294 2.48652031494705
1799267.059 3.35444682384068
1850308.824 4.2191723585419
1901350.588 4.02585278462798
1952392.353 1.34600567115471
2003434.118 3.17153610537053
2054475.882 3.51781392754528
2105517.647 1.54251151288663
2156559.412 2.49400261530679
2207601.176 2.92575243644368
2258642.941 2.54884887168599
2309684.706 2.21927379718336
2360726.471 3.07298174120104
2411768.235 3.676540597789
2462810 2.73802987414234
2513851.765 3.50894862419965
2564893.529 2.72758111200684
2615935.294 2.979400406528
2666977.059 3.72203129507285
2718018.824 2.86947314191732
2769060.588 2.90940237239956
2820102.353 1.6023522020865
2871144.118 3.3223570228103
2922185.882 3.30196818582378
2973227.647 2.04021389865795
3024269.412 4.55351949632863
3075311.176 3.20640243061193
3126352.941 3.70954892008462
3177394.706 0.934642032106078
3228436.471 2.85897656484561
3279478.235 NaN
3330520 2.71730994490081
3381561.765 2.86123946820864
3432603.529 1.64233679395819
3483645.294 1.53776936418663
3534687.059 3.23970306947998
3585728.824 2.98720372300126
3636770.588 2.90953797135051
3687812.353 3.18122481002964
3738854.118 1.12781343607763
3789895.882 3.04021033443193
3840937.647 2.17859978328017
3891979.412 3.15159160560291
3943021.176 2.58804263331753
3994062.941 3.15967598940065
4045104.706 3.90310651432724
4096146.471 2.23612670589911
4147188.235 1.45407182378904
4198230 1.72128482531024
4198230 1.77176221352913
4332570.588 3.4898191002243
4466911.176 2.46624032327183
4601251.765 3.26474661549932
4735592.353 3.26559559127659
4869932.941 2.97079811604035
5004273.529 2.9576025887891
5138614.118 2.55524557840576
5272954.706 1.56787923979887
5407295.294 3.18932202624027
5541635.882 1.98125370362547
5675976.471 1.29488188767686
5810317.059 4.25393100826483
5944657.647 1.04972369053734
6078998.235 3.94937202251767
6213338.824 2.10647839432639
6347679.412 1.19404860720818
6482020 2.24849426706458
6616360.588 2.83100696248362
6750701.176 1.84840169208727
6885041.765 2.20353304068872
7019382.353 3.23412281151257
7153722.941 2.31284246229037
7288063.529 2.19503547335249
7422404.118 3.68491509638381
7556744.706 2.53727101606075
7691085.294 1.54439455418302
7825425.882 2.40309680586376
7959766.471 2.31749321469167
8094107.059 2.8876845689406
8228447.647 2.19883765222754
8362788.235 3.73763034214764
8497128.824 3.03033965558121
8631469.412 2.95029918743442
8765810 2.13744920302592
8900150.588 3.13950181963732
9034491.176 2.22243785955176
9168831.765 1.79778435996544
9303172.353 3.16143750649471
9437512.941 2.69127561650901
9571853.529 1.85142279009124
9706194.118 1.82423515589321
9840534.706 3.2835426417436
9974875.294 2.77364641041822
10109215.882 3.42948487416425
10243556.471 0.928705850402499
10377897.059 3.04995598330616
10512237.647 2.72677279298163
10646578.235 2.60527080540169
10780918.824 4.37560038557554
10915259.412 4.01565020048392
11049600 3.25415751416021
11049600 3.25476403729339
11403174.51 3.31237774459875
11756749.02 2.60343585264363
12110323.529 2.93241855623692
12463898.039 2.16153595245262
12817472.549 2.03289923534633
13171047.059 1.38941953764483
13524621.569 3.59642501068841
13878196.078 3.44591964237924
14231770.588 3.47481387721225
14585345.098 2.37274925039845
14938919.608 NaN
15292494.118 2.43416768484114
15646068.627 NaN
15999643.137 2.69806469964417
16353217.647 3.07216562223005
16706792.157 1.60994557556331
17060366.667 3.48081929917162
17413941.176 2.53939102917357
17767515.686 2.46567524793236
18121090.196 2.13731782158056
18474664.706 2.25329547127103
18828239.216 2.99039345985459
19181813.725 3.57492341477463
19535388.235 2.97847771358905
19888962.745 1.96626209597551
20242537.255 3.84316286785583
20596111.765 3.01538793270129
20949686.275 3.19700229663176
21303260.784 2.6223646053157
21656835.294 3.52271714825874
22010409.804 3.04539456932717
22363984.314 4.5542399781654
22717558.824 2.74694843075792
23071133.333 1.81236778238864
23424707.843 2.67029148606123
23778282.353 3.06406044170983
24131856.863 2.40609085340392
24485431.373 3.04716647150302
24839005.882 4.18827827515878
25192580.392 2.61324601768672
25546154.902 2.60574993020837
25899729.412 2.6356065990719
26253303.922 2.71710623677108
26606878.431 2.4917261166014
26960452.941 1.87542477160764
27314027.451 1.08849236952214
27667601.961 3.04629691279972
28021176.471 3.06705707994659
28374750.98 1.63706535198733
28728325.49 2.55669934017759
29081900 3.92367036642077
29081900 3.934871424027
30012498.039 2.55983126235879
30943096.078 2.14909290607941
31873694.118 3.02062964079847
32804292.157 2.16665735267792
33734890.196 3.67524432131346
34665488.235 3.12852648294778
35596086.275 2.98985542892285
36526684.314 4.05998933607531
37457282.353 3.11418992051736
38387880.392 2.59314578702048
39318478.431 3.25377815580727
40249076.471 2.10814632854174
41179674.51 1.54367664676345
42110272.549 1.90955406879272
43040870.588 1.53880149484298
43971468.627 2.95857843193821
44902066.667 3.35593585536358
45832664.706 3.01500647785911
46763262.745 3.24803307313285
47693860.784 2.9482025474507
48624458.824 3.09865208522457
49555056.863 2.48105733765818
50485654.902 2.7793993226136
51416252.941 4.1170335488914
52346850.98 0.78626478843892
53277449.02 2.18994753250909
54208047.059 2.08477928208855
55138645.098 NaN
56069243.137 2.62543330681406
56999841.176 2.75824506231791
57930439.216 5.15602138221154
58861037.255 1.7093254258021
59791635.294 3.32059207929223
60722233.333 NaN
61652831.373 0.568750823832829
62583429.412 2.93152811367912
63514027.451 1.10098026998536
64444625.49 NaN
65375223.529 0.353999910476916
66305821.569 1.46087251958998
67236419.608 NaN
68167017.647 1.01562361238268
69097615.686 1.05787587380687
70028213.725 NaN
70958811.765 3.59114328952226
71889409.804 3.25434587882278
72820007.843 NaN
73750605.882 NaN
74681203.922 2.68482644577824
75611801.961 NaN
76542400 1.25206031515397
76542400 5.13914186741013
78991686.275 NaN
81440972.549 NaN
83890258.824 NaN
86339545.098 NaN
88788831.373 3.21467116135926
91238117.647 4.20070640143097
93687403.922 NaN
96136690.196 NaN
98585976.471 NaN
101035262.745 4.74575129117366
103484549.02 NaN
105933835.294 NaN
108383121.569 NaN
110832407.843 NaN
113281694.118 NaN
115730980.392 4.90310233691976
118180266.667 5.50586884780113
120629552.941 3.56081210599536
123078839.216 NaN
125528125.49 NaN
127977411.765 3.5057372003507
130426698.039 NaN
132875984.314 4.40467068414273
135325270.588 5.83465975183972
137774556.863 NaN
140223843.137 NaN
142673129.412 NaN
145122415.686 NaN
147571701.961 1.68797745796489
150020988.235 5.64022740917677
152470274.51 5.00968342114494
154919560.784 NaN
157368847.059 12.3936859780107
159818133.333 NaN
162267419.608 NaN
164716705.882 NaN
167165992.157 9.82745425679595
169615278.431 8.65039429058079
172064564.706 NaN
174513850.98 NaN
176963137.255 NaN
179412423.529 NaN
181861709.804 13.8755667213951
184310996.078 21.2518242634007
186760282.353 14.2026483249195
189209568.627 7.31222525059946
191658854.902 18.4858455385217
194108141.176 NaN
196557427.451 NaN
199006713.725 10.7332191541897
201456000 5.39652138502698
