101 422.065839397873
104.18 404.835513695831
107.361 NaN
110.541 NaN
113.721 289.535583684649
116.902 353.420364808523
120.082 363.513382197526
123.262 375.866535744159
126.443 345.243594249483
129.623 357.699893019845
132.803 353.373617427831
135.983 425.118827900451
139.164 412.744288432894
142.344 451.972342816277
145.524 601.83893032097
148.705 634.416371908096
151.885 NaN
155.065 NaN
158.246 285.810017844019
161.426 356.065343060563
164.606 391.30524818842
167.787 319.315220199181
170.967 291.563103224201
174.147 272.789629767766
177.328 335.39054397961
180.508 312.45949986128
183.688 333.700697101237
186.868 376.437283919893
190.049 374.57008861459
193.229 314.373670778126
196.409 260.069079764266
199.59 330.35294116831
202.77 342.711667008121
205.95 316.494477929161
209.131 258.652516281019
212.311 288.735754870439
215.491 266.415338619069
218.672 224.79363608312
221.852 242.820347036992
225.032 324.874297474265
228.213 358.827083823503
231.393 358.22773060282
234.573 211.789676637672
237.753 324.742425840073
240.934 280.22803085149
244.114 325.998427986499
247.294 238.77339475053
250.475 193.688952447801
253.655 167.450924282553
256.835 NaN
260.016 214.363257660609
263.196 231.528385113513
264.196 249.84204300738
272.598 258.928281189358
281.001 270.811531435214
289.403 227.499697660747
297.806 200.359850367234
306.208 186.223436808996
314.611 146.551628596188
323.013 144.361297834004
331.415 149.684943616914
339.818 128.242527798747
348.22 146.427832419326
356.623 220.930025854697
365.025 234.335662226516
373.428 235.988507968293
381.83 169.047733405745
390.232 130.122987965245
398.635 120.399361936553
407.037 126.477133136812
415.44 135.631917895856
423.842 152.591317993051
432.245 128.913778591326
440.647 117.791737668727
449.049 134.955798585059
457.452 162.625409868116
465.854 157.596524602047
474.257 149.523666859951
482.659 146.867461781984
491.062 138.155879306189
499.464 129.379114550774
507.867 118.126384401539
516.269 124.733776930165
524.671 136.153028210807
533.074 170.411601375501
541.476 186.258871026869
549.879 148.43046505532
558.281 137.275813466677
566.684 141.407699739305
575.086 166.039003136001
583.488 179.852450364952
591.891 187.438372000587
600.293 186.830125436463
608.696 164.162709022403
617.098 124.103722780398
625.501 115.222452948411
633.903 116.033405421929
642.305 88.9317643415724
650.708 81.9564813632948
659.11 101.703603286759
667.513 151.966718922744
675.915 167.022184747818
684.318 183.889808749403
692.72 188.458270158882
693.72 111.57664808791
715.867 130.287173126877
738.014 113.093926907053
760.161 153.299992285174
782.307 66.5236723882477
804.454 87.8012363272951
826.601 73.0150764916478
848.748 42.4873842649961
870.895 73.116679311526
893.042 36.1260885713189
915.189 73.8980412407344
937.335 94.3312150979504
959.482 115.861759011401
981.629 26.4092803791216
1003.776 115.310800004427
1025.923 126.61083288621
1048.07 92.0551693397354
1070.217 84.5639268216119
1092.364 91.7161698480414
1114.51 91.5595537114547
1136.657 94.0167262232737
1158.804 104.807198152348
1180.951 61.7186858850818
1203.098 59.7927794833221
1225.245 55.2529042662181
1247.392 57.4392724827427
1269.538 56.4700970233451
1291.685 65.2226809861655
1313.832 64.8773196412995
1335.979 42.3851301064272
1358.126 45.9274866180192
1380.273 42.6206208452906
1402.42 58.3460104352381
1424.566 67.6285945023938
1446.713 91.4314962338557
1468.86 102.165883654699
1491.007 69.7881611902741
1513.154 39.7634581100489
1535.301 52.9466690341283
1557.448 45.8000894869309
1579.595 48.2828971582683
1601.741 24.2992567904138
1623.888 63.4898519772054
1646.035 80.7061524816066
1668.182 74.3166271790162
1690.329 44.4789297813145
1712.476 61.2225899473355
1734.623 75.1424923481035
1756.769 96.365364029873
1778.916 35.6726868983681
1801.063 90.5583470293463
1823.21 87.8629053504256
1824.21 65.320264831632
1882.531 61.7741976392244
1940.853 51.757926343322
1999.174 31.1933122185726
2057.495 41.6989017997637
2115.817 72.951583054647
2174.138 68.8724988175971
2232.46 59.5072155642022
2290.781 52.1510603870166
2349.102 60.9812054048249
2407.424 67.4041854822187
2465.745 34.7289757660903
2524.066 44.0533360603409
2582.388 42.538177030077
2640.709 40.3446588075921
2699.031 28.8951961754328
2757.352 47.2783303206923
2815.673 73.1672114751296
2873.995 57.9855086537982
2932.316 69.6118280124708
2990.637 55.9109768782847
3048.959 70.3171375992218
3107.28 63.7829057383953
3165.602 59.1957907457708
3223.923 56.1140161823103
3282.244 45.7003983634887
3340.566 34.8019213819157
3398.887 26.8660680517991
3457.208 36.5653536465761
3515.53 53.3124939963258
3573.851 50.6968676316633
3632.173 50.7689450539623
3690.494 46.8570211118245
3748.815 59.582535526693
3807.137 56.0648669354943
3865.458 52.0053865167594
3923.779 61.839704181941
3982.101 45.8375899766342
4040.422 58.4482954623164
4098.744 54.7943871034643
4157.065 53.8000899791721
4215.386 36.2830670364146
4273.708 33.4783623483687
4332.029 52.3447414680526
4390.35 48.1772885797407
4448.672 48.3415142862367
4506.993 44.5347967187195
4565.315 54.9258320471784
4623.636 42.9179861941239
4681.957 42.1206921329247
4740.279 47.091564766826
4798.6 54.6902693087925
4799.6 42.1364886377868
4953.131 23.6519068605176
5106.663 36.2187225427564
5260.194 52.3274525862069
5413.725 69.8531590315752
5567.257 67.8514167090786
5720.788 68.4425640226206
5874.32 54.7993916076579
6027.851 47.852154202913
6181.382 33.0443110558115
6334.914 38.6487402534108
6488.445 35.8281858740172
6641.976 44.3662423127162
6795.508 45.8584421920398
6949.039 36.0272545861978
7102.571 36.4202024728332
7256.102 40.6152969898304
7409.633 48.8094155273008
7563.165 54.5133077907066
7716.696 42.2865970187196
7870.227 38.506844787089
8023.759 33.5527170360083
8177.29 37.5546021334882
8330.822 27.6347265512945
8484.353 38.0788406164757
8637.884 43.0994703048264
8791.416 32.8086003250311
8944.947 30.7152689434279
9098.478 30.448542485334
9252.01 32.7768539063278
9405.541 27.7569307667603
9559.073 32.4401501804409
9712.604 39.9487733472753
9866.135 34.5240532454315
10019.667 28.3395275615209
10173.198 27.6262851698036
10326.729 31.3533815079675
10480.261 42.8431861197
10633.792 44.6971301679494
10787.324 32.2979148213234
10940.855 28.9082993291687
11094.386 26.7159672076904
11247.918 14.4202748624128
11401.449 23.9425916726551
11554.98 25.2474319504121
11708.512 23.5517975927681
11862.043 24.1904887577889
12015.575 24.8783271833571
12169.106 30.7006049614559
12322.637 32.242717716806
12476.169 37.4208908323094
12629.7 30.1503159655403
12630.7 24.5939620262879
13034.822 23.9670091431624
13438.943 23.8472675140487
13843.065 20.0382009047285
14247.186 15.1444731662828
14651.308 16.2641521037046
15055.429 19.844448539332
15459.551 20.8026630055799
15863.673 22.5948041166626
16267.794 23.2630542792737
16671.916 18.7934922984408
17076.037 17.9512909997318
17480.159 22.0606049795597
17884.28 14.4230661704099
18288.402 6.98315017362472
18692.524 10.8665632352555
19096.645 18.9687005993323
19500.767 19.6039420673038
19904.888 15.7656770843342
20309.01 12.8149381291148
20713.131 16.0008293491422
21117.253 21.0925262945243
21521.375 22.2784602122195
21925.496 19.2326539447304
22329.618 18.8892461267118
22733.739 20.2176322496364
23137.861 24.3561346685229
23541.982 24.3050343704929
23946.104 24.6256934139221
24350.225 22.1545978468731
24754.347 17.8972497668727
25158.469 21.0633903801809
25562.59 25.3690955270115
25966.712 24.1848021969173
26370.833 21.2526015746012
26774.955 19.6341309341489
27179.076 16.776921627239
27583.198 14.4820834288047
27987.32 15.8274172303305
28391.441 14.3143073153804
28795.563 16.6307045410621
29199.684 14.4813399346748
29603.806 16.2174888477846
30007.927 16.8562892279664
30412.049 16.811130240196
30816.171 19.3804314586258
31220.292 20.4812652767761
31624.414 19.9969623754183
32028.535 19.2150879136734
32432.657 21.5306276107147
32836.778 20.538488819774
33240.9 15.7734010003247
33241.9 17.2864494357927
34305.559 18.5107435980756
35369.218 16.6636444460562
36432.876 16.0148341527763
37496.535 15.6160218853052
38560.194 15.798267995653
39623.853 15.3184654770526
40687.512 13.955527591486
41751.171 13.3435294337213
42814.829 13.7490109312533
43878.488 13.9269531987562
44942.147 11.8460342695089
46005.806 12.6953609323544
47069.465 15.4729682408411
48133.124 18.2022084458628
49196.782 18.1596607241087
50260.441 17.8404036536207
51324.1 17.1120526727417
52387.759 14.5934605013304
53451.418 12.7314618368507
54515.076 14.0944329497471
55578.735 15.6074256917742
56642.394 15.8933130246674
57706.053 13.9078647031079
58769.712 12.1258229550525
59833.371 12.7757836185961
60897.029 12.9907617544802
61960.688 13.5683978704502
63024.347 11.074739603883
64088.006 9.56945928437484
65151.665 8.24876242402154
66215.324 8.86259706143852
67278.982 10.8235534261137
68342.641 15.8539086092619
69406.3 16.6239218247994
70469.959 16.2864826947274
71533.618 12.6528968614642
72597.276 11.2748751857016
73660.935 10.6174498602222
74724.594 11.6972884816299
75788.253 11.8709639208115
76851.912 12.9183501846264
77915.571 13.1893014654311
78979.229 10.4767959836113
80042.888 7.68420376720402
81106.547 7.66442641311746
82170.206 6.66941939382203
83233.865 4.3405509910956
84297.524 5.99446740679918
85361.182 9.17495782569388
86424.841 10.2992683861163
87488.5 12.3760605197375
87489.5 10.2778630799379
90289.039 11.2871161243682
93088.578 11.5986245076267
95888.118 10.4856494305861
98687.657 10.3186512322568
101487.196 11.6574886323963
104286.735 12.7999074640284
107086.275 11.5257473474037
109885.814 11.5165527608635
112685.353 11.8313180390716
115484.892 11.2274818699426
118284.431 10.3269041383261
121083.971 8.78300468416923
123883.51 9.02502190650214
126683.049 11.1630730264534
129482.588 11.6365179090145
132282.127 11.8077304408784
135081.667 11.1545161607362
137881.206 9.38058415816257
140680.745 6.61277509894224
143480.284 6.29033125535614
146279.824 8.0693844288211
149079.363 8.31149439946804
151878.902 7.06507717125158
154678.441 2.01710899789609
157477.98 NaN
160277.52 4.52816863205198
163077.059 7.70757237087208
165876.598 9.54006504622424
168676.137 10.4868562512901
171475.676 10.8271483281359
174275.216 9.9319778225487
177074.755 9.54909319998329
179874.294 9.2172707135353
182673.833 8.16452668922493
185473.373 7.53819871342913
188272.912 6.86945472329827
191072.451 6.53866833941579
193871.99 5.11901394424935
196671.529 3.02424761704917
199471.069 3.29014327323577
202270.608 5.74252487821737
205070.147 4.7563783729912
207869.686 6.19858260439293
210669.225 7.25651541191941
213468.765 7.82878319578239
216268.304 9.31224147997033
219067.843 10.4671749687777
221867.382 10.5386931638624
224666.922 8.72354501887013
227466.461 6.61306335990677
230266 2.56480157332044
230267 7.9775578125251
237635.294 11.0165685827248
245003.588 NaN
252371.882 NaN
259740.176 4.06505460922665
267108.471 8.09906887399965
274476.765 6.59159150841437
281845.059 8.32947895236039
289213.353 5.89943850990351
296581.647 4.89319595506641
303949.941 6.44667785691247
311318.235 10.6072371578177
318686.529 4.79324900342656
326054.824 9.04225876649355
333423.118 9.07239241088189
340791.412 8.18857599851569
348159.706 7.83142680044147
355528 7.29166081552359
362896.294 10.4357591094159
370264.588 8.22409968606867
377632.882 5.06106958691898
385001.176 11.4032956797554
392369.471 9.63303165475754
399737.765 6.6148869897266
407106.059 4.27763335886089
414474.353 6.89419779326413
421842.647 6.94177802504641
429210.941 NaN
436579.235 4.53082783408315
443947.529 7.06671837011382
451315.824 8.79997620468873
458684.118 8.53169511972997
466052.412 5.00793607900994
473420.706 6.38063009229418
480789 7.74334778995303
488157.294 6.80455548326432
495525.588 NaN
502893.882 NaN
510262.176 4.58191963818321
517630.471 1.87643041717792
524998.765 5.94901317623659
532367.059 3.45184993171519
539735.353 4.73311272303967
547103.647 2.57168695355892
554471.941 2.94428061803362
561840.235 7.68568013222559
569208.529 8.59414031863378
576576.824 0.885484195516536
583945.118 6.72706510134731
591313.412 3.71107978236457
598681.706 2.71818902670032
606050 5.56116549546889
606051 5.03558040472237
625444.118 5.44118833670782
644837.235 8.2390607839215
664230.353 4.74809668657339
683623.471 7.69856110283491
703016.588 3.54228544307341
722409.706 NaN
741802.824 NaN
761195.941 4.06332443681986
780589.059 4.62366970661342
799982.176 6.77773233659185
819375.294 1.47660530619017
838768.412 3.19912981420416
858161.529 6.43859157089225
877554.647 4.12205838563698
896947.765 3.66337541605855
916340.882 NaN
935734 2.14037997938912
955127.118 9.35054078859731
974520.235 3.46996944268749
993913.353 4.47238155662567
1013306.471 0.955979417495694
1032699.588 2.36492114693049
1052092.706 3.51859024547348
1071485.824 5.4922818328961
1090878.941 NaN
1110272.059 13.1918343524273
1129665.176 NaN
1149058.294 12.2051701225491
1168451.412 6.15326676488446
1187844.529 NaN
1207237.647 NaN
1226630.765 7.81641500642983
1246023.882 NaN
1265417 3.42193724982523
1284810.118 2.7394606257335
1304203.235 NaN
1323596.353 NaN
1342989.471 3.37046317956481
1362382.588 7.93036725099887
1381775.706 4.32582095626533
1401168.824 5.60582900518334
1420561.941 2.56041788320858
1439955.059 5.62653785268817
1459348.176 5.11812285192877
1478741.294 4.63359233298724
1498134.412 7.70392423964637
1517527.529 4.42945245759619
1536920.647 0.561419733284618
1556313.765 3.53824021998033
1575706.882 NaN
1595100 7.3084514231769
1595100 NaN
1646141.765 7.68092902231753
1697183.529 4.47256550686672
1748225.294 7.892780432501
1799267.059 1.81881993661102
1850308.824 8.94308589586582
1901350.588 NaN
1952392.353 NaN
2003434.118 5.40092300052923
2054475.882 3.70141068044908
2105517.647 2.99201859368101
2156559.412 3.56236977351296
2207601.176 NaN
2258642.941 3.97059677827092
2309684.706 1.28775675699991
2360726.471 4.17094598048341
2411768.235 4.58054876589966
2462810 2.87489891120713
2513851.765 4.64934832963123
2564893.529 NaN
2615935.294 4.50179096485796
2666977.059 5.8702547171423
2718018.824 4.94188294239574
2769060.588 NaN
2820102.353 5.04367683548702
2871144.118 7.16413101052995
2922185.882 0.682783829627532
2973227.647 5.08391622518269
3024269.412 5.14308133038271
3075311.176 4.97876660603867
3126352.941 3.19258694791733
3177394.706 0.42091820184676
3228436.471 1.52888272535027
3279478.235 4.04116940575429
3330520 NaN
3381561.765 4.30377240478092
3432603.529 NaN
3483645.294 2.75699893933388
3534687.059 NaN
3585728.824 1.01798565414565
3636770.588 3.93802215384936
3687812.353 4.29095051301282
3738854.118 5.57780355679389
3789895.882 NaN
3840937.647 5.2195915022308
3891979.412 4.5600308775024
3943021.176 NaN
3994062.941 3.25644236363697
4045104.706 6.36132877997617
4096146.471 1.9737028229385
4147188.235 3.47089610105519
4198230 2.38403750461216
4198230 4.95197695924438
4332570.588 2.95594259457
4466911.176 7.03169073440636
4601251.765 3.86190696932693
4735592.353 6.84678816168153
4869932.941 NaN
5004273.529 3.34896471706903
5138614.118 2.41170241450175
5272954.706 NaN
5407295.294 6.7856115169141
5541635.882 4.13574765574649
5675976.471 NaN
5810317.059 3.34254250625947
5944657.647 4.97115691637143
6078998.235 2.36779984647282
6213338.824 5.20883849954332
6347679.412 1.19600735453227
6482020 NaN
6616360.588 NaN
6750701.176 6.29659352344488
6885041.765 NaN
7019382.353 3.47327859503122
7153722.941 5.68468425250538
7288063.529 7.11109369392651
7422404.118 4.72652245211338
7556744.706 2.70120257761685
7691085.294 2.77750881552931
7825425.882 4.09061745034138
7959766.471 2.2445998625001
8094107.059 4.72041076672816
8228447.647 3.48867825669276
8362788.235 6.11869336565041
8497128.824 5.25317739194052
8631469.412 6.26451597414015
8765810 5.55659866275602
8900150.588 2.61081027783011
9034491.176 4.04416818859963
9168831.765 4.30291160798528
9303172.353 4.71919965827363
9437512.941 0.295741861083594
9571853.529 3.13766449333972
9706194.118 NaN
9840534.706 6.0207082491888
9974875.294 2.66251340454492
10109215.882 4.45649278721318
10243556.471 1.13493094421633
10377897.059 5.0498960884792
10512237.647 NaN
10646578.235 6.14670765052168
10780918.824 4.53731561060921
10915259.412 6.61846428791348
11049600 NaN
11049600 0.567426791039143
11403174.51 3.3621861762663
11756749.02 NaN
12110323.529 NaN
12463898.039 2.62501379684296
12817472.549 2.56664034905354
13171047.059 3.67175587428597
13524621.569 NaN
13878196.078 1.608536108864
14231770.588 NaN
14585345.098 3.38596645286932
14938919.608 6.35514648512805
15292494.118 NaN
15646068.627 5.2383879852813
15999643.137 2.3683336336301
16353217.647 6.88002803461427
16706792.157 NaN
17060366.667 3.75064824746174
17413941.176 3.53443115406851
17767515.686 2.85448385103271
18121090.196 3.62164092448771
18474664.706 NaN
18828239.216 6.18855553492863
19181813.725 2.89744607291273
19535388.235 4.31795589962733
19888962.745 NaN
20242537.255 3.97260124785214
20596111.765 6.61349478517928
20949686.275 5.1755889305853
21303260.784 2.96455062399388
21656835.294 3.69457426892437
22010409.804 4.43594139042724
22363984.314 3.48822820061045
22717558.824 5.64473226307556
23071133.333 3.15150120969688
23424707.843 4.53025643789761
23778282.353 2.53730051916378
24131856.863 2.31310826175054
24485431.373 6.94236586276708
24839005.882 4.59981539680248
25192580.392 7.09182301161595
25546154.902 3.80388654991392
25899729.412 3.89345526148518
26253303.922 4.51680097815511
26606878.431 6.57873404849891
26960452.941 5.03407200481501
27314027.451 6.13831432024051
27667601.961 3.05246949951256
28021176.471 5.39227215293236
28374750.98 5.95515878446766
28728325.49 4.0655129734384
29081900 5.31606364545009
29081900 3.45026614434112
30012498.039 7.59015630849474
30943096.078 5.11595814237532
31873694.118 4.279015295599
32804292.157 6.34032799612949
33734890.196 7.71230556175431
34665488.235 4.51817994081092
35596086.275 4.41083133418813
36526684.314 4.47742672509223
37457282.353 2.65454639858579
38387880.392 3.51718772606797
39318478.431 3.83736316857241
40249076.471 6.34165389340722
41179674.51 8.70058741720789
42110272.549 8.2147713587455
43040870.588 3.73699624366528
43971468.627 4.54456102813033
44902066.667 6.93685163083563
45832664.706 4.34531364853108
46763262.745 NaN
47693860.784 2.72232585948168
48624458.824 4.74359334114596
49555056.863 1.88899693682677
50485654.902 2.04945085297178
51416252.941 7.52147422898909
52346850.98 NaN
53277449.02 4.07783092426164
54208047.059 2.53701461439927
55138645.098 6.63635222593254
56069243.137 1.81652831046703
56999841.176 NaN
57930439.216 3.25695362319643
58861037.255 6.2161210735264
59791635.294 5.37585700644578
60722233.333 8.23765785948484
61652831.373 5.44369771349027
62583429.412 NaN
63514027.451 NaN
64444625.49 3.22171740198393
65375223.529 1.19172756829706
66305821.569 NaN
67236419.608 2.33802288713431
68167017.647 NaN
69097615.686 6.28135516453922
70028213.725 NaN
70958811.765 NaN
71889409.804 3.45354090598331
72820007.843 10.9859093221904
73750605.882 NaN
74681203.922 5.25128302284322
75611801.961 6.74814938023519
76542400 NaN
76542400 NaN
78991686.275 NaN
81440972.549 NaN
83890258.824 4.71567159482454
86339545.098 11.0398305066331
88788831.373 NaN
91238117.647 NaN
93687403.922 10.0752524303771
96136690.196 NaN
98585976.471 NaN
101035262.745 NaN
103484549.02 35.5952261192548
105933835.294 8.88691015682263
108383121.569 NaN
110832407.843 12.5539769578901
113281694.118 11.8857847313687
115730980.392 NaN
118180266.667 NaN
120629552.941 NaN
123078839.216 NaN
125528125.49 NaN
127977411.765 NaN
130426698.039 NaN
132875984.314 NaN
135325270.588 16.8444973424303
137774556.863 NaN
140223843.137 11.9559523365292
142673129.412 NaN
145122415.686 8.97324196329963
147571701.961 NaN
150020988.235 NaN
152470274.51 NaN
154919560.784 3.86210406776673
157368847.059 15.2855323327303
159818133.333 NaN
162267419.608 8.12162280921148
164716705.882 5.48051112124593
167165992.157 NaN
169615278.431 38.5515141630782
172064564.706 NaN
174513850.98 38.5111672371405
176963137.255 NaN
179412423.529 NaN
181861709.804 14.0497549746653
184310996.078 30.0033358390404
186760282.353 3.46540783009547
189209568.627 NaN
191658854.902 NaN
194108141.176 NaN
196557427.451 12.7274699332609
199006713.725 NaN
201456000 17.3154617087442
