101 2.80890047826499e-08
104.18 -0
107.361 -0
110.541 -0
113.721 3.71388000898041e-07
116.902 2.5149225033052e-07
120.082 2.07767372985682e-07
123.262 1.69351065866667e-07
126.443 1.19279238232655e-07
129.623 7.42206599877377e-08
132.803 1.37578741893893e-07
135.983 2.83284204288589e-08
139.164 -0
142.344 -0
145.524 -0
148.705 -0
151.885 4.39939153374924e-07
155.065 5.57443378853683e-07
158.246 4.35591179005853e-07
161.426 3.08695271076749e-07
164.606 2.19365742243486e-07
167.787 -0
170.967 -0
174.147 -0
177.328 -0
180.508 9.4719658195104e-08
183.688 4.56095160142349e-08
186.868 5.81636597454765e-08
190.049 9.64640049853388e-08
193.229 1.05120438823412e-07
196.409 1.42559957623419e-07
199.59 1.30987090163058e-07
202.77 1.02146015629596e-07
205.95 -0
209.131 -0
212.311 -0
215.491 1.47199569431048e-07
218.672 1.45811188241259e-07
221.852 1.38515671079904e-07
225.032 5.5616716663317e-08
228.213 -0
231.393 -0
234.573 -0
237.753 1.2878740561601e-07
240.934 1.67617920371805e-07
244.114 1.67132249925479e-07
247.294 -0
250.475 -0
253.655 -0
256.835 -0
260.016 7.47177152578738e-08
263.196 1.07340433217134e-08
264.196 1.96441680183403e-07
272.598 1.559759757905e-07
281.001 1.29689075206729e-07
289.403 1.53041787166844e-07
297.806 1.62122453113502e-07
306.208 1.45911759172952e-07
314.611 1.55628134114887e-07
323.013 1.85720410227042e-07
331.415 1.67734411077356e-07
339.818 1.21803951957383e-07
348.22 -0
356.623 -0
365.025 -0
373.428 6.05137062951519e-08
381.83 8.91655146768626e-08
390.232 9.27560090237558e-08
398.635 1.10448431595456e-07
407.037 1.18034882238485e-07
415.44 1.10290266071849e-07
423.842 4.60091228627979e-08
432.245 3.40768691279791e-08
440.647 7.30506963603049e-08
449.049 9.95200479198053e-08
457.452 1.15041060736262e-07
465.854 9.36927251820739e-08
474.257 5.23137764896526e-08
482.659 -0
491.062 6.35595804519551e-08
499.464 9.86012822818379e-08
507.867 1.1915533362426e-07
516.269 1.1015823901375e-07
524.671 9.17474256389642e-08
533.074 5.96688698482636e-08
541.476 4.57626039720924e-08
549.879 3.81703756031281e-08
558.281 3.07810967826697e-08
566.684 -0
575.086 3.95857682586708e-08
583.488 4.32603832159773e-08
591.891 4.50401129541165e-08
600.293 3.15722160974697e-08
608.696 3.84220856674001e-08
617.098 5.97291722076318e-08
625.501 6.38796338078562e-08
633.903 4.1843516955773e-08
642.305 -0
650.708 7.98802548628542e-08
659.11 1.1297769328616e-07
667.513 1.22301989666508e-07
675.915 1.24460708796756e-07
684.318 1.16154716059295e-07
692.72 9.97817672239913e-08
693.72 8.11679798131712e-08
715.867 3.34119405293346e-08
738.014 9.95129072996511e-08
760.161 7.9918274159226e-08
782.307 6.84508490351736e-08
804.454 5.30982936295151e-08
826.601 6.13408518645615e-08
848.748 8.09740224230092e-08
870.895 9.75552336301625e-08
893.042 4.96074747256528e-08
915.189 3.45386039867586e-08
937.335 3.58285547574168e-08
959.482 3.99727024461361e-08
981.629 6.51180633865746e-08
1003.776 -0
1025.923 5.24239385271427e-08
1048.07 6.02811653190149e-08
1070.217 -0
1092.364 6.45838417781188e-08
1114.51 5.52561224039562e-08
1136.657 5.52202290717512e-08
1158.804 -0
1180.951 3.20699431735126e-08
1203.098 5.38147720835581e-08
1225.245 -0
1247.392 -0
1269.538 4.10836960277353e-08
1291.685 6.75288689331677e-08
1313.832 6.88365221618215e-08
1335.979 3.99472473510243e-08
1358.126 5.45642840324803e-08
1380.273 4.68349119257144e-08
1402.42 3.22336319191489e-08
1424.566 4.83379366532744e-08
1446.713 4.21434266748606e-08
1468.86 7.07832144676675e-08
1491.007 4.31672892594265e-08
1513.154 6.21127323784119e-08
1535.301 3.46563954172678e-08
1557.448 5.86846212717357e-08
1579.595 4.31829899498469e-08
1601.741 5.15320644064474e-08
1623.888 5.22129175612245e-08
1646.035 5.60287071076963e-08
1668.182 4.94386980895427e-08
1690.329 6.32960818174301e-08
1712.476 5.54768337047515e-08
1734.623 4.71028234427265e-08
1756.769 -0
1778.916 -0
1801.063 2.17507622587233e-08
1823.21 4.00769700807454e-08
1824.21 2.61204916434787e-08
1882.531 3.25234470275781e-08
1940.853 3.26508441477012e-08
1999.174 2.50691551653002e-08
2057.495 -0
2115.817 2.57566818932757e-08
2174.138 1.39640773469046e-08
2232.46 -0
2290.781 1.27631625363102e-08
2349.102 2.77098537863909e-08
2407.424 3.90971560630441e-08
2465.745 3.41235878079605e-08
2524.066 2.44628097488482e-08
2582.388 1.87533551732279e-08
2640.709 2.55612204015534e-08
2699.031 3.44871439578136e-08
2757.352 4.99586536062818e-08
2815.673 4.36444930592303e-08
2873.995 3.53686261606015e-08
2932.316 3.46961803783427e-08
2990.637 3.94748979529505e-08
3048.959 4.13622520724919e-08
3107.28 2.82086174597541e-08
3165.602 1.68825261459046e-08
3223.923 1.96722650358706e-08
3282.244 2.52262448447225e-08
3340.566 1.04848453705882e-08
3398.887 1.67734329133179e-08
3457.208 3.57854932277337e-08
3515.53 3.10862317399621e-08
3573.851 2.73019059912326e-08
3632.173 3.06167663576113e-08
3690.494 2.71509230603184e-08
3748.815 3.68187885151705e-08
3807.137 3.43049212809036e-08
3865.458 2.75029712499903e-08
3923.779 3.39890933355101e-08
3982.101 3.48971653695801e-08
4040.422 2.95870967533324e-08
4098.744 2.51161447059638e-08
4157.065 2.07457342508759e-08
4215.386 2.15703389754315e-08
4273.708 2.29979776846433e-08
4332.029 2.58215679313067e-08
4390.35 2.41393686080541e-08
4448.672 1.8436199573807e-08
4506.993 2.06477525483042e-08
4565.315 2.86631194882691e-08
4623.636 2.95546326173584e-08
4681.957 3.02133942913043e-08
4740.279 2.80260723594552e-08
4798.6 2.30118592190062e-08
4799.6 1.97982240787436e-08
4953.131 1.68157902523718e-08
5106.663 3.32303718003347e-08
5260.194 3.20340559949209e-08
5413.725 3.01120702034245e-08
5567.257 2.77899479447615e-08
5720.788 2.32158369080635e-08
5874.32 2.9224330956165e-08
6027.851 2.23994428243271e-08
6181.382 1.79614013543159e-08
6334.914 2.1960965060273e-08
6488.445 1.91351906257585e-08
6641.976 1.77806228642422e-08
6795.508 1.75863011520733e-08
6949.039 2.2482254815915e-08
7102.571 2.75957562593212e-08
7256.102 2.14515935116179e-08
7409.633 1.52317092773651e-08
7563.165 2.58739508139732e-08
7716.696 2.69030076765665e-08
7870.227 1.8332309388705e-08
8023.759 2.40032588746483e-08
8177.29 2.1367673243946e-08
8330.822 2.38003350137536e-08
8484.353 2.48920125597083e-08
8637.884 1.70343172630953e-08
8791.416 1.09331663365358e-08
8944.947 1.59608482404595e-08
9098.478 1.72610273260542e-08
9252.01 1.77674480437282e-08
9405.541 1.30128847739995e-08
9559.073 8.66067965592609e-09
9712.604 2.00607673624253e-08
9866.135 2.22895352430717e-08
10019.667 2.18715918984585e-08
10173.198 2.03695211884093e-08
10326.729 1.58034848174214e-08
10480.261 1.72567051149507e-08
10633.792 2.00851385649366e-08
10787.324 2.29991046985892e-08
10940.855 2.53863147419421e-08
11094.386 1.79014207687161e-08
11247.918 1.03840714713728e-08
11401.449 1.39251524443435e-08
11554.98 8.85295169629082e-09
11708.512 2.02962637584875e-08
11862.043 1.93838160205274e-08
12015.575 1.56962591285314e-08
12169.106 1.69154356326372e-08
12322.637 1.52747202149114e-08
12476.169 1.88322092933729e-08
12629.7 1.75609216735363e-08
12630.7 2.09365981743291e-08
13034.822 1.48658644880281e-08
13438.943 1.18542817768185e-08
13843.065 1.86334230995247e-08
14247.186 2.12288572618776e-08
14651.308 1.91632129320704e-08
15055.429 2.15151445739447e-08
15459.551 2.24269301764094e-08
15863.673 1.82653682453268e-08
16267.794 1.76333736864189e-08
16671.916 1.74742274430694e-08
17076.037 1.18614401728582e-08
17480.159 9.49400999705422e-09
17884.28 1.65140681869322e-08
18288.402 1.570777127338e-08
18692.524 2.10123140791874e-08
19096.645 1.83409814768822e-08
19500.767 1.63621214838589e-08
19904.888 1.43354948365592e-08
20309.01 9.85798396977892e-09
20713.131 1.48586150790438e-08
21117.253 1.6121144189849e-08
21521.375 1.4487236802533e-08
21925.496 1.59261591359122e-08
22329.618 1.46862813571894e-08
22733.739 6.95377733190399e-09
23137.861 9.58545630605609e-09
23541.982 7.59626445193044e-09
23946.104 1.03493380194493e-08
24350.225 1.25979833226225e-08
24754.347 6.68951720074704e-09
25158.469 3.59086101002628e-09
25562.59 1.31759381396273e-08
25966.712 1.40391155638359e-08
26370.833 1.5450226487964e-08
26774.955 1.76704991930864e-08
27179.076 1.50871453297454e-08
27583.198 1.15737439869213e-08
27987.32 1.13004844967643e-08
28391.441 1.37725696192177e-08
28795.563 1.87094721809082e-08
29199.684 1.70992835592986e-08
29603.806 1.09943137927087e-08
30007.927 1.20241539372305e-08
30412.049 1.48871178768829e-08
30816.171 1.47853802567549e-08
31220.292 1.52161698062023e-08
31624.414 1.57849767485006e-08
32028.535 1.65083957011299e-08
32432.657 1.40727252706141e-08
32836.778 1.16849845611364e-08
33240.9 1.25335316922173e-08
33241.9 1.16430586903323e-08
34305.559 1.05886512316961e-08
35369.218 1.0293038451062e-08
36432.876 1.19941198878559e-08
37496.535 8.84213185015182e-09
38560.194 7.15762248878275e-09
39623.853 1.00597585278564e-08
40687.512 1.34098112443611e-08
41751.171 1.52179260672683e-08
42814.829 1.1691824461029e-08
43878.488 9.54896411067677e-09
44942.147 8.76146958302017e-09
46005.806 9.15435673892148e-09
47069.465 8.33306995451543e-09
48133.124 6.46316904399974e-09
49196.782 5.60496151243429e-09
50260.441 6.90471772984012e-09
51324.1 1.03840613577281e-08
52387.759 1.08843461315587e-08
53451.418 9.7756389701289e-09
54515.076 8.77363982550354e-09
55578.735 6.55976724645542e-09
56642.394 5.96661341417419e-09
57706.053 9.45553559854098e-09
58769.712 1.10799302407514e-08
59833.371 1.22097309787668e-08
60897.029 1.37281023868298e-08
61960.688 1.47952615495983e-08
63024.347 1.79611254842422e-08
64088.006 1.56526321148987e-08
65151.665 6.85603053042365e-09
66215.324 4.9032483901014e-09
67278.982 6.68373838947732e-09
68342.641 1.00576316111018e-08
69406.3 8.58968193664275e-09
70469.959 7.58793851343102e-09
71533.618 1.11114729240325e-08
72597.276 1.48277745390696e-08
73660.935 1.66324944142669e-08
74724.594 1.26964659866933e-08
75788.253 8.96580340045549e-09
76851.912 7.94482642881149e-09
77915.571 8.74322854533437e-09
78979.229 8.06512398268147e-09
80042.888 7.13999826866813e-09
81106.547 8.33523648170982e-09
82170.206 9.14432772033569e-09
83233.865 8.14910676983758e-09
84297.524 7.45465838767854e-09
85361.182 7.68495621738573e-09
86424.841 7.88067143292965e-09
87488.5 9.03585395444632e-09
87489.5 7.15453000722198e-09
90289.039 8.50870501468147e-09
93088.578 9.19241416323101e-09
95888.118 9.33448341053137e-09
98687.657 1.04747842360018e-08
101487.196 1.04534689574804e-08
104286.735 9.10153289782563e-09
107086.275 9.87588886820327e-09
109885.814 1.24462328509708e-08
112685.353 1.32263510098213e-08
115484.892 1.20291955324363e-08
118284.431 1.07285414165685e-08
121083.971 9.37102372375815e-09
123883.51 9.02579515599995e-09
126683.049 9.46429830286245e-09
129482.588 9.5382234858713e-09
132282.127 8.32305273751303e-09
135081.667 6.7183969134644e-09
137881.206 7.30522526550591e-09
140680.745 -0
143480.284 -0
146279.824 -0
149079.363 7.42961069356537e-09
151878.902 9.49569602640518e-09
154678.441 9.80356151377355e-09
157477.98 9.08024647133789e-09
160277.52 6.57991876295552e-09
163077.059 -0
165876.598 -0
168676.137 3.67131366358299e-09
171475.676 4.28178906927677e-09
174275.216 6.89489299319442e-09
177074.755 8.28499220732107e-09
179874.294 8.42491019131192e-09
182673.833 5.52771354152669e-09
185473.373 4.5502270594457e-09
188272.912 6.26770135967902e-09
191072.451 8.51142665120952e-09
193871.99 1.20349462026841e-08
196671.529 1.15060625052052e-08
199471.069 9.86120608299992e-09
202270.608 5.83487314468614e-09
205070.147 6.18844036064261e-09
207869.686 8.58084155569825e-09
210669.225 8.44088675728562e-09
213468.765 8.0755074165333e-09
216268.304 7.62255419296786e-09
219067.843 6.69229016550344e-09
221867.382 6.7929411531132e-09
224666.922 5.91459110399226e-09
227466.461 4.48202106169548e-09
230266 3.14486954600995e-09
230267 1.08041927468735e-09
237635.294 8.47191574170513e-09
245003.588 1.18904225457242e-07
252371.882 1.53260067405562e-07
259740.176 -0
267108.471 7.20266193541488e-09
274476.765 6.90170414823623e-09
281845.059 4.15022412291349e-09
289213.353 9.0284117287805e-09
296581.647 8.10369122069545e-09
303949.941 -0
311318.235 4.4827589139552e-09
318686.529 9.83555136569949e-09
326054.824 7.21506744737089e-09
333423.118 7.18452415981044e-09
340791.412 5.16574701957805e-09
348159.706 8.76564452318074e-09
355528 6.90012460791987e-09
362896.294 4.49084491924751e-09
370264.588 6.99147895391962e-09
377632.882 8.30427139743029e-09
385001.176 4.25359286353571e-09
392369.471 -0
399737.765 5.40620746549491e-09
407106.059 5.84040451112166e-09
414474.353 7.52839724727819e-09
421842.647 -0
429210.941 2.68719290833334e-09
436579.235 6.69078989255805e-09
443947.529 8.81017252254863e-09
451315.824 8.28291685799733e-09
458684.118 4.80011973695584e-09
466052.412 6.90658038117906e-09
473420.706 3.97433280596726e-09
480789 7.527048684253e-09
488157.294 7.27356370166171e-09
495525.588 4.69943795235521e-09
502893.882 1.64689225621765e-08
510262.176 1.52716668154155e-08
517630.471 7.97396749341784e-09
524998.765 8.43749051390005e-09
532367.059 5.19425232537576e-09
539735.353 8.16671855548421e-09
547103.647 8.02716739723986e-09
554471.941 4.1770629118979e-09
561840.235 7.0231605735432e-09
569208.529 4.83594272098435e-09
576576.824 3.07562547233498e-09
583945.118 6.38432890207237e-09
591313.412 7.79110668840839e-09
598681.706 6.32844582871734e-09
606050 8.47193792355853e-09
606051 4.0132423893849e-09
625444.118 5.29236664684312e-09
644837.235 6.39046013229951e-09
664230.353 -0
683623.471 5.80941018012622e-09
703016.588 -0
722409.706 6.63310948559607e-09
741802.824 8.24767302687385e-09
761195.941 -0
780589.059 8.85231958665584e-09
799982.176 6.09186494961409e-09
819375.294 5.45372251238101e-09
838768.412 -0
858161.529 5.37013898535694e-09
877554.647 6.48068986496413e-09
896947.765 4.89883325975291e-09
916340.882 2.99976972827959e-09
935734 8.68205622829637e-09
955127.118 7.01703284378036e-09
974520.235 8.39903286069853e-09
993913.353 8.5304960779946e-09
1013306.471 9.92213607009758e-09
1032699.588 9.1490837832355e-09
1052092.706 1.33631632151013e-08
1071485.824 3.36930606004382e-09
1090878.941 1.17671937141847e-08
1110272.059 -0
1129665.176 -0
1149058.294 8.23847493751551e-09
1168451.412 -0
1187844.529 1.06590843781696e-08
1207237.647 1.0388778200782e-08
1226630.765 8.76562966239292e-09
1246023.882 3.22980024338998e-09
1265417 8.55833790350372e-09
1284810.118 6.03172178537353e-09
1304203.235 6.33775046508296e-09
1323596.353 4.66333167782275e-09
1342989.471 9.26749271937117e-09
1362382.588 7.0158158395439e-09
1381775.706 6.0686658871748e-09
1401168.824 5.3854780126878e-09
1420561.941 5.04146437876334e-09
1439955.059 3.73654360862267e-09
1459348.176 2.25081251919267e-09
1478741.294 7.91471877071438e-09
1498134.412 4.81252833510155e-09
1517527.529 7.00075368840726e-09
1536920.647 2.59819536197489e-09
1556313.765 6.10995385372995e-09
1575706.882 7.88301377432805e-09
1595100 3.84369642689277e-09
1595100 5.87147367280877e-09
1646141.765 6.47502549897729e-09
1697183.529 -0
1748225.294 3.69104477434662e-09
1799267.059 6.2485608148108e-09
1850308.824 2.30992161450002e-09
1901350.588 -0
1952392.353 -0
2003434.118 6.73267592104824e-09
2054475.882 3.93793466275664e-09
2105517.647 6.11901393864859e-09
2156559.412 6.50284942221005e-09
2207601.176 4.97203224797191e-09
2258642.941 8.41270779500367e-09
2309684.706 6.97690298577947e-09
2360726.471 6.189259738021e-09
2411768.235 -0
2462810 -0
2513851.765 6.62159700363991e-09
2564893.529 4.53442962793595e-09
2615935.294 5.31660085323098e-09
2666977.059 4.92172906575833e-09
2718018.824 3.43817898138126e-09
2769060.588 5.19271823294229e-09
2820102.353 3.94450264287879e-09
2871144.118 -0
2922185.882 1.60930440073454e-09
2973227.647 3.25805967571635e-09
3024269.412 1.45731711632056e-09
3075311.176 3.35535175034699e-09
3126352.941 7.81000132611323e-09
3177394.706 3.78077956437863e-09
3228436.471 4.76364597541146e-09
3279478.235 3.38773455244413e-09
3330520 -0
3381561.765 6.37473346440967e-09
3432603.529 4.89784110924202e-09
3483645.294 3.41408974801335e-09
3534687.059 2.12747469743312e-09
3585728.824 7.78765858340382e-09
3636770.588 -0
3687812.353 4.61748063923456e-09
3738854.118 4.90605533008416e-09
3789895.882 4.14193977124253e-09
3840937.647 7.38160513697904e-10
3891979.412 5.60262352112409e-09
3943021.176 3.93738833547185e-09
3994062.941 -0
4045104.706 6.26263156829951e-09
4096146.471 5.95219679550491e-09
4147188.235 6.28756768067999e-09
4198230 6.73753049772867e-09
4198230 4.76756662204892e-09
4332570.588 6.76460044430214e-09
4466911.176 5.88098258378013e-09
4601251.765 2.6441330725306e-09
4735592.353 5.81355733179294e-09
4869932.941 7.28328928390369e-09
5004273.529 2.77698679697921e-09
5138614.118 5.40755891091783e-09
5272954.706 2.35026637913306e-09
5407295.294 3.20619002323737e-09
5541635.882 4.84677444957362e-09
5675976.471 6.88018458174013e-09
5810317.059 5.26945339450868e-09
5944657.647 6.15365380038888e-09
6078998.235 6.48082737798052e-09
6213338.824 -0
6347679.412 6.9692199695302e-09
6482020 8.31338644268267e-09
6616360.588 5.98304857108737e-09
6750701.176 7.53587725903913e-09
6885041.765 5.64959396920035e-09
7019382.353 -0
7153722.941 -0
7288063.529 5.4781478942114e-09
7422404.118 7.00763307166716e-09
7556744.706 5.11355366308463e-09
7691085.294 5.34816607531013e-09
7825425.882 6.76777410691377e-09
7959766.471 2.69698802784538e-09
8094107.059 -0
8228447.647 4.89159207374915e-09
8362788.235 2.51423803238066e-09
8497128.824 6.19163746068434e-09
8631469.412 5.52137559962818e-09
8765810 -0
8900150.588 8.03335900431796e-09
9034491.176 -0
9168831.765 5.882778170823e-09
9303172.353 5.45736377062147e-09
9437512.941 2.01802957740983e-09
9571853.529 4.7970251695316e-09
9706194.118 4.19713907223331e-09
9840534.706 7.67077923880967e-09
9974875.294 5.89663409469876e-09
10109215.882 5.01055258438359e-09
10243556.471 5.57119610477795e-09
10377897.059 5.73888560721698e-09
10512237.647 -0
10646578.235 6.93276571190704e-09
10780918.824 4.48362393461855e-09
10915259.412 7.10588544977131e-09
11049600 3.90161314982766e-09
11049600 -0
11403174.51 6.17249935772527e-09
11756749.02 4.53659636244526e-09
12110323.529 -0
12463898.039 5.54930593003453e-09
12817472.549 4.77812992832552e-09
13171047.059 4.546784753027e-09
13524621.569 -0
13878196.078 2.4837829223703e-09
14231770.588 4.93139421522244e-09
14585345.098 7.03394364050995e-09
14938919.608 6.78331854970454e-09
15292494.118 4.56313156180889e-09
15646068.627 4.40114203555677e-09
15999643.137 5.4190979974509e-09
16353217.647 4.40283942318142e-09
16706792.157 6.7474514954364e-09
17060366.667 5.82675642279416e-09
17413941.176 4.31718644404111e-09
17767515.686 4.73470658394128e-09
18121090.196 6.23017100173291e-09
18474664.706 6.39176247614517e-09
18828239.216 5.15994419680091e-09
19181813.725 7.38191500633799e-09
19535388.235 5.51947933121257e-09
19888962.745 6.40156231735187e-09
20242537.255 4.97542530712315e-09
20596111.765 5.03517339802666e-09
20949686.275 4.52399381308568e-09
21303260.784 4.70919437510919e-09
21656835.294 4.58142745908621e-09
22010409.804 5.7430156130833e-09
22363984.314 2.5114616845032e-09
22717558.824 6.77352219529825e-09
23071133.333 6.13406765054428e-09
23424707.843 7.27570936397262e-09
23778282.353 3.35854480291417e-09
24131856.863 6.41618150208379e-09
24485431.373 3.90119953709695e-09
24839005.882 4.93603211057633e-09
25192580.392 5.3222214811033e-09
25546154.902 6.84933529835084e-09
25899729.412 7.5327386147546e-09
26253303.922 6.68286990772826e-09
26606878.431 4.3381375293051e-09
26960452.941 2.15237716403354e-09
27314027.451 6.61273589359461e-09
27667601.961 4.86115162758425e-09
28021176.471 4.55994331753404e-09
28374750.98 7.83628900334681e-09
28728325.49 5.50509768803778e-09
29081900 5.79019584352316e-09
29081900 5.51586830893103e-09
30012498.039 1.70542203857246e-09
30943096.078 3.69022853541927e-09
31873694.118 5.85537201663678e-09
32804292.157 -0
33734890.196 5.70240246702236e-09
34665488.235 5.1695233649763e-09
35596086.275 4.26706404306353e-09
36526684.314 6.78524870553255e-09
37457282.353 -0
38387880.392 6.62116153416981e-09
39318478.431 4.60325475344355e-09
40249076.471 7.54964420428677e-09
41179674.51 1.07551071961581e-09
42110272.549 3.97843783663448e-09
43040870.588 -0
43971468.627 9.56060999485499e-09
44902066.667 7.68453950196106e-09
45832664.706 7.16429409375935e-09
46763262.745 6.52692608312436e-09
47693860.784 5.98685905131564e-09
48624458.824 4.90082394826745e-09
49555056.863 7.45929157507465e-09
50485654.902 6.03675448284417e-09
51416252.941 3.4825077613378e-09
52346850.98 -0
53277449.02 1.59341349478334e-09
54208047.059 -0
55138645.098 3.85136535214453e-09
56069243.137 -0
56999841.176 6.04650350768378e-09
57930439.216 5.45650853656836e-09
58861037.255 -0
59791635.294 -0
60722233.333 8.47143904716525e-09
61652831.373 -0
62583429.412 -0
63514027.451 -0
64444625.49 -0
65375223.529 -0
66305821.569 -0
67236419.608 -0
68167017.647 7.91232028054515e-09
69097615.686 -0
70028213.725 7.88875657753778e-09
70958811.765 -0
71889409.804 -0
72820007.843 -0
73750605.882 2.68314558101413e-09
74681203.922 7.80140346776045e-09
75611801.961 7.34373817410252e-09
76542400 -0
76542400 3.44047572343397e-09
78991686.275 4.45107372445661e-09
81440972.549 -0
83890258.824 -0
86339545.098 1.07546932188758e-08
88788831.373 -0
91238117.647 -0
93687403.922 -0
96136690.196 7.87797154824493e-08
98585976.471 1.66709567798806e-08
101035262.745 -0
103484549.02 -0
105933835.294 -0
108383121.569 -0
110832407.843 -0
113281694.118 8.09239385101709e-09
115730980.392 3.25235136706248e-09
118180266.667 -0
120629552.941 9.76002323867132e-09
123078839.216 -0
125528125.49 -0
127977411.765 9.34562959240233e-09
130426698.039 1.62516788045525e-08
132875984.314 -0
135325270.588 -0
137774556.863 2.69886056266943e-08
140223843.137 -0
142673129.412 -0
145122415.686 1.70050046551638e-08
147571701.961 -0
150020988.235 1.78297327957872e-08
152470274.51 -0
154919560.784 1.18319121956234e-08
157368847.059 -0
159818133.333 -0
162267419.608 -0
164716705.882 -0
167165992.157 2.16077017100153e-08
169615278.431 -0
172064564.706 -0
174513850.98 2.85699396602486e-08
176963137.255 -0
179412423.529 -0
181861709.804 3.46539702480194e-08
184310996.078 1.78270371313031e-08
186760282.353 -0
189209568.627 2.3163385261449e-08
191658854.902 5.66121461945129e-08
194108141.176 -0
196557427.451 3.83610291735494e-08
199006713.725 -0
201456000 1.71792577274129e-08
