101 7.6935326651677e-08
104.18 -0
107.361 -0
110.541 -0
113.721 1.02373008909185e-06
116.902 6.92253494787134e-07
120.082 5.74026112030881e-07
123.262 4.68736674297019e-07
126.443 3.30881287417769e-07
129.623 2.05371848396001e-07
132.803 3.83915090908589e-07
135.983 7.87532180685333e-08
139.164 -0
142.344 -0
145.524 -0
148.705 -0
151.885 1.23818136855632e-06
155.065 1.56842267157007e-06
158.246 1.2187345592146e-06
161.426 8.68103038945879e-07
164.606 6.14460197247267e-07
167.787 -0
170.967 -0
174.147 -0
177.328 -0
180.508 2.66351024857105e-07
183.688 1.28479285797711e-07
186.868 1.63857537994777e-07
190.049 2.71854194968553e-07
193.229 2.97334473607703e-07
196.409 4.02169015134185e-07
199.59 3.69007713555489e-07
202.77 2.88695178602622e-07
205.95 -0
209.131 -0
212.311 -0
215.491 4.16750845565789e-07
218.672 4.13382939487541e-07
221.852 3.91573155103718e-07
225.032 1.57434495460271e-07
228.213 -0
231.393 -0
234.573 -0
237.753 3.64832689318638e-07
240.934 4.77021603646879e-07
244.114 4.74877518313975e-07
247.294 -0
250.475 -0
253.655 -0
256.835 -0
260.016 2.1207859297534e-07
263.196 3.05528053869037e-08
264.196 5.56777068473253e-07
272.598 4.43889948860661e-07
281.001 3.66330554533129e-07
289.403 4.36923876915819e-07
297.806 4.57408011003732e-07
306.208 4.17738154270531e-07
314.611 4.41037797407399e-07
323.013 5.29462595492637e-07
331.415 4.77883150535358e-07
339.818 3.49147212671217e-07
348.22 -0
356.623 -0
365.025 -0
373.428 1.72866923544066e-07
381.83 2.54250063890493e-07
390.232 2.63896939838927e-07
398.635 3.13342787882775e-07
407.037 3.33484628922534e-07
415.44 3.13263022908147e-07
423.842 1.31793245758688e-07
432.245 9.69856400775394e-08
440.647 2.0991893300472e-07
449.049 2.84179454629078e-07
457.452 3.28679469601617e-07
465.854 2.66097118180261e-07
474.257 1.49217504471593e-07
482.659 -0
491.062 1.81552202459706e-07
499.464 2.81450427630142e-07
507.867 3.40188976795486e-07
516.269 3.14689704552675e-07
524.671 2.61453757156251e-07
533.074 1.70235531975907e-07
541.476 1.30751379195938e-07
549.879 1.09197170087507e-07
558.281 8.78053928712812e-08
566.684 -0
575.086 1.13493314085236e-07
583.488 1.23575922808126e-07
591.891 1.28597513391512e-07
600.293 9.01528823987342e-08
608.696 1.09430891169176e-07
617.098 1.70456432912607e-07
625.501 1.82556969562846e-07
633.903 1.19347748360369e-07
642.305 -0
650.708 2.28331979550741e-07
659.11 3.22504518165932e-07
667.513 3.50169424490032e-07
675.915 3.56136322598412e-07
684.318 3.32117031515474e-07
692.72 2.84329316744282e-07
693.72 2.31150845835182e-07
715.867 9.57105583341776e-08
738.014 2.84755200566381e-07
760.161 2.28642519272422e-07
782.307 1.96136282379956e-07
804.454 1.51697322273664e-07
826.601 1.74935823155236e-07
848.748 2.31675289079349e-07
870.895 2.78610335555521e-07
893.042 1.42295075290222e-07
915.189 9.89140148370796e-08
937.335 1.0254776277701e-07
959.482 1.14174037916201e-07
981.629 1.86197448790041e-07
1003.776 -0
1025.923 1.49233335404125e-07
1048.07 1.72801472624367e-07
1070.217 -0
1092.364 1.84962835900486e-07
1114.51 1.57749268863757e-07
1136.657 1.58299485707598e-07
1158.804 -0
1180.951 9.1653855862424e-08
1203.098 1.54489193255483e-07
1225.245 -0
1247.392 -0
1269.538 1.17756450745426e-07
1291.685 1.93289950842769e-07
1313.832 1.96606861418746e-07
1335.979 1.14466409055015e-07
1358.126 1.56030449978105e-07
1380.273 1.33744200165278e-07
1402.42 9.25043790725066e-08
1424.566 1.3825767783465e-07
1446.713 1.20670550812864e-07
1468.86 2.02405952919498e-07
1491.007 1.23636094402889e-07
1513.154 1.77645100714289e-07
1535.301 9.89661533118773e-08
1557.448 1.68022389306217e-07
1579.595 1.23388180237614e-07
1601.741 1.46960997441668e-07
1623.888 1.48917817079086e-07
1646.035 1.603283603013e-07
1668.182 1.41378762391351e-07
1690.329 1.81235565376694e-07
1712.476 1.5876891105377e-07
1734.623 1.34786296498828e-07
1756.769 -0
1778.916 -0
1801.063 6.22573787548914e-08
1823.21 1.14507538855876e-07
1824.21 7.48375475389861e-08
1882.531 9.3150259363246e-08
1940.853 9.33142917002535e-08
1999.174 7.15289579859095e-08
2057.495 -0
2115.817 7.37944523840044e-08
2174.138 3.99156582570048e-08
2232.46 -0
2290.781 3.64321834340189e-08
2349.102 7.94642217136436e-08
2407.424 1.12050853220517e-07
2465.745 9.73353819250205e-08
2524.066 6.99832710512127e-08
2582.388 5.37066085931629e-08
2640.709 7.30468655516197e-08
2699.031 9.84541279706498e-08
2757.352 1.43170197992845e-07
2815.673 1.25409418303131e-07
2873.995 1.01181471385229e-07
2932.316 9.91471573271952e-08
2990.637 1.12745655514172e-07
3048.959 1.18475111743986e-07
3107.28 8.07950029890859e-08
3165.602 4.82992771345607e-08
3223.923 5.62454203508197e-08
3282.244 7.21785339484801e-08
3340.566 3.0130426549148e-08
3398.887 4.80354491669361e-08
3457.208 1.02205015264841e-07
3515.53 8.91375986789615e-08
3573.851 7.82793781398236e-08
3632.173 8.76099575747163e-08
3690.494 7.76068040613554e-08
3748.815 1.05490668475578e-07
3807.137 9.82685452978643e-08
3865.458 7.87020717465551e-08
3923.779 9.71917226784257e-08
3982.101 9.99613128828768e-08
4040.422 8.45323226300756e-08
4098.744 7.19139140298948e-08
4157.065 5.93173595141313e-08
4215.386 6.16236431635391e-08
4273.708 6.60102531432769e-08
4332.029 7.41085062937387e-08
4390.35 6.8923902031838e-08
4448.672 5.28352480596363e-08
4506.993 5.9071865584443e-08
4565.315 8.21242665912457e-08
4623.636 8.43882858236053e-08
4681.957 8.63709841872831e-08
4740.279 8.02949697752456e-08
4798.6 6.5956774404105e-08
4799.6 5.65659434924584e-08
4953.131 4.80224520583602e-08
5106.663 9.56265197881613e-08
5260.194 9.17486600702217e-08
5413.725 8.63583456932409e-08
5567.257 7.92359251875688e-08
5720.788 6.6493668537442e-08
5874.32 8.37667908050899e-08
6027.851 6.3972867170191e-08
6181.382 5.12986536958622e-08
6334.914 6.28741925833485e-08
6488.445 5.46216535168682e-08
6641.976 5.0670147726329e-08
6795.508 5.04640272135756e-08
6949.039 6.44509563291709e-08
7102.571 7.90809085765104e-08
7256.102 6.15091051550606e-08
7409.633 4.37002923019343e-08
7563.165 7.40390091818056e-08
7716.696 7.69610502283122e-08
7870.227 5.24786105701294e-08
8023.759 6.86160334855834e-08
8177.29 6.11525165446852e-08
8330.822 6.82402203059369e-08
8484.353 7.1069827518848e-08
8637.884 4.87482895105121e-08
8791.416 3.12919844302658e-08
8944.947 4.5484860620756e-08
9098.478 4.91870345540448e-08
9252.01 5.06882274238595e-08
9405.541 3.73327372933462e-08
9559.073 2.48788943056961e-08
9712.604 5.7379550479352e-08
9866.135 6.3586030370583e-08
10019.667 6.26139848466842e-08
10173.198 5.82057876395956e-08
10326.729 4.5043446539358e-08
10480.261 4.92322889550598e-08
10633.792 5.74497419417311e-08
10787.324 6.5741109646175e-08
10940.855 7.26875214399989e-08
11094.386 5.13328646226567e-08
11247.918 2.96533435141604e-08
11401.449 3.98786968691807e-08
11554.98 2.538209379398e-08
11708.512 5.78959851321359e-08
11862.043 5.54911313260732e-08
12015.575 4.48433046654448e-08
12169.106 4.8404934512159e-08
12322.637 4.38378114180259e-08
12476.169 5.38856619309543e-08
12629.7 5.03614940732778e-08
12630.7 6.03095333269484e-08
13034.822 4.23991177320802e-08
13438.943 3.3989724637315e-08
13843.065 5.34325062682624e-08
14247.186 6.06262236036255e-08
14651.308 5.4960481049122e-08
15055.429 6.13989039836804e-08
15459.551 6.43836925646433e-08
15863.673 5.23590890918349e-08
16267.794 5.04346325647922e-08
16671.916 5.00332234994149e-08
17076.037 3.40276473026347e-08
17480.159 2.70822245502193e-08
17884.28 4.72840996008299e-08
18288.402 4.51553818026954e-08
18692.524 6.02447676501229e-08
19096.645 5.2397307675978e-08
19500.767 4.69353286089019e-08
19904.888 4.09207173730276e-08
20309.01 2.8240667504273e-08
20713.131 4.24628248363389e-08
21117.253 4.64071515447275e-08
21521.375 4.15303660469493e-08
21925.496 4.56619286325435e-08
22329.618 4.1863698510619e-08
22733.739 2.00777817920083e-08
23137.861 2.74174362198656e-08
23541.982 2.17243342194255e-08
23946.104 2.95668202921975e-08
24350.225 3.61123066084458e-08
24754.347 1.9192898862186e-08
25158.469 1.0263939782072e-08
25562.59 3.76331998839044e-08
25966.712 4.02150718503946e-08
26370.833 4.41660439430565e-08
26774.955 5.06898047675437e-08
27179.076 4.32850699596062e-08
27583.198 3.30414251753159e-08
27987.32 3.21822025441392e-08
28391.441 3.95205223746347e-08
28795.563 5.36266213222388e-08
29199.684 4.89291097889835e-08
29603.806 3.13896611953681e-08
30007.927 3.44237221423134e-08
30412.049 4.25551648425147e-08
30816.171 4.23864357340883e-08
31220.292 4.35292311318268e-08
31624.414 4.51010545358665e-08
32028.535 4.7300319059204e-08
32432.657 4.03973530104238e-08
32836.778 3.34379345148246e-08
33240.9 3.58511477211609e-08
33241.9 3.32693784003248e-08
34305.559 3.0337067214065e-08
35369.218 2.95242616274023e-08
36432.876 3.43422768955816e-08
37496.535 2.52812612548979e-08
38560.194 2.04674783116656e-08
39623.853 2.8753585387739e-08
40687.512 3.81741270690189e-08
41751.171 4.35325913321962e-08
42814.829 3.33891402449284e-08
43878.488 2.72571385086825e-08
44942.147 2.51207850585825e-08
46005.806 2.63000595943051e-08
47069.465 2.38581204955462e-08
48133.124 1.85119647668204e-08
49196.782 1.59954692321545e-08
50260.441 1.97714412675252e-08
51324.1 2.9635331911541e-08
52387.759 3.13044655958219e-08
53451.418 2.79726398639385e-08
54515.076 2.5079241750035e-08
55578.735 1.88419470943743e-08
56642.394 1.70076300365924e-08
57706.053 2.72075342164188e-08
58769.712 3.18041780478179e-08
59833.371 3.4885748464598e-08
60897.029 3.92841996520535e-08
61960.688 4.23495545879198e-08
63024.347 5.14499488156665e-08
64088.006 4.47933226138886e-08
65151.665 1.96843891792684e-08
66215.324 1.40283419778497e-08
67278.982 1.91204492734454e-08
68342.641 2.86956703311981e-08
69406.3 2.46653187849884e-08
70469.959 2.17677581236102e-08
71533.618 3.18688272712991e-08
72597.276 4.25716638072416e-08
73660.935 4.78942345004939e-08
74724.594 3.63314686140858e-08
75788.253 2.56450565785397e-08
76851.912 2.27221809251841e-08
77915.571 2.51045754243803e-08
78979.229 2.29439981015188e-08
80042.888 2.04261401056783e-08
81106.547 2.39216000939736e-08
82170.206 2.61939824495398e-08
83233.865 2.33496813390847e-08
84297.524 2.13604007580757e-08
85361.182 2.20781432871245e-08
86424.841 2.25923272897969e-08
87488.5 2.59115804329107e-08
87489.5 2.05299508440717e-08
90289.039 2.43768490209215e-08
93088.578 2.6236042950912e-08
95888.118 2.66496272071187e-08
98687.657 2.99742541916909e-08
101487.196 2.99541281803677e-08
104286.735 2.61941158043099e-08
107086.275 2.81634007011937e-08
109885.814 3.58347865341151e-08
112685.353 3.76647591040684e-08
115484.892 3.46942324823536e-08
118284.431 3.06128724577342e-08
121083.971 2.6797503563362e-08
123883.51 2.59311318146895e-08
126683.049 2.7114719762758e-08
129482.588 2.72809722600735e-08
132282.127 2.37527800094031e-08
135081.667 1.93285514539398e-08
137881.206 2.08983314315785e-08
140680.745 -0
143480.284 -0
146279.824 -0
149079.363 2.14084047813657e-08
151878.902 2.71418473517556e-08
154678.441 2.81495384386796e-08
157477.98 2.60414634763563e-08
160277.52 1.89478410021617e-08
163077.059 -0
165876.598 -0
168676.137 1.04728791143601e-08
171475.676 1.21511776180089e-08
174275.216 1.97806851552493e-08
177074.755 2.37959503590317e-08
179874.294 2.42635436995485e-08
182673.833 1.58106355845298e-08
185473.373 1.30800504414585e-08
188272.912 1.77915729318799e-08
191072.451 2.43152148234084e-08
193871.99 3.47867017157663e-08
196671.529 3.31540034969776e-08
199471.069 2.80804901968698e-08
202270.608 1.67255138218711e-08
205070.147 1.78156659080934e-08
207869.686 2.45913903067659e-08
210669.225 2.4171785063284e-08
213468.765 2.30046335881274e-08
216268.304 2.18759096332907e-08
219067.843 1.90851998898754e-08
221867.382 1.9475627181788e-08
224666.922 1.69807639831664e-08
227466.461 1.28668175577918e-08
230266 8.95337727282281e-09
230267 3.07964653491274e-09
237635.294 2.42212709438956e-08
245003.588 3.42792876413673e-07
252371.882 4.3919714895163e-07
259740.176 -0
267108.471 2.07107550008009e-08
274476.765 1.96786834014804e-08
281845.059 1.19684304494616e-08
289213.353 2.60404003146649e-08
296581.647 2.32038064651126e-08
303949.941 -0
311318.235 1.30766705632168e-08
318686.529 2.82216278601359e-08
326054.824 2.09131737321527e-08
333423.118 2.0637843249991e-08
340791.412 1.47899696840967e-08
348159.706 2.49980829341752e-08
355528 1.96004541229304e-08
362896.294 1.27223681290867e-08
370264.588 2.00781088639344e-08
377632.882 2.39935955690784e-08
385001.176 1.22451375708115e-08
392369.471 -0
399737.765 1.53525919772526e-08
407106.059 1.67703751477896e-08
414474.353 2.14511449362056e-08
421842.647 -0
429210.941 7.60740249578002e-09
436579.235 1.90434571115331e-08
443947.529 2.5210915277189e-08
451315.824 2.36860587434888e-08
458684.118 1.3734125791593e-08
466052.412 1.96034911360273e-08
473420.706 1.13797633737482e-08
480789 2.14906585995427e-08
488157.294 2.09170698521566e-08
495525.588 1.34176534231772e-08
502893.882 4.71625943986461e-08
510262.176 4.37349405396326e-08
517630.471 2.27119911814002e-08
524998.765 2.4139034618785e-08
532367.059 1.48581655472706e-08
539735.353 2.33242527543671e-08
547103.647 2.27981480584016e-08
554471.941 1.19442096123938e-08
561840.235 1.99759640606305e-08
569208.529 1.40062362730856e-08
576576.824 8.84065716172163e-09
583945.118 1.83014037646078e-08
591313.412 2.22703607177499e-08
598681.706 1.81097442398754e-08
606050 2.42470503841106e-08
606051 1.14940105330037e-08
625444.118 1.50704761423686e-08
644837.235 1.82599056756737e-08
664230.353 -0
683623.471 1.66437675384481e-08
703016.588 -0
722409.706 1.9005397869237e-08
741802.824 2.36963597927888e-08
761195.941 -0
780589.059 2.53921944065041e-08
799982.176 1.75964057187143e-08
819375.294 1.56812340560302e-08
838768.412 -0
858161.529 1.53415495075726e-08
877554.647 1.86663149255417e-08
896947.765 1.40802918819036e-08
916340.882 8.60887036631404e-09
935734 2.49284338342885e-08
955127.118 1.99789844691841e-08
974520.235 2.41341679358436e-08
993913.353 2.46468906140126e-08
1013306.471 2.84825145931552e-08
1032699.588 2.61901873229555e-08
1052092.706 3.83574142503167e-08
1071485.824 9.70314369817844e-09
1090878.941 3.39506312000705e-08
1110272.059 -0
1129665.176 -0
1149058.294 2.37148932936246e-08
1168451.412 -0
1187844.529 3.04962893887371e-08
1207237.647 2.99214802128053e-08
1226630.765 2.52109765397634e-08
1246023.882 9.29304441741778e-09
1265417 2.46134974720274e-08
1284810.118 1.73170894946235e-08
1304203.235 1.82431649868218e-08
1323596.353 1.33610674243939e-08
1342989.471 2.64739840893527e-08
1362382.588 2.00354997942752e-08
1381775.706 1.75462526250023e-08
1401168.824 1.54146602543812e-08
1420561.941 1.43975635103999e-08
1439955.059 1.08099081839718e-08
1459348.176 6.48003306741563e-09
1478741.294 2.2761262002411e-08
1498134.412 1.36480325485727e-08
1517527.529 2.00079847582909e-08
1536920.647 7.43127876750025e-09
1556313.765 1.75604596777419e-08
1575706.882 2.25212393107506e-08
1595100 1.10682747199597e-08
1595100 1.68627661713759e-08
1646141.765 1.86937199835346e-08
1697183.529 -0
1748225.294 1.0626456370324e-08
1799267.059 1.8031460340638e-08
1850308.824 6.63966537919647e-09
1901350.588 -0
1952392.353 -0
2003434.118 1.93575954815545e-08
2054475.882 1.1261132180669e-08
2105517.647 1.76478271917537e-08
2156559.412 1.86703043578084e-08
2207601.176 1.42406491498843e-08
2258642.941 2.43332436354959e-08
2309684.706 1.99466461821906e-08
2360726.471 1.78574979378747e-08
2411768.235 -0
2462810 -0
2513851.765 1.88934337749812e-08
2564893.529 1.30679034244365e-08
2615935.294 1.52792418987592e-08
2666977.059 1.41695286194531e-08
2718018.824 9.87404338295614e-09
2769060.588 1.48465572586745e-08
2820102.353 1.13183599498337e-08
2871144.118 -0
2922185.882 4.65794867571553e-09
2973227.647 9.37425222925008e-09
3024269.412 4.21647098128282e-09
3075311.176 9.62642663047924e-09
3126352.941 2.26035658745075e-08
3177394.706 1.09639477420316e-08
3228436.471 1.38458406197999e-08
3279478.235 9.68826420194557e-09
3330520 -0
3381561.765 1.82738826259309e-08
3432603.529 1.41000285518009e-08
3483645.294 9.886162243434e-09
3534687.059 6.06696519682617e-09
3585728.824 2.25349424592587e-08
3636770.588 -0
3687812.353 1.33279876964679e-08
3738854.118 1.42302012407134e-08
3789895.882 1.19536319384738e-08
3840937.647 2.11565213132974e-09
3891979.412 1.61615808888858e-08
3943021.176 1.14431094104706e-08
3994062.941 -0
4045104.706 1.80923950822632e-08
4096146.471 1.71509796529499e-08
4147188.235 1.80828351417359e-08
4198230 1.9363878280892e-08
4198230 1.38087707811811e-08
4332570.588 1.96349771315986e-08
4466911.176 1.69163492647793e-08
4601251.765 7.59129656860407e-09
4735592.353 1.69233099933199e-08
4869932.941 2.09851394719597e-08
5004273.529 8.06311520364183e-09
5138614.118 1.57287318846403e-08
5272954.706 6.75921697813437e-09
5407295.294 9.31914262342304e-09
5541635.882 1.39569511928322e-08
5675976.471 1.99711760302567e-08
5810317.059 1.51797010200201e-08
5944657.647 1.78919575679102e-08
6078998.235 1.88979960477295e-08
6213338.824 -0
6347679.412 2.02347490362792e-08
6482020 2.418773594903e-08
6616360.588 1.74194696535084e-08
6750701.176 2.18843280471757e-08
6885041.765 1.63427556219231e-08
7019382.353 -0
7153722.941 -0
7288063.529 1.60224233553605e-08
7422404.118 2.05219277155218e-08
7556744.706 1.49093657198588e-08
7691085.294 1.57572775521662e-08
7825425.882 1.9867275056522e-08
7959766.471 7.89894734124111e-09
8094107.059 -0
8228447.647 1.42636617900313e-08
8362788.235 7.39629954707082e-09
8497128.824 1.81476092324251e-08
8631469.412 1.61493088988105e-08
8765810 -0
8900150.588 2.38540527700012e-08
9034491.176 -0
9168831.765 1.71620997641285e-08
9303172.353 1.6130913169142e-08
9437512.941 5.97370507185448e-09
9571853.529 1.4308567189034e-08
9706194.118 1.24675956798213e-08
9840534.706 2.2673258221321e-08
9974875.294 1.74846917098358e-08
10109215.882 1.48091599649946e-08
10243556.471 1.65251836935237e-08
10377897.059 1.70775422349236e-08
10512237.647 -0
10646578.235 2.05969551710805e-08
10780918.824 1.3400298691615e-08
10915259.412 2.13793650160935e-08
11049600 1.1637385106565e-08
11049600 -0
11403174.51 1.84293684769582e-08
11756749.02 1.3582331945951e-08
12110323.529 -0
12463898.039 1.66314424704684e-08
12817472.549 1.4576429452016e-08
13171047.059 1.38338558182453e-08
13524621.569 -0
13878196.078 7.54719179403836e-09
14231770.588 1.50243665788079e-08
14585345.098 2.16546009115384e-08
14938919.608 2.09643987885749e-08
15292494.118 1.42219317546211e-08
15646068.627 1.37038622512049e-08
15999643.137 1.69014204143439e-08
16353217.647 1.38063378455693e-08
16706792.157 2.12444269702903e-08
17060366.667 1.82658342986489e-08
17413941.176 1.37515706598083e-08
17767515.686 1.49984220516026e-08
18121090.196 1.97249752549933e-08
18474664.706 2.04591519481234e-08
18828239.216 1.66517547115282e-08
19181813.725 2.38341155504562e-08
19535388.235 1.78600270115137e-08
19888962.745 2.06736413401437e-08
20242537.255 1.62122656303522e-08
20596111.765 1.66339515088628e-08
20949686.275 1.4872278254595e-08
21303260.784 1.56884347799103e-08
21656835.294 1.5221039551775e-08
22010409.804 1.92991417939762e-08
22363984.314 8.46888151469248e-09
22717558.824 2.31304221041316e-08
23071133.333 2.08879856934435e-08
23424707.843 2.49325869559157e-08
23778282.353 1.1556348924271e-08
24131856.863 2.21428307675758e-08
24485431.373 1.35275193557429e-08
24839005.882 1.73481223444009e-08
25192580.392 1.87770318745003e-08
25546154.902 2.40980236868586e-08
25899729.412 2.68672921460184e-08
26253303.922 2.37689231783857e-08
26606878.431 1.56182300698158e-08
26960452.941 7.72178803013913e-09
27314027.451 2.40171614617486e-08
27667601.961 1.77380619637124e-08
28021176.471 1.68340628465026e-08
28374750.98 2.90693917364296e-08
28728325.49 2.05257261309972e-08
29081900 2.18283924469394e-08
29081900 2.08043853239624e-08
30012498.039 6.46592065428427e-09
30943096.078 1.42530156761859e-08
31873694.118 2.31543446193754e-08
32804292.157 -0
33734890.196 2.30391719414457e-08
34665488.235 2.13976708439961e-08
35596086.275 1.76468283400729e-08
36526684.314 2.86264352922871e-08
37457282.353 -0
38387880.392 2.8485128525413e-08
39318478.431 1.98946594891393e-08
40249076.471 3.32119201354499e-08
41179674.51 4.70711429148475e-09
42110272.549 1.74087495176506e-08
43040870.588 -0
43971468.627 4.13762952688964e-08
44902066.667 3.28177156249243e-08
45832664.706 3.05806988028855e-08
46763262.745 2.70514279155001e-08
47693860.784 2.45756228595004e-08
48624458.824 1.9443887591706e-08
49555056.863 2.91017150202527e-08
50485654.902 2.25019426400856e-08
51416252.941 1.28129341154007e-08
52346850.98 -0
53277449.02 5.47296273319122e-09
54208047.059 -0
55138645.098 1.23207379048456e-08
56069243.137 -0
56999841.176 1.79810359424478e-08
57930439.216 1.54850759211313e-08
58861037.255 -0
59791635.294 -0
60722233.333 2.12504455611453e-08
61652831.373 -0
62583429.412 -0
63514027.451 -0
64444625.49 -0
65375223.529 -0
66305821.569 -0
67236419.608 -0
68167017.647 1.48128153322554e-08
69097615.686 -0
70028213.725 1.36314139160727e-08
70958811.765 -0
71889409.804 -0
72820007.843 -0
73750605.882 4.04552730802796e-09
74681203.922 1.13234310260053e-08
75611801.961 1.03973157879282e-08
76542400 -0
76542400 4.70180266434056e-09
78991686.275 5.6463856553374e-09
81440972.549 -0
83890258.824 -0
86339545.098 1.10220780364004e-08
88788831.373 -0
91238117.647 -0
93687403.922 -0
96136690.196 6.50492072173059e-08
98585976.471 1.31455428626702e-08
101035262.745 -0
103484549.02 -0
105933835.294 -0
108383121.569 -0
110832407.843 -0
113281694.118 4.85337514174415e-09
115730980.392 1.88537462799838e-09
118180266.667 -0
120629552.941 5.09226389308331e-09
123078839.216 -0
125528125.49 -0
127977411.765 4.17836297075254e-09
130426698.039 6.86316563778698e-09
132875984.314 -0
135325270.588 -0
137774556.863 9.59523238300538e-09
140223843.137 -0
142673129.412 -0
145122415.686 5.18931166949914e-09
147571701.961 -0
150020988.235 4.92636214858946e-09
152470274.51 -0
154919560.784 3.04445415154047e-09
157368847.059 -0
159818133.333 -0
162267419.608 -0
164716705.882 -0
167165992.157 4.49258265317267e-09
169615278.431 -0
172064564.706 -0
174513850.98 5.62808079172741e-09
176963137.255 -0
179412423.529 -0
181861709.804 6.4327622158596e-09
184310996.078 3.28904389138439e-09
186760282.353 -0
189209568.627 4.05964474460709e-09
191658854.902 1.02785563112772e-08
194108141.176 -0
196557427.451 6.74116954654569e-09
199006713.725 -0
201456000 3.22076023166332e-09
