vd	id_vg = 0.0V	ig_vg = 0.0V	is_vg = 0.0V	iavdd_vg = 0.0V	ignd_vg = 0.0V	id_vg = 0.15V	ig_vg = 0.15V	is_vg = 0.15V	iavdd_vg = 0.15V	ignd_vg = 0.15V	id_vg = 0.3V	ig_vg = 0.3V	is_vg = 0.3V	iavdd_vg = 0.3V	ignd_vg = 0.3V	id_vg = 0.45V	ig_vg = 0.45V	is_vg = 0.45V	iavdd_vg = 0.45V	ignd_vg = 0.45V	id_vg = 0.6V	ig_vg = 0.6V	is_vg = 0.6V	iavdd_vg = 0.6V	ignd_vg = 0.6V	id_vg = 0.75V	ig_vg = 0.75V	is_vg = 0.75V	iavdd_vg = 0.75V	ignd_vg = 0.75V	id_vg = 0.9V	ig_vg = 0.9V	is_vg = 0.9V	iavdd_vg = 0.9V	ignd_vg = 0.9V
0.0	-5.410000000000001e-12	-3.800000000000001e-13	-3.4e-13	3.198e-07	-3.1984e-07	-6.907e-11	5.5260000000000005e-11	1.5e-12	3.1968e-07	-3.196e-07	-3.56e-10	3.4414e-10	1.825e-11	3.1956e-07	-3.1958e-07	-1.489e-09	1.4807e-09	1.841e-11	3.196e-07	-3.1954e-07	-5.3663e-09	5.3549e-09	-2.131e-11	3.1956e-07	-3.1952e-07	-1.8234e-08	1.82814e-08	-1.957e-11	3.195e-07	-3.1946e-07	-6.78964e-08	6.795479999999999e-08	3.95e-12	3.1946e-07	-3.1936e-07
0.005	9.58e-12	-1.03e-12	-2.6e-13	3.1984e-07	-3.1988e-07	-4.9330000000000006e-11	5.899000000000001e-11	-2.51e-12	3.1972e-07	-3.197e-07	-3.2551000000000005e-10	3.2857000000000003e-10	-1.295e-11	3.1954e-07	-3.1952e-07	-1.4048e-09	1.4113e-09	-1.8310000000000003e-11	3.1954e-07	-3.1954e-07	-5.1393e-09	5.145e-09	-1.3400000000000003e-12	3.195e-07	-3.1954e-07	-1.7455999999999998e-08	1.75188e-08	2.449e-11	3.1948e-07	-3.1948e-07	-6.48318e-08	6.48906e-08	-1.2360000000000001e-11	3.1942e-07	-3.1938e-07
0.01	2.631e-11	-1.9400000000000002e-12	1.5700000000000002e-12	3.199e-07	-3.1978e-07	-3.1260000000000004e-11	4.7980000000000005e-11	5.2500000000000004e-12	3.1966e-07	-3.1958e-07	-2.9543000000000003e-10	3.1614e-10	-1.144e-11	3.1958e-07	-3.1964e-07	-1.3327e-09	1.3493e-09	-1.78e-12	3.1958e-07	-3.196e-07	-4.9205e-09	4.9301e-09	1.345e-11	3.1946e-07	-3.1944e-07	-1.6718799999999998e-08	1.6809399999999997e-08	-2.644e-11	3.1942e-07	-3.1946e-07	-6.18954e-08	6.19522e-08	7.2300000000000005e-12	3.1946e-07	-3.194e-07
0.015	2.9370000000000004e-11	-1.4800000000000004e-12	4.3000000000000004e-13	3.1978e-07	-3.1978e-07	-2.313e-11	4.517e-11	1.13e-12	3.197e-07	-3.1972e-07	-2.7668e-10	2.9926e-10	1.535e-11	3.1962e-07	-3.1958e-07	-1.2624e-09	1.2831e-09	1.5870000000000002e-11	3.1966e-07	-3.1954e-07	-4.7051e-09	4.7305e-09	-1.27e-11	3.1944e-07	-3.1948e-07	-1.6029799999999998e-08	1.6117599999999997e-08	1.5010000000000002e-11	3.1938e-07	-3.1946e-07	-5.9098e-08	5.918159999999999e-08	1.2900000000000002e-12	3.1948e-07	-3.1944e-07
0.02	4.0120000000000006e-11	-3.7e-12	-1.79e-12	3.1984e-07	-3.1982e-07	-8.400000000000001e-12	4.3900000000000005e-11	-1.8400000000000002e-12	3.1966e-07	-3.1968e-07	-2.5274e-10	2.8472000000000003e-10	8.800000000000001e-12	3.1966e-07	-3.1954e-07	-1.1879e-09	1.222e-09	-1.082e-11	3.1956e-07	-3.1954e-07	-4.5055e-09	4.5346e-09	-8.300000000000001e-12	3.1956e-07	-3.1954e-07	-1.5369799999999997e-08	1.54732e-08	-1.3900000000000001e-12	3.195e-07	-3.1942e-07	-5.64114e-08	5.652379999999999e-08	-1.5560000000000002e-11	3.1942e-07	-3.1942e-07
0.025	5.7160000000000006e-11	-7.3e-12	3.690000000000001e-12	3.1984e-07	-3.1976e-07	1.052e-11	3.631e-11	3.76e-12	3.196e-07	-3.1966e-07	-2.3058e-10	2.7167e-10	-2.8250000000000003e-11	3.1954e-07	-3.1962e-07	-1.1252e-09	1.1666e-09	-1.124e-11	3.1954e-07	-3.1956e-07	-4.3148e-09	4.355e-09	2.349e-11	3.1954e-07	-3.1948e-07	-1.4742999999999998e-08	1.4857e-08	-1.059e-11	3.1952e-07	-3.1952e-07	-5.3908e-08	5.40128e-08	1.5780000000000003e-11	3.1944e-07	-3.1948e-07
0.03	5.982e-11	-1.8200000000000003e-12	-1.86e-12	3.198e-07	-3.1982e-07	1.82e-11	3.3960000000000005e-11	-2.01e-12	3.1972e-07	-3.1972e-07	-2.1493000000000003e-10	2.5106e-10	-1.783e-11	3.1958e-07	-3.1958e-07	-1.0616e-09	1.113e-09	1.5270000000000003e-11	3.1958e-07	-3.1958e-07	-4.1219e-09	4.1687e-09	3.61e-12	3.1948e-07	-3.1942e-07	-1.4140799999999998e-08	1.42468e-08	8.64e-12	3.1952e-07	-3.1952e-07	-5.1464e-08	5.15866e-08	-1.792e-11	3.1944e-07	-3.1952e-07
0.035	7.150000000000001e-11	-8.080000000000003e-12	1.04e-12	3.1984e-07	-3.1984e-07	2.562e-11	3.364e-11	-7.100000000000001e-13	3.1962e-07	-3.1968e-07	-1.8109e-10	2.2819e-10	-8.670000000000001e-12	3.1962e-07	-3.1964e-07	-1.0033e-09	1.056e-09	-1.631e-11	3.1956e-07	-3.1958e-07	-3.9431e-09	4.0002e-09	-1.937e-11	3.1944e-07	-3.1954e-07	-1.3527799999999998e-08	1.36588e-08	1.039e-11	3.195e-07	-3.1952e-07	-4.92016e-08	4.930859999999999e-08	1.79e-12	3.1938e-07	-3.1948e-07
0.04	7.932e-11	-5.960000000000001e-12	-8.600000000000001e-13	3.198e-07	-3.1988e-07	4.3500000000000005e-11	2.9230000000000005e-11	2.2000000000000002e-13	3.1968e-07	-3.197e-07	-1.7456000000000002e-10	2.4518000000000003e-10	-6.26e-12	3.1962e-07	-3.1954e-07	-9.4696e-10	1.0084e-09	-8.600000000000001e-13	3.196e-07	-3.1958e-07	-3.7715e-09	3.8342e-09	1.048e-11	3.195e-07	-3.1954e-07	-1.2971e-08	1.3102999999999998e-08	-2.158e-11	3.1946e-07	-3.195e-07	-4.70314e-08	4.717759999999999e-08	4.67e-12	3.1944e-07	-3.1942e-07
0.045	9.609e-11	-6.290000000000001e-12	-1.21e-12	3.198e-07	-3.1988e-07	5.542000000000001e-11	2.602e-11	5.910000000000001e-12	3.197e-07	-3.1966e-07	-1.385e-10	2.2701000000000003e-10	3.697e-11	3.1952e-07	-3.1964e-07	-8.854900000000001e-10	9.5619e-10	1.8000000000000004e-13	3.1956e-07	-3.196e-07	-3.6043e-09	3.6756e-09	1.0950000000000002e-11	3.1946e-07	-3.195e-07	-1.24274e-08	1.2574e-08	2.467e-11	3.1956e-07	-3.1954e-07	-4.49246e-08	4.50726e-08	-1.726e-11	3.1944e-07	-3.1948e-07
0.05	9.641e-11	-9.790000000000003e-12	1.0600000000000001e-12	3.1986e-07	-3.199e-07	6.048000000000001e-11	2.6470000000000003e-11	-3.4e-13	3.1978e-07	-3.1982e-07	-1.2796000000000002e-10	2.157e-10	1.059e-11	3.1956e-07	-3.1958e-07	-8.3228e-10	9.1119e-10	-2.5e-11	3.1944e-07	-3.195e-07	-3.4346e-09	3.5201e-09	-2.187e-11	3.195e-07	-3.1952e-07	-1.1913999999999998e-08	1.20612e-08	-3.242e-11	3.1946e-07	-3.1954e-07	-4.29582e-08	4.3112e-08	1.016e-11	3.1944e-07	-3.1948e-07
0.055	1.0628e-10	-1.32e-11	-8.100000000000001e-12	3.1984e-07	-3.1994e-07	7.438e-11	1.93e-11	-9.700000000000001e-13	3.1962e-07	-3.197e-07	-1.0588e-10	2.0189e-10	-2.314e-11	3.196e-07	-3.1966e-07	-7.852e-10	8.7237e-10	-1.3e-13	3.1944e-07	-3.196e-07	-3.284e-09	3.3715e-09	-5.410000000000001e-12	3.1954e-07	-3.196e-07	-1.14292e-08	1.1590399999999998e-08	1.3900000000000002e-11	3.1958e-07	-3.1964e-07	-4.10538e-08	4.11964e-08	-4.16e-12	3.1948e-07	-3.195e-07
0.06	1.2194000000000002e-10	-2.7980000000000003e-11	1.7200000000000001e-12	3.1986e-07	-3.1988e-07	8.809e-11	2.105e-11	1.74e-12	3.1962e-07	-3.1966e-07	-7.971e-11	1.9112e-10	-5.820000000000001e-12	3.195e-07	-3.1952e-07	-7.3296e-10	8.2711e-10	1.968e-11	3.1952e-07	-3.1952e-07	-3.1315e-09	3.2299e-09	2.243e-11	3.195e-07	-3.1958e-07	-1.0966999999999998e-08	1.11232e-08	-1.0100000000000001e-12	3.1952e-07	-3.196e-07	-3.92566e-08	3.94216e-08	-9.52e-12	3.1944e-07	-3.1958e-07
0.065	1.2906000000000002e-10	-1.4940000000000002e-11	4.250000000000001e-12	3.1986e-07	-3.199e-07	9.383e-11	1.6690000000000003e-11	-3.2000000000000005e-13	3.1966e-07	-3.1978e-07	-6.571000000000001e-11	1.7294000000000003e-10	-1.03e-11	3.1956e-07	-3.1964e-07	-6.846800000000001e-10	7.8571e-10	-1.416e-11	3.1952e-07	-3.1956e-07	-2.9857e-09	3.0952e-09	-9.57e-12	3.1952e-07	-3.1962e-07	-1.0507e-08	1.0668399999999998e-08	-1.4510000000000002e-11	3.1954e-07	-3.1972e-07	-3.75322e-08	3.77046e-08	1.704e-11	3.1944e-07	-3.1958e-07
0.07	1.3306e-10	-1.21e-11	-7.44e-12	3.1982e-07	-3.199e-07	1.0141e-10	1.706e-11	3.800000000000001e-13	3.1968e-07	-3.1972e-07	-6.105e-11	1.7528e-10	1.404e-11	3.196e-07	-3.1976e-07	-6.380100000000001e-10	7.502300000000001e-10	-5.050000000000001e-12	3.1944e-07	-3.1964e-07	-2.8472e-09	2.9618e-09	-4.960000000000001e-12	3.1948e-07	-3.196e-07	-1.00674e-08	1.02506e-08	7.06e-12	3.195e-07	-3.1954e-07	-3.58982e-08	3.61054e-08	-1.807e-11	3.1948e-07	-3.1958e-07
0.075	1.5645e-10	-2.136e-11	5.64e-12	3.1976e-07	-3.1986e-07	1.1577e-10	1.588e-11	-1.13e-12	3.1962e-07	-3.1974e-07	-3.693e-11	1.7179e-10	1.579e-11	3.1952e-07	-3.1966e-07	-5.8853e-10	7.1082e-10	1.621e-11	3.1954e-07	-3.1964e-07	-2.7224e-09	2.833e-09	1.988e-11	3.196e-07	-3.1966e-07	-9.6516e-09	9.839999999999999e-09	2.3720000000000003e-11	3.1956e-07	-3.1962e-07	-3.4305599999999995e-08	3.45006e-08	1.27e-11	3.1946e-07	-3.1962e-07
0.08	1.5864e-10	-5.680000000000001e-12	4.9e-13	3.1984e-07	-3.1982e-07	1.2771000000000002e-10	1.232e-11	3.65e-12	3.1966e-07	-3.1978e-07	-9.280000000000001e-12	1.4733000000000002e-10	2.074e-11	3.195e-07	-3.1966e-07	-5.415300000000001e-10	6.7538e-10	-7.42e-12	3.1952e-07	-3.1956e-07	-2.5872e-09	2.7189e-09	-1.151e-11	3.1954e-07	-3.196e-07	-9.2832e-09	9.4105e-09	-4.490000000000001e-12	3.1948e-07	-3.1954e-07	-3.28692e-08	3.30554e-08	4e-12	3.1944e-07	-3.1956e-07
0.085	1.7011000000000002e-10	-1.8620000000000003e-11	-2.5e-13	3.1974e-07	-3.1988e-07	1.3264000000000002e-10	1.282e-11	1.6300000000000001e-12	3.197e-07	-3.1972e-07	-4.22e-12	1.5194000000000002e-10	-1.153e-11	3.1968e-07	-3.1978e-07	-4.974500000000001e-10	6.4597e-10	-1.5320000000000002e-11	3.195e-07	-3.1964e-07	-2.4591e-09	2.5978e-09	-1.438e-11	3.1944e-07	-3.1954e-07	-8.8888e-09	9.031e-09	1.6400000000000003e-11	3.1948e-07	-3.1964e-07	-3.1414e-08	3.16046e-08	-1.619e-11	3.1936e-07	-3.1954e-07
0.09	1.776e-10	-2.832e-11	2.7600000000000004e-12	3.196e-07	-3.1982e-07	1.437e-10	1.021e-11	-3.8e-12	3.1966e-07	-3.1974e-07	2.144e-11	1.2580000000000002e-10	3.96e-12	3.1962e-07	-3.1972e-07	-4.7176e-10	6.1396e-10	1.622e-11	3.1944e-07	-3.196e-07	-2.3473e-09	2.4866e-09	1.644e-11	3.1954e-07	-3.1964e-07	-8.5187e-09	8.6688e-09	-1.243e-11	3.194e-07	-3.1958e-07	-3.00416e-08	3.0257799999999995e-08	2.368e-11	3.1944e-07	-3.1954e-07
0.095	1.9217e-10	-2.023e-11	-1.8000000000000004e-13	3.1974e-07	-3.1984e-07	1.5957000000000002e-10	9.45e-12	1.98e-12	3.1966e-07	-3.198e-07	3.489e-11	1.3044000000000002e-10	-6.15e-12	3.1958e-07	-3.197e-07	-4.314e-10	5.835300000000001e-10	1.619e-11	3.195e-07	-3.1958e-07	-2.2291e-09	2.3785e-09	3.71e-12	3.1946e-07	-3.1964e-07	-8.1643e-09	8.3234e-09	-2.26e-12	3.195e-07	-3.197e-07	-2.87288e-08	2.89608e-08	-1.7710000000000003e-11	3.194e-07	-3.1952e-07
0.1	1.9843e-10	-2.939e-11	8.300000000000001e-13	3.1982e-07	-3.199e-07	1.626e-10	6.280000000000001e-12	-1.5000000000000004e-13	3.1968e-07	-3.1972e-07	5.642e-11	1.1775e-10	2.44e-11	3.196e-07	-3.1974e-07	-3.95e-10	5.535800000000001e-10	-2.087e-11	3.194e-07	-3.1962e-07	-2.1153e-09	2.2734e-09	-2.08e-11	3.1944e-07	-3.1966e-07	-7.8262e-09	7.9685e-09	1.262e-11	3.1956e-07	-3.1968e-07	-2.75432e-08	2.77546e-08	5.03e-12	3.195e-07	-3.1966e-07
0.105	2.048e-10	-2.7600000000000004e-11	-1.5e-12	3.1974e-07	-3.1982e-07	1.7298e-10	9.25e-12	-6.1e-13	3.1966e-07	-3.1974e-07	6.367000000000001e-11	1.1063e-10	2.2060000000000003e-11	3.1942e-07	-3.1972e-07	-3.4576e-10	5.279300000000001e-10	-8.190000000000001e-12	3.1948e-07	-3.1964e-07	-2.008e-09	2.1762e-09	8.270000000000003e-12	3.195e-07	-3.1964e-07	-7.4902e-09	7.6662e-09	-1.896e-11	3.1946e-07	-3.1958e-07	-2.63176e-08	2.65518e-08	8.93e-12	3.1952e-07	-3.1958e-07
0.11	2.2095e-10	-2.007e-11	1e-13	3.1968e-07	-3.1988e-07	1.8833e-10	7.91e-12	-3.1000000000000004e-13	3.1956e-07	-3.198e-07	7.831000000000001e-11	1.0387e-10	-1.162e-11	3.1946e-07	-3.1968e-07	-3.1718000000000004e-10	5.043300000000001e-10	1.528e-11	3.1956e-07	-3.197e-07	-1.9091e-09	2.0764e-09	2.79e-12	3.1954e-07	-3.1962e-07	-7.1689e-09	7.3561e-09	-1.632e-11	3.1946e-07	-3.1968e-07	-2.51966e-08	2.54768e-08	-1.377e-11	3.1946e-07	-3.1964e-07
0.115	2.3174e-10	-2.6120000000000003e-11	-1.5200000000000002e-12	3.1974e-07	-3.199e-07	1.9897e-10	4.13e-12	8.300000000000001e-13	3.196e-07	-3.1982e-07	8.901000000000001e-11	9.632e-11	-1.754e-11	3.1952e-07	-3.1976e-07	-2.7818e-10	4.757300000000001e-10	4.4000000000000004e-13	3.1954e-07	-3.1964e-07	-1.802e-09	1.9877e-09	-2.691e-11	3.1948e-07	-3.1966e-07	-6.8668e-09	7.0617e-09	2.442e-11	3.195e-07	-3.1962e-07	-2.41234e-08	2.43936e-08	1.043e-11	3.1944e-07	-3.1964e-07
0.12	2.4522e-10	-2.6650000000000003e-11	8.600000000000001e-13	3.1978e-07	-3.1994e-07	2.025e-10	6.030000000000001e-12	2.3800000000000004e-12	3.1972e-07	-3.1988e-07	1.0416e-10	9.074e-11	5.170000000000001e-12	3.1962e-07	-3.1972e-07	-2.4455e-10	4.5501e-10	-1.225e-11	3.1956e-07	-3.1974e-07	-1.7056e-09	1.9001e-09	-2.5300000000000003e-12	3.196e-07	-3.1976e-07	-6.5722e-09	6.7803e-09	4.42e-12	3.1956e-07	-3.1974e-07	-2.3117e-08	2.33762e-08	4.62e-12	3.1944e-07	-3.196e-07
0.125	2.5555e-10	-3.122e-11	-1.4e-12	3.1978e-07	-3.1992e-07	2.1903e-10	6.130000000000001e-12	-3.61e-12	3.196e-07	-3.198e-07	1.1937e-10	8.53e-11	1.91e-11	3.195e-07	-3.197e-07	-2.1678000000000003e-10	4.3180000000000005e-10	1.403e-11	3.1962e-07	-3.1968e-07	-1.614e-09	1.8123e-09	1.553e-11	3.1956e-07	-3.1964e-07	-6.2918e-09	6.508e-09	-1.5740000000000002e-11	3.1966e-07	-3.1976e-07	-2.2137e-08	2.24088e-08	-1.622e-11	3.1948e-07	-3.196e-07
0.13	2.6042e-10	-3.663e-11	2.3500000000000007e-12	3.1966e-07	-3.1994e-07	2.1955e-10	-3.5e-13	6.45e-12	3.1948e-07	-3.1972e-07	1.3892000000000002e-10	7.931e-11	-1.436e-11	3.1954e-07	-3.1974e-07	-1.8444e-10	4.1244e-10	6.96e-12	3.1956e-07	-3.1962e-07	-1.52e-09	1.731e-09	-1.08e-11	3.1946e-07	-3.196e-07	-6.0177e-09	6.2386e-09	7.580000000000001e-12	3.1956e-07	-3.1974e-07	-2.1194e-08	2.14726e-08	2.95e-11	3.1938e-07	-3.1966e-07
0.135	2.6814e-10	-3.7680000000000006e-11	-5e-14	3.1972e-07	-3.1992e-07	2.2326e-10	5.460000000000001e-12	-2.9100000000000003e-12	3.1968e-07	-3.1978e-07	1.5781000000000002e-10	5.898e-11	2.18e-12	3.1954e-07	-3.1972e-07	-1.5318e-10	3.9138000000000005e-10	-2.2590000000000003e-11	3.1954e-07	-3.1976e-07	-1.4334e-09	1.6553e-09	1.07e-12	3.1948e-07	-3.1966e-07	-5.7567e-09	5.9856e-09	-6.76e-12	3.1954e-07	-3.1972e-07	-2.03412e-08	2.06084e-08	-1.8440000000000003e-11	3.1948e-07	-3.1966e-07
0.14	2.7811000000000004e-10	-4.4410000000000005e-11	6.000000000000001e-14	3.1966e-07	-3.1992e-07	2.3869000000000003e-10	-2.1000000000000001e-13	1.5e-12	3.1966e-07	-3.1986e-07	1.7891e-10	7.788e-11	-1.7160000000000002e-11	3.1954e-07	-3.1978e-07	-1.2204e-10	3.7669e-10	-1.1100000000000001e-12	3.1956e-07	-3.1982e-07	-1.3462e-09	1.5738e-09	1.668e-11	3.1942e-07	-3.1972e-07	-5.4924e-09	5.7506e-09	-1.7580000000000002e-11	3.1946e-07	-3.1962e-07	-1.94272e-08	1.97222e-08	7.52e-12	3.1954e-07	-3.197e-07
0.145	2.9678000000000003e-10	-4.2120000000000006e-11	5e-13	3.197e-07	-3.1992e-07	2.4974e-10	1.5200000000000002e-12	1.7e-13	3.1962e-07	-3.1988e-07	1.8211e-10	4.7440000000000006e-11	-2.204e-11	3.1954e-07	-3.1972e-07	-9.668000000000001e-11	3.5867e-10	2.013e-11	3.1946e-07	-3.1976e-07	-1.2662e-09	1.5034e-09	-1.393e-11	3.1948e-07	-3.1962e-07	-5.2567e-09	5.5153e-09	2.163e-11	3.1944e-07	-3.197e-07	-1.86034e-08	1.89e-08	4.07e-12	3.1946e-07	-3.1966e-07
0.15	3.1112e-10	-4.457e-11	-1.6200000000000004e-12	3.197e-07	-3.199e-07	2.645e-10	-9.200000000000001e-13	6.8e-13	3.1962e-07	-3.1986e-07	1.8358000000000003e-10	6.32e-11	-6.690000000000001e-12	3.1944e-07	-3.1966e-07	-6.534e-11	3.3602000000000005e-10	-2.9800000000000002e-12	3.1946e-07	-3.1976e-07	-1.1795e-09	1.4362e-09	-3.740000000000001e-12	3.1948e-07	-3.1976e-07	-5.0234e-09	5.2864e-09	1.9040000000000003e-11	3.1952e-07	-3.1974e-07	-1.77982e-08	1.81182e-08	2.21e-12	3.1944e-07	-3.1972e-07
0.155	3.2009000000000003e-10	-5.0490000000000005e-11	1.13e-12	3.1974e-07	-3.199e-07	2.7006e-10	-1.45e-12	6.880000000000001e-12	3.1968e-07	-3.1994e-07	2.1381e-10	4.309e-11	1.73e-12	3.1948e-07	-3.1972e-07	-3.643e-11	3.2528000000000004e-10	-1.573e-11	3.1948e-07	-3.1978e-07	-1.112e-09	1.368e-09	2.9120000000000005e-11	3.1956e-07	-3.1972e-07	-4.7898e-09	5.0688e-09	-1.981e-11	3.195e-07	-3.1968e-07	-1.7057599999999998e-08	1.7387599999999998e-08	-7.560000000000003e-12	3.1948e-07	-3.197e-07
0.16	3.3411000000000005e-10	-4.706e-11	-2.9e-12	3.1974e-07	-3.2004e-07	2.8408e-10	5.300000000000002e-13	-4.750000000000001e-12	3.1968e-07	-3.1988e-07	2.407e-10	4.534e-11	-1.3070000000000001e-11	3.1946e-07	-3.1976e-07	-1.4200000000000002e-11	3.0893000000000004e-10	1.5230000000000002e-11	3.1952e-07	-3.1976e-07	-1.0251e-09	1.3071e-09	-1.46e-12	3.1942e-07	-3.1968e-07	-4.5692e-09	4.8593e-09	-9.06e-12	3.1952e-07	-3.1976e-07	-1.6335799999999997e-08	1.6670399999999998e-08	1.713e-11	3.1948e-07	-3.1972e-07
0.165	3.5783000000000005e-10	-5.3300000000000006e-11	8.300000000000001e-13	3.1974e-07	-3.1998e-07	3.0479000000000004e-10	-3.77e-12	3.3700000000000004e-12	3.1964e-07	-3.199e-07	2.5267e-10	4.453e-11	-2.9900000000000004e-12	3.1956e-07	-3.1984e-07	1.177e-11	2.9185000000000003e-10	1.0340000000000002e-11	3.1948e-07	-3.1962e-07	-9.589e-10	1.2488e-09	4.78e-12	3.195e-07	-3.197e-07	-4.363e-09	4.6654e-09	1.371e-11	3.1956e-07	-3.1978e-07	-1.56472e-08	1.5996999999999998e-08	-2.426e-11	3.1944e-07	-3.1974e-07
0.17	3.6763000000000005e-10	-5.936e-11	-7.800000000000002e-13	3.1974e-07	-3.2e-07	3.0648e-10	-1.91e-12	-5.7e-13	3.1962e-07	-3.2002e-07	2.566e-10	3.694e-11	1.6890000000000003e-11	3.195e-07	-3.1978e-07	4.363e-11	2.7622e-10	-1.138e-11	3.1946e-07	-3.1976e-07	-8.9268e-10	1.1825e-09	2.1080000000000003e-11	3.1948e-07	-3.1972e-07	-4.1533e-09	4.4714e-09	-4.41e-12	3.195e-07	-3.1974e-07	-1.4978999999999998e-08	1.5327e-08	3.175e-11	3.1942e-07	-3.1972e-07
0.175	3.8483000000000006e-10	-6.347e-11	1.8000000000000004e-13	3.1964e-07	-3.1996e-07	3.2398e-10	-2.9e-12	-1e-13	3.196e-07	-3.199e-07	2.8398000000000004e-10	3.945e-11	1.272e-11	3.1958e-07	-3.1984e-07	6.311e-11	2.7064e-10	1.21e-12	3.1954e-07	-3.1984e-07	-8.165700000000001e-10	1.1266e-09	-1.7690000000000002e-11	3.1946e-07	-3.1974e-07	-3.9584e-09	4.2908e-09	5.830000000000001e-12	3.1946e-07	-3.1984e-07	-1.4336999999999998e-08	1.4706399999999998e-08	-2.9300000000000005e-11	3.1944e-07	-3.197e-07
0.18	4.0145000000000005e-10	-6.508000000000001e-11	3.000000000000001e-13	3.1966e-07	-3.2002e-07	3.3753e-10	-6.220000000000001e-12	-8.03e-12	3.1964e-07	-3.1994e-07	3.0300000000000004e-10	3.052e-11	-2.728e-11	3.1944e-07	-3.1974e-07	9.054e-11	2.5275000000000003e-10	1.599e-11	3.1946e-07	-3.1976e-07	-7.5313e-10	1.0778e-09	-1.201e-11	3.1946e-07	-3.1982e-07	-3.7743e-09	4.1134e-09	2.559e-11	3.195e-07	-3.1978e-07	-1.37232e-08	1.4101999999999998e-08	1.506e-11	3.1948e-07	-3.1976e-07
0.185	4.2081e-10	-7.243e-11	8e-13	3.1972e-07	-3.201e-07	3.5320000000000003e-10	-9.75e-12	3.4700000000000004e-12	3.1964e-07	-3.1992e-07	3.1296e-10	2.7760000000000003e-11	-1.98e-11	3.1948e-07	-3.1992e-07	1.1614e-10	2.3847e-10	-1.193e-11	3.1948e-07	-3.1982e-07	-6.9445e-10	1.0259e-09	1.6890000000000003e-11	3.1944e-07	-3.1974e-07	-3.5886e-09	3.9407e-09	-1.5650000000000002e-11	3.1944e-07	-3.1976e-07	-1.31508e-08	1.3542799999999998e-08	-2.87e-12	3.1944e-07	-3.197e-07
0.19	4.3143e-10	-7.137000000000001e-11	-1.18e-12	3.1968e-07	-3.2002e-07	3.6363e-10	-1.4900000000000001e-12	3.81e-12	3.1966e-07	-3.1996e-07	3.2916000000000003e-10	3.149e-11	1.8640000000000003e-11	3.195e-07	-3.1982e-07	1.4468e-10	2.3085e-10	-1.23e-11	3.195e-07	-3.1982e-07	-6.2557e-10	9.7354e-10	-1.6850000000000002e-11	3.1946e-07	-3.1982e-07	-3.407e-09	3.7755e-09	-1.726e-11	3.195e-07	-3.1982e-07	-1.25918e-08	1.30026e-08	-4.950000000000001e-12	3.195e-07	-3.1982e-07
0.195	4.5120000000000005e-10	-7.461e-11	-2.5600000000000004e-12	3.1976e-07	-3.2002e-07	3.7994e-10	-1.006e-11	-6.800000000000001e-12	3.1968e-07	-3.1988e-07	3.3456000000000003e-10	2.424e-11	2.0150000000000003e-11	3.1948e-07	-3.1992e-07	1.6468000000000002e-10	2.1988e-10	2.289e-11	3.1944e-07	-3.1988e-07	-5.6827e-10	9.267099999999999e-10	3.0300000000000002e-12	3.1946e-07	-3.1982e-07	-3.2362e-09	3.6197e-09	1.918e-11	3.1946e-07	-3.1984e-07	-1.2037199999999998e-08	1.2469199999999998e-08	2.3800000000000004e-12	3.1946e-07	-3.198e-07
0.2	4.7652e-10	-8.516e-11	1.6200000000000004e-12	3.1972e-07	-3.2008e-07	3.9903e-10	-1.007e-11	4.32e-12	3.1962e-07	-3.2002e-07	3.6512e-10	2.174e-11	-2.302e-11	3.1958e-07	-3.1988e-07	1.8926000000000003e-10	2.0790000000000003e-10	9.090000000000001e-12	3.1956e-07	-3.1986e-07	-5.1367e-10	8.8394e-10	2.355e-11	3.1948e-07	-3.1982e-07	-3.0707e-09	3.4696e-09	1.017e-11	3.1954e-07	-3.1988e-07	-1.1532e-08	1.1970599999999998e-08	-2.79e-12	3.1948e-07	-3.1984e-07
0.205	4.876400000000001e-10	-8.29e-11	-9.9e-13	3.1976e-07	-3.2022e-07	4.0877e-10	-6.290000000000001e-12	-5.300000000000002e-13	3.1968e-07	-3.2006e-07	3.9853e-10	1.442e-11	-1.956e-11	3.1948e-07	-3.1988e-07	2.2168000000000003e-10	1.959e-10	-1.412e-11	3.196e-07	-3.1998e-07	-4.4352e-10	8.3791e-10	-7.82e-12	3.195e-07	-3.198e-07	-2.9075e-09	3.3201e-09	-6.490000000000001e-12	3.1948e-07	-3.199e-07	-1.10334e-08	1.14838e-08	-1.113e-11	3.195e-07	-3.1988e-07
0.21	5.090700000000001e-10	-8.998000000000001e-11	8e-13	3.1972e-07	-3.2014e-07	4.2412e-10	-1.285e-11	-1.0100000000000001e-12	3.1956e-07	-3.1996e-07	4.074e-10	1.877e-11	-1.3e-13	3.1954e-07	-3.199e-07	2.4278e-10	1.9054e-10	8.7e-13	3.1956e-07	-3.2004e-07	-3.9942000000000005e-10	8.0231e-10	-2.362e-11	3.1948e-07	-3.1986e-07	-2.7537e-09	3.1853e-09	7.06e-12	3.1954e-07	-3.1986e-07	-1.05666e-08	1.1029e-08	2.4500000000000003e-11	3.195e-07	-3.1978e-07
0.215	5.3477e-10	-9.763e-11	-4.0000000000000006e-14	3.1964e-07	-3.2006e-07	4.4410000000000005e-10	-1.313e-11	-1.067e-11	3.1956e-07	-3.2002e-07	4.3823000000000005e-10	-1.9700000000000003e-12	6.380000000000001e-12	3.195e-07	-3.1988e-07	2.6605000000000003e-10	1.7865000000000002e-10	1.671e-11	3.1956e-07	-3.1994e-07	-3.3851e-10	7.6517e-10	1.265e-11	3.1948e-07	-3.1988e-07	-2.6049e-09	3.0425e-09	-7.970000000000001e-12	3.1942e-07	-3.1984e-07	-1.01064e-08	1.05878e-08	-3.242e-11	3.1944e-07	-3.1988e-07
0.22	5.5589e-10	-1.0085e-10	1.4400000000000001e-12	3.197e-07	-3.2008e-07	4.6426000000000006e-10	-1.3500000000000002e-11	3.2000000000000005e-13	3.1954e-07	-3.2e-07	4.4393e-10	2.129e-11	-1.64e-12	3.196e-07	-3.2002e-07	2.9185000000000003e-10	1.6746e-10	-1.312e-11	3.1954e-07	-3.2e-07	-2.9223000000000003e-10	7.2408e-10	9.67e-12	3.1942e-07	-3.1986e-07	-2.4542e-09	2.9127e-09	-2.996e-11	3.195e-07	-3.1988e-07	-9.7009e-09	1.0157e-08	-7.02e-12	3.1942e-07	-3.198e-07
0.225	5.6969e-10	-1.0239e-10	1.23e-12	3.1974e-07	-3.2018e-07	4.7798e-10	-1.19e-11	7.53e-12	3.1968e-07	-3.2002e-07	4.725700000000001e-10	1.213e-11	6.5300000000000015e-12	3.1948e-07	-3.1996e-07	3.2442e-10	1.5850000000000002e-10	-1.02e-11	3.1956e-07	-3.2006e-07	-2.352e-10	6.8724e-10	-1.6360000000000002e-11	3.1954e-07	-3.1992e-07	-2.3139e-09	2.791e-09	9.96e-12	3.195e-07	-3.1992e-07	-9.2663e-09	9.7474e-09	-6e-12	3.195e-07	-3.199e-07
0.23	5.9716e-10	-1.1292e-10	-2.26e-12	3.1966e-07	-3.2022e-07	4.9964e-10	-1.801e-11	-1.066e-11	3.1962e-07	-3.2012e-07	4.8866e-10	7.2300000000000005e-12	-5.75e-12	3.196e-07	-3.2012e-07	3.4424000000000004e-10	1.4973e-10	1.883e-11	3.1958e-07	-3.2006e-07	-1.8518000000000003e-10	6.566100000000001e-10	2.24e-12	3.195e-07	-3.2002e-07	-2.1806e-09	2.6681e-09	2.1900000000000003e-11	3.1954e-07	-3.1996e-07	-8.8729e-09	9.3295e-09	-5.3000000000000004e-12	3.1942e-07	-3.1984e-07
0.235	6.232000000000001e-10	-1.1474e-10	3.2000000000000005e-13	3.197e-07	-3.2012e-07	5.185900000000001e-10	-1.529e-11	4.28e-12	3.1962e-07	-3.2006e-07	5.035600000000001e-10	1.891e-11	-4.105e-11	3.1962e-07	-3.2006e-07	3.7523e-10	1.3764e-10	8.36e-12	3.1952e-07	-3.1996e-07	-1.4328000000000002e-10	6.2493e-10	1.987e-11	3.1948e-07	-3.1996e-07	-2.0417e-09	2.5516e-09	-1.887e-11	3.1946e-07	-3.1996e-07	-8.4703e-09	8.9495e-09	-8.97e-12	3.1952e-07	-3.2006e-07
0.24	6.449e-10	-1.239e-10	-4.600000000000002e-13	3.1974e-07	-3.2028e-07	5.391300000000001e-10	-1.9660000000000003e-11	3.4e-13	3.1968e-07	-3.2008e-07	5.2778e-10	9.4e-13	-7.960000000000001e-12	3.1956e-07	-3.2e-07	4.0146e-10	1.3170000000000002e-10	-1.314e-11	3.1946e-07	-3.2006e-07	-9.19e-11	5.920200000000001e-10	-1.356e-11	3.1942e-07	-3.1996e-07	-1.9212e-09	2.4397e-09	-2.8300000000000007e-12	3.1948e-07	-3.2e-07	-8.0954e-09	8.5849e-09	8.690000000000003e-12	3.1952e-07	-3.1996e-07
0.245	6.661e-10	-1.2617000000000002e-10	-1.14e-12	3.199e-07	-3.2028e-07	5.55e-10	-1.786e-11	-5.43e-12	3.1966e-07	-3.2012e-07	5.397e-10	1.167e-11	-5.880000000000001e-12	3.196e-07	-3.2008e-07	4.2403e-10	1.2573000000000001e-10	5.48e-12	3.195e-07	-3.2002e-07	-4.575e-11	5.6377e-10	-2.6690000000000004e-11	3.1944e-07	-3.199e-07	-1.7938e-09	2.3368e-09	1.428e-11	3.1944e-07	-3.1996e-07	-7.7206e-09	8.241e-09	-2.149e-11	3.1946e-07	-3.1996e-07
0.25	6.9293e-10	-1.3658e-10	5e-13	3.1968e-07	-3.2028e-07	5.7998e-10	-2.4210000000000003e-11	-5.94e-12	3.1968e-07	-3.2018e-07	5.630900000000001e-10	1.121e-11	-2.67e-12	3.1954e-07	-3.2014e-07	4.4875e-10	1.1317e-10	1.48e-11	3.1948e-07	-3.2002e-07	-1.9200000000000003e-12	5.3809e-10	8.400000000000001e-12	3.1954e-07	-3.2e-07	-1.67e-09	2.2297e-09	-1.075e-11	3.1952e-07	-3.2002e-07	-7.3725e-09	7.9132e-09	-1.2360000000000001e-11	3.1948e-07	-3.2004e-07
0.255	7.2078e-10	-1.3984e-10	6.3e-13	3.1972e-07	-3.2022e-07	6.0116e-10	-2.3100000000000003e-11	6.620000000000001e-12	3.1962e-07	-3.202e-07	5.838700000000001e-10	3.7e-12	-3.1600000000000007e-12	3.1956e-07	-3.2014e-07	4.811900000000001e-10	1.0623e-10	-1.6560000000000002e-11	3.1944e-07	-3.1996e-07	4.1360000000000006e-11	5.1657e-10	1.094e-11	3.1948e-07	-3.2002e-07	-1.554e-09	2.1344e-09	-1.59e-12	3.1948e-07	-3.2002e-07	-7.0516e-09	7.6007e-09	1.743e-11	3.195e-07	-3.2008e-07
0.26	7.4092e-10	-1.4244e-10	9e-14	3.197e-07	-3.2034e-07	6.4419e-10	-2.244e-11	-6.000000000000001e-14	3.196e-07	-3.2024e-07	6.0093e-10	6.750000000000001e-12	8.980000000000003e-12	3.1964e-07	-3.2018e-07	5.1092e-10	1.0171e-10	-1.579e-11	3.1954e-07	-3.2012e-07	8.872e-11	4.834300000000001e-10	-1.459e-11	3.1946e-07	-3.2008e-07	-1.4383e-09	2.0392e-09	2.823e-11	3.195e-07	-3.2002e-07	-6.7237e-09	7.2817e-09	1.872e-11	3.1942e-07	-3.1994e-07
0.265	7.6522e-10	-1.5289e-10	-2.14e-12	3.1968e-07	-3.2024e-07	6.7318e-10	-2.9550000000000004e-11	-1.231e-11	3.1962e-07	-3.202e-07	6.1929e-10	7.970000000000001e-12	-1.029e-11	3.1962e-07	-3.2018e-07	5.3183e-10	9.146e-11	1.322e-11	3.1952e-07	-3.2006e-07	1.2221e-10	4.6527e-10	-3.75e-12	3.1946e-07	-3.2006e-07	-1.3267e-09	1.9489e-09	-1.078e-11	3.1948e-07	-3.2004e-07	-6.4039e-09	6.9879e-09	-2.515e-11	3.1944e-07	-3.1996e-07
0.27	7.9553e-10	-1.6069000000000002e-10	2.2000000000000003e-12	3.1968e-07	-3.2032e-07	6.989e-10	-3.169e-11	5.570000000000001e-12	3.1954e-07	-3.2028e-07	6.532000000000001e-10	-1.7500000000000002e-12	-2.369e-11	3.1954e-07	-3.2018e-07	5.589300000000001e-10	8.533e-11	1.071e-11	3.1954e-07	-3.2014e-07	1.6158000000000003e-10	4.4268e-10	1.322e-11	3.1948e-07	-3.2008e-07	-1.2152e-09	1.8573e-09	-2.921e-11	3.1948e-07	-3.2012e-07	-6.0908e-09	6.7077e-09	-2.047e-11	3.1948e-07	-3.2002e-07
0.275	8.1449e-10	-1.6176000000000002e-10	-8e-13	3.1972e-07	-3.2028e-07	7.2e-10	-2.7960000000000003e-11	7.62e-12	3.1958e-07	-3.2018e-07	6.704600000000001e-10	1.046e-11	-1.86e-12	3.1956e-07	-3.2032e-07	5.6107e-10	8.003e-11	-1.5380000000000003e-11	3.194e-07	-3.2008e-07	2.1159e-10	4.2056e-10	-1.444e-11	3.1946e-07	-3.2004e-07	-1.15e-09	1.7784e-09	1.23e-11	3.1952e-07	-3.2008e-07	-5.8133e-09	6.432e-09	1.7600000000000003e-11	3.1948e-07	-3.2006e-07
0.28	8.4403e-10	-1.7152000000000002e-10	-8.400000000000001e-13	3.1964e-07	-3.2028e-07	7.3943e-10	-3.4180000000000005e-11	-2.3500000000000007e-12	3.1962e-07	-3.2032e-07	6.9656e-10	4.5400000000000004e-12	2.555e-11	3.1962e-07	-3.2034e-07	5.845800000000001e-10	7.541e-11	3.4e-13	3.1954e-07	-3.2018e-07	2.4752000000000004e-10	3.9953e-10	-1.6780000000000002e-11	3.1944e-07	-3.2014e-07	-1.0442e-09	1.6976e-09	2.5030000000000003e-11	3.1946e-07	-3.2006e-07	-5.526e-09	6.1785e-09	-2.300000000000001e-13	3.1952e-07	-3.2016e-07
0.285	8.7117e-10	-1.8477000000000002e-10	-2.4000000000000007e-12	3.1966e-07	-3.2028e-07	7.716000000000001e-10	-3.708e-11	-1.453e-11	3.1956e-07	-3.203e-07	7.184300000000001e-10	-1.9e-12	-7.360000000000001e-12	3.1956e-07	-3.2038e-07	6.0526e-10	6.654000000000001e-11	1.25e-11	3.1962e-07	-3.2026e-07	2.8692000000000003e-10	3.8486000000000005e-10	1.876e-11	3.1958e-07	-3.202e-07	-9.4896e-10	1.6183e-09	-3.0060000000000004e-11	3.1946e-07	-3.2014e-07	-5.2536e-09	5.9197e-09	1.314e-11	3.1956e-07	-3.202e-07
0.29	9.0666e-10	-1.836e-10	-9.4e-13	3.1966e-07	-3.204e-07	7.9458e-10	-3.5410000000000004e-11	1.347e-11	3.1966e-07	-3.2034e-07	7.4402e-10	3.4400000000000007e-12	-1.926e-11	3.1964e-07	-3.2028e-07	6.3627e-10	6.165e-11	-1.203e-11	3.1956e-07	-3.2018e-07	3.2762e-10	3.6323000000000005e-10	7.150000000000001e-12	3.1946e-07	-3.2012e-07	-8.5677e-10	1.5444e-09	2.4500000000000007e-12	3.195e-07	-3.2018e-07	-4.9955999999999996e-09	5.6753e-09	9.86e-12	3.1964e-07	-3.2022e-07
0.295	9.2995e-10	-1.9089000000000003e-10	2.57e-12	3.197e-07	-3.2046e-07	8.207e-10	-4.1680000000000005e-11	1.9700000000000003e-12	3.1966e-07	-3.2042e-07	7.2676e-10	1.69e-12	1.214e-11	3.1962e-07	-3.2024e-07	6.702300000000001e-10	5.944e-11	-1.794e-11	3.1946e-07	-3.202e-07	3.7101000000000005e-10	3.4701e-10	-1.92e-11	3.1954e-07	-3.2012e-07	-7.5832e-10	1.4757e-09	2.524e-11	3.1948e-07	-3.2008e-07	-4.7382e-09	5.4566e-09	-1.373e-11	3.1944e-07	-3.202e-07
0.3	9.5236e-10	-1.9606e-10	-3.63e-12	3.1968e-07	-3.2042e-07	8.4848e-10	-4.426e-11	-1.352e-11	3.196e-07	-3.2038e-07	7.4875e-10	5e-13	1.5940000000000002e-11	3.1954e-07	-3.2032e-07	6.8728e-10	5.2830000000000007e-11	1.5520000000000002e-11	3.1948e-07	-3.2022e-07	4.1086e-10	3.3254e-10	-1.4560000000000003e-11	3.1948e-07	-3.2024e-07	-6.677700000000001e-10	1.403e-09	-8.83e-12	3.1948e-07	-3.2014e-07	-4.4896e-09	5.223e-09	-1.347e-11	3.195e-07	-3.2026e-07
0.305	9.8773e-10	-2.0735e-10	1.12e-12	3.196e-07	-3.2046e-07	8.788600000000001e-10	-4.844e-11	1.104e-11	3.1964e-07	-3.2038e-07	7.7922e-10	-4.73e-12	-1.8100000000000002e-12	3.1956e-07	-3.203e-07	7.180700000000001e-10	4.863e-11	9.53e-12	3.195e-07	-3.2018e-07	4.4624000000000005e-10	3.1747000000000004e-10	7.690000000000001e-12	3.195e-07	-3.2028e-07	-5.7444e-10	1.3363e-09	-2.564e-11	3.1942e-07	-3.2022e-07	-4.257e-09	5.012e-09	1.2870000000000002e-11	3.195e-07	-3.2024e-07
0.31	1.0169e-09	-2.1515000000000003e-10	2.4000000000000004e-13	3.1962e-07	-3.2048e-07	9.0661e-10	-4.7940000000000005e-11	1.017e-11	3.196e-07	-3.2042e-07	8.0177e-10	1.3300000000000002e-12	5.300000000000002e-13	3.195e-07	-3.2036e-07	7.483600000000001e-10	4.5440000000000007e-11	-2.08e-11	3.194e-07	-3.2024e-07	4.8118e-10	3.0443e-10	2.001e-11	3.1948e-07	-3.2028e-07	-4.9397e-10	1.2836e-09	-2.5500000000000002e-12	3.1948e-07	-3.2028e-07	-4.0293e-09	4.8116e-09	9.200000000000001e-13	3.1954e-07	-3.2026e-07
0.315	1.0534e-09	-2.1887e-10	1.4900000000000001e-12	3.196e-07	-3.2046e-07	9.3229e-10	-5.19e-11	-2.2200000000000002e-12	3.196e-07	-3.2042e-07	8.274400000000001e-10	-1.9e-12	1.93e-11	3.196e-07	-3.2038e-07	7.7897e-10	4.175e-11	-5.64e-12	3.195e-07	-3.2032e-07	5.334e-10	2.8792e-10	-6.470000000000001e-12	3.1948e-07	-3.2028e-07	-4.1337e-10	1.2147e-09	1.4920000000000002e-11	3.1944e-07	-3.2022e-07	-3.7956e-09	4.6079e-09	-1.6560000000000002e-11	3.1942e-07	-3.2032e-07
0.32	1.0779e-09	-2.2616e-10	-2.14e-12	3.1972e-07	-3.2046e-07	9.6659e-10	-5.8100000000000005e-11	-1.3700000000000002e-11	3.1952e-07	-3.2046e-07	8.5209e-10	-4.650000000000001e-12	-9.84e-12	3.1958e-07	-3.2036e-07	8.0293e-10	3.683e-11	8.800000000000001e-12	3.195e-07	-3.203e-07	5.6575e-10	2.7445e-10	-2.193e-11	3.195e-07	-3.2028e-07	-3.2227e-10	1.159e-09	-6.170000000000001e-12	3.1948e-07	-3.2024e-07	-3.5875e-09	4.4145e-09	1.191e-11	3.1956e-07	-3.2028e-07
0.325	1.1062e-09	-2.3881000000000003e-10	4e-13	3.1966e-07	-3.2042e-07	9.965e-10	-6.187e-11	-1.015e-11	3.1962e-07	-3.2048e-07	8.8581e-10	-3.87e-12	-6.36e-12	3.1952e-07	-3.2044e-07	8.3311e-10	3.434e-11	-1.093e-11	3.1942e-07	-3.203e-07	6.001e-10	2.6144000000000003e-10	1.1600000000000001e-12	3.195e-07	-3.2032e-07	-2.4652000000000004e-10	1.1044e-09	-2.300000000000001e-13	3.1956e-07	-3.2038e-07	-3.3774e-09	4.2337e-09	-1e-13	3.1946e-07	-3.2028e-07
0.33	1.1402e-09	-2.3911e-10	2.1000000000000001e-13	3.1966e-07	-3.2052e-07	1.0293e-09	-6.199000000000001e-11	1.752e-11	3.196e-07	-3.2056e-07	9.0391e-10	-1.41e-12	1.462e-11	3.196e-07	-3.2046e-07	8.6847e-10	3.1340000000000005e-11	-8.480000000000001e-12	3.1948e-07	-3.2038e-07	6.3569e-10	2.5048e-10	1.5870000000000002e-11	3.1954e-07	-3.2032e-07	-1.7697e-10	1.0516e-09	2.1350000000000003e-11	3.1952e-07	-3.203e-07	-3.1713e-09	4.0502e-09	-1.826e-11	3.1954e-07	-3.204e-07
0.335	1.1751e-09	-2.5177e-10	6.000000000000002e-13	3.1966e-07	-3.2064e-07	1.0648e-09	-6.638000000000001e-11	1.22e-12	3.1962e-07	-3.2052e-07	9.3553e-10	-4.84e-12	9.85e-12	3.1958e-07	-3.2048e-07	8.9111e-10	2.872e-11	1.877e-11	3.1952e-07	-3.204e-07	6.807400000000001e-10	2.3710000000000004e-10	-6.890000000000001e-12	3.1944e-07	-3.203e-07	-9.108e-11	9.993e-10	-1.418e-11	3.1948e-07	-3.203e-07	-2.9774e-09	3.8842e-09	1.7110000000000003e-11	3.195e-07	-3.2042e-07
0.34	1.2081e-09	-2.596e-10	-1.5200000000000002e-12	3.1962e-07	-3.2062e-07	1.092e-09	-7.165e-11	-1.261e-11	3.1954e-07	-3.2052e-07	9.6532e-10	-8.83e-12	-1.838e-11	3.1956e-07	-3.2056e-07	9.1749e-10	2.562e-11	7.5e-12	3.1948e-07	-3.2036e-07	7.1469e-10	2.2837e-10	9.000000000000001e-13	3.1942e-07	-3.2046e-07	-1.4740000000000002e-11	9.5584e-10	7e-14	3.1946e-07	-3.2042e-07	-2.7906e-09	3.7293e-09	1.325e-11	3.1954e-07	-3.2038e-07
0.345	1.2433e-09	-2.687e-10	1.1100000000000001e-12	3.197e-07	-3.2068e-07	1.1297e-09	-7.552e-11	8.75e-12	3.196e-07	-3.206e-07	9.951e-10	-9.25e-12	-1.3590000000000002e-11	3.1952e-07	-3.2048e-07	9.531e-10	2.2080000000000003e-11	-1.7670000000000002e-11	3.1946e-07	-3.2048e-07	7.493500000000001e-10	2.1527e-10	1.943e-11	3.1954e-07	-3.2048e-07	5.624e-11	9.0729e-10	4.760000000000001e-12	3.195e-07	-3.2036e-07	-2.6026e-09	3.5589e-09	-1.6050000000000002e-11	3.1948e-07	-3.2038e-07
0.35	1.2909e-09	-2.7107000000000003e-10	1.4700000000000002e-12	3.1972e-07	-3.2072e-07	1.1652e-09	-7.681e-11	8.51e-12	3.1968e-07	-3.207e-07	1.0268e-09	-4.290000000000001e-12	-4.450000000000001e-12	3.1954e-07	-3.2054e-07	9.8142e-10	2.338e-11	4.57e-12	3.1948e-07	-3.2046e-07	7.923800000000001e-10	2.01e-10	-1.282e-11	3.1948e-07	-3.2042e-07	1.2786e-10	8.5908e-10	-1.4720000000000002e-11	3.1946e-07	-3.204e-07	-2.4244e-09	3.419e-09	-6.65e-12	3.1954e-07	-3.2046e-07
0.355	1.3107e-09	-2.7909e-10	-1.1600000000000001e-12	3.1978e-07	-3.2072e-07	1.1984e-09	-8.312e-11	-7.72e-12	3.1962e-07	-3.2072e-07	1.0563e-09	-1.01e-11	1.373e-11	3.195e-07	-3.2052e-07	1.0104e-09	1.7650000000000002e-11	-7e-14	3.195e-07	-3.2052e-07	8.4121e-10	1.9386e-10	-1.374e-11	3.1946e-07	-3.205e-07	2.0041e-10	8.277200000000001e-10	-7.43e-12	3.1948e-07	-3.205e-07	-2.2517e-09	3.2718e-09	1.363e-11	3.196e-07	-3.2052e-07
0.36	1.3495e-09	-2.9227e-10	-2.4000000000000004e-13	3.1974e-07	-3.2078e-07	1.2372e-09	-9.025e-11	-1.2260000000000001e-11	3.1954e-07	-3.2072e-07	1.0881e-09	-1.17e-11	-1.342e-11	3.1944e-07	-3.2052e-07	1.0427e-09	1.939e-11	1.639e-11	3.1948e-07	-3.2052e-07	8.746400000000001e-10	1.8474000000000003e-10	1.988e-11	3.196e-07	-3.2056e-07	2.6323000000000003e-10	7.8535e-10	2.5210000000000003e-11	3.1946e-07	-3.2048e-07	-2.0791e-09	3.1296e-09	-1.652e-11	3.1954e-07	-3.2048e-07
0.365	1.3935e-09	-2.9703e-10	1.8200000000000003e-12	3.1974e-07	-3.2082e-07	1.2748e-09	-8.855e-11	1.857e-11	3.197e-07	-3.208e-07	1.1275e-09	-1.026e-11	-1.619e-11	3.1952e-07	-3.2068e-07	1.0762e-09	1.6250000000000002e-11	-4.67e-12	3.1946e-07	-3.205e-07	9.1276e-10	1.7269000000000003e-10	1.744e-11	3.1948e-07	-3.2054e-07	3.3442e-10	7.4123e-10	-3.92e-12	3.1948e-07	-3.2054e-07	-1.9159e-09	2.9978e-09	-4.36e-12	3.1954e-07	-3.2064e-07
0.37	1.4232e-09	-3.0483e-10	7e-14	3.1968e-07	-3.2082e-07	1.3144e-09	-9.534e-11	-1.88e-12	3.196e-07	-3.2076e-07	1.1532e-09	-1.073e-11	1.5470000000000003e-11	3.1956e-07	-3.207e-07	1.1123e-09	1.289e-11	-1.026e-11	3.1944e-07	-3.2066e-07	9.5959e-10	1.6479e-10	-2.5120000000000003e-11	3.1952e-07	-3.2064e-07	4.0544000000000005e-10	7.056800000000001e-10	-2.311e-11	3.1944e-07	-3.206e-07	-1.7635e-09	2.8719e-09	2.69e-11	3.1954e-07	-3.2054e-07
0.375	1.4622e-09	-3.2201e-10	-1.27e-12	3.1968e-07	-3.2082e-07	1.3518e-09	-1.0412e-10	-1.9750000000000003e-11	3.1966e-07	-3.2088e-07	1.1867e-09	-1.6230000000000002e-11	4.900000000000001e-12	3.1954e-07	-3.206e-07	1.1424e-09	1.211e-11	2.033e-11	3.195e-07	-3.206e-07	1.0001e-09	1.562e-10	-4.150000000000001e-12	3.195e-07	-3.2064e-07	4.6395e-10	6.7506e-10	1.4300000000000002e-12	3.1952e-07	-3.2064e-07	-1.598e-09	2.7444e-09	-1.09e-11	3.1948e-07	-3.206e-07
0.38	1.5027e-09	-3.2610000000000004e-10	4.4000000000000004e-13	3.1972e-07	-3.2088e-07	1.3938e-09	-1.0512e-10	1.405e-11	3.1954e-07	-3.2082e-07	1.2225e-09	-1.539e-11	-1.7400000000000003e-11	3.1946e-07	-3.207e-07	1.1802e-09	1.416e-11	-1.3300000000000002e-12	3.1948e-07	-3.206e-07	1.0363e-09	1.4851e-10	2.471e-11	3.1944e-07	-3.206e-07	5.2829e-10	6.3885e-10	1.815e-11	3.1944e-07	-3.2064e-07	-1.46e-09	2.6231999999999998e-09	-1.092e-11	3.1944e-07	-3.2068e-07
0.385	1.55e-09	-3.3382000000000004e-10	1.7700000000000001e-12	3.1972e-07	-3.209e-07	1.4333e-09	-1.0815e-10	6.490000000000001e-12	3.1958e-07	-3.2088e-07	1.2589e-09	-1.4830000000000002e-11	4.7e-13	3.1954e-07	-3.2082e-07	1.2268e-09	9.810000000000001e-12	-1.936e-11	3.1948e-07	-3.2066e-07	1.0843e-09	1.3389000000000002e-10	-8.400000000000001e-13	3.1942e-07	-3.2058e-07	5.900300000000001e-10	6.1391e-10	-7.590000000000001e-12	3.1944e-07	-3.2062e-07	-1.3118e-09	2.5152e-09	1.917e-11	3.1954e-07	-3.2066e-07
0.39	1.5926e-09	-3.461e-10	-6.6e-13	3.1966e-07	-3.2094e-07	1.4685e-09	-1.1929e-10	-9.52e-12	3.1954e-07	-3.2094e-07	1.2937e-09	-2.118e-11	1.1250000000000002e-11	3.1956e-07	-3.2076e-07	1.2392e-09	7.39e-12	1.01e-11	3.1952e-07	-3.2074e-07	1.1287e-09	1.2605000000000002e-10	-1.954e-11	3.1948e-07	-3.2074e-07	6.606500000000001e-10	5.8062e-10	-4.190000000000001e-12	3.195e-07	-3.2072e-07	-1.1646e-09	2.4e-09	3.2700000000000004e-12	3.1954e-07	-3.2066e-07
0.395	1.6317e-09	-3.5202000000000004e-10	-1.09e-12	3.1972e-07	-3.2088e-07	1.5127e-09	-1.206e-10	-2.0500000000000004e-12	3.196e-07	-3.2096e-07	1.3296e-09	-1.7780000000000002e-11	-2.036e-11	3.196e-07	-3.2092e-07	1.2906e-09	1.2060000000000002e-11	1.117e-11	3.1954e-07	-3.2074e-07	1.1658e-09	1.2138e-10	8.200000000000001e-12	3.195e-07	-3.2076e-07	7.132100000000001e-10	5.5866e-10	9.13e-12	3.1952e-07	-3.2074e-07	-1.0195e-09	2.2983e-09	-1.218e-11	3.1954e-07	-3.2074e-07
0.4	1.6801e-09	-3.6599000000000005e-10	2e-12	3.1968e-07	-3.21e-07	1.5498e-09	-1.2586000000000002e-10	1.384e-11	3.1954e-07	-3.2094e-07	1.372e-09	-2.185e-11	-6.55e-12	3.1958e-07	-3.2094e-07	1.3251e-09	7.39e-12	-1.374e-11	3.1954e-07	-3.209e-07	1.2053e-09	1.083e-10	6.96e-12	3.1954e-07	-3.2072e-07	7.8812e-10	5.2272e-10	-8.200000000000001e-12	3.1948e-07	-3.2068e-07	-8.920700000000001e-10	2.1944e-09	1.961e-11	3.1954e-07	-3.2074e-07
0.405	1.7276e-09	-3.7206e-10	-1.0500000000000002e-12	3.1978e-07	-3.2106e-07	1.5749e-09	-1.3267000000000002e-10	-2.4800000000000003e-12	3.196e-07	-3.21e-07	1.4173e-09	-2.216e-11	1.7000000000000003e-11	3.1966e-07	-3.2102e-07	1.3585e-09	3.87e-12	-8.710000000000001e-12	3.1954e-07	-3.209e-07	1.254e-09	1.0391e-10	-1.2370000000000002e-11	3.1942e-07	-3.2078e-07	8.456300000000001e-10	5.000300000000001e-10	-1.824e-11	3.1942e-07	-3.2076e-07	-7.603400000000001e-10	2.0984e-09	-6.35e-12	3.1944e-07	-3.2072e-07
0.41	1.7828e-09	-3.8866e-10	2.300000000000001e-13	3.1968e-07	-3.2106e-07	1.6246e-09	-1.3931e-10	-2.531e-11	3.1956e-07	-3.2112e-07	1.4529e-09	-2.7910000000000004e-11	-5.2600000000000014e-12	3.196e-07	-3.2096e-07	1.3994e-09	9.68e-12	1.231e-11	3.1956e-07	-3.2094e-07	1.3046e-09	9.933e-11	3.7e-12	3.1948e-07	-3.2084e-07	8.9919e-10	4.827800000000001e-10	1.173e-11	3.1944e-07	-3.2088e-07	-6.1676e-10	2.0025e-09	-1.6800000000000003e-11	3.1942e-07	-3.2078e-07
0.415	1.8165e-09	-3.9683e-10	1.2900000000000002e-12	3.1972e-07	-3.211e-07	1.6625e-09	-1.4211e-10	1.982e-11	3.1958e-07	-3.211e-07	1.4897e-09	-2.5830000000000003e-11	-1.425e-11	3.1968e-07	-3.2114e-07	1.441e-09	6.8200000000000004e-12	-1.2270000000000002e-11	3.195e-07	-3.2096e-07	1.3389e-09	8.448e-11	9.41e-12	3.1952e-07	-3.2084e-07	9.6474e-10	4.5479e-10	2.522e-11	3.1948e-07	-3.2084e-07	-4.9632e-10	1.9143e-09	1.529e-11	3.1942e-07	-3.2082e-07
0.42	1.8742e-09	-4.0332e-10	-1.5000000000000004e-13	3.1974e-07	-3.2118e-07	1.7054e-09	-1.4834e-10	9.810000000000001e-12	3.1968e-07	-3.2114e-07	1.5277e-09	-2.693e-11	1.5010000000000002e-11	3.1966e-07	-3.2112e-07	1.4935e-09	2.1700000000000002e-12	-1.344e-11	3.1948e-07	-3.2102e-07	1.3907e-09	8.137000000000001e-11	-2.082e-11	3.1946e-07	-3.2082e-07	1.0149e-09	4.3392e-10	8.35e-12	3.1962e-07	-3.2094e-07	-3.788e-10	1.8291e-09	-6.700000000000002e-13	3.1948e-07	-3.2082e-07
0.425	1.903e-09	-4.2268e-10	-2e-12	3.1972e-07	-3.212e-07	1.7543e-09	-1.5538e-10	-1.804e-11	3.1966e-07	-3.2124e-07	1.5593e-09	-2.8450000000000003e-11	1.549e-11	3.1966e-07	-3.211e-07	1.522e-09	4.910000000000001e-12	1.613e-11	3.1956e-07	-3.211e-07	1.4397e-09	7.782000000000001e-11	-6.05e-12	3.1942e-07	-3.2094e-07	1.0742e-09	4.1615000000000006e-10	-4.950000000000001e-12	3.1942e-07	-3.2084e-07	-2.4169e-10	1.7461e-09	-1.969e-11	3.1946e-07	-3.2092e-07
0.43	1.9687e-09	-4.3064e-10	-1.1000000000000001e-13	3.1966e-07	-3.2124e-07	1.8086e-09	-1.6065e-10	4.6400000000000004e-12	3.1964e-07	-3.213e-07	1.6244e-09	-4.0040000000000005e-11	1.83e-12	3.1964e-07	-3.2108e-07	1.5599e-09	2.47e-12	-5.7e-13	3.195e-07	-3.2108e-07	1.4789e-09	7.122e-11	2.2590000000000003e-11	3.1946e-07	-3.2102e-07	1.1438e-09	4.0009e-10	-7.42e-12	3.1944e-07	-3.2102e-07	-1.3731000000000001e-10	1.6673e-09	2.21e-12	3.195e-07	-3.21e-07
0.435	2.009e-09	-4.4383000000000006e-10	1.98e-12	3.1972e-07	-3.2122e-07	1.8513e-09	-1.6444e-10	1.246e-11	3.1958e-07	-3.2142e-07	1.6746e-09	-3.621e-11	9.88e-12	3.1954e-07	-3.2116e-07	1.6071e-09	1.93e-12	-1.285e-11	3.1962e-07	-3.2116e-07	1.527e-09	6.277000000000001e-11	3.1100000000000007e-12	3.1946e-07	-3.2104e-07	1.1994e-09	3.7755e-10	9.78e-12	3.1948e-07	-3.211e-07	-1.971e-11	1.5881e-09	7.560000000000003e-12	3.194e-07	-3.2096e-07
0.44	2.0544e-09	-4.5268e-10	-1.86e-12	3.1972e-07	-3.2132e-07	1.8992e-09	-1.7178000000000003e-10	-4.700000000000001e-12	3.1966e-07	-3.2126e-07	1.7049e-09	-3.173e-11	5.34e-12	3.1962e-07	-3.2128e-07	1.6523e-09	2.9900000000000004e-12	5.59e-12	3.1958e-07	-3.2114e-07	1.5657e-09	6.201e-11	-2.134e-11	3.1956e-07	-3.2108e-07	1.2546e-09	3.54e-10	-2.9400000000000004e-12	3.1946e-07	-3.209e-07	9.869e-11	1.5147e-09	-1.896e-11	3.1938e-07	-3.2096e-07
0.445	2.108e-09	-4.7539e-10	5.800000000000002e-13	3.1974e-07	-3.213e-07	1.9493e-09	-1.8087e-10	-2.5720000000000003e-11	3.196e-07	-3.2142e-07	1.7497e-09	-4.384e-11	-4.67e-12	3.1956e-07	-3.2126e-07	1.6948e-09	-6.400000000000001e-13	1.768e-11	3.1954e-07	-3.2116e-07	1.6198e-09	5.2860000000000005e-11	4.74e-12	3.1954e-07	-3.2108e-07	1.3109e-09	3.4425000000000003e-10	-2.36e-11	3.1942e-07	-3.2108e-07	2.0626e-10	1.4447e-09	-2.62e-12	3.1942e-07	-3.2106e-07
0.45	2.1568e-09	-4.756200000000001e-10	-9.200000000000001e-13	3.197e-07	-3.2136e-07	1.9929e-09	-1.8351e-10	2.4120000000000003e-11	3.1962e-07	-3.2148e-07	1.8026e-09	-4.2920000000000005e-11	-1.8730000000000003e-11	3.1962e-07	-3.2138e-07	1.7477e-09	3.900000000000001e-13	-1.255e-11	3.1944e-07	-3.2114e-07	1.6638e-09	5.1040000000000005e-11	4.910000000000001e-12	3.195e-07	-3.2118e-07	1.3726e-09	3.3273000000000005e-10	1.752e-11	3.1952e-07	-3.2116e-07	3.1137000000000003e-10	1.3779e-09	2.016e-11	3.1942e-07	-3.2106e-07
0.455	2.2327e-09	-4.9718e-10	2.1000000000000003e-12	3.1976e-07	-3.2144e-07	2.0452e-09	-1.9033e-10	5.100000000000001e-12	3.196e-07	-3.2142e-07	1.8504e-09	-4.127e-11	-1.127e-11	3.196e-07	-3.2132e-07	1.7827e-09	2.3000000000000003e-12	-2.7600000000000004e-12	3.1948e-07	-3.2124e-07	1.7126e-09	4.779e-11	-1.56e-11	3.195e-07	-3.2128e-07	1.4309e-09	3.1087000000000003e-10	2.935e-11	3.1948e-07	-3.2116e-07	4.1304000000000005e-10	1.3125e-09	-1.666e-11	3.1948e-07	-3.212e-07
0.46	2.2946e-09	-5.0887e-10	-3.15e-12	3.1978e-07	-3.2148e-07	2.0958e-09	-1.9843e-10	-2.456e-11	3.1958e-07	-3.215e-07	1.8923999999999998e-09	-5.3120000000000006e-11	-4.68e-12	3.196e-07	-3.2144e-07	1.8335e-09	-3.77e-12	1.795e-11	3.1952e-07	-3.2126e-07	1.7632e-09	4.294e-11	6.4e-12	3.1954e-07	-3.2134e-07	1.4926e-09	2.9937e-10	-9.04e-12	3.1948e-07	-3.2124e-07	5.3545e-10	1.2537e-09	-4e-12	3.1954e-07	-3.2136e-07
0.465	2.3441e-09	-5.2209e-10	2.3300000000000004e-12	3.1974e-07	-3.2154e-07	2.1464e-09	-2.0382000000000003e-10	9.910000000000001e-12	3.1952e-07	-3.215e-07	1.9397e-09	-5.124e-11	-5.9200000000000014e-12	3.1968e-07	-3.2144e-07	1.8806e-09	-2.49e-12	-8.500000000000001e-12	3.194e-07	-3.213e-07	1.8175e-09	3.8150000000000005e-11	9.11e-12	3.1956e-07	-3.2142e-07	1.5548e-09	2.8318e-10	-1.639e-11	3.194e-07	-3.2124e-07	6.4097e-10	1.1934e-09	1.795e-11	3.1956e-07	-3.2134e-07
0.47	2.3971e-09	-5.3593e-10	-7.100000000000001e-13	3.1974e-07	-3.2166e-07	2.1946e-09	-2.0869e-10	1.562e-11	3.1962e-07	-3.2152e-07	2.0211e-09	-4.8970000000000006e-11	8.95e-12	3.1954e-07	-3.2154e-07	1.9274e-09	-1.08e-12	-1.4400000000000002e-11	3.1954e-07	-3.2144e-07	1.8652e-09	3.173e-11	-1.081e-11	3.1956e-07	-3.214e-07	1.5952e-09	2.7292e-10	1.041e-11	3.1946e-07	-3.2128e-07	7.2951e-10	1.1369e-09	-2.5600000000000004e-12	3.1954e-07	-3.2136e-07
0.475	2.4561e-09	-5.4961e-10	-1.96e-12	3.1968e-07	-3.2156e-07	2.2774e-09	-2.1815e-10	-5.75e-12	3.1958e-07	-3.216e-07	2.0504e-09	-6.33e-11	7.55e-12	3.1966e-07	-3.215e-07	1.9651e-09	-3.95e-12	1.493e-11	3.1952e-07	-3.2144e-07	1.9257e-09	3.5270000000000005e-11	-1.296e-11	3.195e-07	-3.2146e-07	1.6706e-09	2.561e-10	-1.4400000000000001e-12	3.1946e-07	-3.2134e-07	8.3849e-10	1.0817e-09	-1.6560000000000002e-11	3.1952e-07	-3.2144e-07
0.48	2.5148e-09	-5.706500000000001e-10	1.12e-12	3.197e-07	-3.2166e-07	2.3028e-09	-2.2583e-10	-1.6800000000000003e-11	3.1956e-07	-3.2162e-07	2.0931e-09	-6.277000000000001e-11	-7.17e-12	3.196e-07	-3.2162e-07	2.0162e-09	-6.930000000000001e-12	1.004e-11	3.195e-07	-3.2152e-07	1.9619e-09	3.121e-11	1.827e-11	3.1948e-07	-3.2146e-07	1.7354e-09	2.5210000000000004e-10	-5.960000000000001e-12	3.1944e-07	-3.215e-07	9.2608e-10	1.0342e-09	6.66e-12	3.1956e-07	-3.215e-07
0.485	2.5721e-09	-5.7463e-10	1.0000000000000002e-14	3.1962e-07	-3.216e-07	2.3912e-09	-2.2787e-10	2.114e-11	3.1962e-07	-3.2172e-07	2.1534e-09	-6.234e-11	-1.2770000000000002e-11	3.1956e-07	-3.2166e-07	2.092e-09	-2.23e-12	-1.8950000000000003e-11	3.195e-07	-3.2152e-07	2.0248e-09	2.298e-11	9.54e-12	3.1958e-07	-3.216e-07	1.7889e-09	2.3308000000000004e-10	2.03e-11	3.1948e-07	-3.2154e-07	1.02938e-09	9.8012e-10	-1.276e-11	3.1948e-07	-3.2148e-07
0.49	2.6652e-09	-5.994900000000001e-10	2.74e-12	3.196e-07	-3.2162e-07	2.4231e-09	-2.4081e-10	7.31e-12	3.1958e-07	-3.2172e-07	2.215e-09	-7.041e-11	2.236e-11	3.196e-07	-3.2166e-07	2.123e-09	-5.770000000000001e-12	3.4400000000000007e-12	3.1958e-07	-3.2162e-07	2.0625e-09	2.224e-11	-2.3990000000000003e-11	3.1954e-07	-3.2158e-07	1.8414999999999999e-09	2.2056e-10	2.0500000000000004e-12	3.1948e-07	-3.2148e-07	1.1235e-09	9.319e-10	-3.5200000000000003e-12	3.194e-07	-3.2142e-07
0.495	2.7123e-09	-6.0544e-10	-4.190000000000001e-12	3.1962e-07	-3.2168e-07	2.4718e-09	-2.4765e-10	-2.861e-11	3.1956e-07	-3.218e-07	2.2547e-09	-6.875000000000001e-11	2.3010000000000003e-11	3.1962e-07	-3.218e-07	2.1703e-09	-8.200000000000001e-12	1.7450000000000002e-11	3.1956e-07	-3.2166e-07	2.1347e-09	2.782e-11	1.32e-12	3.1956e-07	-3.2174e-07	1.9427e-09	2.109e-10	-2.22e-11	3.1946e-07	-3.2152e-07	1.2331e-09	8.9225e-10	-1.101e-11	3.1948e-07	-3.2152e-07
0.5	2.7633e-09	-6.217900000000001e-10	2.69e-12	3.1968e-07	-3.2178e-07	2.5173e-09	-2.4955000000000003e-10	1.826e-11	3.196e-07	-3.2178e-07	2.3446e-09	-7.569000000000001e-11	-1.037e-11	3.1948e-07	-3.2168e-07	2.2482e-09	-7.92e-12	-1.437e-11	3.1952e-07	-3.217e-07	2.1773e-09	1.63e-11	1.522e-11	3.1956e-07	-3.2166e-07	1.986e-09	2.0094e-10	3.600000000000001e-13	3.1944e-07	-3.2168e-07	1.3264e-09	8.49e-10	1.86e-11	3.195e-07	-3.2158e-07
0.505	2.8131e-09	-6.4285e-10	-9e-14	3.1964e-07	-3.2176e-07	2.5762e-09	-2.577e-10	1.497e-11	3.1952e-07	-3.2182e-07	2.4136e-09	-8.144e-11	-1.845e-11	3.1954e-07	-3.2184e-07	2.3017e-09	-6.6800000000000014e-12	-7.21e-12	3.1944e-07	-3.2178e-07	2.2501e-09	1.918e-11	-8.76e-12	3.1952e-07	-3.2174e-07	2.0265e-09	1.8991e-10	2.927e-11	3.1942e-07	-3.2164e-07	1.4157e-09	8.0184e-10	3.07e-12	3.1946e-07	-3.2164e-07
0.51	2.9239e-09	-6.640600000000001e-10	-1.5300000000000001e-12	3.196e-07	-3.2186e-07	2.6487e-09	-2.6939000000000004e-10	-1.081e-11	3.1948e-07	-3.2182e-07	2.441e-09	-8.241e-11	1.418e-11	3.1956e-07	-3.2186e-07	2.3448e-09	-1.1960000000000002e-11	1.679e-11	3.195e-07	-3.218e-07	2.3138e-09	1.8440000000000003e-11	-6.430000000000001e-12	3.1954e-07	-3.2188e-07	2.1075e-09	1.7604000000000002e-10	4.89e-12	3.195e-07	-3.2166e-07	1.5215e-09	7.6861e-10	-2.6140000000000003e-11	3.1942e-07	-3.2172e-07
0.515	2.9651e-09	-6.803e-10	1.31e-12	3.1956e-07	-3.2186e-07	2.7214e-09	-2.7493e-10	-7.51e-12	3.1954e-07	-3.2192e-07	2.5165e-09	-8.132000000000001e-11	6.950000000000001e-12	3.195e-07	-3.2186e-07	2.3958e-09	-1.195e-11	-3.790000000000001e-12	3.1948e-07	-3.2184e-07	2.3443e-09	1.71e-11	1.083e-11	3.1948e-07	-3.218e-07	2.1682e-09	1.7349e-10	-2.284e-11	3.1948e-07	-3.2174e-07	1.5966e-09	7.3514e-10	5.19e-12	3.1938e-07	-3.2178e-07
0.52	3.0795e-09	-6.9622e-10	7e-14	3.1964e-07	-3.2196e-07	2.8085e-09	-2.8630000000000003e-10	2.457e-11	3.1956e-07	-3.2214e-07	2.549e-09	-7.858e-11	3.82e-12	3.1946e-07	-3.2194e-07	2.4754e-09	-9.83e-12	-1.8220000000000003e-11	3.1948e-07	-3.219e-07	2.4081e-09	1.312e-11	-7.560000000000003e-12	3.195e-07	-3.219e-07	2.2412e-09	1.598e-10	1.7e-13	3.1954e-07	-3.2186e-07	1.6855e-09	6.9438e-10	1.648e-11	3.1946e-07	-3.2174e-07
0.525	3.1288e-09	-7.1328e-10	4.7e-13	3.1966e-07	-3.2208e-07	2.8285e-09	-2.9529e-10	-7.5e-13	3.196e-07	-3.221e-07	2.6309e-09	-1.0316e-10	-2.6000000000000002e-12	3.1954e-07	-3.2204e-07	2.5398e-09	-1.29e-11	1.452e-11	3.1956e-07	-3.2204e-07	2.4517e-09	1.428e-11	-1.2780000000000002e-11	3.195e-07	-3.22e-07	2.3106e-09	1.4789000000000002e-10	7.92e-12	3.1948e-07	-3.2186e-07	1.7717e-09	6.596000000000001e-10	-8.580000000000001e-12	3.194e-07	-3.2186e-07
0.53	3.2163e-09	-7.3564e-10	-1.7100000000000002e-12	3.1962e-07	-3.2208e-07	2.9436e-09	-3.0595e-10	-2.7560000000000003e-11	3.1956e-07	-3.2216e-07	2.6758e-09	-9.932e-11	-1.059e-11	3.1954e-07	-3.2202e-07	2.5894e-09	-1.611e-11	1.1150000000000002e-11	3.1948e-07	-3.2198e-07	2.519e-09	1.124e-11	1.805e-11	3.196e-07	-3.2202e-07	2.3768e-09	1.4271000000000002e-10	-1.4870000000000003e-11	3.1944e-07	-3.2192e-07	1.8748e-09	6.351800000000001e-10	-1.391e-11	3.1948e-07	-3.2196e-07
0.535	3.2983e-09	-7.5395e-10	4.190000000000001e-12	3.1962e-07	-3.2216e-07	2.9523e-09	-3.1231000000000003e-10	2.4740000000000003e-11	3.195e-07	-3.2212e-07	2.7661e-09	-1.0314e-10	-5.200000000000001e-12	3.1956e-07	-3.2216e-07	2.6462e-09	-1.522e-11	-1.622e-11	3.1948e-07	-3.2212e-07	2.6007e-09	1.049e-11	6.91e-12	3.195e-07	-3.2206e-07	2.4375e-09	1.321e-10	1.36e-12	3.1944e-07	-3.2196e-07	1.9509e-09	6.005900000000001e-10	1.262e-11	3.1942e-07	-3.2196e-07
0.54	3.3401e-09	-7.6331e-10	-1.69e-12	3.1964e-07	-3.222e-07	3.0393e-09	-3.2223000000000003e-10	4.89e-12	3.195e-07	-3.222e-07	2.834e-09	-1.1104e-10	6.096e-11	3.1948e-07	-3.2222e-07	2.7033e-09	-1.4390000000000001e-11	-3.92e-12	3.1952e-07	-3.2214e-07	2.6635e-09	9.34e-12	-2.034e-11	3.1948e-07	-3.2216e-07	2.4938e-09	1.228e-10	1.757e-11	3.1942e-07	-3.2206e-07	2.0277e-09	5.7005e-10	-5.75e-12	3.195e-07	-3.2202e-07
0.545	3.4793e-09	-7.9862e-10	-6.1e-13	3.1958e-07	-3.223e-07	3.1392e-09	-3.3412000000000003e-10	-1.735e-11	3.1948e-07	-3.2226e-07	2.8891e-09	-1.0482e-10	4.5510000000000006e-11	3.1946e-07	-3.2224e-07	2.7566e-09	-2.3210000000000003e-11	1.655e-11	3.1954e-07	-3.2216e-07	2.7248e-09	7.73e-12	4.23e-12	3.1948e-07	-3.2226e-07	2.5677e-09	1.1491e-10	-1.894e-11	3.1946e-07	-3.2214e-07	2.1328e-09	5.4939e-10	-6.36e-12	3.1956e-07	-3.2216e-07
0.55	3.4896e-09	-8.0726e-10	-6.000000000000001e-14	3.1968e-07	-3.223e-07	3.2434e-09	-3.4219000000000004e-10	5.980000000000001e-12	3.195e-07	-3.2244e-07	2.9508e-09	-1.2053000000000002e-10	3.0600000000000007e-12	3.1952e-07	-3.223e-07	2.828e-09	-1.987e-11	-1.096e-11	3.1944e-07	-3.2226e-07	2.773e-09	8.400000000000001e-12	1.5960000000000002e-11	3.1948e-07	-3.2218e-07	2.6239e-09	1.0846e-10	-1.151e-11	3.1942e-07	-3.2216e-07	2.1921e-09	5.2272e-10	2.305e-11	3.1952e-07	-3.2224e-07
0.555	3.628e-09	-8.3072e-10	1.85e-12	3.1964e-07	-3.2236e-07	3.2895e-09	-3.5136e-10	2.2990000000000003e-11	3.1952e-07	-3.2244e-07	3.0083e-09	-1.2506e-10	-1.466e-11	3.195e-07	-3.2238e-07	2.8776e-09	-2.1170000000000003e-11	-4.68e-12	3.195e-07	-3.2232e-07	2.8419e-09	4.93e-12	-1.075e-11	3.195e-07	-3.2226e-07	2.7154e-09	9.816e-11	1.118e-11	3.195e-07	-3.2226e-07	2.2924e-09	4.8996e-10	9.78e-12	3.196e-07	-3.2238e-07
0.56	3.653e-09	-8.5235e-10	-5.500000000000001e-13	3.1962e-07	-3.2238e-07	3.3335e-09	-3.6436e-10	-5.9e-12	3.1954e-07	-3.2244e-07	3.0765e-09	-1.2728e-10	-6.740000000000001e-12	3.196e-07	-3.2252e-07	2.9603e-09	-2.214e-11	2.138e-11	3.1958e-07	-3.2244e-07	2.9107e-09	6.7300000000000014e-12	-8.080000000000003e-12	3.1948e-07	-3.2236e-07	2.7784e-09	9.239e-11	-7.65e-12	3.1944e-07	-3.2224e-07	2.3875e-09	4.7698e-10	-2.307e-11	3.1954e-07	-3.2232e-07
0.565	3.7375e-09	-8.7079e-10	4.1e-13	3.1958e-07	-3.224e-07	3.4199e-09	-3.7449e-10	-2.164e-11	3.195e-07	-3.226e-07	3.1744e-09	-1.3322e-10	3.95e-12	3.1952e-07	-3.2264e-07	3.0503e-09	-2.866e-11	5.55e-12	3.1946e-07	-3.225e-07	2.9817e-09	7.590000000000001e-12	2.121e-11	3.1946e-07	-3.2234e-07	2.866e-09	8.515000000000001e-11	-1.7690000000000002e-11	3.1944e-07	-3.2238e-07	2.4684e-09	4.5162e-10	-1.9900000000000002e-12	3.1956e-07	-3.2248e-07
0.57	3.8434e-09	-8.9327e-10	1.22e-12	3.1968e-07	-3.2258e-07	3.5046e-09	-3.8188e-10	2.369e-11	3.1952e-07	-3.2268e-07	3.2233e-09	-1.3841000000000002e-10	4.62e-12	3.196e-07	-3.2272e-07	3.1024e-09	-2.722e-11	-1.7930000000000003e-11	3.195e-07	-3.2256e-07	3.0391e-09	4.06e-12	-5.980000000000001e-12	3.1948e-07	-3.225e-07	2.9108e-09	8.346e-11	1.8700000000000003e-12	3.1948e-07	-3.225e-07	2.5571e-09	4.2742e-10	1.943e-11	3.1948e-07	-3.2248e-07
0.575	3.9596e-09	-9.1334e-10	-8.7e-13	3.1958e-07	-3.2266e-07	3.5571e-09	-3.9561e-10	7.41e-12	3.1956e-07	-3.227e-07	3.3042e-09	-1.4147e-10	1.5720000000000002e-11	3.195e-07	-3.2268e-07	3.1559e-09	-2.793e-11	7.25e-12	3.1956e-07	-3.2266e-07	3.1133e-09	1.31e-12	-2.07e-11	3.1954e-07	-3.226e-07	2.9914e-09	7.113e-11	7.01e-12	3.1948e-07	-3.2248e-07	2.6679e-09	4.1036e-10	-1.91e-12	3.195e-07	-3.2256e-07
0.58	4.073e-09	-9.3838e-10	-1.0000000000000002e-14	3.1962e-07	-3.2272e-07	3.6542e-09	-4.0864000000000005e-10	-2.6940000000000003e-11	3.1954e-07	-3.2274e-07	3.3411e-09	-1.5171e-10	2.64e-12	3.196e-07	-3.2274e-07	3.2575e-09	-3.3380000000000005e-11	1.7250000000000002e-11	3.1954e-07	-3.227e-07	3.2007e-09	3.25e-12	9.14e-12	3.1958e-07	-3.2268e-07	3.0377e-09	6.542e-11	-2.6230000000000003e-11	3.1954e-07	-3.2262e-07	2.7255e-09	3.9171e-10	3.3200000000000004e-12	3.1948e-07	-3.2268e-07
0.585	4.1233e-09	-9.5836e-10	-2.300000000000001e-13	3.1964e-07	-3.2272e-07	3.7692e-09	-4.1946e-10	3.840000000000001e-12	3.1954e-07	-3.2292e-07	3.387e-09	-1.5791e-10	-2.619e-11	3.1958e-07	-3.228e-07	3.3376e-09	-3.4840000000000006e-11	-1.2060000000000002e-11	3.1942e-07	-3.2278e-07	3.2142e-09	2.8e-12	1.33e-11	3.195e-07	-3.2274e-07	3.136e-09	6.547000000000001e-11	-8.73e-12	3.1954e-07	-3.2278e-07	2.8287e-09	3.7522e-10	1.703e-11	3.1956e-07	-3.228e-07
0.59	4.281e-09	-9.8235e-10	1.09e-12	3.1954e-07	-3.2274e-07	3.8072e-09	-4.2933000000000006e-10	1.671e-11	3.1956e-07	-3.2292e-07	3.5267e-09	-1.5627000000000002e-10	-1.325e-11	3.1962e-07	-3.2288e-07	3.4238e-09	-3.4620000000000006e-11	-1.3500000000000001e-12	3.195e-07	-3.229e-07	3.3649e-09	-3.900000000000001e-13	-1.331e-11	3.195e-07	-3.2274e-07	3.201e-09	5.879000000000001e-11	1.939e-11	3.195e-07	-3.2274e-07	2.8797e-09	3.5084e-10	-9.87e-12	3.1954e-07	-3.2272e-07
0.595	4.3011e-09	-1.0035e-09	-3.15e-12	3.1962e-07	-3.2284e-07	3.8719e-09	-4.4628e-10	-7.61e-12	3.1954e-07	-3.2292e-07	3.573e-09	-1.6356e-10	1.581e-11	3.196e-07	-3.2302e-07	3.4618e-09	-3.8950000000000005e-11	1.577e-11	3.1956e-07	-3.2288e-07	3.4114e-09	1.4e-12	3.9e-12	3.1954e-07	-3.2292e-07	3.341e-09	5.088e-11	-4.610000000000001e-12	3.1948e-07	-3.2284e-07	2.9809e-09	3.4217e-10	-1.3280000000000002e-11	3.1954e-07	-3.228e-07
0.6	4.3907e-09	-1.03319e-09	1.5400000000000001e-12	3.1956e-07	-3.2296e-07	3.977e-09	-4.5604000000000006e-10	-2.5850000000000003e-11	3.195e-07	-3.23e-07	3.6357e-09	-1.7381000000000002e-10	9.700000000000001e-13	3.1964e-07	-3.23e-07	3.5696e-09	-4.499e-11	-8.44e-12	3.1948e-07	-3.2296e-07	3.4453e-09	2.4800000000000003e-12	1.7250000000000002e-11	3.1956e-07	-3.2294e-07	3.395e-09	5.074e-11	-1.668e-11	3.195e-07	-3.2294e-07	3.0793e-09	3.2511000000000003e-10	2.2410000000000003e-11	3.1946e-07	-3.2284e-07
0.605	4.5186e-09	-1.0507e-09	-8.500000000000002e-13	3.1966e-07	-3.23e-07	4.0508e-09	-4.6744e-10	2.864e-11	3.1954e-07	-3.2308e-07	3.6916e-09	-1.7695000000000002e-10	-2.448e-11	3.1956e-07	-3.232e-07	3.6829e-09	-4.119e-11	-1.148e-11	3.195e-07	-3.2316e-07	3.5248e-09	-7.51e-12	-1.486e-11	3.1948e-07	-3.2308e-07	3.4807e-09	4.788000000000001e-11	-5.6e-13	3.1956e-07	-3.2304e-07	3.1561e-09	3.0814000000000003e-10	6e-12	3.1942e-07	-3.2294e-07
0.61	4.6096e-09	-1.07845e-09	-4.4000000000000004e-13	3.196e-07	-3.2304e-07	4.1255e-09	-4.7707e-10	4.760000000000001e-12	3.1966e-07	-3.2318e-07	3.7805e-09	-1.8113000000000002e-10	-9.64e-12	3.196e-07	-3.2306e-07	3.6859e-09	-4.6020000000000006e-11	1.88e-11	3.195e-07	-3.231e-07	3.6242e-09	-7.700000000000001e-13	-1.042e-11	3.1956e-07	-3.231e-07	3.5493e-09	3.922e-11	-3.000000000000001e-13	3.195e-07	-3.2294e-07	3.2584e-09	2.933e-10	-2.175e-11	3.1948e-07	-3.2298e-07
0.615	4.6947e-09	-1.1051e-09	-6.200000000000001e-13	3.196e-07	-3.2316e-07	4.2015e-09	-4.9073e-10	-3.121e-11	3.1962e-07	-3.2334e-07	3.8809e-09	-1.9246000000000003e-10	5.29e-12	3.1954e-07	-3.2324e-07	3.8148e-09	-5.098e-11	6.130000000000001e-12	3.1942e-07	-3.2322e-07	3.6916e-09	1.6600000000000002e-12	2.7180000000000003e-11	3.1946e-07	-3.2314e-07	3.5858e-09	3.738e-11	-1.899e-11	3.195e-07	-3.2314e-07	3.349e-09	2.8164e-10	-5.980000000000001e-12	3.1942e-07	-3.2304e-07
0.62	4.8156e-09	-1.1292e-09	9.600000000000002e-13	3.196e-07	-3.2332e-07	4.3808e-09	-5.100200000000001e-10	1.809e-11	3.1968e-07	-3.2352e-07	3.9455e-09	-1.9427e-10	-1.061e-11	3.1952e-07	-3.2326e-07	3.8726e-09	-5.3410000000000006e-11	-1.937e-11	3.1944e-07	-3.233e-07	3.7639e-09	-3.9300000000000004e-12	7.960000000000001e-12	3.195e-07	-3.2328e-07	3.694e-09	3.787e-11	5.43e-12	3.1952e-07	-3.232e-07	3.4109e-09	2.6513000000000005e-10	1.3590000000000002e-11	3.1942e-07	-3.2306e-07
0.625	4.9401e-09	-1.1547e-09	-3.5700000000000007e-12	3.1962e-07	-3.2342e-07	4.4344e-09	-5.243900000000001e-10	9.94e-12	3.1956e-07	-3.2346e-07	4.0063e-09	-2e-10	2.36e-12	3.1958e-07	-3.2356e-07	3.928e-09	-5.245e-11	3.07e-12	3.1948e-07	-3.234e-07	3.8592e-09	-4.47e-12	-2.0440000000000003e-11	3.195e-07	-3.2334e-07	3.7799e-09	3.106e-11	2.133e-11	3.1952e-07	-3.2326e-07	3.5484e-09	2.5361e-10	-8.21e-12	3.195e-07	-3.2326e-07
0.63	5.0571e-09	-1.1842e-09	3.28e-12	3.1956e-07	-3.235e-07	4.4926e-09	-5.3628e-10	-1.61e-11	3.1962e-07	-3.235e-07	4.1063e-09	-2.0956e-10	9.87e-12	3.197e-07	-3.234e-07	4.0732e-09	-6.323000000000001e-11	1.193e-11	3.1946e-07	-3.2348e-07	3.9442e-09	-3.91e-12	-2.28e-12	3.195e-07	-3.2342e-07	3.8726e-09	2.6470000000000003e-11	-1.191e-11	3.195e-07	-3.2332e-07	3.6368e-09	2.4441000000000004e-10	1.17e-12	3.1952e-07	-3.2344e-07
0.635	5.1293e-09	-1.2031e-09	-1.79e-12	3.1958e-07	-3.235e-07	4.6256e-09	-5.5561e-10	-6.6300000000000014e-12	3.1958e-07	-3.2364e-07	4.2445e-09	-2.1677e-10	-1.867e-11	3.1952e-07	-3.2358e-07	4.1743e-09	-6.122000000000001e-11	-1.526e-11	3.1948e-07	-3.2358e-07	4.0511e-09	-3.85e-12	4.5400000000000004e-12	3.195e-07	-3.2344e-07	3.9786e-09	2.846e-11	-5.680000000000001e-12	3.195e-07	-3.2346e-07	3.7297e-09	2.2965000000000003e-10	1.635e-11	3.1948e-07	-3.2344e-07
0.64	5.2091e-09	-1.2366e-09	-7.400000000000001e-13	3.1968e-07	-3.2362e-07	4.688e-09	-5.662600000000001e-10	2.7030000000000003e-11	3.1962e-07	-3.2376e-07	4.3393e-09	-2.2252e-10	-1.6180000000000003e-11	3.1956e-07	-3.2368e-07	4.2185e-09	-6.374e-11	-2.8800000000000002e-12	3.1956e-07	-3.2368e-07	4.1077e-09	-7.080000000000001e-12	-1.263e-11	3.195e-07	-3.2352e-07	4.0529e-09	2.3590000000000003e-11	1.071e-11	3.195e-07	-3.235e-07	3.8124e-09	2.1961e-10	-1.4400000000000002e-11	3.1948e-07	-3.2346e-07
0.645	5.3737e-09	-1.2653e-09	-8.2e-13	3.1956e-07	-3.2368e-07	4.8446e-09	-5.8271e-10	6.000000000000002e-13	3.196e-07	-3.238e-07	4.3709e-09	-2.262e-10	1.5560000000000002e-11	3.1948e-07	-3.2364e-07	4.321e-09	-6.995e-11	1.63e-11	3.1952e-07	-3.2378e-07	4.2144e-09	-5.660000000000001e-12	6.4800000000000015e-12	3.1948e-07	-3.2378e-07	4.1144e-09	1.8420000000000003e-11	2.92e-12	3.1946e-07	-3.2362e-07	3.9288e-09	2.0627000000000003e-10	-2.149e-11	3.1946e-07	-3.2368e-07
0.65	5.5129e-09	-1.2924e-09	-3.800000000000001e-13	3.196e-07	-3.238e-07	4.8732e-09	-6.0405e-10	-2.347e-11	3.1962e-07	-3.2412e-07	4.4902e-09	-2.3986000000000004e-10	1.699e-11	3.1954e-07	-3.237e-07	4.4691e-09	-7.376000000000001e-11	-5.760000000000001e-12	3.1942e-07	-3.238e-07	4.2816e-09	-9.32e-12	2.185e-11	3.1948e-07	-3.2376e-07	4.215e-09	2.304e-11	-1.059e-11	3.1956e-07	-3.2378e-07	4.04e-09	2.0029e-10	8.72e-12	3.1956e-07	-3.2368e-07
0.655	5.5502e-09	-1.3188e-09	1.0100000000000001e-12	3.196e-07	-3.2376e-07	5.0196e-09	-6.1227e-10	1.6e-11	3.1968e-07	-3.2416e-07	4.6085e-09	-2.4417e-10	-1.5050000000000002e-11	3.1954e-07	-3.239e-07	4.4774e-09	-7.427e-11	-1.99e-11	3.1948e-07	-3.2384e-07	4.4004e-09	-7.570000000000003e-12	-2.045e-11	3.1948e-07	-3.238e-07	4.2983e-09	1.6650000000000002e-11	2.09e-11	3.1948e-07	-3.2384e-07	4.1106e-09	1.8749e-10	7.370000000000001e-12	3.195e-07	-3.2376e-07
0.66	5.6967e-09	-1.351e-09	-2.2000000000000003e-12	3.196e-07	-3.239e-07	5.1384e-09	-6.3417e-10	6.890000000000001e-12	3.1964e-07	-3.242e-07	4.7237e-09	-2.5234000000000003e-10	1.8000000000000002e-12	3.1954e-07	-3.2404e-07	4.5317e-09	-7.979e-11	1.4510000000000002e-11	3.1952e-07	-3.2392e-07	4.5558e-09	-1.484e-11	-1.962e-11	3.1948e-07	-3.2392e-07	4.3902e-09	1.595e-11	6.670000000000001e-12	3.1948e-07	-3.238e-07	4.2041e-09	1.7553e-10	-1.9e-11	3.1942e-07	-3.2382e-07
0.665	5.8452e-09	-1.3647e-09	1.9200000000000003e-12	3.1956e-07	-3.2398e-07	5.2433e-09	-6.520300000000001e-10	-1.9970000000000003e-11	3.1962e-07	-3.2412e-07	4.7168e-09	-2.6567e-10	1.624e-11	3.1948e-07	-3.2404e-07	4.7592e-09	-8.336000000000001e-11	9.35e-12	3.1956e-07	-3.2412e-07	4.5574e-09	-5.910000000000001e-12	1.754e-11	3.195e-07	-3.2398e-07	4.5103e-09	1.4830000000000002e-11	-2.0860000000000003e-11	3.1938e-07	-3.2388e-07	4.3531e-09	1.657e-10	-2.3000000000000003e-12	3.1942e-07	-3.2388e-07
0.67	6.0855e-09	-1.4052e-09	-2.5500000000000002e-12	3.1962e-07	-3.241e-07	5.3149e-09	-6.6596e-10	-2.69e-12	3.1956e-07	-3.243e-07	4.9093e-09	-2.6622000000000004e-10	-1.0130000000000001e-11	3.195e-07	-3.2406e-07	4.7867e-09	-8.559000000000001e-11	-1.8330000000000003e-11	3.1948e-07	-3.2416e-07	4.7264e-09	-1.141e-11	1.037e-11	3.1944e-07	-3.2404e-07	4.5889e-09	1.61e-11	6.520000000000001e-12	3.1938e-07	-3.2398e-07	4.3835e-09	1.5476000000000002e-10	1.116e-11	3.1948e-07	-3.239e-07
0.675	6.1627e-09	-1.441e-09	2.29e-12	3.1962e-07	-3.2418e-07	5.4307e-09	-6.848500000000001e-10	1.77e-11	3.1958e-07	-3.243e-07	5.0445e-09	-2.7420000000000005e-10	-7.1400000000000015e-12	3.1952e-07	-3.2424e-07	4.875e-09	-9.024e-11	-1.7700000000000001e-12	3.1954e-07	-3.2438e-07	4.7483e-09	-1.821e-11	-1.223e-11	3.1948e-07	-3.2418e-07	4.6582e-09	1.066e-11	2.307e-11	3.1944e-07	-3.2404e-07	4.4908e-09	1.4459000000000001e-10	-1.642e-11	3.1944e-07	-3.2406e-07
0.68	6.1417e-09	-1.4629e-09	-3.1900000000000003e-12	3.1962e-07	-3.2428e-07	5.6707e-09	-7.049300000000001e-10	-1.03e-11	3.1956e-07	-3.2436e-07	5.0058e-09	-2.8954e-10	6.470000000000001e-12	3.1948e-07	-3.2428e-07	4.9941e-09	-9.29e-11	1.591e-11	3.1948e-07	-3.243e-07	4.8772e-09	-1.122e-11	5.85e-12	3.195e-07	-3.2434e-07	4.7509e-09	1.218e-11	-7.53e-12	3.1944e-07	-3.2422e-07	4.5937999999999996e-09	1.3908e-10	4.74e-12	3.1942e-07	-3.2414e-07
0.685	6.3247e-09	-1.4926e-09	2.59e-12	3.1952e-07	-3.245e-07	5.7108e-09	-7.198e-10	-2.318e-11	3.1958e-07	-3.2452e-07	5.1156e-09	-2.9343000000000004e-10	-6.440000000000001e-12	3.1954e-07	-3.243e-07	5.0572e-09	-1.0087e-10	-1.2070000000000002e-11	3.1952e-07	-3.2438e-07	4.9797e-09	-1.564e-11	1.2160000000000002e-11	3.1944e-07	-3.2434e-07	4.8456e-09	9.67e-12	-1.3690000000000002e-11	3.195e-07	-3.244e-07	4.7256e-09	1.3273000000000002e-10	1.98e-11	3.1944e-07	-3.2422e-07
0.69	6.5093e-09	-1.5279e-09	-1.5800000000000001e-12	3.1958e-07	-3.2454e-07	5.7797e-09	-7.3993e-10	2.056e-11	3.1954e-07	-3.247e-07	5.2957e-09	-3.0456000000000003e-10	-2.285e-11	3.1952e-07	-3.2452e-07	5.1113e-09	-1.0181e-10	-1.23e-11	3.195e-07	-3.2464e-07	5.1243e-09	-2.233e-11	-1.807e-11	3.1946e-07	-3.2452e-07	5.0496e-09	8.93e-12	1.4830000000000002e-11	3.1944e-07	-3.2442e-07	4.8525e-09	1.1657000000000002e-10	-1.5740000000000002e-11	3.1942e-07	-3.243e-07
0.695	6.7034e-09	-1.5666e-09	-1.4700000000000002e-12	3.1952e-07	-3.2462e-07	6.0329e-09	-7.5982e-10	6.15e-12	3.1952e-07	-3.2476e-07	5.2937e-09	-3.1373e-10	8.690000000000003e-12	3.195e-07	-3.2464e-07	5.2271e-09	-1.0502e-10	2.005e-11	3.1948e-07	-3.2464e-07	5.1441e-09	-1.581e-11	-3.5200000000000003e-12	3.1948e-07	-3.2464e-07	5.0433e-09	9.51e-12	4.600000000000002e-13	3.1944e-07	-3.2446e-07	4.9451e-09	1.1057e-10	-3.158e-11	3.1948e-07	-3.2456e-07
0.7	6.759e-09	-1.5983e-09	1.9400000000000002e-12	3.1962e-07	-3.2482e-07	5.9863e-09	-7.7808e-10	-2.507e-11	3.195e-07	-3.247e-07	5.4356e-09	-3.1928e-10	1.795e-11	3.1954e-07	-3.2464e-07	5.3535e-09	-1.1352e-10	3.4400000000000007e-12	3.1944e-07	-3.2458e-07	5.2551e-09	-1.6800000000000003e-11	2.327e-11	3.1948e-07	-3.2466e-07	5.1399e-09	4.52e-12	-1.8730000000000003e-11	3.1944e-07	-3.2462e-07	5.053e-09	1.0688e-10	6.290000000000001e-12	3.1944e-07	-3.2462e-07
0.705	7.0228e-09	-1.629e-09	-2.57e-12	3.1962e-07	-3.2494e-07	6.1633e-09	-7.9054e-10	8.72e-12	3.1954e-07	-3.2492e-07	5.6292e-09	-3.3670000000000004e-10	-3.1700000000000004e-12	3.1952e-07	-3.248e-07	5.4722e-09	-1.1637e-10	-1.976e-11	3.195e-07	-3.2488e-07	5.3863e-09	-2.662e-11	-5.84e-12	3.1948e-07	-3.2488e-07	5.3366e-09	8.12e-12	1.134e-11	3.194e-07	-3.2474e-07	5.1363e-09	9.523e-11	1.238e-11	3.1944e-07	-3.2478e-07
0.71	7.2028e-09	-1.6653e-09	3.3200000000000004e-12	3.196e-07	-3.2498e-07	6.4331e-09	-8.1843e-10	6.470000000000001e-12	3.1956e-07	-3.249e-07	5.7753e-09	-3.4237000000000003e-10	-2.378e-11	3.1958e-07	-3.2482e-07	5.5155e-09	-1.1624e-10	6.230000000000001e-12	3.1952e-07	-3.2492e-07	5.5828e-09	-2.1190000000000003e-11	-2.13e-11	3.1938e-07	-3.2504e-07	5.3874e-09	5.55e-12	1.426e-11	3.1948e-07	-3.2488e-07	5.2775e-09	8.93e-11	-1.0340000000000002e-11	3.1944e-07	-3.2474e-07
0.715	7.2255e-09	-1.699e-09	-2.4300000000000003e-12	3.1958e-07	-3.2506e-07	6.3613e-09	-8.3805e-10	-2.033e-11	3.195e-07	-3.2512e-07	5.7894e-09	-3.5274e-10	-7.130000000000001e-12	3.1956e-07	-3.2494e-07	5.7153e-09	-1.2659e-10	1.436e-11	3.1956e-07	-3.2498e-07	5.7067e-09	-2.564e-11	1.86e-11	3.195e-07	-3.2522e-07	5.5591e-09	2.51e-12	-2.107e-11	3.1956e-07	-3.25e-07	5.3759e-09	8.47e-11	1.508e-11	3.1944e-07	-3.2486e-07
0.72	7.2574e-09	-1.7356e-09	3.2000000000000005e-13	3.196e-07	-3.2506e-07	6.6522e-09	-8.6166e-10	-1.7310000000000003e-11	3.1954e-07	-3.2542e-07	5.8711e-09	-3.6343e-10	2.524e-11	3.1948e-07	-3.2498e-07	5.7584e-09	-1.2854e-10	-1.475e-11	3.1948e-07	-3.2512e-07	5.6994e-09	-2.964e-11	1.6200000000000003e-11	3.195e-07	-3.2512e-07	5.5997e-09	6.270000000000001e-12	-1.332e-11	3.1954e-07	-3.2508e-07	5.518e-09	7.486e-11	4.5900000000000004e-12	3.1944e-07	-3.2494e-07
0.725	7.6055e-09	-1.7642e-09	-1.8900000000000002e-12	3.1962e-07	-3.2528e-07	6.6775e-09	-8.7957e-10	1.8930000000000003e-11	3.1954e-07	-3.2528e-07	6.1164e-09	-3.7144e-10	7.44e-12	3.1958e-07	-3.2512e-07	6.023e-09	-1.3296e-10	-1.122e-11	3.1958e-07	-3.2532e-07	5.8945e-09	-2.978e-11	-1.1e-11	3.1948e-07	-3.2534e-07	5.7237e-09	3.5200000000000003e-12	1.6690000000000003e-11	3.195e-07	-3.2512e-07	5.6454e-09	6.996000000000001e-11	-2.147e-11	3.1942e-07	-3.2518e-07
0.73	7.6739e-09	-1.8077e-09	2.06e-12	3.196e-07	-3.254e-07	6.9344e-09	-9.0054e-10	3.86e-12	3.1952e-07	-3.2554e-07	6.2251e-09	-3.9051e-10	-1.5740000000000002e-11	3.1956e-07	-3.2518e-07	5.9805e-09	-1.3862e-10	2.082e-11	3.195e-07	-3.2536e-07	5.9988e-09	-2.8310000000000004e-11	4.62e-12	3.1948e-07	-3.2526e-07	5.7973e-09	1.3e-13	-5.54e-12	3.1948e-07	-3.2524e-07	5.7125e-09	6.792000000000001e-11	-3.85e-12	3.1952e-07	-3.2526e-07
0.735	7.9721e-09	-1.8401e-09	-3.5e-13	3.1958e-07	-3.2548e-07	6.9006e-09	-9.2875e-10	-1.926e-11	3.1956e-07	-3.2558e-07	6.3684e-09	-3.9764e-10	-1.9200000000000003e-12	3.1954e-07	-3.2554e-07	6.2432e-09	-1.4538000000000002e-10	-1.5600000000000002e-12	3.195e-07	-3.254e-07	6.1229e-09	-3.773e-11	1.5360000000000002e-11	3.1944e-07	-3.2554e-07	5.9618e-09	3.1100000000000007e-12	-1.668e-11	3.195e-07	-3.2556e-07	5.8647e-09	6.09e-11	2.6470000000000003e-11	3.194e-07	-3.2528e-07
0.74	8.1414e-09	-1.8804e-09	-1.8400000000000002e-12	3.1958e-07	-3.257e-07	7.2676e-09	-9.4746e-10	1.504e-11	3.1948e-07	-3.2588e-07	6.3466e-09	-4.0991e-10	1.7600000000000003e-11	3.196e-07	-3.2546e-07	6.298e-09	-1.4820000000000002e-10	-1.5940000000000002e-11	3.195e-07	-3.2552e-07	6.1867e-09	-3.55e-11	-2.091e-11	3.1948e-07	-3.2568e-07	6.0604e-09	2.14e-12	1.4110000000000002e-11	3.1954e-07	-3.2566e-07	5.9876e-09	5.794e-11	-1.347e-11	3.1948e-07	-3.254e-07
0.745	8.1955e-09	-1.9147e-09	3.9900000000000006e-12	3.196e-07	-3.2574e-07	7.0061e-09	-9.7101e-10	-2.3000000000000003e-12	3.1948e-07	-3.2564e-07	6.6012e-09	-4.213e-10	-5.2e-13	3.1954e-07	-3.257e-07	6.3884e-09	-1.5124e-10	1.222e-11	3.1954e-07	-3.2594e-07	6.281e-09	-3.577e-11	-1.006e-11	3.1942e-07	-3.2578e-07	6.2415e-09	-1.5400000000000001e-12	4.88e-12	3.1952e-07	-3.258e-07	6.0845e-09	4.687e-11	-2.181e-11	3.1944e-07	-3.2552e-07
0.75	8.2071e-09	-1.9537e-09	-3.46e-12	3.1966e-07	-3.259e-07	7.1426e-09	-9.912e-10	-2.229e-11	3.195e-07	-3.258e-07	6.743e-09	-4.3533e-10	-1.3780000000000001e-11	3.1956e-07	-3.257e-07	6.6713e-09	-1.6049e-10	6.45e-12	3.195e-07	-3.2582e-07	6.4784e-09	-3.9460000000000005e-11	2.499e-11	3.1954e-07	-3.26e-07	6.3537e-09	1.2000000000000002e-13	-2.3480000000000003e-11	3.1948e-07	-3.2578e-07	6.1634e-09	4.7760000000000005e-11	1.295e-11	3.1948e-07	-3.258e-07
0.755	8.4598e-09	-1.9951e-09	-2e-13	3.196e-07	-3.2614e-07	7.3826e-09	-1.0159200000000001e-09	1.65e-12	3.1954e-07	-3.2584e-07	6.7247e-09	-4.4559e-10	8.96e-12	3.1956e-07	-3.257e-07	6.8684e-09	-1.6379e-10	-2.424e-11	3.1948e-07	-3.2626e-07	6.5322e-09	-4.1060000000000005e-11	3.740000000000001e-12	3.1944e-07	-3.2586e-07	6.4866e-09	-4.1e-13	4.88e-12	3.1956e-07	-3.2602e-07	6.2794e-09	4.433e-11	1.41e-12	3.1944e-07	-3.2574e-07
0.76	8.734e-09	-2.031e-09	-6.1e-13	3.1956e-07	-3.2606e-07	7.4414e-09	-1.0395e-09	1.683e-11	3.1956e-07	-3.2612e-07	6.885e-09	-4.6285000000000006e-10	4.500000000000001e-13	3.1956e-07	-3.261e-07	7.0049e-09	-1.7016e-10	-1.0030000000000001e-11	3.195e-07	-3.2624e-07	6.7067e-09	-4.779e-11	-2.455e-11	3.1942e-07	-3.2614e-07	6.6287e-09	-3.600000000000001e-13	1.952e-11	3.1946e-07	-3.2608e-07	6.388e-09	3.788e-11	-1.0130000000000001e-11	3.1938e-07	-3.2578e-07
0.765	8.814e-09	-2.0724e-09	4.9e-13	3.1956e-07	-3.262e-07	7.6084e-09	-1.06571e-09	-1.498e-11	3.195e-07	-3.2606e-07	7.0922e-09	-4.7507e-10	-1.075e-11	3.1954e-07	-3.262e-07	6.9631e-09	-1.7505e-10	1.768e-11	3.195e-07	-3.2634e-07	6.9004e-09	-4.702e-11	-1.311e-11	3.1944e-07	-3.2636e-07	6.7057e-09	-2.6000000000000002e-12	-1.385e-11	3.1948e-07	-3.2608e-07	6.7909e-09	3.6950000000000006e-11	1.332e-11	3.1948e-07	-3.2636e-07
0.77	9.0249e-09	-2.112e-09	-6.3e-13	3.1962e-07	-3.2664e-07	7.8463e-09	-1.08919e-09	-2.529e-11	3.1952e-07	-3.2634e-07	7.25e-09	-4.8104e-10	5.5e-12	3.1952e-07	-3.2614e-07	7.205e-09	-1.8443e-10	-7.62e-12	3.195e-07	-3.2642e-07	6.9176e-09	-4.688e-11	2.059e-11	3.1952e-07	-3.2624e-07	6.8686e-09	-2.85e-12	-1.651e-11	3.1942e-07	-3.2642e-07	6.9622e-09	3.4400000000000005e-11	1.185e-11	3.1944e-07	-3.2632e-07
0.775	9.2244e-09	-2.1565e-09	1.9000000000000002e-13	3.1958e-07	-3.2654e-07	7.8477e-09	-1.11668e-09	1.325e-11	3.1954e-07	-3.2636e-07	7.3462e-09	-5.020900000000001e-10	1.345e-11	3.1956e-07	-3.2632e-07	7.3964e-09	-1.8759e-10	-9.04e-12	3.1948e-07	-3.2652e-07	7.0958e-09	-5.4790000000000005e-11	-5.39e-12	3.1948e-07	-3.2646e-07	6.9425e-09	-3.2400000000000007e-12	1.4510000000000002e-11	3.1946e-07	-3.2636e-07	7.0512e-09	2.732e-11	-2.9300000000000005e-11	3.1944e-07	-3.2662e-07
0.78	9.4587e-09	-2.1913e-09	3.3200000000000004e-12	3.196e-07	-3.2684e-07	8.091e-09	-1.14138e-09	-3.2000000000000005e-13	3.1956e-07	-3.2638e-07	7.5561e-09	-5.1614e-10	4.350000000000001e-12	3.1956e-07	-3.2658e-07	7.4013e-09	-1.936e-10	1.768e-11	3.1948e-07	-3.268e-07	7.175e-09	-5.5960000000000006e-11	-1.372e-11	3.195e-07	-3.2664e-07	7.0888e-09	-2.5e-13	-5.65e-12	3.1938e-07	-3.2654e-07	7.182e-09	3.038e-11	-1.334e-11	3.1948e-07	-3.2676e-07
0.785	9.5144e-09	-2.2384e-09	-3.780000000000001e-12	3.1956e-07	-3.2676e-07	8.1929e-09	-1.1663e-09	-4.47e-12	3.1958e-07	-3.267e-07	7.54e-09	-5.284400000000001e-10	-1.713e-11	3.1956e-07	-3.265e-07	7.5147e-09	-2.0605000000000003e-10	3.91e-12	3.195e-07	-3.2678e-07	7.325e-09	-5.696e-11	1.029e-11	3.195e-07	-3.269e-07	7.2678e-09	-9.43e-12	-1.6600000000000003e-11	3.1938e-07	-3.2664e-07	7.4124e-09	2.6870000000000003e-11	2.486e-11	3.1948e-07	-3.269e-07
0.79	9.6695e-09	-2.283e-09	1.95e-12	3.1958e-07	-3.269e-07	8.4526e-09	-1.1947e-09	-1.6340000000000002e-11	3.1952e-07	-3.2692e-07	7.6698e-09	-5.4475e-10	1.8100000000000002e-12	3.1954e-07	-3.2674e-07	7.8377e-09	-2.0928000000000003e-10	-1.732e-11	3.1948e-07	-3.2708e-07	7.4572e-09	-6.514000000000001e-11	-6.55e-12	3.1954e-07	-3.2684e-07	7.3049e-09	-1.8200000000000003e-12	1.5050000000000002e-11	3.1944e-07	-3.2686e-07	7.5463e-09	2.089e-11	-3.5400000000000007e-12	3.1942e-07	-3.2704e-07
0.795	9.7629e-09	-2.3208e-09	1.8000000000000004e-13	3.1956e-07	-3.2726e-07	8.6763e-09	-1.2216e-09	1.9860000000000003e-11	3.1954e-07	-3.2678e-07	7.8372e-09	-5.607300000000001e-10	3.0280000000000004e-11	3.1956e-07	-3.2688e-07	7.8838e-09	-2.137e-10	1.069e-11	3.195e-07	-3.2704e-07	7.5626e-09	-6.586e-11	-1.7650000000000002e-11	3.1948e-07	-3.2712e-07	7.4917e-09	-7.200000000000001e-12	1.5030000000000002e-11	3.1944e-07	-3.2678e-07	7.6628e-09	2.201e-11	-1.566e-11	3.1948e-07	-3.2724e-07
0.8	1.01142e-08	-2.3697e-09	1.03e-12	3.1956e-07	-3.2748e-07	8.6936e-09	-1.2475e-09	9.67e-12	3.1956e-07	-3.2708e-07	8.0356e-09	-5.744e-10	6.540000000000001e-12	3.1956e-07	-3.272e-07	8.1001e-09	-2.2476e-10	2.238e-11	3.195e-07	-3.2736e-07	7.7596e-09	-6.518e-11	1.453e-11	3.1956e-07	-3.2718e-07	7.7523e-09	-1.0950000000000002e-11	-1.417e-11	3.194e-07	-3.27e-07	7.7298e-09	1.828e-11	1.4400000000000002e-11	3.1954e-07	-3.2744e-07
0.805	1.02813e-08	-2.4123e-09	9e-14	3.1952e-07	-3.2768e-07	9.1163e-09	-1.2777e-09	-1.3290000000000002e-11	3.1956e-07	-3.2724e-07	8.3497e-09	-5.9231e-10	-2.426e-11	3.196e-07	-3.2726e-07	8.0849e-09	-2.3252e-10	9.3e-13	3.1956e-07	-3.2762e-07	8.0026e-09	-7.043000000000001e-11	2.4340000000000003e-11	3.1954e-07	-3.2724e-07	7.9245e-09	-6.0200000000000014e-12	1.2000000000000001e-12	3.194e-07	-3.2728e-07	7.9329e-09	1.683e-11	1.1e-11	3.1942e-07	-3.2736e-07
0.81	1.05249e-08	-2.4595e-09	-4.500000000000001e-13	3.1962e-07	-3.2754e-07	9.2189e-09	-1.3027e-09	3.7e-12	3.196e-07	-3.2728e-07	8.5496e-09	-6.077600000000001e-10	-1.02e-12	3.1962e-07	-3.2726e-07	8.2548e-09	-2.372e-10	-1.6140000000000002e-11	3.1954e-07	-3.2754e-07	8.0943e-09	-7.641000000000001e-11	-1.722e-11	3.1946e-07	-3.2752e-07	7.9911e-09	-8.16e-12	1.7360000000000002e-11	3.1956e-07	-3.2744e-07	8.0263e-09	1.5830000000000002e-11	-1.2070000000000002e-11	3.195e-07	-3.2766e-07
0.815	1.05495e-08	-2.5012e-09	1.41e-12	3.196e-07	-3.2764e-07	9.3107e-09	-1.3396e-09	1.703e-11	3.1954e-07	-3.2766e-07	8.7151e-09	-6.215600000000001e-10	2.151e-11	3.1954e-07	-3.2736e-07	8.4143e-09	-2.4484e-10	2.9800000000000002e-12	3.1948e-07	-3.2774e-07	8.3545e-09	-7.710000000000001e-11	-1.355e-11	3.1952e-07	-3.278e-07	8.1417e-09	-1.081e-11	-1.0240000000000002e-11	3.1942e-07	-3.2736e-07	8.2492e-09	1.633e-11	1.24e-11	3.1954e-07	-3.2782e-07
0.82	1.10384e-08	-2.5495e-09	-5.800000000000002e-13	3.196e-07	-3.2778e-07	9.4043e-09	-1.3614e-09	-1.743e-11	3.1958e-07	-3.2796e-07	8.823e-09	-6.425200000000001e-10	-1.12e-12	3.1956e-07	-3.2748e-07	8.6718e-09	-2.5549e-10	1.6e-11	3.1948e-07	-3.28e-07	8.4478e-09	-7.94e-11	1.672e-11	3.196e-07	-3.2776e-07	8.2787e-09	-1.3800000000000002e-11	-1.163e-11	3.1944e-07	-3.2764e-07	8.0689e-09	1.1860000000000002e-11	1.171e-11	3.1956e-07	-3.2756e-07
0.825	1.09793e-08	-2.5955e-09	1.46e-12	3.1958e-07	-3.2786e-07	9.5675e-09	-1.3941e-09	7.480000000000001e-12	3.1964e-07	-3.2792e-07	8.7243e-09	-6.5816e-10	-1.233e-11	3.1948e-07	-3.2756e-07	8.6747e-09	-2.6143e-10	-7.11e-12	3.1944e-07	-3.2816e-07	8.4562e-09	-8.634000000000001e-11	-1.5600000000000002e-12	3.1956e-07	-3.2774e-07	8.49e-09	-1.055e-11	2.315e-11	3.1948e-07	-3.2778e-07	8.2455e-09	1.071e-11	-2.2720000000000003e-11	3.1958e-07	-3.2796e-07
0.83	1.1250399999999998e-08	-2.648e-09	2.300000000000001e-13	3.1962e-07	-3.2822e-07	1.00682e-08	-1.4259e-09	1.834e-11	3.1958e-07	-3.281e-07	8.8842e-09	-6.7813e-10	1.126e-11	3.1958e-07	-3.2802e-07	8.857e-09	-2.7097e-10	-8.21e-12	3.195e-07	-3.283e-07	8.6033e-09	-8.588e-11	-7.280000000000001e-12	3.195e-07	-3.2816e-07	8.4719e-09	-1.466e-11	7.92e-12	3.1948e-07	-3.2798e-07	8.5578e-09	1.2e-11	-8.580000000000001e-12	3.1942e-07	-3.2774e-07
0.835	1.17324e-08	-2.6931e-09	-5.4e-13	3.1966e-07	-3.2846e-07	9.9178e-09	-1.4558e-09	-1.082e-11	3.1956e-07	-3.2806e-07	9.308e-09	-6.9375e-10	2.6e-13	3.1952e-07	-3.2818e-07	9.2396e-09	-2.7909e-10	1.5180000000000003e-11	3.195e-07	-3.282e-07	8.8292e-09	-9.32e-11	1.959e-11	3.1954e-07	-3.2814e-07	8.8188e-09	-1.4410000000000002e-11	-1.366e-11	3.1948e-07	-3.2838e-07	8.5717e-09	7.29e-12	2.266e-11	3.1948e-07	-3.2804e-07
0.84	1.19514e-08	-2.7426e-09	8.300000000000001e-13	3.1968e-07	-3.286e-07	1.02269e-08	-1.4839e-09	-1.93e-12	3.196e-07	-3.285e-07	9.29e-09	-7.116100000000001e-10	-1.998e-11	3.1958e-07	-3.2838e-07	9.2254e-09	-2.9091000000000003e-10	-1.7700000000000001e-12	3.1952e-07	-3.2826e-07	8.9914e-09	-9.49e-11	7.3e-12	3.1952e-07	-3.2832e-07	8.9692e-09	-1.7070000000000002e-11	9.800000000000001e-12	3.195e-07	-3.285e-07	8.8777e-09	1.174e-11	2.67e-12	3.1948e-07	-3.2816e-07
0.845	1.2053e-08	-2.794e-09	-1.08e-12	3.1966e-07	-3.2894e-07	1.04819e-08	-1.5175e-09	1.392e-11	3.1962e-07	-3.2844e-07	9.6312e-09	-7.3109e-10	5.59e-12	3.1962e-07	-3.2854e-07	9.2804e-09	-2.9243000000000004e-10	-1.854e-11	3.1942e-07	-3.2832e-07	9.2051e-09	-1.0335e-10	-1.9350000000000003e-11	3.195e-07	-3.2836e-07	8.9748e-09	-1.945e-11	1.286e-11	3.195e-07	-3.2842e-07	8.9075e-09	7.2300000000000005e-12	-1.46e-11	3.1948e-07	-3.2844e-07
0.85	1.21364e-08	-2.8414e-09	8.7e-13	3.1968e-07	-3.2918e-07	1.06715e-08	-1.5526e-09	-1.3480000000000002e-11	3.196e-07	-3.2856e-07	9.7654e-09	-7.4894e-10	2.161e-11	3.1956e-07	-3.2868e-07	9.3051e-09	-3.0209000000000004e-10	6.7e-12	3.1952e-07	-3.2842e-07	9.1579e-09	-1.005e-10	7.770000000000001e-12	3.195e-07	-3.2876e-07	9.1167e-09	-1.821e-11	-1.943e-11	3.195e-07	-3.2862e-07	8.9666e-09	4.27e-12	9.41e-12	3.1948e-07	-3.284e-07
0.855	1.26366e-08	-2.8936e-09	1.3000000000000001e-12	3.1972e-07	-3.2938e-07	1.07069e-08	-1.5808e-09	-1.12e-11	3.196e-07	-3.2902e-07	9.905e-09	-7.6827e-10	-1.77e-11	3.1954e-07	-3.286e-07	9.4771e-09	-3.1857e-10	1.32e-11	3.1958e-07	-3.2862e-07	9.3489e-09	-1.067e-10	2.546e-11	3.1952e-07	-3.2866e-07	9.5021e-09	-2.227e-11	-1.9900000000000002e-12	3.1954e-07	-3.2892e-07	9.1298e-09	7.32e-12	-9.8e-13	3.1942e-07	-3.285e-07
0.86	1.2649399999999998e-08	-2.9392e-09	4.0000000000000006e-14	3.1974e-07	-3.2926e-07	1.11359e-08	-1.6162e-09	2.022e-11	3.1958e-07	-3.2908e-07	1.01305e-08	-7.9066e-10	-1.6670000000000002e-11	3.195e-07	-3.2862e-07	9.544e-09	-3.2575000000000004e-10	-1.829e-11	3.1958e-07	-3.2902e-07	9.6849e-09	-1.1301e-10	-1.106e-11	3.1948e-07	-3.2876e-07	9.6887e-09	-2.2810000000000003e-11	2.8450000000000003e-11	3.1954e-07	-3.289e-07	9.4036e-09	6.620000000000001e-12	-1.564e-11	3.1948e-07	-3.2898e-07
0.865	1.3038599999999998e-08	-2.9941e-09	-6.6e-13	3.1964e-07	-3.2974e-07	1.13192e-08	-1.6509e-09	4.300000000000001e-12	3.195e-07	-3.2896e-07	1.03745e-08	-8.0922e-10	1.675e-11	3.1956e-07	-3.289e-07	9.9828e-09	-3.3449e-10	-1.6740000000000002e-11	3.1946e-07	-3.2904e-07	9.67e-09	-1.1693e-10	-1.425e-11	3.1944e-07	-3.291e-07	9.7118e-09	-2.5980000000000004e-11	-2.7e-13	3.1946e-07	-3.2932e-07	9.7291e-09	5.74e-12	7.43e-12	3.1946e-07	-3.2894e-07
0.87	1.3245199999999998e-08	-3.0523e-09	1.0000000000000002e-14	3.196e-07	-3.2964e-07	1.1549799999999998e-08	-1.6846e-09	1.535e-11	3.1958e-07	-3.2912e-07	1.03902e-08	-8.277800000000001e-10	1.59e-12	3.195e-07	-3.2902e-07	1.01792e-08	-3.4802e-10	9.92e-12	3.1956e-07	-3.2922e-07	9.8385e-09	-1.1934e-10	1.27e-11	3.1952e-07	-3.2908e-07	9.9693e-09	-2.899e-11	-1.69e-11	3.195e-07	-3.2922e-07	9.7743e-09	5.18e-12	1.1560000000000002e-11	3.1952e-07	-3.293e-07
0.875	1.3630999999999998e-08	-3.0929e-09	-8.7e-13	3.1962e-07	-3.297e-07	1.16836e-08	-1.7212e-09	7.63e-12	3.1956e-07	-3.2924e-07	1.05043e-08	-8.5241e-10	-1.715e-11	3.1948e-07	-3.2928e-07	1.02547e-08	-3.5760000000000004e-10	1.332e-11	3.1946e-07	-3.294e-07	1.01045e-08	-1.2529e-10	-1.96e-12	3.1942e-07	-3.2934e-07	1.00198e-08	-2.437e-11	3.3600000000000002e-12	3.1954e-07	-3.2948e-07	1.00719e-08	1.7600000000000002e-12	-2.453e-11	3.194e-07	-3.2932e-07
0.88	1.37768e-08	-3.1568e-09	-8.800000000000002e-13	3.1964e-07	-3.2988e-07	1.19828e-08	-1.7584e-09	-2.23e-12	3.1948e-07	-3.2984e-07	1.0795e-08	-8.735700000000001e-10	3.3400000000000007e-12	3.1954e-07	-3.2936e-07	1.04463e-08	-3.6942000000000005e-10	-1.686e-11	3.1948e-07	-3.2968e-07	1.01142e-08	-1.3050000000000001e-10	-1.263e-11	3.1946e-07	-3.298e-07	1.02157e-08	-2.9630000000000005e-11	6.1100000000000004e-12	3.1948e-07	-3.2956e-07	9.9689e-09	1.13e-12	-1.164e-11	3.1942e-07	-3.2974e-07
0.885	1.39018e-08	-3.214e-09	-5.800000000000002e-13	3.196e-07	-3.3028e-07	1.21756e-08	-1.7938e-09	-2.242e-11	3.1954e-07	-3.2964e-07	1.09458e-08	-8.9251e-10	1.13e-11	3.1952e-07	-3.2948e-07	1.0524e-08	-3.8257000000000006e-10	4.800000000000001e-13	3.1956e-07	-3.2988e-07	1.03867e-08	-1.3191e-10	1.342e-11	3.1948e-07	-3.299e-07	1.06159e-08	-3.435e-11	-2.138e-11	3.1946e-07	-3.2972e-07	1.01095e-08	4.16e-12	2.0460000000000003e-11	3.195e-07	-3.2984e-07
0.89	1.4198199999999998e-08	-3.2694e-09	-1.9000000000000002e-13	3.1972e-07	-3.3034e-07	1.2299799999999998e-08	-1.8133e-09	5.510000000000001e-12	3.195e-07	-3.299e-07	1.10995e-08	-9.1777e-10	-2.3520000000000003e-11	3.195e-07	-3.2976e-07	1.07818e-08	-3.9124e-10	2.0040000000000003e-11	3.1956e-07	-3.2992e-07	1.05545e-08	-1.4047e-10	8.95e-12	3.1944e-07	-3.3006e-07	1.05687e-08	-3.645e-11	-7.33e-12	3.195e-07	-3.3004e-07	1.06402e-08	3.0800000000000002e-12	-3.1000000000000004e-13	3.1944e-07	-3.2994e-07
0.895	1.44226e-08	-3.3314e-09	5.9e-13	3.1964e-07	-3.3054e-07	1.26504e-08	-1.8648e-09	1.886e-11	3.195e-07	-3.3052e-07	1.1441e-08	-9.3923e-10	2.0550000000000003e-11	3.195e-07	-3.3012e-07	1.08211e-08	-4.0455e-10	-1.0840000000000001e-11	3.1948e-07	-3.3018e-07	1.08734e-08	-1.4301e-10	-2.828e-11	3.1954e-07	-3.2998e-07	1.07e-08	-3.453e-11	1.754e-11	3.1938e-07	-3.3004e-07	1.07285e-08	1.6100000000000002e-12	-8.880000000000003e-12	3.1944e-07	-3.3006e-07
0.9	1.46924e-08	-3.3853e-09	-8.300000000000001e-13	3.1962e-07	-3.3086e-07	1.2973399999999998e-08	-1.9041e-09	7.480000000000001e-12	3.1952e-07	-3.306e-07	1.18182e-08	-9.6291e-10	-5.58e-12	3.1942e-07	-3.3e-07	1.11032e-08	-4.1764e-10	-1.193e-11	3.195e-07	-3.2996e-07	1.09462e-08	-1.5140000000000001e-10	-9.05e-12	3.1952e-07	-3.3016e-07	1.08748e-08	-4.058e-11	-4.1e-13	3.194e-07	-3.3048e-07	1.08754e-08	5.7e-13	7.080000000000001e-12	3.1948e-07	-3.3018e-07
