101 -0
104.18 -0
107.361 -0
110.541 -0
113.721 -0
116.902 -0
120.082 -0
123.262 -0
126.443 -0
129.623 -0
132.803 -0
135.983 2.0033392017773e-07
139.164 2.03052903868413e-07
142.344 -0
145.524 -0
148.705 -0
151.885 -0
155.065 -0
158.246 1.21853360757312e-07
161.426 2.30734986951512e-07
164.606 1.86488552450453e-07
167.787 1.96281520258227e-07
170.967 1.76021020951101e-07
174.147 3.32829857581662e-08
177.328 -0
180.508 -0
183.688 -0
186.868 4.0539917947087e-08
190.049 1.26975807604087e-08
193.229 7.81404796732649e-08
196.409 1.07009961248605e-07
199.59 1.48448043613582e-07
202.77 1.47009048000461e-07
205.95 1.54243777588449e-07
209.131 1.35190782963436e-07
212.311 -0
215.491 -0
218.672 -0
221.852 -0
225.032 1.32975044506665e-07
228.213 1.23948621097164e-07
231.393 8.52384137329901e-08
234.573 -0
237.753 9.19243250094643e-08
240.934 1.32948813095502e-07
244.114 1.40073660214253e-07
247.294 5.36126197332626e-08
250.475 -0
253.655 -0
256.835 -0
260.016 -0
263.196 9.20284886596516e-08
264.196 -0
272.598 -0
281.001 -0
289.403 -0
297.806 -0
306.208 -0
314.611 -0
323.013 -0
331.415 -0
339.818 -0
348.22 2.34199024401315e-08
356.623 1.15777641624925e-07
365.025 8.97759782201729e-08
373.428 1.86606124667372e-08
381.83 -0
390.232 -0
398.635 -0
407.037 -0
415.44 -0
423.842 -0
432.245 3.57703315553549e-08
440.647 5.55638544446203e-08
449.049 6.33537608608226e-08
457.452 6.57436815793253e-08
465.854 6.23261760761341e-08
474.257 4.62422963216647e-08
482.659 4.78029701066159e-08
491.062 8.71278413328814e-08
499.464 7.75126171560306e-08
507.867 7.84189586865345e-08
516.269 8.87728122096422e-08
524.671 9.26295138159609e-08
533.074 5.68519836926649e-08
541.476 -0
549.879 -0
558.281 -0
566.684 -0
575.086 -0
583.488 2.78045235078835e-08
591.891 6.19152402334585e-08
600.293 1.06480041332728e-07
608.696 9.54921771437387e-08
617.098 1.89713049945245e-08
625.501 3.12212402839374e-08
633.903 5.62956816214357e-08
642.305 1.89596746145574e-08
650.708 1.78259210016088e-08
659.11 5.94286155016816e-08
667.513 9.46288635085342e-08
675.915 1.02347608179947e-07
684.318 6.80864475941649e-08
692.72 4.49446690464359e-08
693.72 7.50672908842246e-08
715.867 7.22471457546215e-08
738.014 9.26561741497108e-09
760.161 1.33128881435069e-07
782.307 3.52690398303339e-08
804.454 4.46422202623948e-08
826.601 5.07486729618624e-08
848.748 -0
870.895 -0
893.042 1.65446176245781e-08
915.189 -0
937.335 8.24682526730271e-08
959.482 1.03946309467142e-07
981.629 7.04721932309057e-08
1003.776 9.74856690518276e-08
1025.923 -0
1048.07 7.97692270682411e-08
1070.217 8.67016722329925e-08
1092.364 6.32845949792204e-08
1114.51 6.35260281280336e-08
1136.657 5.59131896322627e-08
1158.804 1.66993989718201e-08
1180.951 6.02202539077847e-08
1203.098 4.36009328625137e-08
1225.245 6.99724796292017e-08
1247.392 5.56430180459558e-08
1269.538 3.86682159776237e-08
1291.685 4.70801663861589e-08
1313.832 2.47391742033741e-08
1335.979 3.03898802784471e-08
1358.126 4.27536506689272e-08
1380.273 5.4575573544691e-08
1402.42 3.38124602503201e-08
1424.566 3.23894059996637e-08
1446.713 4.70402376225195e-08
1468.86 3.71221563431484e-08
1491.007 3.32772849123367e-08
1513.154 4.70107191069187e-09
1535.301 2.22557413753628e-08
1557.448 2.80330346564335e-08
1579.595 3.23204946842712e-08
1601.741 -0
1623.888 6.94225789623956e-08
1646.035 5.34429114170382e-08
1668.182 9.83669552193055e-09
1690.329 3.93333829890536e-08
1712.476 3.99223228781024e-08
1734.623 2.69809022934966e-08
1756.769 4.95861486773431e-08
1778.916 4.14644900438511e-08
1801.063 2.47175245993347e-08
1823.21 2.97450269298395e-08
1824.21 3.95456070965893e-08
1882.531 3.26427787671866e-08
1940.853 -0
1999.174 2.79172946084075e-08
2057.495 2.22212061686962e-08
2115.817 -0
2174.138 3.85368776001415e-08
2232.46 2.98598417712221e-08
2290.781 4.14965830477037e-08
2349.102 3.76491621913861e-08
2407.424 2.93986279229154e-08
2465.745 -0
2524.066 4.33226592795415e-08
2582.388 4.47624783390855e-08
2640.709 2.34583716001575e-08
2699.031 1.39504667237312e-08
2757.352 3.57279196776454e-08
2815.673 2.85065342213905e-08
2873.995 2.75608137621765e-08
2932.316 3.54360949756222e-08
2990.637 3.18629251124168e-08
3048.959 2.09016542030448e-08
3107.28 1.64365417653555e-08
3165.602 2.19612648500496e-08
3223.923 1.26667865997963e-08
3282.244 -0
3340.566 3.02169336809964e-08
3398.887 3.72173605991455e-08
3457.208 4.27651821064072e-08
3515.53 2.82915311665775e-08
3573.851 1.61326053527221e-08
3632.173 1.58793828467352e-08
3690.494 2.85995186174292e-08
3748.815 1.87354515438096e-08
3807.137 1.9329899804212e-08
3865.458 2.08588299374002e-08
3923.779 1.75401999968983e-08
3982.101 2.63125317097266e-08
4040.422 2.64301637759976e-08
4098.744 2.14252074549419e-08
4157.065 1.94317155748733e-08
4215.386 1.56856236219064e-08
4273.708 1.38992042868782e-08
4332.029 1.8260484990753e-08
4390.35 1.48799647777135e-08
4448.672 1.208681832716e-08
4506.993 1.87279709700606e-08
4565.315 2.23791725276642e-08
4623.636 1.60073947479556e-08
4681.957 1.92220557621067e-08
4740.279 2.01054392668838e-08
4798.6 9.10665805939503e-09
4799.6 1.66623282839636e-08
4953.131 2.22448670632872e-08
5106.663 2.3820622401188e-08
5260.194 2.26537207062571e-08
5413.725 2.56687832588775e-08
5567.257 1.97268095456814e-08
5720.788 2.49329066171668e-08
5874.32 2.63381836272561e-08
6027.851 2.01009757346669e-08
6181.382 2.00009458237449e-08
6334.914 1.98083993672907e-08
6488.445 2.09368987086181e-08
6641.976 1.76382454211578e-08
6795.508 1.08614364372059e-08
6949.039 4.71022243706357e-09
7102.571 1.52968202546351e-08
7256.102 1.89002304296242e-08
7409.633 2.50107357522999e-08
7563.165 2.51498429224696e-08
7716.696 1.99917573029651e-08
7870.227 2.07866136734649e-08
8023.759 1.74994384674606e-08
8177.29 1.56781462322621e-08
8330.822 1.99267117778772e-08
8484.353 1.61834252219145e-08
8637.884 1.23301440868828e-08
8791.416 -0
8944.947 6.77551236886401e-09
9098.478 1.30838467573932e-08
9252.01 1.72267949777901e-08
9405.541 1.22395472846086e-08
9559.073 1.13678883700014e-08
9712.604 1.62201707893568e-08
9866.135 1.83796535711198e-08
10019.667 1.94769205503349e-08
10173.198 1.81645314315329e-08
10326.729 1.25212296694302e-08
10480.261 1.28605062896496e-08
10633.792 1.50550293854895e-08
10787.324 1.60526206850803e-08
10940.855 1.69276322290101e-08
11094.386 1.49562839809663e-08
11247.918 1.37578250347286e-08
11401.449 1.49124859214607e-08
11554.98 1.49083591271607e-08
11708.512 1.67937867673878e-08
11862.043 1.88205931643809e-08
12015.575 1.92577334828736e-08
12169.106 1.78402888785604e-08
12322.637 1.64313708666539e-08
12476.169 1.6132061947255e-08
12629.7 1.83479546570231e-08
12630.7 1.54236038335429e-08
13034.822 1.7672312910754e-08
13438.943 1.81958724201237e-08
13843.065 1.44041428379613e-08
14247.186 1.31633636896942e-08
14651.308 1.61065685370175e-08
15055.429 1.38161921925337e-08
15459.551 1.09340389357624e-08
15863.673 1.21563356595195e-08
16267.794 1.38133425082553e-08
16671.916 1.46740297023136e-08
17076.037 1.27040648610819e-08
17480.159 6.99168751811615e-09
17884.28 9.18999785740228e-09
18288.402 1.44999383961297e-08
18692.524 1.07802914685574e-08
19096.645 1.14451310087295e-08
19500.767 1.35335396910051e-08
19904.888 1.42353925492292e-08
20309.01 1.33156732526352e-08
20713.131 1.23335233453824e-08
21117.253 9.12014342081229e-09
21521.375 7.49798577498222e-09
21925.496 1.14199363853962e-08
22329.618 1.30497464554542e-08
22733.739 1.16642452462261e-08
23137.861 4.72525604620935e-09
23541.982 9.43631371499149e-09
23946.104 1.01208163897994e-08
24350.225 1.30122417725337e-08
24754.347 1.41207880741474e-08
25158.469 1.32627467499323e-08
25562.59 1.29031755291362e-08
25966.712 1.37243357740121e-08
26370.833 1.42314469828689e-08
26774.955 9.52941467088646e-09
27179.076 6.05730829819252e-09
27583.198 7.41265007770716e-09
27987.32 1.02627797759823e-08
28391.441 1.31814109043233e-08
28795.563 1.68584867155938e-08
29199.684 1.50522598104469e-08
29603.806 1.18635857643854e-08
30007.927 9.34506923421043e-09
30412.049 8.35096364848029e-09
30816.171 6.98468106892916e-09
31220.292 8.15492962555664e-09
31624.414 8.28872204858197e-09
32028.535 4.94159399472131e-09
32432.657 7.35163134779576e-09
32836.778 1.12174346376747e-08
33240.9 1.1403058958222e-08
33241.9 8.56055447609006e-09
34305.559 7.1529177201719e-09
35369.218 7.37774220887812e-09
36432.876 9.54415497101009e-09
37496.535 8.63191570352405e-09
38560.194 7.44196361427519e-09
39623.853 1.21023609421021e-08
40687.512 1.23925507014809e-08
41751.171 1.15315332069406e-08
42814.829 8.3213467824022e-09
43878.488 7.58191617993617e-09
44942.147 7.69118656265162e-09
46005.806 5.18200940372842e-09
47069.465 -0
48133.124 -0
49196.782 2.27548911838498e-09
50260.441 7.17067561820122e-09
51324.1 8.7528749583271e-09
52387.759 9.92008804867571e-09
53451.418 1.12579464431521e-08
54515.076 1.3304197959229e-08
55578.735 1.2810562671858e-08
56642.394 1.15131417423287e-08
57706.053 1.08894248288611e-08
58769.712 7.30795871147185e-09
59833.371 -0
60897.029 -0
61960.688 -0
63024.347 -0
64088.006 5.60544185215485e-09
65151.665 4.94895217073766e-09
66215.324 3.93135409325195e-09
67278.982 1.9627002448253e-09
68342.641 5.5525461972169e-09
69406.3 5.711152999179e-09
70469.959 6.21129672520857e-09
71533.618 7.50942199342352e-09
72597.276 7.25939755261173e-09
73660.935 6.83430608162597e-09
74724.594 4.58624571012969e-09
75788.253 3.1704411642193e-09
76851.912 4.89656674619503e-09
77915.571 6.30625803440493e-09
78979.229 8.48028842902311e-09
80042.888 1.0432719582278e-08
81106.547 1.01985281741009e-08
82170.206 9.2699912967307e-09
83233.865 4.37569286414816e-09
84297.524 2.56433849598686e-09
85361.182 2.53847193703478e-09
86424.841 2.80442128672726e-09
87488.5 -0
87489.5 -0
90289.039 -0
93088.578 3.56508161386144e-09
95888.118 7.23484198136222e-09
98687.657 1.00100476977132e-08
101487.196 9.73808449585595e-09
104286.735 5.46965159182787e-09
107086.275 3.20252743243516e-09
109885.814 4.90359462163152e-09
112685.353 4.95877815335174e-09
115484.892 5.04374998271539e-09
118284.431 6.73636016036164e-09
121083.971 7.0671414091388e-09
123883.51 5.44345055116078e-09
126683.049 5.62973426138439e-09
129482.588 5.92045889394532e-09
132282.127 6.32951197592057e-09
135081.667 5.59352647113344e-09
137881.206 5.12679638558556e-09
140680.745 6.37017840663316e-09
143480.284 7.77993979806949e-09
146279.824 9.29592212117314e-09
149079.363 1.11633121846398e-08
151878.902 1.00952935834555e-08
154678.441 7.31790009796269e-09
157477.98 5.99315271490846e-09
160277.52 -0
163077.059 4.96968517778294e-09
165876.598 7.23258990336618e-09
168676.137 7.04697666126408e-09
171475.676 6.27013356371116e-09
174275.216 6.93748279433975e-09
177074.755 8.88365901854672e-09
179874.294 9.81799806381705e-09
182673.833 9.73568843930209e-09
185473.373 9.30089579189535e-09
188272.912 6.9797794362131e-09
191072.451 4.30723411950798e-09
193871.99 3.33970430644564e-09
196671.529 3.22940706145222e-09
199471.069 3.97627013593367e-09
202270.608 4.25669420194996e-09
205070.147 4.32899969944226e-09
207869.686 4.08425970292088e-09
210669.225 2.63060243633954e-09
213468.765 2.09281551239688e-09
216268.304 4.01685226969221e-09
219067.843 4.54545592200552e-09
221867.382 4.83573730591735e-09
224666.922 4.95147233700817e-09
227466.461 5.96886389598987e-09
230266 6.49659982832553e-09
230267 5.09277327615042e-09
237635.294 -0
245003.588 2.51455544960271e-08
252371.882 3.63226526036058e-09
259740.176 -0
267108.471 4.96123882602886e-09
274476.765 4.61987446094049e-09
281845.059 6.14123661866829e-09
289213.353 6.6626699699404e-09
296581.647 9.60105903251595e-09
303949.941 5.65202519669478e-09
311318.235 6.08509941192956e-09
318686.529 2.03871034602187e-09
326054.824 9.40380784239812e-10
333423.118 3.98581764939353e-09
340791.412 6.18574433811362e-09
348159.706 3.26453908986337e-09
355528 5.52366562038265e-09
362896.294 3.73778367634409e-09
370264.588 2.3267299467101e-09
377632.882 4.65616431168035e-09
385001.176 -0
392369.471 4.81777914342675e-09
399737.765 7.21314529847789e-09
407106.059 -0
414474.353 -0
421842.647 6.18091652272087e-09
429210.941 4.62041386168731e-09
436579.235 7.00724518777328e-09
443947.529 6.6084765910869e-09
451315.824 -0
458684.118 5.89265544179582e-09
466052.412 3.84672854258549e-09
473420.706 4.4835648563759e-09
480789 4.61589328009525e-09
488157.294 9.96516253574331e-09
495525.588 -0
502893.882 2.81394881239764e-09
510262.176 5.72843940917467e-09
517630.471 4.19944375724816e-09
524998.765 6.60440337465554e-09
532367.059 7.52249074767534e-09
539735.353 6.56662818904713e-09
547103.647 3.23116460864923e-09
554471.941 5.69201143666983e-09
561840.235 4.50170662960161e-09
569208.529 5.88692716889499e-09
576576.824 9.43405178425659e-09
583945.118 2.84624703929877e-09
591313.412 1.25038038619025e-09
598681.706 2.98442156277863e-09
606050 -0
606051 5.7240758302099e-09
625444.118 3.05604448556806e-09
644837.235 9.24140176681539e-09
664230.353 6.58027848032618e-09
683623.471 6.68811549908343e-09
703016.588 7.41954440911063e-09
722409.706 1.24277665758552e-09
741802.824 4.70387672815299e-09
761195.941 7.54006613017603e-09
780589.059 -0
799982.176 3.19542747641115e-09
819375.294 7.91920087468813e-09
838768.412 4.95637122273465e-09
858161.529 7.63327419442027e-09
877554.647 6.69100396117409e-09
896947.765 -0
916340.882 -0
935734 5.42315333326867e-09
955127.118 6.66478620201465e-09
974520.235 7.2237950373131e-09
993913.353 7.45056359429847e-09
1013306.471 4.68897509384436e-09
1032699.588 7.95378761166337e-09
1052092.706 -0
1071485.824 -0
1090878.941 -0
1110272.059 1.15155412721741e-08
1129665.176 7.62194422110826e-09
1149058.294 6.2686402231331e-09
1168451.412 -0
1187844.529 -0
1207237.647 -0
1226630.765 6.99328935908867e-09
1246023.882 -0
1265417 8.38024190009866e-09
1284810.118 7.60755550957412e-09
1304203.235 4.49665352538829e-09
1323596.353 -0
1342989.471 4.48193933074293e-09
1362382.588 -0
1381775.706 6.37985371082759e-09
1401168.824 5.00764198397573e-09
1420561.941 -0
1439955.059 4.17188638348599e-09
1459348.176 5.33914249948111e-09
1478741.294 -0
1498134.412 2.45554479240778e-09
1517527.529 6.32469667457073e-09
1536920.647 4.43119934823952e-09
1556313.765 4.16827928964959e-09
1575706.882 5.61851731264028e-09
1595100 3.50944129395479e-09
1595100 6.15828511401243e-09
1646141.765 6.80622908565085e-09
1697183.529 -0
1748225.294 7.87361902620985e-09
1799267.059 8.45984054224237e-09
1850308.824 -0
1901350.588 2.61880673804289e-09
1952392.353 1.12455657153397e-08
2003434.118 9.07846741651243e-09
2054475.882 9.79586201453207e-10
2105517.647 5.08950653637161e-09
2156559.412 2.19856602980544e-09
2207601.176 2.84097653459154e-09
2258642.941 5.19744006247325e-09
2309684.706 5.93514436114081e-09
2360726.471 3.89002597447813e-09
2411768.235 6.92985261953761e-09
2462810 4.71284511685235e-09
2513851.765 3.76213290879444e-09
2564893.529 4.88188625317394e-09
2615935.294 2.69629650509069e-09
2666977.059 3.95122791452995e-09
2718018.824 6.11870331635204e-09
2769060.588 2.86763864448558e-09
2820102.353 7.03978790972957e-09
2871144.118 5.05793951721628e-09
2922185.882 4.56032661700401e-09
2973227.647 4.17505792327789e-09
3024269.412 4.34936417101273e-09
3075311.176 3.55145380922784e-09
3126352.941 7.34186640914369e-09
3177394.706 6.22268872584946e-09
3228436.471 3.55664940371483e-09
3279478.235 4.7904076946027e-09
3330520 5.85326174632175e-09
3381561.765 5.91036314052645e-09
3432603.529 5.35370932994013e-09
3483645.294 7.71557101490359e-09
3534687.059 3.81718289161623e-09
3585728.824 3.47587004677259e-09
3636770.588 2.76717965166e-09
3687812.353 3.69259781801516e-09
3738854.118 -0
3789895.882 3.28100540734915e-09
3840937.647 6.8771494099646e-09
3891979.412 3.86383458662046e-09
3943021.176 -0
3994062.941 8.07569538369178e-09
4045104.706 2.76270175851436e-09
4096146.471 4.09207185393783e-09
4147188.235 6.6441188119181e-09
4198230 5.04955028430583e-09
4198230 2.95844580798542e-09
4332570.588 5.68397021867913e-09
4466911.176 4.56187211404535e-09
4601251.765 3.37075054372706e-09
4735592.353 5.33767641629642e-09
4869932.941 -0
5004273.529 2.69818957260844e-09
5138614.118 2.34548739803321e-09
5272954.706 1.95406057654804e-09
5407295.294 4.29917851340004e-09
5541635.882 3.30650277642899e-09
5675976.471 4.27494222611428e-09
5810317.059 1.43852146916931e-09
5944657.647 7.26101479471619e-09
6078998.235 4.16767813820146e-09
6213338.824 3.42787207429034e-09
6347679.412 3.33663439299625e-09
6482020 5.40054407735025e-09
6616360.588 6.62744011818054e-09
6750701.176 5.62456737999335e-09
6885041.765 -0
7019382.353 6.35354986483836e-09
7153722.941 6.23717648241987e-09
7288063.529 5.66404263342382e-09
7422404.118 1.05345104784455e-09
7556744.706 4.11361444807108e-09
7691085.294 6.02446073242215e-09
7825425.882 3.09411721661164e-09
7959766.471 1.95924897913294e-09
8094107.059 4.25640826173442e-09
8228447.647 3.75161756002393e-09
8362788.235 2.31196824644027e-09
8497128.824 7.68425953075955e-09
8631469.412 7.22400096901137e-09
8765810 5.6931102435414e-09
8900150.588 7.00210479691146e-09
9034491.176 4.74079351379506e-09
9168831.765 -0
9303172.353 4.135393991789e-09
9437512.941 4.48843466901558e-09
9571853.529 5.26101218102522e-09
9706194.118 4.96933155283384e-09
9840534.706 2.6159974163581e-09
9974875.294 3.49536905815318e-09
10109215.882 -0
10243556.471 5.77346063017342e-09
10377897.059 6.13878217625402e-09
10512237.647 -0
10646578.235 4.66982119931211e-09
10780918.824 5.38024227783874e-09
10915259.412 7.03516861589617e-09
11049600 7.60448179992546e-09
11049600 7.09540843084918e-09
11403174.51 1.39873716261497e-09
11756749.02 5.26237930369064e-09
12110323.529 7.02127732191132e-09
12463898.039 2.89086475803069e-09
12817472.549 3.71915216239665e-09
13171047.059 5.2510028864023e-09
13524621.569 6.24853579699933e-09
13878196.078 5.09172702945947e-09
14231770.588 5.11427930514118e-09
14585345.098 6.55502877846342e-09
14938919.608 4.09291648976113e-09
15292494.118 3.10588637978804e-09
15646068.627 5.51467313902855e-09
15999643.137 -0
16353217.647 4.51286839195825e-09
16706792.157 4.30597899937264e-09
17060366.667 2.59140238433742e-09
17413941.176 2.63941164530887e-09
17767515.686 7.62424365234181e-09
18121090.196 1.81288817775626e-09
18474664.706 1.11168965487831e-09
18828239.216 6.21795492130182e-09
19181813.725 4.81884631400303e-09
19535388.235 2.95094967243169e-09
19888962.745 4.68518266928543e-09
20242537.255 7.67535387342492e-09
20596111.765 -0
20949686.275 4.62141536741366e-09
21303260.784 4.23820780990919e-09
21656835.294 5.91202048095938e-09
22010409.804 3.78853443533519e-09
22363984.314 4.60477856266037e-09
22717558.824 4.36804019484972e-09
23071133.333 6.1893255007636e-09
23424707.843 4.18951050034214e-09
23778282.353 6.2538259095593e-09
24131856.863 4.55641822472013e-09
24485431.373 3.64649189493773e-09
24839005.882 6.43650883203356e-09
25192580.392 -0
25546154.902 4.48963521580547e-09
25899729.412 1.52858067955906e-09
26253303.922 6.60979447883551e-09
26606878.431 6.25576879233438e-09
26960452.941 4.99013020586189e-09
27314027.451 3.92079690406454e-09
27667601.961 -0
28021176.471 4.82938411490184e-09
28374750.98 4.27936752057673e-09
28728325.49 3.4315346583175e-09
29081900 4.80693216439504e-09
29081900 3.93787795087084e-09
30012498.039 6.07688243289781e-09
30943096.078 6.03857381320307e-09
31873694.118 6.89451187110219e-09
32804292.157 4.77256450567767e-09
33734890.196 4.76640969921522e-09
34665488.235 6.29722063277154e-09
35596086.275 6.51489744883666e-09
36526684.314 5.71461569126547e-09
37457282.353 8.33092830378172e-09
38387880.392 8.29500923318123e-09
39318478.431 -0
40249076.471 2.0935475255589e-09
41179674.51 6.55748563029667e-09
42110272.549 3.16158152885321e-09
43040870.588 1.83392983154399e-09
43971468.627 7.97455454858131e-09
44902066.667 -0
45832664.706 5.6149972518323e-09
46763262.745 6.08202896444466e-09
47693860.784 5.01834439426329e-09
48624458.824 4.5143209627409e-09
49555056.863 6.57968749477493e-09
50485654.902 -0
51416252.941 -0
52346850.98 4.28906910311027e-09
53277449.02 6.28802376517133e-09
54208047.059 5.80490099509379e-09
55138645.098 5.71325842954734e-09
56069243.137 5.83063536644276e-09
56999841.176 6.13912731040235e-09
57930439.216 2.17349703910377e-09
58861037.255 -0
59791635.294 1.00068949822364e-08
60722233.333 5.15635159869263e-09
61652831.373 5.70981724922261e-09
62583429.412 6.66452501663898e-09
63514027.451 -0
64444625.49 3.30414455527959e-09
65375223.529 4.0211213191421e-09
66305821.569 6.15193442913184e-09
67236419.608 7.98355991624622e-09
68167017.647 8.78540301752094e-09
69097615.686 -0
70028213.725 4.7629383698053e-09
70958811.765 6.84798642406454e-09
71889409.804 6.26155718250954e-09
72820007.843 -0
73750605.882 7.54172566505557e-09
74681203.922 2.93809629758324e-09
75611801.961 1.52166969577867e-09
76542400 -0
76542400 1.18304237049709e-08
78991686.275 -0
81440972.549 7.05317882008103e-09
83890258.824 8.7168893563255e-09
86339545.098 -0
88788831.373 -0
91238117.647 8.06270096610807e-09
93687403.922 -0
96136690.196 6.03625208759117e-08
98585976.471 2.32012818541748e-08
101035262.745 9.04986261870826e-09
103484549.02 4.5376269666302e-08
105933835.294 -0
108383121.569 -0
110832407.843 -0
113281694.118 1.13721974144506e-08
115730980.392 3.62495587084236e-09
118180266.667 2.18411074471347e-08
120629552.941 -0
123078839.216 1.713512953796e-08
125528125.49 -0
127977411.765 1.31483671228945e-09
130426698.039 6.40737090925547e-09
132875984.314 -0
135325270.588 1.94977838577563e-09
137774556.863 1.48097317263139e-08
140223843.137 1.07877491892644e-08
142673129.412 1.60177483088882e-08
145122415.686 2.80418917523906e-08
147571701.961 2.49230165364772e-08
150020988.235 -0
152470274.51 1.60185600818088e-08
154919560.784 2.66939340030569e-08
157368847.059 -0
159818133.333 3.98249209477724e-09
162267419.608 2.99173057306484e-08
164716705.882 3.40602821233622e-09
167165992.157 2.85605253006078e-08
169615278.431 2.01284583508582e-08
172064564.706 1.68149523138555e-08
174513850.98 5.40836317947782e-09
176963137.255 2.24894745769595e-08
179412423.529 1.46730792958564e-08
181861709.804 2.71505522878562e-08
184310996.078 3.96988699274061e-08
186760282.353 3.17229328702878e-08
189209568.627 -0
191658854.902 1.49371115855111e-08
194108141.176 1.26005188903987e-08
196557427.451 -0
199006713.725 4.62505218266196e-08
201456000 2.38809532620465e-08
