|Vgs|	Gm_|Vds|=0.15V	Gm_|Vds|=0.3V	Gm_|Vds|=0.45V	Gm_|Vds|=0.6V	Gm_|Vds|=0.75V	Gm_|Vds|=0.9V
-0.3	2.72000000000007e-09	-3.66000000000013e-09	-1.23999999999958e-09	4.71999999999989e-09	-6.86000000000025e-08	-1.68400000000004e-08
-0.295	1.29833333333335e-09	-2.87333333333338e-09	-4.10666666666644e-09	-4.05999999999993e-09	-4.62866666666674e-08	-2.29466666666667e-08
-0.29	7.07000000000011e-10	-2.16200000000002e-09	-3.43199999999986e-09	-3.5779999999999e-09	-3.34360000000005e-08	-3.22420000000001e-08
-0.285	6.09999999999919e-11	-1.921e-09	-2.75199999999995e-09	-4.65799999999995e-09	-2.2972e-08	-3.6424e-08
-0.28	-6.0000000000059e-12	-1.67800000000001e-09	-2.29199999999999e-09	-5.37e-09	-1.42439999999999e-08	-4.13980000000001e-08
-0.275	-1.48000000000008e-10	-1.155e-09	-1.71199999999999e-09	-4.25000000000005e-09	-1.1562e-08	-3.94420000000002e-08
-0.27	-3.0400000000001e-10	-7.86e-10	-1.33599999999998e-09	-3.8140000000001e-09	-1.184e-08	-3.30640000000002e-08
-0.265	-2.78000000000006e-10	-4.40000000000002e-10	-1.72199999999997e-09	-4.90400000000008e-09	-1.10179999999999e-08	-3.11640000000002e-08
-0.26	-3.8e-10	-5.89999999999974e-11	-2.756e-09	-5.30199999999996e-09	-1.02999999999999e-08	-2.89920000000001e-08
-0.255	-2.51999999999998e-10	-2.56999999999992e-10	-2.876e-09	-4.47399999999985e-09	-1.0164e-08	-2.5908e-08
-0.25	2.20000000000026e-11	-7.31999999999992e-10	-1.236e-09	-3.16599999999987e-09	-1.00940000000001e-08	-2.60439999999999e-08
-0.245	-4.39999999999969e-11	-8.23e-10	5.31999999999981e-10	-2.39999999999994e-09	-9.85800000000008e-09	-2.47779999999999e-08
-0.24	-1.27999999999998e-10	-8.89000000000003e-10	7.63999999999985e-10	-2.37800000000001e-09	-8.08000000000009e-09	-2.37079999999999e-08
-0.235	-3.59000000000008e-10	-6.95999999999996e-10	5.3599999999998e-10	-2.12800000000006e-09	-6.12000000000007e-09	-2.52800000000002e-08
-0.23	-6.82000000000007e-10	1.90000000000002e-10	2.71999999999965e-10	-1.31400000000012e-09	-7.20999999999998e-09	-2.49520000000003e-08
-0.225	-7.64000000000008e-10	4.73999999999998e-10	-1.56600000000003e-09	-1.02200000000015e-09	-8.47199999999993e-09	-8.76000000000016e-09
-0.22	-1.05100000000001e-09	-8.29999999999945e-11	-3.44200000000002e-09	-1.31800000000007e-09	-8.55799999999994e-09	6.65400000000005e-09
-0.215	-1.13700000000001e-09	-7.25999999999989e-10	-3.23200000000005e-09	-1.548e-09	-1.029e-08	-5.306e-09
-0.21	-6.88999999999992e-10	-1.41699999999999e-09	-1.86400000000001e-09	-2.29799999999998e-09	-1.09520000000001e-08	-1.64579999999999e-08
-0.205	-6.04999999999991e-10	-2.25599999999999e-09	-3.33999999999961e-10	-4.20799999999996e-09	-8.17400000000008e-09	-1.26319999999999e-08
-0.2	-8.22999999999991e-10	-2.64599999999999e-09	1.02600000000002e-09	-5.56799999999992e-09	-4.08400000000008e-09	-2.4136e-08
-0.195	-6.03999999999995e-10	-1.788e-09	1.422e-09	-4.93399999999991e-09	-1.10600000000005e-09	-4.06760000000002e-08
-0.19	-3.16000000000002e-10	4.042e-09	1.01000000000002e-09	-4.45999999999996e-09	-3.13999999999972e-10	-2.77180000000002e-08
-0.185	-2.81000000000003e-10	1.3692e-08	-6.5999999999962e-11	-4.31199999999996e-09	-1.42999999999997e-09	-1.1482e-08
-0.18	-2.56000000000004e-10	1.8635e-08	-2.034e-09	-1.99399999999996e-09	-3.56400000000001e-09	-1.317e-08
-0.175	-4.00000000000081e-11	1.9054e-08	-3.52400000000004e-09	-2.34000000000014e-10	-6.39599999999995e-09	-1.8276e-08
-0.17	2.33999999999993e-10	1.8579e-08	-3.8e-09	-1.27000000000005e-09	-8.14599999999989e-09	-1.91179999999999e-08
-0.165	1.00999999999998e-10	1.3383e-08	-3.85399999999998e-09	-1.87200000000004e-09	-6.74399999999991e-09	-1.62299999999997e-08
-0.16	-1.12000000000001e-10	4.205e-09	-3.30400000000002e-09	-2.59800000000006e-09	-4.71799999999995e-09	-1.62739999999999e-08
-0.155	1.14000000000002e-10	-8.14999999999989e-10	-1.93000000000004e-09	-4.62400000000003e-09	-4.85999999999995e-09	-1.74159999999999e-08
-0.15	9.70000000000049e-11	-1.25799999999999e-09	-8.75999999999987e-10	-5.14e-09	-5.60799999999996e-09	-1.46079999999999e-08
-0.145	-2.07999999999997e-10	-8.08999999999995e-10	-5.73999999999969e-10	-4.09400000000002e-09	-5.13200000000003e-09	-1.239e-08
-0.14	1.23e-10	-3.18000000000006e-10	-6.45999999999991e-10	-2.88599999999995e-09	-5.10400000000011e-09	-1.44720000000001e-08
-0.135	8.60000000000015e-11	-2.57000000000008e-10	-9.73999999999959e-10	-1.21999999999993e-09	-5.43400000000008e-09	-1.3996e-08
-0.13	-8.28999999999997e-10	-5.103e-09	-1.46999999999995e-09	5.5999999999984e-11	-4.57600000000008e-09	-1.0324e-08
-0.125	-1.099e-09	-1.4831e-08	-1.914e-09	-4.42000000000011e-10	-3.44600000000012e-09	-1.0014e-08
-0.12	-7.15999999999996e-10	-2.018e-08	-2.13400000000002e-09	-1.90599999999996e-09	-3.79800000000003e-09	-1.0782e-08
-0.115	-6.17999999999995e-10	-2.089e-08	-2.24400000000001e-09	-2.82600000000001e-09	-5.23199999999988e-09	-8.97600000000003e-09
-0.11	-5.96999999999998e-10	-2.0852e-08	-1.99600000000003e-09	-3.7160000000001e-09	-7.17599999999988e-09	-9.00600000000008e-09
-0.105	-2.07000000000003e-10	-1.5428e-08	-9.16e-10	-4.77000000000012e-09	-9.9079999999999e-09	-1.10860000000001e-08
-0.1	3.20999999999993e-10	-5.44199999999999e-09	3.00000000000041e-10	-4.19800000000009e-09	-1.23499999999999e-08	-1.13800000000001e-08
-0.095	7.09999999999949e-11	-3.17000000000002e-10	7.11999999999985e-10	-2.7320000000001e-09	-1.3094e-08	-1.07860000000001e-08
-0.09	-7.08000000000003e-10	1.61999999999991e-10	4.79999999999948e-10	-2.43400000000007e-09	-1.22400000000001e-08	-1.1362e-08
-0.085	-6.31000000000007e-10	3.19999999999932e-11	2.19999999999655e-11	-2.47399999999991e-09	-1.055e-08	-1.20139999999999e-08
-0.08	-2.55000000000008e-10	-2.87000000000009e-10	-9.10000000000038e-10	-1.71999999999983e-09	-7.426e-09	-1.0802e-08
-0.075	-5.34000000000002e-10	-4.20000000000047e-11	-1.90200000000001e-09	-1.35999999999989e-09	-4.65999999999999e-09	-8.62400000000006e-09
-0.07	-5.65000000000003e-10	-3.09999999999972e-11	-2.59199999999993e-09	-1.2059999999999e-09	-3.45199999999998e-09	-7.79999999999997e-09
-0.0649999999999999	1.31999999999995e-10	-2.98999999999996e-10	-1.9819999999999e-09	-6.51999999999919e-10	-2.71999999999997e-09	-7.96399999999997e-09
-0.0599999999999999	4.04e-10	-1.12999999999997e-10	-5.9199999999995e-10	-3.98000000000014e-10	-2.18000000000002e-09	-6.29800000000002e-09
-0.0549999999999999	-1.01999999999998e-10	2.47000000000005e-10	-4.18000000000004e-10	-1.07400000000004e-09	-2.37000000000004e-09	-5.17799999999994e-09
-0.0499999999999999	-3.89999999999998e-10	2.17000000000004e-10	-6.6600000000002e-10	-2.82200000000001e-09	-2.39599999999999e-09	-6.07999999999976e-09
-0.0449999999999999	-5.89999999999933e-11	-6.00000000000273e-12	1.7599999999998e-10	-4.16400000000006e-09	-1.526e-09	-4.34399999999972e-09
-0.0399999999999999	-7.79999999999991e-11	-4.0800000000001e-10	4.65999999999978e-10	-3.74800000000013e-09	-1.88199999999999e-09	-2.05799999999986e-09
-0.035	-5.52000000000003e-10	-7.8800000000001e-10	-5.74000000000009e-10	-2.27600000000014e-09	-2.89599999999996e-09	-3.60799999999989e-09
-0.03	-3.33000000000003e-10	-8.66000000000009e-10	-7.88e-10	-1.60600000000011e-09	-2.018e-09	-4.96199999999992e-09
-0.025	-4.49999999999986e-11	-1.25600000000001e-09	-6.36000000000013e-10	-1.25400000000006e-09	-1.88000000000037e-10	-5.24800000000015e-09
-0.02	-4.53999999999998e-10	-1.40900000000001e-09	-1.10000000000006e-09	-7.55999999999983e-10	5.15999999999976e-10	-7.08200000000032e-09
-0.015	-7.26999999999995e-10	-7.80999999999995e-10	-1.17600000000006e-09	-1.03199999999989e-09	6.95999999999981e-10	-8.15200000000021e-09
-0.01	-3.89999999999995e-10	-4.97999999999995e-10	-6.34000000000003e-10	-2.20199999999982e-09	1.19999999999938e-10	-7.64200000000003e-09
-0.005	-2.09999999999998e-10	-7.31999999999993e-10	-1.19999999999542e-11	-3.19799999999988e-09	-1.59600000000007e-09	-7.20799999999999e-09
-0	-7.80000000000032e-11	-4.49999999999989e-10	6.18000000000032e-10	-2.78599999999997e-09	-3.04400000000002e-09	-8.02400000000004e-09
0.005	3.72999999999994e-10	-1.77999999999997e-10	6.46000000000024e-10	-2.58799999999998e-09	-4.24999999999999e-09	-9.11599999999993e-09
0.01	3.74999999999999e-10	-6.35999999999996e-10	-3.97999999999981e-10	-3.24000000000003e-09	-5.09799999999998e-09	-9.37999999999978e-09
0.015	3.80000000000033e-11	-6.92999999999993e-10	-1.26400000000002e-09	-2.25600000000009e-09	-5.75799999999993e-09	-1.00479999999999e-08
0.02	-1.19999999999954e-11	-6.62000000000004e-10	-1.27200000000003e-09	-6.68000000000056e-10	-6.50399999999991e-09	-1.05140000000001e-08
0.025	1.75000000000004e-10	-1.18300000000001e-09	-1.10599999999998e-09	-1.24600000000001e-09	-6.37799999999997e-09	-9.08999999999998e-09
0.03	4.15999999999999e-10	-1.34200000000001e-09	-1.00599999999997e-09	-1.90999999999998e-09	-5.82400000000006e-09	-7.12999999999987e-09
0.035	4.91999999999997e-10	-1.081e-09	-6.89999999999988e-10	-1.43999999999991e-09	-4.74400000000009e-09	-5.48800000000002e-09
0.04	2.03e-10	-1.032e-09	-6.01999999999994e-10	-1.35399999999989e-09	-2.59600000000008e-09	-4.28200000000006e-09
0.045	-4.10000000000004e-11	-9.46999999999996e-10	-1.10400000000001e-09	-1.29999999999995e-09	-1.05e-09	-3.93599999999988e-09
0.05	-3.55999999999997e-10	-6.44999999999995e-10	-1.43800000000003e-09	-8.25999999999996e-10	-1.02799999999993e-09	-2.89799999999987e-09
0.055	-9.25999999999994e-10	-2.86999999999993e-10	-1.41600000000004e-09	1.7199999999997e-10	-5.99999999999952e-10	-3.19200000000002e-09
0.0600000000000001	-9.90000000000001e-10	1.01999999999998e-10	-1.37400000000002e-09	1.26399999999992e-09	2.6000000000003e-10	-5.35400000000006e-09
0.0650000000000001	-5.82000000000004e-10	-1.40000000000127e-11	-1.154e-09	1.6319999999999e-09	7.48000000000014e-10	-5.68600000000014e-09
0.0700000000000001	-4.88e-10	2.49999999999951e-11	-6.99999999999999e-10	1.47799999999998e-09	1.34599999999992e-09	-4.10800000000018e-09
0.0750000000000001	-6.76000000000006e-10	6.02000000000005e-10	-2.78000000000006e-10	7.88000000000044e-10	3.53999999999874e-10	-3.31399999999999e-09
0.0800000000000001	-6.84000000000005e-10	7.30000000000007e-10	-2.92000000000006e-10	-2.49999999999979e-10	-1.74600000000007e-09	-3.81799999999999e-09
0.0850000000000001	-3.28999999999995e-10	6.68000000000013e-10	-2.98e-10	-1.01999999999999e-09	-2.43600000000006e-09	-3.56800000000011e-09
0.09	1.31000000000005e-10	9.13000000000017e-10	-3.16000000000013e-10	-2.14199999999998e-09	-2.57400000000004e-09	-3.40599999999995e-09
0.095	3.54000000000003e-10	9.35000000000007e-10	-7.13999999999994e-10	-2.21200000000006e-09	-3.40399999999999e-09	-4.82199999999989e-09
0.1	2.60000000000005e-10	5.07999999999994e-10	-9.31999999999975e-10	-1.82000000000125e-10	-2.55400000000001e-09	-6.14200000000007e-09
0.105	-2.91999999999998e-10	4.16899999999999e-09	-6.56000000000002e-10	9.7999999999939e-11	-1.088e-09	-5.15399999999996e-09
0.11	-1.087e-09	1.2322e-08	4.99999999999905e-11	-2.41000000000002e-09	-1.78799999999993e-09	-3.84199999999983e-09
0.115	-1.57100000000001e-09	1.2063e-08	3.20000000000032e-10	-4.33400000000003e-09	-1.47199999999999e-09	-3.37199999999996e-09
0.12	-1.81600000000001e-09	2.80299999999999e-09	-1.81999999999981e-10	-5.53200000000002e-09	-4.36000000000018e-10	-2.80800000000003e-09
0.125	-1.921e-09	-1.437e-09	-7.22000000000031e-10	-6.89199999999997e-09	-1.64399999999989e-09	-2.39799999999996e-09
0.13	-1.613e-09	-4.45999999999999e-09	-6.94000000000005e-10	-6.01799999999996e-09	-2.40599999999987e-09	-2.86999999999994e-09
0.135	-1.414e-09	-1.2649e-08	-9.07999999999963e-10	-3.17199999999999e-09	1.084e-08	-5.68400000000004e-09
0.14	-1.57699999999999e-09	-1.2678e-08	-1.51400000000001e-09	-1.48999999999997e-09	3.57520000000001e-08	-8.2380000000001e-09
0.145	-1.52599999999999e-09	-3.196e-09	-1.73400000000006e-09	-3.53999999999951e-10	3.46560000000001e-08	-9.11199999999997e-09
0.15	-1.16599999999999e-09	1.262e-09	-1.40800000000003e-09	8.03999999999998e-10	8.11799999999997e-09	-9.11399999999995e-09
0.155	-8.3199999999999e-10	2.60999999999993e-10	-5.57999999999997e-10	2.35999999999923e-10	-5.71200000000015e-09	-6.59000000000019e-09
0.16	-5.4999999999999e-10	-2.58000000000004e-10	8.6000000000018e-11	-2.86000000000112e-10	-1.84000000000001e-08	-2.32000000000025e-09
0.165	-6.32999999999999e-10	-2.88999999999993e-10	8.80000000000037e-10	2.53999999999904e-10	-4.40600000000001e-08	-1.22000000000112e-10
0.17	-1.29600000000001e-09	-2.6399999999999e-10	1.76000000000004e-09	-4.46000000000029e-10	-4.44200000000001e-08	-8.8600000000013e-10
0.175	-1.80200000000001e-09	-7.29999999999933e-11	1.26400000000002e-09	-1.258e-09	-1.783e-08	-2.33400000000008e-09
0.18	-1.86900000000001e-09	-5.6199999999999e-10	-6.00000000000018e-11	-4.70000000000003e-10	-4.4979999999999e-09	-4.72799999999982e-09
0.185	-1.775e-09	-1.28999999999999e-09	-2.9200000000004e-10	-1.11999999999968e-10	-4.37799999999989e-09	-8.16999999999973e-09
0.19	-1.516e-09	-1.001e-09	4.63999999999943e-10	4.20000000000211e-11	-2.9559999999999e-09	-8.36199999999979e-09
0.195	-1.05e-09	-6.20000000000007e-10	1.09999999999999e-09	1.15799999999995e-09	-5.85999999999857e-10	-5.15199999999986e-09
0.2	-7.32999999999999e-10	-8.81999999999997e-10	9.56000000000037e-10	1.62999999999993e-09	1.50600000000011e-09	-2.854e-09
0.205	-7.57000000000003e-10	-4.25000000000002e-10	7.08000000000019e-10	1.10799999999996e-09	2.32200000000003e-09	-4.94000000000087e-10
0.21	-8.30000000000008e-10	6.81999999999993e-10	8.85999999999982e-10	-3.16000000000015e-10	1.22e-09	2.54800000000002e-09
0.215	-6.58000000000005e-10	1.005e-09	-4.50000000000029e-10	-1.13599999999995e-09	-5.06000000000025e-10	2.39400000000017e-09
0.22	-2.56999999999998e-10	9.56000000000002e-10	-1.97000000000003e-09	-2.91999999999908e-10	-2.12600000000007e-09	-1.01599999999986e-09
0.225	9.00000000000222e-12	1.38099999999999e-09	-1.392e-09	-2.43999999999961e-10	-3.95000000000011e-09	-4.20799999999988e-09
0.23	2.39999999999991e-11	1.642e-09	-6.07999999999988e-10	-1.06799999999998e-09	-4.0820000000001e-09	8.90600000000008e-09
0.235	-3.3999999999998e-11	1.17000000000001e-09	-5.98000000000009e-10	2.50000000000019e-10	-1.63000000000006e-09	3.78519999999998e-08
0.24	-1.84999999999995e-10	3.52e-10	4.60000000000057e-11	2.49799999999995e-09	7.51999999999966e-10	5.26499999999997e-08
0.245	-3.13999999999997e-10	-3.83000000000005e-10	9.7000000000004e-10	2.43399999999993e-09	1.03399999999993e-09	3.89099999999999e-08
0.25	-2.80999999999999e-10	-6.82000000000002e-10	1.36800000000002e-09	1.78200000000001e-09	1.03799999999995e-09	9.77999999999996e-09
0.255	-3.31999999999998e-10	-1.9600000000001e-10	1.214e-09	2.72600000000003e-09	2.06800000000005e-09	-2.1224e-08
0.26	-3.89999999999995e-10	9.33999999999988e-10	5.92000000000016e-10	3.45400000000002e-09	2.47800000000005e-09	-5.03439999999998e-08
0.265	-2.44999999999996e-10	1.54e-09	5.34000000000023e-10	1.52200000000004e-09	2.16799999999997e-09	-6.18639999999998e-08
0.27	-2.45e-10	1.517e-09	5.3399999999999e-10	-6.97999999999957e-10	2.75400000000002e-09	-4.4858e-08
0.275	-5.27e-10	1.43300000000001e-09	8.25999999999963e-10	-6.07999999999922e-10	3.69600000000007e-09	-1.46700000000001e-08
0.28	-5.46999999999998e-10	9.87000000000017e-10	2.12799999999999e-09	-1.03799999999995e-09	2.882e-09	-1.91999999999927e-10
0.285	-2.02000000000004e-10	6.28000000000002e-10	2.30600000000002e-09	-2.25600000000003e-09	-3.13999999999972e-10	-1.53599999999994e-09
0.29	1.25999999999989e-10	9.62999999999992e-10	1.28400000000001e-09	-1.21999999999999e-09	-2.93599999999987e-09	-3.54799999999994e-09
0.295	3.83999999999994e-10	1.21299999999999e-09	1.73999999999999e-09	1.04400000000007e-09	-2.34999999999988e-09	-5.1779999999998e-09
0.3	5.85000000000001e-10	1.13399999999999e-09	2.62999999999997e-09	1.44000000000004e-09	-1.87399999999995e-09	-4.29999999999984e-09
0.305	3.31000000000002e-10	1.173e-09	2.21399999999997e-09	6.80000000000043e-10	-2.92599999999999e-09	-1.19200000000013e-09
0.31	-6.03999999999999e-10	6.48000000000008e-10	2.064e-09	-4.39999999999306e-11	-1.08400000000005e-09	3.91999999999756e-10
0.315	-1.193e-09	3.28000000000001e-10	2.622e-09	-4.42000000000011e-10	1.24599999999994e-09	-1.12400000000016e-09
0.32	-8.47999999999999e-10	1.272e-09	2.03199999999999e-09	1.59999999999917e-10	2.59999999999963e-10	-1.90400000000025e-09
0.325	-5.72000000000002e-10	2.02300000000001e-09	5.80000000000207e-11	1.18399999999998e-09	3.08399999999997e-09	-3.40000000002352e-11
0.33	-7.26000000000009e-10	1.911e-09	-9.71999999999992e-10	2.63800000000005e-09	1.045e-08	7.52000000000066e-10
0.335	-7.90000000000004e-10	1.896e-09	-2.68000000000041e-10	3.84000000000006e-09	1.37000000000001e-08	2.86000000000147e-10
0.34	-8.94999999999999e-10	1.43000000000002e-09	2.77999999999969e-10	3.11000000000003e-09	1.36040000000001e-08	1.61600000000007e-09
0.345	-1.084e-09	3.66000000000022e-10	2.44000000000017e-10	1.084e-09	1.31080000000001e-08	1.46800000000014e-09
0.35	-1.05400000000001e-09	-2.0499999999999e-10	1.22400000000001e-09	3.31999999999955e-10	9.02400000000005e-09	-1.12799999999996e-09
0.355	-7.59000000000001e-10	-5.40999999999996e-10	2.206e-09	1.05999999999908e-10	2.37800000000001e-09	-2.22200000000011e-09
0.36	-5.21999999999998e-10	-5.25999999999995e-10	1.70000000000004e-09	-6.10000000000096e-10	-2.95399999999999e-09	-2.79199999999996e-09
0.365	-8.97999999999998e-10	2.51000000000006e-10	1.63000000000003e-09	-1.85999999999999e-10	-6.19200000000004e-09	-2.67799999999989e-09
0.37	-1.525e-09	1.115e-09	2.39e-09	8.00000000000906e-11	-6.20600000000007e-09	-8.55999999999964e-10
0.375	-1.739e-09	1.27299999999999e-09	2.138e-09	-1.06999999999996e-09	-4.00399999999998e-09	-2.77999999999944e-10
0.38	-1.978e-09	9.09999999999997e-10	1.66599999999999e-09	-1.26800000000001e-09	-1.7139999999999e-09	-6.0399999999997e-10
0.385	-2.203e-09	6.44000000000007e-10	2.25199999999994e-09	-5.27999999999963e-10	1.00800000000011e-09	-3.06000000000135e-10
0.39	-1.876e-09	2.11000000000003e-10	1.83599999999995e-09	-7.85999999999951e-10	3.51800000000011e-09	-2.10000000000238e-10
0.395	-1.863e-09	-7.3e-10	2.57999999999988e-10	-8.8199999999998e-10	4.27400000000009e-09	1.27999999999907e-10
0.4	-2.31399999999999e-09	-8.25999999999996e-10	3.59999999999944e-11	7.54000000000007e-10	2.526e-09	2.6600000000009e-10
0.405	-2.15599999999999e-09	1.40999999999998e-10	3.96000000000005e-10	2.49599999999997e-09	-2.78000000000076e-10	-1.50599999999991e-09
0.41	-1.652e-09	8.69999999999894e-11	4.70000000000036e-10	2.49199999999989e-09	-1.17000000000007e-09	-2.78399999999993e-09
0.415	-1.534e-09	-3.4300000000001e-10	1.20600000000003e-09	1.95599999999982e-09	-4.38000000000059e-10	-2.26799999999995e-09
0.42	-1.511e-09	3.89999999999921e-11	1.88199999999999e-09	1.73199999999982e-09	-8.86000000000066e-10	-1.18400000000009e-09
0.425	-1.54200000000001e-09	-6.59159550628194e-24	1.73199999999998e-09	7.33999999999915e-10	-1.50600000000005e-09	-4.60000000000925e-11
0.43	-1.63700000000001e-09	-7.18999999999999e-10	1.96800000000001e-09	-5.15999999999913e-10	1.79999999999727e-11	1.72800000000001e-09
0.435	-1.582e-09	-8.62999999999993e-10	2.25599999999999e-09	-5.05999999999835e-10	1.08399999999998e-09	4.27999999999996e-09
0.44	-1.786e-09	-3.69e-10	1.90599999999999e-09	-3.29999999999848e-10	3.9600000000003e-10	4.41600000000004e-09
0.445	-2.20599999999999e-09	-3.30000000000001e-10	1.82800000000001e-09	1.80000000001117e-11	9.98000000000093e-10	1.81200000000018e-09
0.45	-2.30099999999999e-09	-7.56999999999996e-10	2.00999999999999e-09	1.74600000000005e-09	2.5840000000001e-09	-4.33999999999909e-10
0.455	-2.35499999999999e-09	-7.34000000000001e-10	1.71599999999998e-09	3.41600000000002e-09	2.50800000000009e-09	-4.2400000000003e-10
0.46	-2.307e-09	-5.54000000000012e-10	9.51999999999993e-10	3.95600000000004e-09	2.08200000000008e-09	-2.97999999999967e-10
0.465	-1.659e-09	-9.84000000000011e-10	1.14799999999997e-09	3.79400000000001e-09	3.05199999999999e-09	-8.08000000000016e-10
0.47	-1.43e-09	-1.346e-09	2.32199999999996e-09	2.95599999999996e-09	3.4199999999999e-09	-1.80000000000204e-10
0.475	-2.04799999999999e-09	-1.34899999999999e-09	2.45400000000001e-09	2.00599999999994e-09	1.17399999999995e-09	2.47999999999778e-10
0.48	-2.436e-09	-9.46999999999987e-10	1.53600000000004e-09	1.51399999999988e-09	-1.27200000000004e-09	-1.59600000000015e-09
0.485	-2.64500000000001e-09	-2.69999999999834e-11	1.08200000000004e-09	1.36599999999983e-09	-1.61600000000011e-09	-3.21400000000016e-09
0.49	-3.28400000000001e-09	5.70000000000176e-11	8.3600000000007e-10	1.94199999999994e-09	-2.32600000000005e-09	-1.68600000000012e-09
0.495	-3.57500000000001e-09	-9.18999999999992e-10	2.62000000000069e-10	2.32400000000008e-09	-2.88999999999991e-09	1.27200000000008e-09
0.5	-3.01200000000001e-09	-1.602e-09	4.10000000000031e-10	1.02000000000004e-09	3.76000000000073e-10	2.32000000000024e-09
0.505	-2.579e-09	-2.121e-09	1.356e-09	-1.28000000000035e-10	3.762e-09	1.34800000000023e-09
0.51	-2.69999999999999e-09	-2.977e-09	2.08999999999995e-09	3.01999999999985e-10	3.07000000000004e-09	1.5800000000002e-09
0.515	-2.67099999999999e-09	-2.966e-09	2.06599999999991e-09	5.08000000000007e-10	2.64000000000001e-09	1.42200000000026e-09
0.52	-2.35599999999999e-09	-1.82e-09	1.6619999999999e-09	9.32000000000037e-10	3.71999999999985e-09	-2.59999999998183e-11
0.525	-2.236e-09	-1.17500000000001e-09	1.55999999999991e-09	2.29800000000012e-09	3.00599999999982e-09	1.00199999999992e-09
0.53	-2.14e-09	-1.492e-09	1.24599999999994e-09	2.86400000000015e-09	2.48399999999992e-09	2.80599999999979e-09
0.535	-1.873e-09	-1.908e-09	7.53999999999974e-10	2.36600000000009e-09	4.30999999999992e-09	1.70799999999984e-09
0.54	-2.096e-09	-1.978e-09	6.6000000000002e-10	2.40399999999996e-09	5.39199999999993e-09	8.59999999998857e-11
0.545	-2.94e-09	-2.107e-09	6.00000000000051e-10	3.33399999999982e-09	4.45800000000005e-09	-6.94000000000072e-10
0.55	-3.39800000000001e-09	-2.114e-09	7.60000000000039e-10	3.63399999999984e-09	3.22800000000011e-09	-2.41999999999968e-10
0.555	-3.40600000000001e-09	-1.72300000000001e-09	1.07800000000003e-09	2.32999999999994e-09	1.61800000000007e-09	2.45000000000014e-09
0.56	-3.80000000000001e-09	-9.09000000000005e-10	9.96000000000028e-10	1.17799999999998e-09	2.20000000000046e-10	4.57000000000016e-09
0.565	-1.76600000000001e-09	-4.11999999999997e-10	6.9400000000001e-10	1.77000000000003e-09	1.82000000000043e-10	4.52999999999999e-09
0.57	3.43499999999999e-09	-7.50999999999989e-10	7.60000000000111e-11	2.14600000000011e-09	4.10000000000063e-10	4.23599999999984e-09
0.575	3.708e-09	-1.02499999999999e-09	-6.43999999999982e-10	1.85800000000008e-09	1.66800000000006e-09	3.70799999999986e-09
0.58	-1.254e-09	-1.493e-09	-9.15999999999999e-10	3.07200000000001e-09	4.46400000000004e-09	1.69399999999988e-09
0.585	-3.225e-09	-2.39e-09	-1.15000000000001e-09	4.23800000000006e-09	5.12800000000001e-09	3.51999999999843e-10
0.59	-5.029e-09	-2.88e-09	-1.08400000000002e-09	3.65400000000005e-09	4.23399999999998e-09	1.64399999999996e-09
0.595	-1.0241e-08	-2.82699999999999e-09	9.39999999999873e-11	3.32799999999996e-09	4.47399999999992e-09	3.09200000000017e-09
0.6	-1.1241e-08	-2.934e-09	6.1599999999999e-10	3.05999999999996e-09	2.99599999999987e-09	2.13600000000022e-09
0.605	-7.03300000000001e-09	-2.589e-09	-9.40000000000253e-11	2.18600000000001e-09	-4.80000000000097e-10	1.24800000000011e-09
0.61	-5.12900000000001e-09	-1.559e-09	-8.59999999999898e-11	2.22199999999998e-09	-9.94000000000031e-10	2.40799999999997e-09
0.615	-5.57000000000001e-09	-1.24800000000001e-09	4.9200000000003e-10	2.2879999999999e-09	1.18199999999997e-09	3.57399999999988e-09
0.62	-5.26000000000001e-09	-1.72100000000001e-09	4.93999999999973e-10	1.44999999999992e-09	1.66199999999992e-09	3.47199999999993e-09
0.625	-4.64400000000001e-09	-2.029e-09	6.27999999999939e-10	1.70999999999995e-09	1.47199999999991e-09	2.94199999999999e-09
0.63	-4.767e-09	-2.422e-09	1.27599999999998e-09	2.69999999999995e-09	3.03999999999994e-09	3.17000000000002e-09
0.635	-5.264e-09	-3.55900000000001e-09	1.02599999999999e-09	3.53599999999996e-09	3.91599999999999e-09	2.55600000000017e-09
0.64	-5.383e-09	-4.395e-09	-4.56000000000007e-10	4.26e-09	2.22200000000004e-09	1.00000000000246e-10
0.645	-5.583e-09	-3.764e-09	-1.09799999999998e-09	4.25600000000004e-09	8.52000000000079e-10	-4.33999999999909e-10
0.65	-6.03499999999999e-09	-3.02100000000001e-09	-5.7199999999996e-10	4.38600000000006e-09	9.00000000000093e-10	1.54000000000002e-09
0.655	-6.28199999999999e-09	-3.22e-09	-1.25799999999996e-09	4.872e-09	2.04000000000046e-10	1.00200000000005e-09
0.66	-6.41199999999999e-09	-2.91899999999999e-09	-2.28199999999998e-09	4.18200000000001e-09	7.64000000000019e-10	-1.51600000000005e-09
0.665	-6.64499999999999e-09	-1.91399999999999e-09	-2.15999999999997e-09	2.6820000000001e-09	2.87000000000001e-09	-6.92000000000096e-10
0.67	-6.78899999999999e-09	-1.99699999999999e-09	-2.73999999999996e-09	3.02600000000004e-09	3.25999999999999e-09	-3.0000000000034e-11
0.675	-6.6828e-09	-2.68499999999999e-09	-3.694e-09	3.86399999999996e-09	3.70999999999997e-09	-2.61200000000002e-09
0.68	-6.61949999999999e-09	-2.34199999999999e-09	-3.44000000000003e-09	1.2876e-08	3.88999999999997e-09	-2.46800000000004e-09
0.685	-6.59530000000001e-09	-1.939e-09	-3.19200000000003e-09	2.17460000000001e-08	1.67999999999998e-09	6.09999999999906e-10
0.69	-6.39970000000001e-09	-2.46700000000002e-09	-2.50600000000003e-09	1.24540000000001e-08	4.42000000000006e-10	8.91999999999934e-10
0.695	-6.62770000000001e-09	-2.98000000000001e-09	-7.3800000000005e-10	2.96400000000017e-09	1.05200000000004e-09	1.7400000000002e-10
0.7	-7.19520000000001e-09	-2.87100000000001e-09	-5.56000000000035e-10	1.7640000000002e-09	1.15000000000004e-09	2.44800000000003e-09
0.705	-7.46550000000001e-09	-2.92100000000001e-09	-1.21e-09	-9.24799999999988e-09	2.02200000000008e-09	3.72400000000007e-09
0.71	-7.70229999999999e-09	-3.22400000000001e-09	-3.45999999999982e-10	-1.9342e-08	2.19800000000007e-09	2.25200000000014e-09
0.715	-8.29589999999999e-09	-3.35799999999999e-09	-5.82000000000005e-10	-9.67000000000004e-09	-2.5399999999997e-10	1.80000000000469e-11
0.72	-8.82690000000001e-09	-3.23e-09	-2.604e-09	-6.22000000000149e-10	-8.27999999999971e-10	-1.75200000000012e-09
0.725	-9.09940000000001e-09	-3.027e-09	-3.41599999999996e-09	-5.28000000000095e-10	4.58000000000017e-10	-1.12200000000006e-09
0.73	-9.48580000000001e-09	-3.52300000000001e-09	-3.10199999999996e-09	3.38000000000013e-10	-4.80000000000133e-11	2.00600000000007e-09
0.735	-9.84120000000001e-09	-4.63e-09	-2.924e-09	7.11999999999986e-10	-3.54000000000016e-10	5.98600000000008e-09
0.74	-1.00473e-08	-5.233e-09	-2.65000000000004e-09	5.22000000000036e-10	1.438e-09	8.98800000000001e-09
0.745	-1.00801e-08	-5.25199999999999e-09	-2.49400000000003e-09	6.46000000000123e-10	3.26800000000002e-09	9.81e-09
0.75	-1.00402e-08	-5.37699999999999e-09	-2.44400000000004e-09	1.28600000000005e-09	3.94600000000002e-09	8.72799999999999e-09
0.755	-9.96869999999999e-09	-4.72299999999999e-09	-2.47800000000005e-09	5.27999999999963e-10	4.92799999999998e-09	6.11599999999997e-09
0.76	-1.01869e-08	-3.39799999999999e-09	-3.11800000000002e-09	-1.45200000000003e-09	6.52799999999994e-09	2.07399999999991e-09
0.765	-1.07068e-08	-2.94599999999999e-09	-4.13599999999997e-09	-2.09200000000003e-09	6.18399999999987e-09	-3.80000000000695e-11
0.77	-1.08969e-08	-3.098e-09	-4.23399999999998e-09	-1.72600000000009e-09	4.32999999999988e-09	7.08000000000035e-10
0.775	-1.0803e-08	-3.62999999999999e-09	-3.508e-09	-2.08200000000008e-09	3.81199999999999e-09	7.86000000000017e-10
0.78	-1.05361e-08	-4.757e-09	-3.27e-09	-1.39599999999998e-09	3.822e-09	4.4999999999998e-10
0.785	-8.67169999999999e-09	-5.76e-09	-2.79199999999999e-09	4.52000000000089e-10	3.60599999999997e-09	4.80000000000147e-10
0.79	-4.4701e-09	-6.425e-09	-2.15799999999999e-09	1.23800000000004e-09	4.67000000000006e-09	-9.25999999999778e-10
0.795	4.61199999999999e-10	-7.151e-09	-2.74199999999997e-09	1.20600000000003e-09	6.33400000000004e-09	-2.23199999999999e-09
0.8	5.248e-09	-7.06999999999999e-09	-4.05599999999995e-09	7.34000000000051e-10	6.67799999999992e-09	-1.85400000000006e-09
0.805	9.71339999999999e-09	-5.92299999999998e-09	-4.63799999999996e-09	-5.18000000000018e-10	7.67199999999993e-09	-1.37400000000005e-09
0.81	1.27644e-08	-5.25899999999999e-09	-4.30799999999998e-09	-1.03000000000004e-09	9.52399999999995e-09	-1.37400000000018e-09
0.815	1.37818e-08	-5.358e-09	-3.12400000000001e-09	-5.3199999999998e-10	8.46799999999996e-09	-9.00000000000226e-10
0.82	1.39205e-08	-5.13000000000002e-09	-2.19200000000005e-09	-1.70999999999996e-09	1.84780000000002e-08	2.69999999999914e-10
0.825	1.40375e-08	-4.73800000000003e-09	-2.17600000000004e-09	-3.36999999999999e-09	3.56920000000003e-08	1.03800000000002e-09
0.83	1.42786e-08	-5.80200000000003e-09	-1.39600000000002e-09	-2.48999999999998e-09	2.76320000000003e-08	1.55200000000002e-09
0.835	1.45840000000001e-08	-7.56700000000004e-09	-1.18799999999999e-09	-1.20800000000001e-09	7.82800000000004e-09	3.8980000000001e-09
0.84	1.48657000000001e-08	-7.97300000000004e-09	-2.50399999999994e-09	-6.08000000000055e-10	3.12799999999994e-09	6.37600000000015e-09
0.845	1.53354e-08	-7.81200000000002e-09	-2.85199999999993e-09	8.23999999999961e-10	-7.53200000000029e-09	5.75400000000013e-09
0.85	1.5727e-08	-8.023e-09	-2.47199999999996e-09	8.63999999999941e-10	-2.59560000000003e-08	4.80600000000009e-09
0.855	1.5918e-08	-7.93300000000001e-09	-3.52600000000001e-09	9.03199999999989e-09	-2.03280000000002e-08	4.80200000000001e-09
0.86	1.60731e-08	-7.66199999999999e-09	-4.46600000000005e-09	2.74179999999999e-08	-3.37800000000002e-09	3.21599999999999e-09
0.865	1.62878e-08	-7.98499999999999e-09	-3.93400000000004e-09	3.5342e-08	2.06600000000001e-09	2.80800000000003e-09
0.87	1.65665e-08	-8.49199999999999e-09	-3.992e-09	3.4016e-08	2.64000000000001e-09	4.648e-09
0.875	1.69501e-08	-8.87e-09	-4.28599999999998e-09	3.5114e-08	3.79999999999994e-09	4.55800000000003e-09
0.88	1.75966e-08	-9.09899999999999e-09	-3.79199999999997e-09	2.639e-08	5.17199999999988e-09	2.12000000000002e-09
0.885	1.85369e-08	-9.17199999999998e-09	-3.92399999999996e-09	7.19399999999996e-09	4.79199999999991e-09	1.1979999999998e-09
0.89	1.95145e-08	-9.33899999999999e-09	-4.76999999999998e-09	-1.31000000000003e-09	2.40399999999996e-09	9.41999999999586e-10
0.895	2.05016666666666e-08	-1.02766666666667e-08	-4.47e-09	-7.69999999999946e-10	-1.39666666666664e-09	-2.45666666666738e-09
0.9	2.144e-08	-1.155e-08	-5.27999999999996e-09	2.34000000000014e-09	-5.85999999999989e-09	2.15999999999901e-09
