vg	id_vd = 0V	ig_vd = 0V	is_vd = 0V	iavdd_vd = 0V	ignd_vd = 0V	id_vd = 0.15V	ig_vd = 0.15V	is_vd = 0.15V	iavdd_vd = 0.15V	ignd_vd = 0.15V	id_vd = 0.3V	ig_vd = 0.3V	is_vd = 0.3V	iavdd_vd = 0.3V	ignd_vd = 0.3V	id_vd = 0.45V	ig_vd = 0.45V	is_vd = 0.45V	iavdd_vd = 0.45V	ignd_vd = 0.45V	id_vd = 0.6V	ig_vd = 0.6V	is_vd = 0.6V	iavdd_vd = 0.6V	ignd_vd = 0.6V	id_vd = 0.75V	ig_vd = 0.75V	is_vd = 0.75V	iavdd_vd = 0.75V	ignd_vd = 0.75V	id_vd = 0.9V	ig_vd = 0.9V	is_vd = 0.9V	iavdd_vd = 0.9V	ignd_vd = 0.9V
1.2	-9.9483e-08	2.0456e-09	1.17e-12	4.229e-07	-3.2524e-07	-5.77386e-08	1.6702e-09	-1.5e-13	3.8076e-07	-3.2494e-07	-3.15874e-08	1.3997e-09	-4e-13	3.5514e-07	-3.249e-07	-1.58408e-08	1.2037e-09	-1.8e-13	3.395e-07	-3.2482e-07	-7.0312e-09	1.0653e-09	-1.16e-12	3.3076e-07	-3.2476e-07	-2.3905e-09	9.7292e-10	-2.02e-12	3.262e-07	-3.2472e-07	1.9532e-10	9.1491e-10	-9.7e-13	3.2362e-07	-3.2466e-07
1.195	-9.93988e-08	1.9399e-09	1.77e-12	4.227e-07	-3.2526e-07	-5.73956e-08	1.573e-09	-8.1e-13	3.8084e-07	-3.25e-07	-3.1611e-08	1.3091e-09	-1.1e-13	3.5516e-07	-3.2482e-07	-1.58346e-08	1.1142e-09	-3.1e-13	3.3964e-07	-3.2488e-07	-7.0129e-09	9.7744e-10	-4.1e-13	3.3082e-07	-3.2484e-07	-2.4041e-09	8.8542e-10	-1.3e-13	3.2634e-07	-3.2484e-07	1.967e-10	8.2656e-10	5e-13	3.2364e-07	-3.2466e-07
1.19	-9.92938e-08	1.8521e-09	4e-13	4.2284e-07	-3.2518e-07	-5.7415e-08	1.4891e-09	6.2e-13	3.8088e-07	-3.25e-07	-3.14658e-08	1.2293e-09	-1.11e-12	3.5516e-07	-3.2488e-07	-1.57768e-08	1.0358e-09	1e-13	3.3966e-07	-3.2482e-07	-7.0069e-09	8.992e-10	-2.3e-13	3.3084e-07	-3.248e-07	-2.385e-09	8.0967e-10	1e-14	3.2636e-07	-3.2486e-07	1.9468e-10	7.5285e-10	-1.24e-12	3.2372e-07	-3.2468e-07
1.185	-9.89056e-08	1.7704e-09	-8.8e-13	4.2236e-07	-3.252e-07	-5.73236e-08	1.411e-09	4.6e-13	3.8092e-07	-3.2498e-07	-3.1469e-08	1.1512e-09	-9e-14	3.5516e-07	-3.2494e-07	-1.57534e-08	9.601e-10	5.1e-13	3.3972e-07	-3.249e-07	-6.9989e-09	8.2742e-10	-1.45e-12	3.3098e-07	-3.2478e-07	-2.4114e-09	7.4048e-10	-3.9e-13	3.2642e-07	-3.2476e-07	1.9935e-10	6.8444e-10	-1.07e-12	3.2378e-07	-3.2472e-07
1.18	-9.87628e-08	1.6949e-09	-8.8e-13	4.2228e-07	-3.2518e-07	-5.72672e-08	1.3388e-09	-9.8e-13	3.8094e-07	-3.2502e-07	-3.14684e-08	1.083e-09	9.2e-13	3.5526e-07	-3.2488e-07	-1.57516e-08	8.9456e-10	-1.04e-12	3.3966e-07	-3.248e-07	-7.0003e-09	7.6637e-10	3.9e-13	3.3098e-07	-3.248e-07	-2.3911e-09	6.7687e-10	-1.7e-13	3.2648e-07	-3.2472e-07	1.9822e-10	6.2405e-10	-9.7e-13	3.239e-07	-3.247e-07
1.175	-9.86134e-08	1.6246e-09	8.2e-13	4.2206e-07	-3.2522e-07	-5.71248e-08	1.2742e-09	-9.2e-13	3.8078e-07	-3.2494e-07	-3.14916e-08	1.0211e-09	5.4e-13	3.5538e-07	-3.2494e-07	-1.57882e-08	8.3558e-10	-1.21e-12	3.399e-07	-3.249e-07	-6.9823e-09	7.068e-10	-6.4e-13	3.3112e-07	-3.2482e-07	-2.3847e-09	6.2286e-10	2.3e-13	3.2646e-07	-3.2472e-07	2.0196e-10	5.6727e-10	-6e-14	3.239e-07	-3.247e-07
1.17	-9.83e-08	1.561e-09	1.38e-12	4.2212e-07	-3.2524e-07	-5.71404e-08	1.2147e-09	-6.5e-13	3.8084e-07	-3.2488e-07	-3.14322e-08	9.6435e-10	1.6e-13	3.5538e-07	-3.2486e-07	-1.576e-08	7.8145e-10	-1.5e-13	3.3988e-07	-3.2486e-07	-6.9678e-09	6.5547e-10	-1.04e-12	3.3114e-07	-3.2476e-07	-2.4076e-09	5.686e-10	1.35e-12	3.2656e-07	-3.247e-07	1.9974e-10	5.1882e-10	3.8e-13	3.2398e-07	-3.2466e-07
1.165	-9.82212e-08	1.5015e-09	5.4e-13	4.22e-07	-3.252e-07	-5.71148e-08	1.1608e-09	2.2e-13	3.809e-07	-3.2488e-07	-3.13822e-08	9.1255e-10	7.1e-13	3.5536e-07	-3.249e-07	-1.57494e-08	7.3161e-10	-1.3e-13	3.3988e-07	-3.2486e-07	-6.9782e-09	6.0618e-10	-4.5e-13	3.3112e-07	-3.2482e-07	-2.3832e-09	5.2362e-10	1.8e-13	3.266e-07	-3.2476e-07	2.0442e-10	4.7294e-10	1.2e-13	3.241e-07	-3.2478e-07
1.16	-9.82054e-08	1.4492e-09	-1.15e-12	4.22e-07	-3.2512e-07	-5.7023e-08	1.1106e-09	5.9e-13	3.8094e-07	-3.2496e-07	-3.139e-08	8.6491e-10	-1.28e-12	3.5538e-07	-3.2486e-07	-1.57116e-08	6.8693e-10	-4.22e-12	3.399e-07	-3.249e-07	-6.9859e-09	5.642e-10	-2e-13	3.3124e-07	-3.2476e-07	-2.3967e-09	4.8531e-10	4.1e-13	3.2666e-07	-3.2468e-07	2.0614e-10	4.3219e-10	4.5e-13	3.2402e-07	-3.2472e-07
1.155	-9.79294e-08	1.399e-09	-8e-13	4.2176e-07	-3.2514e-07	-5.69846e-08	1.0636e-09	2.6e-13	3.8084e-07	-3.2494e-07	-3.13286e-08	8.2161e-10	-1.02e-12	3.5542e-07	-3.2488e-07	-1.5729e-08	6.4804e-10	-1.036e-11	3.4e-07	-3.2488e-07	-6.9764e-09	5.2312e-10	9.2e-13	3.3124e-07	-3.248e-07	-2.3919e-09	4.424e-10	1e-14	3.266e-07	-3.2472e-07	2.039e-10	3.9652e-10	-3e-14	3.242e-07	-3.2464e-07
1.15	-9.7864e-08	1.3523e-09	5.3e-13	4.217e-07	-3.2514e-07	-5.68888e-08	1.0228e-09	-1.02e-12	3.8078e-07	-3.2488e-07	-3.13598e-08	7.8243e-10	3.9e-13	3.5548e-07	-3.2488e-07	-1.5703e-08	6.1019e-10	-4.4e-12	3.4006e-07	-3.249e-07	-6.9991e-09	4.887e-10	-5e-14	3.3134e-07	-3.2482e-07	-2.37e-09	4.1396e-10	5.2e-13	3.267e-07	-3.2476e-07	2.0703e-10	3.6262e-10	-1.14e-12	3.2412e-07	-3.2466e-07
1.145	-9.7733e-08	1.3085e-09	1.06e-12	4.2164e-07	-3.2518e-07	-5.6865e-08	9.8212e-10	-7.2e-13	3.8086e-07	-3.2492e-07	-3.13054e-08	7.4446e-10	-4e-14	3.5548e-07	-3.2484e-07	-1.56774e-08	5.7463e-10	-5e-13	3.3996e-07	-3.2484e-07	-6.9522e-09	4.5593e-10	6e-14	3.3132e-07	-3.2476e-07	-2.3982e-09	3.7732e-10	-3.2e-13	3.2672e-07	-3.2476e-07	2.0466e-10	3.3366e-10	-2.11e-12	3.242e-07	-3.2472e-07
1.14	-9.75138e-08	1.2679e-09	2.13e-12	4.215e-07	-3.2514e-07	-5.68852e-08	9.4727e-10	-6.4e-13	3.8082e-07	-3.2488e-07	-3.13202e-08	7.1171e-10	-2.5e-13	3.555e-07	-3.2484e-07	-1.57122e-08	5.3657e-10	5.23e-12	3.4002e-07	-3.2482e-07	-6.9669e-09	4.254e-10	5e-14	3.3128e-07	-3.247e-07	-2.3915e-09	3.5587e-10	-2.52e-12	3.2668e-07	-3.2466e-07	2.0993e-10	3.0527e-10	-6.2e-13	3.2424e-07	-3.2474e-07
1.135	-9.75828e-08	1.2315e-09	9.9e-13	4.214e-07	-3.2524e-07	-5.67482e-08	9.1378e-10	-2.2e-13	3.8076e-07	-3.249e-07	-3.13242e-08	6.7924e-10	1.8e-13	3.555e-07	-3.2486e-07	-1.5745e-08	5.1599e-10	4.46e-12	3.4002e-07	-3.2484e-07	-6.9509e-09	3.9907e-10	-1.08e-12	3.313e-07	-3.2474e-07	-2.3917e-09	3.2338e-10	-9.3e-13	3.268e-07	-3.247e-07	2.0863e-10	2.8214e-10	1.26e-12	3.2424e-07	-3.2476e-07
1.13	-9.74042e-08	1.1976e-09	-2.9e-13	4.2128e-07	-3.2514e-07	-5.6778e-08	8.8261e-10	-8.1e-13	3.8078e-07	-3.2488e-07	-3.12822e-08	6.5367e-10	-4.8e-13	3.5548e-07	-3.2474e-07	-1.57526e-08	4.853e-10	-4.54e-12	3.4006e-07	-3.2484e-07	-6.9754e-09	3.7585e-10	9e-14	3.3136e-07	-3.2478e-07	-2.3892e-09	3.0504e-10	5.5e-13	3.2682e-07	-3.2472e-07	2.1141e-10	2.6042e-10	3e-14	3.2432e-07	-3.2482e-07
1.125	-9.71662e-08	1.1663e-09	-1.17e-12	4.2114e-07	-3.2516e-07	-5.67688e-08	8.5271e-10	-6.1e-13	3.8078e-07	-3.249e-07	-3.12806e-08	6.2625e-10	-5e-14	3.5534e-07	-3.2478e-07	-1.56988e-08	4.6737e-10	-6.97e-12	3.4008e-07	-3.248e-07	-6.9472e-09	3.5207e-10	-4.8e-13	3.3136e-07	-3.2476e-07	-2.3676e-09	2.8053e-10	1.32e-12	3.268e-07	-3.2472e-07	2.1234e-10	2.4e-10	-1.24e-12	3.2432e-07	-3.2474e-07
1.12	-9.71258e-08	1.1357e-09	3.1e-13	4.2098e-07	-3.2514e-07	-5.66996e-08	8.2721e-10	-3.4e-13	3.8078e-07	-3.2488e-07	-3.12974e-08	6.019e-10	-1.6e-13	3.5538e-07	-3.2476e-07	-1.57158e-08	4.4288e-10	-3.17e-12	3.4006e-07	-3.2478e-07	-6.9874e-09	3.3195e-10	7e-14	3.314e-07	-3.2478e-07	-2.3698e-09	2.6282e-10	-1.87e-12	3.2686e-07	-3.2466e-07	2.0991e-10	2.2301e-10	-4.8e-13	3.2426e-07	-3.2472e-07
1.115	-9.69308e-08	1.1083e-09	7.2e-13	4.209e-07	-3.2514e-07	-5.6615e-08	8.0108e-10	-2.5e-13	3.8078e-07	-3.2494e-07	-3.1284e-08	5.7857e-10	-2.6e-13	3.555e-07	-3.2482e-07	-1.56668e-08	4.1959e-10	2.85e-12	3.4014e-07	-3.2488e-07	-6.9674e-09	3.1205e-10	-4.2e-13	3.3148e-07	-3.2482e-07	-2.3825e-09	2.4632e-10	-2.02e-12	3.268e-07	-3.2472e-07	2.1472e-10	2.0456e-10	3.9e-13	3.2422e-07	-3.247e-07
1.11	-9.848e-08	1.0814e-09	1.33e-12	4.2258e-07	-3.2514e-07	-5.66068e-08	7.7882e-10	-4.1e-13	3.8072e-07	-3.249e-07	-3.13024e-08	5.5936e-10	-1.9e-13	3.5566e-07	-3.2484e-07	-1.56408e-08	4.0194e-10	5.37e-12	3.4008e-07	-3.2482e-07	-6.9621e-09	2.9548e-10	-4e-14	3.3154e-07	-3.2484e-07	-2.3617e-09	2.2752e-10	1.03e-12	3.2696e-07	-3.2482e-07	2.144e-10	1.911e-10	-4.1e-13	3.2436e-07	-3.2472e-07
1.105	-9.68582e-08	1.0548e-09	4.1e-13	4.209e-07	-3.2506e-07	-5.64752e-08	7.5719e-10	-2.7e-13	3.8064e-07	-3.249e-07	-3.12302e-08	5.3963e-10	-1e-12	3.556e-07	-3.2494e-07	-1.56622e-08	3.8329e-10	-8.1e-13	3.402e-07	-3.248e-07	-6.9442e-09	2.8032e-10	-6.1e-13	3.3152e-07	-3.2488e-07	-2.3531e-09	2.1646e-10	1.12e-12	3.2696e-07	-3.2482e-07	2.15e-10	1.7603e-10	-1.6e-12	3.244e-07	-3.248e-07
1.1	-9.68304e-08	1.0341e-09	-1.04e-12	4.2082e-07	-3.2506e-07	-5.64868e-08	7.3599e-10	-1.9e-13	3.8082e-07	-3.2492e-07	-3.12516e-08	5.2156e-10	-1.3e-12	3.5554e-07	-3.2488e-07	-1.56606e-08	3.72e-10	-4.02e-12	3.4014e-07	-3.2478e-07	-6.9258e-09	2.6415e-10	-3e-13	3.3148e-07	-3.2488e-07	-2.3561e-09	2.0023e-10	-1.08e-12	3.27e-07	-3.2482e-07	2.1423e-10	1.6526e-10	3.9e-13	3.2438e-07	-3.2476e-07
1.095	-9.66976e-08	1.009e-09	-9.5e-13	4.2078e-07	-3.2512e-07	-5.64712e-08	7.1694e-10	2.8e-13	3.8066e-07	-3.249e-07	-3.11776e-08	5.0419e-10	-3.3e-13	3.5562e-07	-3.2488e-07	-1.56962e-08	3.5155e-10	-4.13e-12	3.402e-07	-3.2488e-07	-6.9197e-09	2.5175e-10	9.3e-13	3.3148e-07	-3.2482e-07	-2.36e-09	1.9138e-10	-3.27e-12	3.269e-07	-3.2478e-07	2.1713e-10	1.5309e-10	5.6e-13	3.2426e-07	-3.247e-07
1.09	-9.68598e-08	9.8648e-10	-3.9e-13	4.2092e-07	-3.2512e-07	-5.65364e-08	6.9746e-10	-1e-14	3.807e-07	-3.2488e-07	-3.11318e-08	4.8738e-10	-7.3e-13	3.5552e-07	-3.2484e-07	-1.57108e-08	3.3988e-10	-8.5e-13	3.402e-07	-3.2488e-07	-6.8986e-09	2.4042e-10	-7.1e-13	3.3144e-07	-3.2488e-07	-2.3531e-09	1.7704e-10	-1e-13	3.2688e-07	-3.2466e-07	2.1684e-10	1.4261e-10	-3.4e-13	3.2436e-07	-3.2476e-07
1.085	-9.66366e-08	9.6665e-10	1e-14	4.2084e-07	-3.2506e-07	-5.6584e-08	6.8127e-10	7.1e-13	3.8076e-07	-3.2488e-07	-3.11698e-08	4.7316e-10	-1e-14	3.5554e-07	-3.249e-07	-1.5675e-08	3.2605e-10	2.82e-12	3.4024e-07	-3.2482e-07	-6.9028e-09	2.2835e-10	-1.2e-12	3.315e-07	-3.2486e-07	-2.348e-09	1.6803e-10	1.27e-12	3.2684e-07	-3.2464e-07	2.1556e-10	1.3365e-10	-5.5e-13	3.244e-07	-3.2474e-07
1.08	-9.65484e-08	9.4636e-10	-2.1e-13	4.2078e-07	-3.2506e-07	-5.64888e-08	6.6604e-10	-1.28e-12	3.807e-07	-3.2486e-07	-3.11542e-08	4.5944e-10	-5.6e-13	3.5556e-07	-3.2488e-07	-1.5692e-08	3.1276e-10	2.41e-12	3.402e-07	-3.2488e-07	-6.9528e-09	2.1784e-10	-1.61e-12	3.3154e-07	-3.2484e-07	-2.3495e-09	1.5876e-10	-9.8e-13	3.2694e-07	-3.2466e-07	2.1867e-10	1.2572e-10	-3.3e-13	3.2442e-07	-3.2476e-07
1.075	-9.65216e-08	9.2867e-10	8.2e-13	4.2074e-07	-3.2508e-07	-5.6451e-08	6.4779e-10	-6.5e-13	3.8068e-07	-3.2484e-07	-3.10902e-08	4.4627e-10	-1.47e-12	3.5556e-07	-3.2484e-07	-1.56678e-08	3.0359e-10	3.8e-13	3.402e-07	-3.2486e-07	-7.3721e-09	2.0724e-10	-2e-14	3.3202e-07	-3.2486e-07	-2.3454e-09	1.495e-10	-1.35e-12	3.2684e-07	-3.247e-07	2.1646e-10	1.1767e-10	6.8e-13	3.2438e-07	-3.247e-07
1.07	-9.64768e-08	9.1157e-10	9.9e-13	4.2056e-07	-3.2506e-07	-5.63862e-08	6.3462e-10	1.04e-12	3.8062e-07	-3.2482e-07	-3.11452e-08	4.3351e-10	-1.7e-13	3.556e-07	-3.249e-07	-1.56454e-08	2.9173e-10	-2.54e-12	3.4022e-07	-3.249e-07	-7.3877e-09	1.9846e-10	-6.3e-13	3.3198e-07	-3.2472e-07	-2.3569e-09	1.4322e-10	9.9e-13	3.2696e-07	-3.2476e-07	2.1864e-10	1.1112e-10	-6.4e-13	3.2436e-07	-3.247e-07
1.065	-9.62932e-08	8.9128e-10	2.7e-13	4.2052e-07	-3.2508e-07	-5.63858e-08	6.1886e-10	4.3e-13	3.806e-07	-3.249e-07	-3.11586e-08	4.2267e-10	2e-14	3.556e-07	-3.2494e-07	-1.56018e-08	2.8222e-10	-1.82e-12	3.4014e-07	-3.2488e-07	-7.3798e-09	1.8962e-10	-1.75e-12	3.3202e-07	-3.248e-07	-2.3444e-09	1.3199e-10	3.2e-13	3.2696e-07	-3.2476e-07	2.2064e-10	1.0489e-10	-4.4e-13	3.2448e-07	-3.2476e-07
1.06	-9.6163e-08	8.7573e-10	-2.8e-13	4.2038e-07	-3.2508e-07	-5.63306e-08	6.0664e-10	-2e-14	3.8064e-07	-3.2486e-07	-3.11252e-08	4.1039e-10	6.5e-13	3.5558e-07	-3.2492e-07	-1.55914e-08	2.7351e-10	-2.25e-12	3.4018e-07	-3.2484e-07	-7.3778e-09	1.823e-10	-1.14e-12	3.3202e-07	-3.2488e-07	-2.3645e-09	1.2892e-10	-6.3e-13	3.2702e-07	-3.2478e-07	2.2123e-10	9.747e-11	-1.7e-12	3.244e-07	-3.247e-07
1.055	-9.61504e-08	8.6052e-10	-2e-14	4.2038e-07	-3.2504e-07	-5.63316e-08	5.9191e-10	-1.14e-12	3.8072e-07	-3.2484e-07	-3.10896e-08	3.9921e-10	1.8e-13	3.5562e-07	-3.2484e-07	-1.55882e-08	2.6248e-10	-9.3e-13	3.401e-07	-3.2482e-07	-7.3795e-09	1.7337e-10	1.08e-12	3.3202e-07	-3.2484e-07	-2.3486e-09	1.2154e-10	-2.8e-13	3.27e-07	-3.2482e-07	2.2107e-10	9.308e-11	-3.6e-13	3.2442e-07	-3.2478e-07
1.05	-9.61682e-08	8.4515e-10	-7e-14	4.2032e-07	-3.2506e-07	-5.63444e-08	5.811e-10	2.8e-13	3.8062e-07	-3.249e-07	-3.10768e-08	3.889e-10	-4.2e-13	3.5568e-07	-3.2496e-07	-1.55736e-08	2.5477e-10	6.3e-13	3.4014e-07	-3.2484e-07	-7.382e-09	1.6651e-10	3.3e-13	3.3208e-07	-3.2478e-07	-2.3408e-09	1.1624e-10	-8.1e-13	3.269e-07	-3.2464e-07	2.2018e-10	8.693e-11	3.2e-13	3.244e-07	-3.2476e-07
1.045	-9.59542e-08	8.2956e-10	8.8e-13	4.2024e-07	-3.2508e-07	-5.62848e-08	5.6781e-10	-4.1e-13	3.8052e-07	-3.2488e-07	-3.09768e-08	3.7928e-10	-7.1e-13	3.555e-07	-3.2488e-07	-1.56072e-08	2.4838e-10	1.4e-13	3.4016e-07	-3.2484e-07	-7.3617e-09	1.607e-10	-8.6e-13	3.32e-07	-3.2482e-07	-2.3558e-09	1.0869e-10	-3.4e-13	3.2696e-07	-3.2466e-07	2.2382e-10	8.345e-11	1.5e-13	3.244e-07	-3.2468e-07
1.04	-9.59502e-08	8.1452e-10	-4.7e-13	4.2026e-07	-3.2506e-07	-5.62092e-08	5.5668e-10	-4.5e-13	3.807e-07	-3.2504e-07	-3.10464e-08	3.7003e-10	-3.2e-13	3.556e-07	-3.2486e-07	-1.55794e-08	2.4012e-10	2.7e-13	3.4018e-07	-3.2482e-07	-7.3404e-09	1.5484e-10	4.7e-13	3.32e-07	-3.2488e-07	-2.3626e-09	1.055e-10	-2.4e-13	3.27e-07	-3.2476e-07	2.2263e-10	7.829e-11	-1.33e-12	3.2444e-07	-3.247e-07
1.035	-9.59108e-08	8.0057e-10	2.6e-13	4.2014e-07	-3.2506e-07	-5.62244e-08	5.4586e-10	-3e-14	3.8078e-07	-3.2506e-07	-3.1004e-08	3.6044e-10	3e-13	3.5556e-07	-3.249e-07	-1.55868e-08	2.3171e-10	5.4e-13	3.4012e-07	-3.248e-07	-7.3568e-09	1.49e-10	1.2e-13	3.3208e-07	-3.2484e-07	-2.3389e-09	1.0205e-10	-4.7e-13	3.2694e-07	-3.247e-07	2.2263e-10	7.457e-11	-6.8e-13	3.2438e-07	-3.2474e-07
1.03	-9.57588e-08	7.8623e-10	-4.5e-13	4.2014e-07	-3.2508e-07	-5.62074e-08	5.3432e-10	2.5e-13	3.8084e-07	-3.252e-07	-3.10348e-08	3.5237e-10	1.6e-13	3.5544e-07	-3.2492e-07	-1.55624e-08	2.2523e-10	-2.24e-12	3.4018e-07	-3.2478e-07	-7.38e-09	1.4385e-10	-4.6e-13	3.3202e-07	-3.2482e-07	-2.3608e-09	9.589e-11	-1e-13	3.2694e-07	-3.247e-07	2.2413e-10	7.164e-11	4.6e-13	3.2446e-07	-3.2478e-07
1.025	-9.57564e-08	7.7319e-10	5.8e-13	4.1998e-07	-3.25e-07	-5.61886e-08	5.2361e-10	-1.14e-12	3.8074e-07	-3.2508e-07	-3.1019e-08	3.4299e-10	3.7e-13	3.555e-07	-3.2488e-07	-1.55652e-08	2.2086e-10	-2.17e-12	3.4024e-07	-3.2488e-07	-7.3702e-09	1.3849e-10	-2.9e-13	3.3206e-07	-3.2478e-07	-2.3543e-09	9.279e-11	5.8e-13	3.2688e-07	-3.2474e-07	2.2667e-10	6.742e-11	-9.3e-13	3.2444e-07	-3.2478e-07
1.02	-9.57698e-08	7.6056e-10	-9.4e-13	4.201e-07	-3.2508e-07	-5.61772e-08	5.1191e-10	-1.27e-12	3.8116e-07	-3.2506e-07	-3.10252e-08	3.349e-10	-1.22e-12	3.5552e-07	-3.2484e-07	-1.55524e-08	2.1357e-10	-2.95e-12	3.4018e-07	-3.2484e-07	-7.3591e-09	1.3386e-10	-6e-14	3.3208e-07	-3.2482e-07	-2.3252e-09	8.78e-11	-2.6e-13	3.2708e-07	-3.248e-07	2.2614e-10	6.596e-11	-1.91e-12	3.2446e-07	-3.2474e-07
1.015	-9.56984e-08	7.469e-10	8.4e-13	4.2008e-07	-3.2512e-07	-5.61226e-08	5.034e-10	-3.3e-13	3.8072e-07	-3.25e-07	-3.1013e-08	3.2801e-10	-2.03e-12	3.555e-07	-3.2484e-07	-1.55504e-08	2.0746e-10	1.36e-12	3.4014e-07	-3.2482e-07	-6.8471e-09	1.2866e-10	-1.12e-12	3.3162e-07	-3.2482e-07	-2.3274e-09	8.529e-11	-2.6e-13	3.27e-07	-3.2468e-07	2.2755e-10	6.091e-11	2e-14	3.2444e-07	-3.247e-07
1.01	-9.55974e-08	7.3545e-10	4.8e-13	4.1992e-07	-3.2506e-07	-5.61606e-08	4.9304e-10	6.6e-13	3.8082e-07	-3.2506e-07	-3.09782e-08	3.2033e-10	-8.4e-13	3.5554e-07	-3.2486e-07	-1.55082e-08	1.999e-10	2.47e-12	3.4014e-07	-3.2482e-07	-6.8629e-09	1.2473e-10	-6e-14	3.3156e-07	-3.2482e-07	-2.33e-09	8.133e-11	5.8e-13	3.2708e-07	-3.2482e-07	2.2976e-10	5.883e-11	5e-14	3.245e-07	-3.2474e-07
1.005	-9.55592e-08	7.2327e-10	1.5e-13	4.1986e-07	-3.2508e-07	-5.60418e-08	4.8368e-10	6.2e-13	3.8058e-07	-3.2502e-07	-3.09292e-08	3.126e-10	3e-13	3.5556e-07	-3.2486e-07	-1.55352e-08	1.9594e-10	-1.1e-13	3.401e-07	-3.2476e-07	-6.8431e-09	1.1812e-10	3.6e-13	3.3152e-07	-3.248e-07	-2.3422e-09	7.765e-11	9e-14	3.2704e-07	-3.2476e-07	2.3328e-10	5.63e-11	-1.54e-12	3.2446e-07	-3.2472e-07
1	-9.55714e-08	7.1219e-10	-1.7e-13	4.1988e-07	-3.2508e-07	-5.60604e-08	4.7393e-10	-3.4e-13	3.8048e-07	-3.2508e-07	-3.09734e-08	3.0636e-10	5.9e-13	3.5558e-07	-3.2482e-07	-1.54738e-08	1.9076e-10	-1.2e-12	3.4008e-07	-3.2476e-07	-6.8489e-09	1.1663e-10	-1.1e-13	3.3152e-07	-3.248e-07	-2.3386e-09	7.511e-11	-7.4e-13	3.2702e-07	-3.2476e-07	2.3482e-10	5.362e-11	-4.2e-13	3.2448e-07	-3.2478e-07
0.995	-9.54388e-08	7.0087e-10	-9.4e-13	4.1984e-07	-3.2502e-07	-5.58816e-08	4.6462e-10	-5.8e-13	3.8058e-07	-3.25e-07	-3.08504e-08	2.986e-10	-1.18e-12	3.5534e-07	-3.2482e-07	-1.55628e-08	1.8518e-10	-3.59e-12	3.4012e-07	-3.248e-07	-6.8534e-09	1.1217e-10	-2.1e-13	3.3154e-07	-3.2482e-07	-2.3155e-09	7.192e-11	-9.4e-13	3.2708e-07	-3.248e-07	2.3551e-10	5.205e-11	-1.31e-12	3.245e-07	-3.248e-07
0.99	-9.54368e-08	6.8924e-10	9e-14	4.1978e-07	-3.2502e-07	-5.58512e-08	4.566e-10	1.1e-13	3.8038e-07	-3.2502e-07	-3.09312e-08	2.9276e-10	-1.69e-12	3.5552e-07	-3.2482e-07	-1.55294e-08	1.7969e-10	-9e-13	3.401e-07	-3.2472e-07	-6.837e-09	1.0785e-10	-6e-13	3.316e-07	-3.2476e-07	-2.3418e-09	6.935e-11	-6e-13	3.2706e-07	-3.2476e-07	2.3901e-10	4.967e-11	-2.7e-13	3.245e-07	-3.248e-07
0.985	-9.53136e-08	6.7588e-10	3.3e-13	4.1966e-07	-3.2506e-07	-5.5764e-08	4.4684e-10	-7e-14	3.8034e-07	-3.251e-07	-3.08968e-08	2.8613e-10	-6.8e-13	3.554e-07	-3.2474e-07	-1.55698e-08	1.7402e-10	2.11e-12	3.4008e-07	-3.2476e-07	-6.8446e-09	1.0514e-10	-6.6e-13	3.3154e-07	-3.2478e-07	-2.343e-09	6.65e-11	-6.4e-13	3.2702e-07	-3.2472e-07	2.4316e-10	4.708e-11	-1.5e-13	3.2456e-07	-3.2482e-07
0.98	-9.53098e-08	6.6621e-10	1.52e-12	4.196e-07	-3.2506e-07	-5.5797e-08	4.4151e-10	3.3e-13	3.8088e-07	-3.2548e-07	-3.09006e-08	2.7858e-10	8.6e-13	3.5538e-07	-3.2482e-07	-1.55042e-08	1.7097e-10	1.66e-12	3.4014e-07	-3.2468e-07	-6.8581e-09	1.0003e-10	-6.1e-13	3.3152e-07	-3.2478e-07	-2.3089e-09	6.488e-11	1.5e-13	3.2702e-07	-3.247e-07	2.4556e-10	4.524e-11	-9.3e-13	3.2444e-07	-3.2474e-07
0.975	-9.52178e-08	6.5458e-10	-1.7e-13	4.1958e-07	-3.2496e-07	-5.57226e-08	4.3154e-10	5.2e-13	3.8034e-07	-3.2502e-07	-3.08686e-08	2.7278e-10	6.7e-13	3.5548e-07	-3.2478e-07	-1.55222e-08	1.6526e-10	-4.3e-13	3.4008e-07	-3.2478e-07	-6.8534e-09	9.865e-11	-6.8e-13	3.315e-07	-3.2472e-07	-2.3214e-09	6.15e-11	-1.2e-12	3.27e-07	-3.2478e-07	2.4946e-10	4.189e-11	-1.27e-12	3.2446e-07	-3.2472e-07
0.97	-9.5194e-08	6.4323e-10	-1.4e-13	4.1968e-07	-3.2512e-07	-5.5747e-08	4.2367e-10	-6e-14	3.8034e-07	-3.2508e-07	-3.08412e-08	2.6677e-10	1.6e-13	3.5538e-07	-3.2476e-07	-1.54992e-08	1.6271e-10	-3.19e-12	3.4008e-07	-3.2478e-07	-6.8326e-09	9.329e-11	-1.18e-12	3.3144e-07	-3.2472e-07	-2.3201e-09	6.003e-11	-1.34e-12	3.2704e-07	-3.2474e-07	2.5398e-10	4.027e-11	-4.1e-13	3.2448e-07	-3.2472e-07
0.965	-9.51998e-08	6.354e-10	-4.7e-13	4.1968e-07	-3.2508e-07	-5.57156e-08	4.156e-10	-1.3e-13	3.8026e-07	-3.251e-07	-3.08824e-08	2.6138e-10	-1.43e-12	3.5544e-07	-3.2482e-07	-1.55172e-08	1.5622e-10	-2.34e-12	3.4012e-07	-3.248e-07	-6.8454e-09	9.236e-11	-6.5e-13	3.315e-07	-3.2472e-07	-2.3243e-09	5.83e-11	-7.8e-13	3.27e-07	-3.2472e-07	2.5681e-10	3.851e-11	4.7e-13	3.245e-07	-3.248e-07
0.96	-9.517e-08	6.2356e-10	8e-14	4.1956e-07	-3.2506e-07	-5.57038e-08	4.0707e-10	-4.3e-13	3.8044e-07	-3.25e-07	-3.08676e-08	2.5533e-10	-1.31e-12	3.5544e-07	-3.2486e-07	-1.54676e-08	1.5128e-10	1.15e-12	3.4014e-07	-3.2474e-07	-6.8444e-09	8.858e-11	-1.18e-12	3.315e-07	-3.2472e-07	-2.32e-09	5.513e-11	-6.9e-13	3.2706e-07	-3.2474e-07	2.6375e-10	3.762e-11	-4.2e-13	3.2448e-07	-3.2476e-07
0.955	-9.5054e-08	6.144e-10	2e-14	4.1958e-07	-3.2506e-07	-5.57078e-08	3.9882e-10	4.8e-13	3.8036e-07	-3.2504e-07	-3.08872e-08	2.4861e-10	-7.4e-13	3.5538e-07	-3.2478e-07	-1.54616e-08	1.4933e-10	1.66e-12	3.4012e-07	-3.2472e-07	-6.847e-09	8.511e-11	2.2e-13	3.315e-07	-3.2474e-07	-2.3159e-09	5.335e-11	-1.95e-12	3.2704e-07	-3.2478e-07	2.7323e-10	3.497e-11	-1.95e-12	3.2446e-07	-3.2478e-07
0.95	-9.50766e-08	6.0413e-10	4e-13	4.1948e-07	-3.25e-07	-5.56892e-08	3.9276e-10	-2e-14	3.8032e-07	-3.25e-07	-3.08594e-08	2.4328e-10	1.36e-12	3.5636e-07	-3.2478e-07	-1.55114e-08	1.4467e-10	1.6e-13	3.4018e-07	-3.2476e-07	-6.8459e-09	8.316e-11	-1.6e-13	3.315e-07	-3.2466e-07	-2.3436e-09	5.267e-11	-6.6e-13	3.2694e-07	-3.2476e-07	2.7847e-10	3.398e-11	4.3e-13	3.2446e-07	-3.2472e-07
0.945	-9.51024e-08	5.939e-10	1.7e-13	4.1956e-07	-3.2504e-07	-5.5685e-08	3.8611e-10	-5.8e-13	3.8042e-07	-3.25e-07	-3.08332e-08	2.3755e-10	5.1e-13	3.5544e-07	-3.2478e-07	-1.55042e-08	1.4289e-10	-1.6e-13	3.4008e-07	-3.2476e-07	-6.8474e-09	7.996e-11	2.9e-13	3.315e-07	-3.2472e-07	-2.3091e-09	4.995e-11	9.7e-13	3.2692e-07	-3.2464e-07	2.8949e-10	3.256e-11	-4.4e-13	3.2442e-07	-3.2482e-07
0.94	-9.50064e-08	5.8399e-10	-6.4e-13	4.1936e-07	-3.2506e-07	-5.5636e-08	3.7848e-10	-9.1e-13	3.8032e-07	-3.2502e-07	-3.08002e-08	2.3393e-10	1.2e-13	3.5538e-07	-3.2482e-07	-1.54762e-08	1.3745e-10	-1.22e-12	3.4002e-07	-3.2476e-07	-6.848e-09	7.79e-11	-5.6e-13	3.3148e-07	-3.2474e-07	-2.3139e-09	4.797e-11	-8.8e-13	3.2696e-07	-3.2466e-07	3.0127e-10	2.918e-11	-7.2e-13	3.245e-07	-3.2478e-07
0.935	-9.50404e-08	5.7276e-10	7e-14	4.1956e-07	-3.2502e-07	-5.56854e-08	3.7025e-10	6.6e-13	3.8034e-07	-3.2504e-07	-3.07578e-08	2.2877e-10	-1.06e-12	3.5534e-07	-3.2474e-07	-1.5478e-08	1.302e-10	-2.8e-13	3.4014e-07	-3.2478e-07	-6.8461e-09	7.436e-11	1.2e-13	3.3156e-07	-3.2476e-07	-2.3128e-09	4.597e-11	-7.9e-13	3.2696e-07	-3.247e-07	3.1306e-10	2.892e-11	-1.53e-12	3.2444e-07	-3.2478e-07
0.93	-9.50722e-08	5.6455e-10	1.41e-12	4.1942e-07	-3.2502e-07	-5.56716e-08	3.634e-10	3e-13	3.803e-07	-3.2508e-07	-3.07726e-08	2.2298e-10	-1.26e-12	3.5538e-07	-3.2478e-07	-1.54994e-08	1.2961e-10	1.04e-12	3.4008e-07	-3.2472e-07	-6.8404e-09	7.418e-11	4.9e-13	3.3152e-07	-3.2472e-07	-2.3348e-09	4.443e-11	1.9e-13	3.27e-07	-3.2466e-07	3.2722e-10	2.565e-11	-1.1e-13	3.2434e-07	-3.2474e-07
0.925	-9.4964e-08	5.5581e-10	1.62e-12	4.195e-07	-3.2502e-07	-5.55918e-08	3.5713e-10	2.9e-13	3.8026e-07	-3.2504e-07	-3.08236e-08	2.1606e-10	8.2e-13	3.5544e-07	-3.2476e-07	-1.5472e-08	1.2558e-10	3.3e-13	3.4018e-07	-3.2478e-07	-6.8166e-09	7.068e-11	-3.3e-13	3.3152e-07	-3.2468e-07	-2.3052e-09	4.344e-11	1e-13	3.2696e-07	-3.247e-07	3.4514e-10	2.534e-11	-1.1e-13	3.2438e-07	-3.2476e-07
0.92	-9.49486e-08	5.4657e-10	-4.4e-13	4.1944e-07	-3.2502e-07	-5.56264e-08	3.5154e-10	-1.09e-12	3.8024e-07	-3.2504e-07	-3.07918e-08	2.1224e-10	7.4e-13	3.5534e-07	-3.248e-07	-1.54878e-08	1.2423e-10	-1.67e-12	3.4022e-07	-3.2484e-07	-6.8338e-09	6.84e-11	3e-14	3.3154e-07	-3.248e-07	-2.3118e-09	4.048e-11	-4.9e-13	3.2694e-07	-3.2464e-07	3.6677e-10	2.228e-11	-1.31e-12	3.2434e-07	-3.2472e-07
0.915	-9.49304e-08	5.3763e-10	7.9e-13	4.1942e-07	-3.2502e-07	-5.56488e-08	3.4375e-10	-7.2e-13	3.8024e-07	-3.25e-07	-3.07582e-08	2.0834e-10	-4.4e-13	3.5528e-07	-3.2474e-07	-1.54696e-08	1.1923e-10	-9.6e-13	3.4012e-07	-3.2478e-07	-6.8179e-09	6.665e-11	-3.1e-13	3.315e-07	-3.2472e-07	-2.3136e-09	4.093e-11	4.6e-13	3.2696e-07	-3.2472e-07	3.8799e-10	2.185e-11	-4.4e-13	3.244e-07	-3.247e-07
0.91	-9.48214e-08	5.2854e-10	6.1e-13	4.193e-07	-3.2502e-07	-5.56996e-08	3.3789e-10	-7e-14	3.808e-07	-3.2556e-07	-3.07578e-08	2.0442e-10	-1.26e-12	3.5526e-07	-3.2484e-07	-1.5444e-08	1.1619e-10	-6e-13	3.4012e-07	-3.2478e-07	-6.7943e-09	6.444e-11	-7.8e-13	3.3146e-07	-3.247e-07	-2.3062e-09	3.876e-11	7.9e-13	3.2694e-07	-3.2472e-07	4.1665e-10	1.974e-11	-4e-13	3.2432e-07	-3.2476e-07
0.905	-9.4878e-08	5.1926e-10	2.8e-13	4.1948e-07	-3.2506e-07	-5.5682e-08	3.3099e-10	9.7e-13	3.8046e-07	-3.2516e-07	-3.0739e-08	1.994e-10	-7e-13	3.5536e-07	-3.2482e-07	-1.5464e-08	1.1605e-10	-2.77e-12	3.4016e-07	-3.248e-07	-6.8332e-09	6.188e-11	5.8e-13	3.3144e-07	-3.2478e-07	-2.3029e-09	3.669e-11	-2e-12	3.2696e-07	-3.2472e-07	4.4887e-10	1.74e-11	2.3e-13	3.2432e-07	-3.2484e-07
0.9	-9.47562e-08	5.1182e-10	-1.12e-12	4.192e-07	-3.2502e-07	-5.56264e-08	3.2419e-10	-1.29e-12	3.8022e-07	-3.248e-07	-3.07876e-08	1.9376e-10	1.1e-13	3.5544e-07	-3.2482e-07	-1.54592e-08	1.0819e-10	-1.5e-12	3.4024e-07	-3.2484e-07	-6.8047e-09	6.015e-11	6e-14	3.3148e-07	-3.2474e-07	-2.3029e-09	3.624e-11	-2.2e-13	3.2694e-07	-3.2476e-07	4.7861e-10	1.794e-11	-8e-14	3.2432e-07	-3.2484e-07
0.895	-9.47942e-08	5.0263e-10	-3.5e-13	4.1932e-07	-3.2496e-07	-5.55588e-08	3.1982e-10	-1.08e-12	3.8008e-07	-3.249e-07	-3.06772e-08	1.895e-10	8.9e-13	3.5528e-07	-3.248e-07	-1.54854e-08	1.0644e-10	-1.53e-12	3.4024e-07	-3.248e-07	-6.815e-09	5.888e-11	-9.1e-13	3.3146e-07	-3.247e-07	-2.3093e-09	3.352e-11	1.59e-12	3.2698e-07	-3.2464e-07	5.1095e-10	1.56e-11	-4.8e-13	3.2428e-07	-3.2484e-07
0.89	-9.47262e-08	4.9514e-10	-1e-14	4.1916e-07	-3.2508e-07	-5.55898e-08	3.1103e-10	-5.7e-13	3.8016e-07	-3.2478e-07	-3.07036e-08	1.8468e-10	-5.7e-13	3.553e-07	-3.2476e-07	-1.5486e-08	1.0308e-10	7.1e-13	3.4016e-07	-3.2478e-07	-6.7942e-09	5.659e-11	-9.9e-13	3.3148e-07	-3.2482e-07	-2.2999e-09	3.498e-11	-9.4e-13	3.2696e-07	-3.2472e-07	5.3784e-10	1.515e-11	-1.02e-12	3.2432e-07	-3.2482e-07
0.885	-9.45818e-08	4.8631e-10	5e-13	4.1914e-07	-3.2502e-07	-5.55808e-08	3.0696e-10	-2.9e-13	3.8004e-07	-3.2486e-07	-3.0703e-08	1.8141e-10	-1.34e-12	3.553e-07	-3.2484e-07	-1.54754e-08	1.0182e-10	2.6e-13	3.4012e-07	-3.2478e-07	-6.8155e-09	5.478e-11	-2.5e-13	3.3158e-07	-3.2472e-07	-2.3283e-09	3.105e-11	-1.71e-12	3.27e-07	-3.2464e-07	5.5921e-10	1.317e-11	-6.8e-13	3.2426e-07	-3.2482e-07
0.88	-9.46498e-08	4.7916e-10	-7e-14	4.1924e-07	-3.2498e-07	-5.55536e-08	2.9926e-10	3.6e-13	3.8004e-07	-3.249e-07	-3.06444e-08	1.7763e-10	-1.5e-13	3.5526e-07	-3.2478e-07	-1.54494e-08	9.785e-11	6.1e-13	3.4014e-07	-3.2472e-07	-6.7967e-09	5.18e-11	-7e-14	3.3146e-07	-3.247e-07	-2.3097e-09	3.165e-11	-3.2e-13	3.27e-07	-3.2472e-07	5.7906e-10	1.387e-11	5e-13	3.2428e-07	-3.2484e-07
0.875	-9.45142e-08	4.7024e-10	-1.01e-12	4.1914e-07	-3.2506e-07	-5.54922e-08	2.9357e-10	7.8e-13	3.801e-07	-3.2482e-07	-3.07076e-08	1.7286e-10	3e-14	3.553e-07	-3.2472e-07	-1.54172e-08	9.457e-11	-1.36e-12	3.4012e-07	-3.2476e-07	-6.7929e-09	5.088e-11	-2.7e-13	3.3146e-07	-3.2464e-07	-2.3047e-09	2.959e-11	1.08e-12	3.2698e-07	-3.2468e-07	5.9391e-10	1.292e-11	-7.3e-13	3.2422e-07	-3.2488e-07
0.87	-9.45016e-08	4.6149e-10	5.5e-13	4.1906e-07	-3.2506e-07	-5.53798e-08	2.8909e-10	-6.4e-13	3.8006e-07	-3.2484e-07	-3.07062e-08	1.697e-10	2.7e-13	3.5524e-07	-3.2476e-07	-1.54576e-08	9.438e-11	-2.08e-12	3.4006e-07	-3.247e-07	-6.8058e-09	4.934e-11	-5.7e-13	3.3146e-07	-3.2472e-07	-2.3027e-09	2.855e-11	-1.14e-12	3.2692e-07	-3.2466e-07	6.0196e-10	1.094e-11	-1.22e-12	3.243e-07	-3.2482e-07
0.865	-9.4502e-08	4.5432e-10	3.8e-13	4.1904e-07	-3.249e-07	-5.54316e-08	2.8243e-10	-9.6e-13	3.8004e-07	-3.248e-07	-3.06588e-08	1.6429e-10	-2.5e-13	3.5534e-07	-3.2472e-07	-1.54564e-08	9.129e-11	-1.75e-12	3.4012e-07	-3.2476e-07	-6.7582e-09	4.794e-11	-1.07e-12	3.3146e-07	-3.247e-07	-2.3101e-09	2.801e-11	-1.93e-12	3.2692e-07	-3.2466e-07	6.0694e-10	1.084e-11	3e-14	3.2424e-07	-3.2486e-07
0.86	-9.44138e-08	4.4608e-10	-2.4e-13	4.1904e-07	-3.2498e-07	-5.54384e-08	2.7802e-10	-1.28e-12	3.799e-07	-3.249e-07	-3.0639e-08	1.6057e-10	-9e-13	3.5522e-07	-3.2478e-07	-1.54518e-08	8.651e-11	2.2e-12	3.4002e-07	-3.2472e-07	-6.7784e-09	4.585e-11	1.28e-12	3.3144e-07	-3.2476e-07	-2.332e-09	2.722e-11	-1.99e-12	3.2698e-07	-3.2472e-07	6.1836e-10	9.64e-12	-2e-14	3.2426e-07	-3.2488e-07
0.855	-9.4497e-08	4.3973e-10	3.6e-13	4.1896e-07	-3.249e-07	-5.54142e-08	2.7174e-10	-3.1e-13	3.8006e-07	-3.2486e-07	-3.06262e-08	1.5798e-10	-1.43e-12	3.5526e-07	-3.2476e-07	-1.54256e-08	8.467e-11	1.91e-12	3.4014e-07	-3.2478e-07	-6.7727e-09	4.467e-11	-2.8e-13	3.3146e-07	-3.2472e-07	-2.3337e-09	2.599e-11	-1.6e-13	3.2696e-07	-3.2464e-07	6.188e-10	9.24e-12	-8.4e-13	3.2428e-07	-3.2494e-07
0.85	-9.4439e-08	4.3262e-10	-1.9e-13	4.1904e-07	-3.2496e-07	-5.5439e-08	2.6572e-10	8.9e-13	3.7994e-07	-3.248e-07	-3.0664e-08	1.5257e-10	-3e-14	3.552e-07	-3.2472e-07	-1.54194e-08	8.225e-11	-3.7e-13	3.4014e-07	-3.2476e-07	-6.7699e-09	4.281e-11	-2.02e-12	3.3142e-07	-3.2474e-07	-2.3022e-09	2.467e-11	8e-14	3.2694e-07	-3.2464e-07	6.2628e-10	8.41e-12	-1.45e-12	3.2428e-07	-3.2494e-07
0.845	-9.43766e-08	4.2387e-10	3e-14	4.1884e-07	-3.2488e-07	-5.5366e-08	2.6112e-10	7e-13	3.7988e-07	-3.2478e-07	-3.06762e-08	1.5091e-10	-7.1e-13	3.552e-07	-3.247e-07	-1.54168e-08	8.152e-11	-3e-12	3.4016e-07	-3.2476e-07	-6.7726e-09	4.172e-11	-9.9e-13	3.3148e-07	-3.247e-07	-2.304e-09	2.413e-11	-6.1e-13	3.269e-07	-3.2468e-07	6.2091e-10	8.71e-12	1.07e-12	3.2422e-07	-3.249e-07
0.84	-9.44336e-08	4.1677e-10	-3.1e-13	4.1896e-07	-3.2494e-07	-5.54074e-08	2.5498e-10	-4.8e-13	3.7994e-07	-3.2478e-07	-3.06324e-08	1.4537e-10	1.5e-13	3.5528e-07	-3.2474e-07	-1.54254e-08	7.717e-11	-2.2e-12	3.4014e-07	-3.2472e-07	-6.7529e-09	3.962e-11	1.44e-12	3.3142e-07	-3.247e-07	-2.3059e-09	2.428e-11	-1.3e-13	3.2696e-07	-3.247e-07	6.2626e-10	7.15e-12	3.2e-13	3.242e-07	-3.2484e-07
0.835	-9.43858e-08	4.101e-10	-1.3e-13	4.1902e-07	-3.2488e-07	-5.53978e-08	2.5024e-10	-2.11e-12	3.8016e-07	-3.2494e-07	-3.06392e-08	1.4294e-10	-1.23e-12	3.5538e-07	-3.248e-07	-1.54108e-08	7.335e-11	4.9e-13	3.4018e-07	-3.2482e-07	-6.7577e-09	3.798e-11	3.3e-13	3.314e-07	-3.247e-07	-2.3035e-09	2.093e-11	-3.7e-13	3.2696e-07	-3.247e-07	6.2941e-10	5.88e-12	-8.6e-13	3.2422e-07	-3.248e-07
0.83	-9.43022e-08	4.023e-10	8.9e-13	4.1894e-07	-3.2494e-07	-5.54596e-08	2.4523e-10	-6.7e-13	3.8e-07	-3.2478e-07	-3.06694e-08	1.3944e-10	-8.9e-13	3.5542e-07	-3.248e-07	-1.5397e-08	7.365e-11	2.8e-12	3.4012e-07	-3.2474e-07	-6.7907e-09	3.715e-11	-1.62e-12	3.314e-07	-3.2466e-07	-2.3023e-09	2.309e-11	-5e-13	3.2696e-07	-3.247e-07	6.2761e-10	5.09e-12	-8.2e-13	3.2426e-07	-3.2492e-07
0.825	-9.43212e-08	3.9681e-10	8.9e-13	4.1884e-07	-3.2498e-07	-5.54148e-08	2.4047e-10	-2.1e-13	3.8e-07	-3.2484e-07	-3.07038e-08	1.3501e-10	-6.3e-13	3.5542e-07	-3.2476e-07	-1.53802e-08	7.083e-11	1.13e-12	3.4004e-07	-3.247e-07	-6.7648e-09	3.648e-11	-3.2e-13	3.3142e-07	-3.2468e-07	-2.2945e-09	2.023e-11	-9.3e-13	3.2696e-07	-3.2472e-07	6.3429e-10	4.09e-12	9.4e-13	3.2422e-07	-3.2488e-07
0.82	-9.42384e-08	3.897e-10	-9.1e-13	4.1878e-07	-3.2488e-07	-5.54438e-08	2.3543e-10	1.12e-12	3.8004e-07	-3.2478e-07	-3.07166e-08	1.3313e-10	7.3e-13	3.5534e-07	-3.2478e-07	-1.54084e-08	6.96e-11	-1.85e-12	3.4012e-07	-3.2468e-07	-6.7634e-09	3.484e-11	-5.8e-13	3.315e-07	-3.2472e-07	-2.2926e-09	2.121e-11	-5.6e-13	3.2698e-07	-3.2472e-07	6.4339e-10	2.4e-12	-8.6e-13	3.2426e-07	-3.249e-07
0.815	-9.4417e-08	3.8271e-10	-1.33e-12	4.1888e-07	-3.2494e-07	-5.54106e-08	2.31e-10	-4.7e-13	3.7988e-07	-3.2482e-07	-3.06596e-08	1.2952e-10	2.7e-13	3.553e-07	-3.2478e-07	-1.54114e-08	6.63e-11	-2.23e-12	3.4008e-07	-3.248e-07	-6.7789e-09	3.305e-11	8.9e-13	3.3144e-07	-3.247e-07	-2.2876e-09	1.9e-11	-1.14e-12	3.2694e-07	-3.2466e-07	6.3726e-10	2.1e-12	-1.12e-12	3.242e-07	-3.2486e-07
0.81	-9.42258e-08	3.7559e-10	-3.6e-13	4.1884e-07	-3.25e-07	-5.5349e-08	2.2569e-10	-1.36e-12	3.7996e-07	-3.2476e-07	-3.06232e-08	1.265e-10	1.7e-13	3.5534e-07	-3.2476e-07	-1.54194e-08	6.53e-11	-9.2e-13	3.4012e-07	-3.2476e-07	-6.7751e-09	3.257e-11	3e-13	3.3146e-07	-3.247e-07	-2.2839e-09	1.871e-11	-3.8e-13	3.2696e-07	-3.2466e-07	6.3739e-10	4.3e-13	-4.1e-13	3.2418e-07	-3.2482e-07
0.805	-9.4257e-08	3.692e-10	-3e-14	4.1864e-07	-3.2484e-07	-5.53794e-08	2.2118e-10	-1.47e-12	3.7998e-07	-3.2482e-07	-3.06492e-08	1.232e-10	-5.7e-13	3.5536e-07	-3.2478e-07	-1.53646e-08	6.255e-11	1.02e-12	3.4012e-07	-3.2476e-07	-6.8029e-09	3.196e-11	-8.2e-13	3.315e-07	-3.2476e-07	-2.2914e-09	1.982e-11	2.3e-13	3.2694e-07	-3.247e-07	6.3573e-10	-1.25e-12	-7.5e-13	3.2422e-07	-3.2488e-07
0.8	-9.42148e-08	3.6278e-10	3.9e-13	4.1878e-07	-3.2494e-07	-5.53804e-08	2.1583e-10	6.9e-13	3.8002e-07	-3.2488e-07	-3.06582e-08	1.1997e-10	-9.9e-13	3.5534e-07	-3.2472e-07	-1.54066e-08	6.067e-11	2.11e-12	3.401e-07	-3.2472e-07	-6.7898e-09	3.046e-11	-7.6e-13	3.315e-07	-3.2474e-07	-2.303e-09	1.664e-11	-7e-14	3.2702e-07	-3.2472e-07	6.3845e-10	-2.87e-12	-5e-13	3.2422e-07	-3.2488e-07
0.795	-9.41558e-08	3.5693e-10	1.2e-13	4.1888e-07	-3.2498e-07	-5.53354e-08	2.1193e-10	3.9e-13	3.7998e-07	-3.2492e-07	-3.06138e-08	1.1762e-10	-4.3e-13	3.5526e-07	-3.2478e-07	-1.53564e-08	5.917e-11	2e-13	3.4006e-07	-3.2472e-07	-6.7925e-09	2.837e-11	4.2e-13	3.3142e-07	-3.2476e-07	-2.2996e-09	1.788e-11	-8e-13	3.27e-07	-3.2474e-07	6.4207e-10	-3.34e-12	-4.5e-13	3.242e-07	-3.2488e-07
0.79	-9.42064e-08	3.494e-10	-3.9e-13	4.1872e-07	-3.2494e-07	-5.53214e-08	2.0793e-10	4.4e-13	3.7994e-07	-3.2482e-07	-3.06896e-08	1.141e-10	-4e-13	3.5528e-07	-3.2482e-07	-1.54176e-08	5.855e-11	-1.15e-12	3.4008e-07	-3.2476e-07	-6.7892e-09	2.839e-11	1.32e-12	3.3144e-07	-3.2468e-07	-2.3005e-09	1.509e-11	1e-12	3.27e-07	-3.2476e-07	6.3943e-10	-5e-12	-1.66e-12	3.2426e-07	-3.2488e-07
0.785	-9.41154e-08	3.4458e-10	-8.6e-13	4.1864e-07	-3.2494e-07	-5.53804e-08	2.031e-10	-6.1e-13	3.799e-07	-3.2482e-07	-3.06478e-08	1.1151e-10	6.7e-13	3.5524e-07	-3.2476e-07	-1.53658e-08	5.567e-11	-1.82e-12	3.4006e-07	-3.247e-07	-6.7762e-09	2.784e-11	-1.48e-12	3.3146e-07	-3.247e-07	-2.2771e-09	1.687e-11	7.1e-13	3.2692e-07	-3.247e-07	6.3948e-10	-7.09e-12	-9.9e-13	3.2426e-07	-3.2482e-07
0.78	-9.4173e-08	3.3748e-10	-9.6e-13	4.1874e-07	-3.2488e-07	-5.5297e-08	1.9916e-10	-8.9e-13	3.8002e-07	-3.2482e-07	-3.05798e-08	1.0911e-10	8.2e-13	3.5524e-07	-3.2478e-07	-1.54e-08	5.228e-11	-3e-13	3.4006e-07	-3.2472e-07	-7.2073e-09	2.668e-11	-7.5e-13	3.3196e-07	-3.2472e-07	-2.2629e-09	1.426e-11	-7.6e-13	3.27e-07	-3.247e-07	6.4436e-10	-9.85e-12	5e-13	3.2424e-07	-3.2488e-07
0.775	-9.4109e-08	3.3184e-10	-8.3e-13	4.187e-07	-3.2494e-07	-5.5335e-08	1.9446e-10	-1.91e-12	3.7994e-07	-3.2484e-07	-3.05314e-08	1.0508e-10	-7.9e-13	3.5526e-07	-3.2476e-07	-1.53944e-08	5.146e-11	8.3e-13	3.4016e-07	-3.2478e-07	-7.2121e-09	2.492e-11	-8.9e-13	3.315e-07	-3.2478e-07	-2.2581e-09	1.532e-11	-1.67e-12	3.2706e-07	-3.2478e-07	6.452e-10	-1.172e-11	-8.9e-13	3.2426e-07	-3.2488e-07
0.77	-9.41142e-08	3.2573e-10	1.08e-12	4.1874e-07	-3.2488e-07	-5.53614e-08	1.9062e-10	-1.6e-13	3.7998e-07	-3.2488e-07	-3.05034e-08	1.0402e-10	-2.2e-13	3.5516e-07	-3.2472e-07	-1.53774e-08	4.951e-11	4e-13	3.4008e-07	-3.248e-07	-6.7498e-09	2.463e-11	1.2e-13	3.3142e-07	-3.2472e-07	-2.2608e-09	1.405e-11	1e-14	3.2706e-07	-3.2468e-07	6.4484e-10	-1.384e-11	-1.63e-12	3.242e-07	-3.2488e-07
0.765	-9.41146e-08	3.1885e-10	5.2e-13	4.1874e-07	-3.2496e-07	-5.52712e-08	1.882e-10	1.42e-12	3.7992e-07	-3.2482e-07	-3.0484e-08	9.98e-11	-2.9e-13	3.552e-07	-3.2488e-07	-1.53696e-08	5.099e-11	-2e-13	3.4012e-07	-3.2478e-07	-6.7326e-09	2.47e-11	-1.33e-12	3.3146e-07	-3.2466e-07	-2.2414e-09	1.304e-11	-4e-14	3.269e-07	-3.247e-07	6.4903e-10	-1.654e-11	-4.6e-13	3.2426e-07	-3.249e-07
0.76	-9.41008e-08	3.1462e-10	1e-14	4.186e-07	-3.249e-07	-5.52904e-08	1.8254e-10	8.7e-13	3.7998e-07	-3.2478e-07	-3.04802e-08	9.746e-11	2.3e-13	3.5514e-07	-3.248e-07	-1.53686e-08	4.683e-11	-1.93e-12	3.4014e-07	-3.2482e-07	-6.7884e-09	2.223e-11	-1.22e-12	3.3152e-07	-3.2478e-07	-2.242e-09	1.349e-11	-9.1e-13	3.269e-07	-3.2468e-07	6.4931e-10	-1.95e-11	5.1e-13	3.2422e-07	-3.248e-07
0.755	-9.4007e-08	3.0767e-10	-7.8e-13	4.1858e-07	-3.249e-07	-5.52866e-08	1.797e-10	-1.2e-13	3.7998e-07	-3.2488e-07	-3.05188e-08	9.598e-11	-5e-13	3.551e-07	-3.2478e-07	-1.5373e-08	4.641e-11	-9.9e-13	3.4008e-07	-3.2476e-07	-6.7935e-09	2.235e-11	6.8e-13	3.3148e-07	-3.2472e-07	-2.2309e-09	1.128e-11	-6.9e-13	3.2696e-07	-3.247e-07	6.5353e-10	-2.184e-11	-1.6e-13	3.2422e-07	-3.249e-07
0.75	-9.38872e-08	3.0181e-10	-3.3e-13	4.1854e-07	-3.2494e-07	-5.65298e-08	1.7544e-10	-1.78e-12	3.8124e-07	-3.2478e-07	-3.05038e-08	9.257e-11	1.1e-12	3.5514e-07	-3.2478e-07	-1.53548e-08	4.406e-11	-2.7e-13	3.4014e-07	-3.2482e-07	-6.7626e-09	2.129e-11	3e-13	3.3138e-07	-3.2466e-07	-2.2158e-09	1.306e-11	2.9e-13	3.2684e-07	-3.2472e-07	6.503e-10	-2.471e-11	-9.4e-13	3.2422e-07	-3.2488e-07
0.745	-9.39e-08	2.9816e-10	-1.28e-12	4.1854e-07	-3.2498e-07	-5.65574e-08	1.6987e-10	-1.21e-12	3.8108e-07	-3.2484e-07	-3.04706e-08	9.124e-11	-6.1e-13	3.5514e-07	-3.2482e-07	-1.53322e-08	4.252e-11	-4e-14	3.4014e-07	-3.248e-07	-6.7948e-09	1.998e-11	-1.6e-13	3.3144e-07	-3.2468e-07	-2.2197e-09	1.065e-11	-9.6e-13	3.2692e-07	-3.2464e-07	6.5459e-10	-2.737e-11	-7.1e-13	3.2418e-07	-3.2484e-07
0.74	-9.38536e-08	2.9003e-10	-1.3e-13	4.1854e-07	-3.2488e-07	-5.515e-08	1.6737e-10	1.6e-13	3.7988e-07	-3.2484e-07	-3.05418e-08	8.799e-11	-1.22e-12	3.5526e-07	-3.2482e-07	-1.53262e-08	4.114e-11	1e-14	3.4008e-07	-3.2478e-07	-6.7725e-09	2.006e-11	-7.2e-13	3.3144e-07	-3.2468e-07	-2.2133e-09	1.013e-11	-9.4e-13	3.2684e-07	-3.2466e-07	6.5704e-10	-3.111e-11	-4.5e-13	3.2424e-07	-3.2486e-07
0.735	-9.39256e-08	2.8621e-10	1.3e-13	4.186e-07	-3.249e-07	-5.51486e-08	1.6324e-10	7.5e-13	3.7986e-07	-3.2482e-07	-3.04778e-08	8.521e-11	-7.6e-13	3.5514e-07	-3.2472e-07	-1.53598e-08	3.985e-11	-2e-14	3.401e-07	-3.2478e-07	-6.7898e-09	1.939e-11	-4.5e-13	3.3148e-07	-3.2468e-07	-2.2227e-09	1.124e-11	-1.1e-13	3.2696e-07	-3.2478e-07	6.654e-10	-3.543e-11	8.4e-13	3.2428e-07	-3.249e-07
0.73	-9.39594e-08	2.8129e-10	5.8e-13	4.1848e-07	-3.249e-07	-5.51202e-08	1.5949e-10	-2.9e-13	3.7976e-07	-3.248e-07	-3.04894e-08	8.423e-11	-8.2e-13	3.5526e-07	-3.248e-07	-1.53782e-08	4.014e-11	-5.1e-13	3.4014e-07	-3.2474e-07	-6.7769e-09	1.859e-11	-7e-13	3.315e-07	-3.247e-07	-2.2144e-09	9.74e-12	-1.13e-12	3.269e-07	-3.247e-07	6.7062e-10	-3.778e-11	-5.3e-13	3.242e-07	-3.2484e-07
0.725	-9.39256e-08	2.7387e-10	5e-14	4.1856e-07	-3.249e-07	-5.51644e-08	1.5635e-10	-5.7e-13	3.7992e-07	-3.2486e-07	-3.05364e-08	8.027e-11	3.3e-13	3.5528e-07	-3.247e-07	-1.53618e-08	3.758e-11	-5.8e-13	3.401e-07	-3.2482e-07	-6.7686e-09	1.74e-11	-3.2e-13	3.3136e-07	-3.2476e-07	-2.2131e-09	9.71e-12	-7.2e-13	3.2694e-07	-3.2468e-07	6.7258e-10	-4.264e-11	-4.1e-13	3.242e-07	-3.2484e-07
0.72	-9.38586e-08	2.709e-10	-3e-13	4.186e-07	-3.2496e-07	-5.50486e-08	1.5283e-10	-8.4e-13	3.7974e-07	-3.2488e-07	-3.04602e-08	7.949e-11	-7.6e-13	3.5514e-07	-3.2478e-07	-1.5401e-08	3.573e-11	2.6e-13	3.4008e-07	-3.2478e-07	-6.7705e-09	1.803e-11	-2.2e-13	3.314e-07	-3.2468e-07	-2.1783e-09	7.89e-12	5.4e-13	3.269e-07	-3.2472e-07	6.7619e-10	-4.696e-11	9.1e-13	3.2418e-07	-3.2488e-07
0.715	-9.38094e-08	2.6335e-10	-2e-14	4.1854e-07	-3.2484e-07	-5.5091e-08	1.4923e-10	1.4e-13	3.7982e-07	-3.2482e-07	-3.04854e-08	7.653e-11	-4e-14	3.5514e-07	-3.2476e-07	-1.53576e-08	3.455e-11	-3.6e-13	3.4008e-07	-3.2478e-07	-6.7887e-09	1.73e-11	-3.5e-13	3.3144e-07	-3.2466e-07	-2.1692e-09	9.05e-12	-1.05e-12	3.2688e-07	-3.2476e-07	6.7531e-10	-5.134e-11	-2.7e-13	3.2426e-07	-3.2486e-07
0.71	-9.3822e-08	2.6047e-10	-5.4e-13	4.1846e-07	-3.2488e-07	-5.49924e-08	1.4533e-10	-3.9e-13	3.7964e-07	-3.2476e-07	-3.04752e-08	7.449e-11	-1.32e-12	3.5524e-07	-3.2482e-07	-1.53546e-08	3.471e-11	-1.4e-13	3.4012e-07	-3.2478e-07	-6.7744e-09	1.63e-11	-9e-13	3.3146e-07	-3.247e-07	-2.1721e-09	7.35e-12	-9e-13	3.269e-07	-3.247e-07	6.8059e-10	-5.568e-11	-1.34e-12	3.242e-07	-3.2492e-07
0.705	-9.3738e-08	2.5475e-10	7.6e-13	4.1828e-07	-3.2488e-07	-5.50418e-08	1.432e-10	2.7e-13	3.7974e-07	-3.2482e-07	-3.0504e-08	7.166e-11	-9.4e-13	3.552e-07	-3.2482e-07	-1.53512e-08	3.314e-11	-4e-13	3.401e-07	-3.2476e-07	-6.7353e-09	1.57e-11	-5.8e-13	3.3136e-07	-3.2472e-07	-2.1728e-09	8.03e-12	-4.7e-13	3.2686e-07	-3.2466e-07	6.8465e-10	-6.059e-11	-9.1e-13	3.2428e-07	-3.2482e-07
0.7	-9.3655e-08	2.4986e-10	9e-14	4.183e-07	-3.2488e-07	-5.50396e-08	1.4002e-10	-1.8e-13	3.797e-07	-3.248e-07	-3.04986e-08	7.059e-11	-6.2e-13	3.5524e-07	-3.2484e-07	-1.53918e-08	3.131e-11	-1.4e-13	3.4014e-07	-3.2478e-07	-6.7382e-09	1.532e-11	-1e-14	3.3138e-07	-3.2464e-07	-2.1694e-09	6.2e-12	8.4e-13	3.2682e-07	-3.2472e-07	6.8786e-10	-6.682e-11	2.5e-13	3.2428e-07	-3.2488e-07
0.695	-9.3785e-08	2.4616e-10	3.9e-13	4.1844e-07	-3.2494e-07	-5.5081e-08	1.3719e-10	-7.8e-13	3.7974e-07	-3.247e-07	-3.05254e-08	6.806e-11	2.5e-13	3.5526e-07	-3.2478e-07	-1.54144e-08	2.972e-11	-6e-13	3.4022e-07	-3.248e-07	-6.7728e-09	1.499e-11	2e-13	3.3144e-07	-3.2466e-07	-2.1557e-09	6.96e-12	-5.4e-13	3.2688e-07	-3.247e-07	7.0017e-10	-7.141e-11	4.7e-13	3.2422e-07	-3.2484e-07
0.69	-9.3712e-08	2.4021e-10	-1.37e-12	4.1842e-07	-3.2484e-07	-5.50924e-08	1.3294e-10	-3e-13	3.797e-07	-3.2476e-07	-3.05086e-08	6.716e-11	5.1e-13	3.5528e-07	-3.248e-07	-1.54108e-08	2.981e-11	8e-14	3.4012e-07	-3.2482e-07	-6.7525e-09	1.354e-11	-8.8e-13	3.3142e-07	-3.2464e-07	-2.1531e-09	4.13e-12	-1.64e-12	3.2688e-07	-3.2476e-07	7.0335e-10	-7.7e-11	8.1e-13	3.242e-07	-3.2486e-07
0.685	-9.3805e-08	2.3566e-10	-7.7e-13	4.1848e-07	-3.2488e-07	-5.51078e-08	1.2996e-10	-2.7e-13	3.7972e-07	-3.2484e-07	-3.05266e-08	6.465e-11	1.3e-13	3.5518e-07	-3.248e-07	-1.53304e-08	2.723e-11	-6.6e-13	3.4012e-07	-3.2478e-07	-6.7563e-09	1.323e-11	-7.7e-13	3.3152e-07	-3.2478e-07	-2.1536e-09	5.37e-12	-4.3e-13	3.2688e-07	-3.2466e-07	7.0292e-10	-8.402e-11	-9.8e-13	3.2424e-07	-3.2484e-07
0.68	-9.382e-08	2.3058e-10	-5.5e-13	4.186e-07	-3.2494e-07	-5.50418e-08	1.2607e-10	7.4e-13	3.7974e-07	-3.2484e-07	-3.04888e-08	6.237e-11	-4.6e-13	3.5514e-07	-3.248e-07	-1.54172e-08	2.789e-11	-1.01e-12	3.4016e-07	-3.2478e-07	-6.7652e-09	1.311e-11	2e-13	3.315e-07	-3.2476e-07	-2.1502e-09	1.26e-12	1.41e-12	3.269e-07	-3.247e-07	7.0499e-10	-8.938e-11	-1.43e-12	3.2422e-07	-3.2482e-07
0.675	-9.37628e-08	2.2615e-10	6e-13	4.1848e-07	-3.2486e-07	-5.50462e-08	1.2421e-10	-3.5e-13	3.7968e-07	-3.2478e-07	-3.0446e-08	6.033e-11	-2.8e-13	3.5532e-07	-3.2484e-07	-1.53726e-08	2.727e-11	-2.2e-13	3.4018e-07	-3.2476e-07	-6.7647e-09	1.297e-11	-1.06e-12	3.3148e-07	-3.2482e-07	-2.1501e-09	4.05e-12	6e-14	3.2686e-07	-3.2472e-07	7.116e-10	-9.582e-11	1.9e-13	3.2418e-07	-3.2482e-07
0.67	-9.37268e-08	2.2274e-10	5.1e-13	4.1838e-07	-3.2494e-07	-5.50172e-08	1.2134e-10	-5.2e-13	3.7962e-07	-3.2482e-07	-3.05322e-08	5.908e-11	-9.2e-13	3.5532e-07	-3.2478e-07	-1.53418e-08	2.571e-11	-2.6e-13	3.4012e-07	-3.2482e-07	-6.7904e-09	1.216e-11	-1.01e-12	3.3156e-07	-3.248e-07	-2.1511e-09	5.8e-13	-3.04e-12	3.2688e-07	-3.247e-07	7.1269e-10	-1.0188e-10	-8.3e-13	3.2416e-07	-3.2472e-07
0.665	-9.3619e-08	2.1766e-10	-6.1e-13	4.184e-07	-3.2486e-07	-5.50008e-08	1.1909e-10	1.1e-13	3.797e-07	-3.2478e-07	-3.05184e-08	5.658e-11	-1.6e-13	3.5534e-07	-3.249e-07	-1.53782e-08	2.547e-11	1.01e-12	3.401e-07	-3.2478e-07	-6.7864e-09	1.234e-11	-5.6e-13	3.3144e-07	-3.247e-07	-2.1559e-09	2.8e-13	5e-14	3.2692e-07	-3.2474e-07	7.2455e-10	-1.0934e-10	-1.72e-12	3.2422e-07	-3.2476e-07
0.66	-9.36284e-08	2.1237e-10	-1.04e-12	4.183e-07	-3.2482e-07	-5.49598e-08	1.1567e-10	2.8e-13	3.797e-07	-3.2482e-07	-3.04758e-08	5.568e-11	-6.9e-13	3.5528e-07	-3.2488e-07	-1.5329e-08	2.332e-11	-1.5e-13	3.4008e-07	-3.2478e-07	-6.809e-09	1.213e-11	-4.4e-13	3.3152e-07	-3.2474e-07	-2.1535e-09	-1.59e-12	5.5e-13	3.269e-07	-3.2476e-07	7.3024e-10	-1.1688e-10	-4.4e-13	3.242e-07	-3.2484e-07
0.655	-9.51568e-08	2.0892e-10	-1.07e-12	4.198e-07	-3.2484e-07	-5.50212e-08	1.1145e-10	3.9e-13	3.7968e-07	-3.2484e-07	-3.04738e-08	5.372e-11	1.22e-12	3.5538e-07	-3.249e-07	-1.53918e-08	2.287e-11	-5.2e-13	3.4014e-07	-3.2472e-07	-6.7901e-09	1.128e-11	-7.2e-13	3.3148e-07	-3.2466e-07	-2.15e-09	-3.3e-12	1.9e-13	3.2684e-07	-3.2464e-07	7.3326e-10	-1.2408e-10	7e-13	3.242e-07	-3.2478e-07
0.65	-9.5051e-08	2.0363e-10	2e-13	4.1984e-07	-3.249e-07	-5.50724e-08	1.0953e-10	-7.5e-13	3.797e-07	-3.2476e-07	-3.05518e-08	5.201e-11	5e-14	3.5534e-07	-3.2478e-07	-1.5365e-08	2.203e-11	-7.5e-13	3.4016e-07	-3.2478e-07	-6.7792e-09	1.141e-11	-4.1e-13	3.3148e-07	-3.2476e-07	-2.1472e-09	-3.9e-13	-1.75e-12	3.2684e-07	-3.2466e-07	7.3842e-10	-1.3258e-10	2.5e-13	3.2422e-07	-3.2484e-07
0.645	-9.50786e-08	2.0008e-10	1.02e-12	4.1984e-07	-3.249e-07	-5.50606e-08	1.0745e-10	-4.7e-13	3.798e-07	-3.2476e-07	-3.05854e-08	5.13e-11	-1.1e-12	3.553e-07	-3.2482e-07	-1.5387e-08	2.159e-11	-4.7e-13	3.4012e-07	-3.2478e-07	-6.7717e-09	1.058e-11	4.3e-13	3.3142e-07	-3.2466e-07	-2.1386e-09	-6.5e-12	-1.76e-12	3.2686e-07	-3.2466e-07	7.5241e-10	-1.4065e-10	-2.11e-12	3.242e-07	-3.2482e-07
0.64	-9.35182e-08	1.9711e-10	3.5e-13	4.1828e-07	-3.2488e-07	-5.49912e-08	1.0474e-10	-1.34e-12	3.7976e-07	-3.248e-07	-3.05496e-08	4.873e-11	-1.49e-12	3.5534e-07	-3.2476e-07	-1.53924e-08	2.125e-11	-4e-14	3.402e-07	-3.2472e-07	-6.771e-09	1.04e-11	-8.1e-13	3.3154e-07	-3.248e-07	-2.1524e-09	-5.52e-12	9.3e-13	3.2686e-07	-3.2468e-07	7.5408e-10	-1.4886e-10	-3.5e-13	3.2414e-07	-3.2476e-07
0.635	-9.34562e-08	1.9193e-10	-6.9e-13	4.1826e-07	-3.2478e-07	-5.50394e-08	1.023e-10	-2.6e-13	3.7962e-07	-3.2474e-07	-3.05384e-08	4.774e-11	-6.6e-13	3.5532e-07	-3.2482e-07	-1.53922e-08	1.977e-11	4e-14	3.4016e-07	-3.247e-07	-6.7903e-09	9.8e-12	-1.23e-12	3.3152e-07	-3.247e-07	-2.1449e-09	-1.136e-11	1.59e-12	3.2686e-07	-3.2464e-07	7.6788e-10	-1.5747e-10	5.4e-13	3.242e-07	-3.2482e-07
0.63	-9.34796e-08	1.8863e-10	-7.1e-13	4.1812e-07	-3.248e-07	-5.50784e-08	9.895e-11	3e-13	3.7976e-07	-3.2478e-07	-3.059e-08	4.522e-11	1.42e-12	3.553e-07	-3.2478e-07	-1.53726e-08	1.998e-11	-1e-14	3.4014e-07	-3.2476e-07	-6.8233e-09	9.84e-12	-5.6e-13	3.3154e-07	-3.248e-07	-2.1375e-09	-7.2e-12	2.7e-13	3.2686e-07	-3.2472e-07	7.751e-10	-1.6746e-10	-8.1e-13	3.2426e-07	-3.2496e-07
0.625	-9.35432e-08	1.8387e-10	-1.2e-13	4.1818e-07	-3.249e-07	-5.51262e-08	9.516e-11	6.4e-13	3.798e-07	-3.248e-07	-3.06022e-08	4.432e-11	1.3e-13	3.5534e-07	-3.2482e-07	-1.53994e-08	1.882e-11	-8.6e-13	3.402e-07	-3.2478e-07	-6.8249e-09	9.87e-12	-3.5e-13	3.3158e-07	-3.2466e-07	-2.1418e-09	-1.425e-11	3.89e-12	3.2688e-07	-3.248e-07	7.8023e-10	-1.7497e-10	-1.16e-12	3.2434e-07	-3.2488e-07
0.62	-9.3585e-08	1.7932e-10	1.5e-12	4.1828e-07	-3.2482e-07	-5.51126e-08	9.475e-11	5.9e-13	3.799e-07	-3.2472e-07	-3.05206e-08	4.326e-11	-3.4e-13	3.552e-07	-3.2486e-07	-1.53908e-08	1.712e-11	-5.3e-13	3.401e-07	-3.2476e-07	-6.8011e-09	8.53e-12	-1.6e-12	3.3148e-07	-3.2466e-07	-2.1374e-09	-1.815e-11	7.9e-12	3.2688e-07	-3.2478e-07	7.9176e-10	-1.8466e-10	2.9e-13	3.2434e-07	-3.2488e-07
0.615	-9.35274e-08	1.7697e-10	2.2e-13	4.1816e-07	-3.2488e-07	-5.51088e-08	9.098e-11	-1.19e-12	3.7976e-07	-3.2472e-07	-3.0559e-08	4.062e-11	-1.42e-12	3.5524e-07	-3.2478e-07	-1.54038e-08	1.773e-11	-2.6e-13	3.4004e-07	-3.2468e-07	-6.8182e-09	8.97e-12	-5.9e-13	3.315e-07	-3.247e-07	-2.1357e-09	-2.238e-11	3.67e-12	3.2684e-07	-3.2466e-07	8.093e-10	-1.9492e-10	9e-14	3.2428e-07	-3.2494e-07
0.61	-9.34644e-08	1.7287e-10	0	4.182e-07	-3.2488e-07	-5.51218e-08	9.003e-11	-6.3e-13	3.797e-07	-3.2476e-07	-3.05236e-08	4.051e-11	7e-14	3.5522e-07	-3.2472e-07	-1.54482e-08	1.615e-11	-7e-14	3.401e-07	-3.246e-07	-6.8098e-09	8.21e-12	8e-14	3.315e-07	-3.247e-07	-2.1268e-09	-1.355e-11	-1.581e-11	3.2696e-07	-3.2472e-07	8.2102e-10	-2.0357e-10	-8.5e-13	3.2428e-07	-3.2486e-07
0.605	-9.34348e-08	1.6943e-10	-5.3e-13	4.1822e-07	-3.2488e-07	-5.50842e-08	8.77e-11	2.2e-13	3.7986e-07	-3.2478e-07	-3.05064e-08	3.833e-11	-4.1e-13	3.5526e-07	-3.2478e-07	-1.5462e-08	1.615e-11	7e-13	3.4012e-07	-3.2464e-07	-6.8358e-09	8.43e-12	-3.6e-13	3.3154e-07	-3.2474e-07	-2.1357e-09	-1.867e-11	-6.65e-12	3.2696e-07	-3.2472e-07	8.2645e-10	-2.13e-10	-1.8e-13	3.243e-07	-3.2484e-07
0.6	-9.3471e-08	1.6579e-10	5.8e-13	4.1816e-07	-3.2494e-07	-5.50008e-08	8.375e-11	1.4e-12	3.797e-07	-3.247e-07	-3.05586e-08	3.76e-11	2.4e-13	3.5526e-07	-3.2476e-07	-1.53952e-08	1.542e-11	-1.32e-12	3.4014e-07	-3.2466e-07	-6.8432e-09	7.71e-12	-3e-13	3.315e-07	-3.247e-07	-2.1433e-09	-2.98e-11	9.61e-12	3.27e-07	-3.2478e-07	8.3943e-10	-2.2255e-10	-1.56e-12	3.2426e-07	-3.2488e-07
0.595	-9.34194e-08	1.6054e-10	-4e-14	4.1814e-07	-3.249e-07	-5.5064e-08	8.347e-11	-3e-14	3.7974e-07	-3.247e-07	-3.05694e-08	3.745e-11	-4.4e-13	3.5536e-07	-3.2476e-07	-1.54382e-08	1.515e-11	-1.81e-12	3.4012e-07	-3.2466e-07	-6.8483e-09	6.79e-12	-1.3e-13	3.3152e-07	-3.2468e-07	-2.1488e-09	-2.315e-11	-5.9e-13	3.2694e-07	-3.2478e-07	8.4918e-10	-2.3359e-10	-1.1e-12	3.2422e-07	-3.2484e-07
0.59	-9.3413e-08	1.5807e-10	7.7e-13	4.1832e-07	-3.2498e-07	-5.50964e-08	7.96e-11	-1.06e-12	3.798e-07	-3.247e-07	-3.06094e-08	3.353e-11	2e-14	3.5532e-07	-3.2476e-07	-1.54872e-08	1.454e-11	-1.08e-12	3.4018e-07	-3.2462e-07	-6.8268e-09	7.18e-12	4.2e-13	3.315e-07	-3.2466e-07	-2.1498e-09	-2.671e-11	-1.016e-11	3.2696e-07	-3.2474e-07	8.5677e-10	-2.4262e-10	1.3e-13	3.2428e-07	-3.2484e-07
0.585	-9.34288e-08	1.5454e-10	-7.6e-13	4.1826e-07	-3.2492e-07	-5.50078e-08	7.871e-11	-1.2e-12	3.7962e-07	-3.2478e-07	-3.0518e-08	3.47e-11	-8.7e-13	3.5516e-07	-3.247e-07	-1.5497e-08	1.302e-11	2.5e-13	3.4014e-07	-3.247e-07	-6.8588e-09	6.45e-12	-1.28e-12	3.3156e-07	-3.2466e-07	-2.1457e-09	-3.042e-11	-8.6e-13	3.2688e-07	-3.2472e-07	8.6579e-10	-2.5395e-10	-8.7e-13	3.243e-07	-3.2494e-07
0.58	-9.35012e-08	1.5189e-10	-1.42e-12	4.1814e-07	-3.2488e-07	-5.5032e-08	7.638e-11	1.5e-13	3.7974e-07	-3.2476e-07	-3.05352e-08	3.207e-11	1e-14	3.5528e-07	-3.2466e-07	-1.55024e-08	1.317e-11	5.1e-13	3.4014e-07	-3.2468e-07	-6.8465e-09	6.6e-12	-1.08e-12	3.3152e-07	-3.2468e-07	-2.1169e-09	-3.879e-11	8.04e-12	3.2686e-07	-3.2474e-07	8.7101e-10	-2.6297e-10	-5.6e-13	3.2428e-07	-3.249e-07
0.575	-9.3413e-08	1.4793e-10	-2e-13	4.1814e-07	-3.2482e-07	-5.51108e-08	7.38e-11	1.7e-13	3.797e-07	-3.2472e-07	-3.05022e-08	3.045e-11	8.1e-13	3.5518e-07	-3.2466e-07	-1.5472e-08	1.357e-11	-2.1e-13	3.4008e-07	-3.2458e-07	-6.8376e-09	5.22e-12	4.9e-13	3.3156e-07	-3.247e-07	-2.1016e-09	-4.096e-11	2.32e-12	3.2694e-07	-3.2474e-07	8.8799e-10	-2.7493e-10	-1.4e-13	3.2426e-07	-3.2486e-07
0.57	-9.33566e-08	1.4572e-10	-1.2e-13	4.1808e-07	-3.2488e-07	-5.50208e-08	7.255e-11	8.4e-13	3.798e-07	-3.2468e-07	-3.06092e-08	3.16e-11	0	3.5534e-07	-3.2476e-07	-1.55064e-08	1.213e-11	-1.9e-13	3.4012e-07	-3.247e-07	-6.8816e-09	5.67e-12	-9.3e-13	3.3154e-07	-3.2466e-07	-2.1317e-09	-4.133e-11	-5.7e-12	3.269e-07	-3.2468e-07	8.8898e-10	-2.8448e-10	-3e-14	3.2426e-07	-3.2478e-07
0.565	-9.34062e-08	1.3999e-10	-3.3e-13	4.1824e-07	-3.2488e-07	-5.50988e-08	7.001e-11	-5.9e-13	3.7982e-07	-3.2478e-07	-3.06022e-08	2.804e-11	-4.5e-13	3.553e-07	-3.2464e-07	-1.54772e-08	1.117e-11	5.7e-13	3.401e-07	-3.2466e-07	-6.893e-09	4.11e-12	-1.2e-13	3.3154e-07	-3.2466e-07	-2.1409e-09	-4.966e-11	-3.8e-13	3.269e-07	-3.2474e-07	8.9318e-10	-2.9689e-10	-1.22e-12	3.2426e-07	-3.2488e-07
0.56	-9.35018e-08	1.3718e-10	1.01e-12	4.183e-07	-3.2492e-07	-5.53546e-08	6.771e-11	-5e-14	3.8006e-07	-3.247e-07	-3.0611e-08	2.93e-11	-7.2e-13	3.5528e-07	-3.247e-07	-1.54546e-08	1.078e-11	-4.6e-13	3.4016e-07	-3.246e-07	-6.8954e-09	4.67e-12	-8.7e-13	3.3154e-07	-3.247e-07	-2.1234e-09	-5.18e-11	5.28e-12	3.2684e-07	-3.2472e-07	9.079e-10	-3.0784e-10	-1.75e-12	3.2422e-07	-3.2478e-07
0.555	-9.34372e-08	1.3499e-10	-1.19e-12	4.1818e-07	-3.2484e-07	-5.5381e-08	6.603e-11	-1.24e-12	3.8002e-07	-3.2472e-07	-3.06202e-08	2.59e-11	-1e-14	3.5526e-07	-3.247e-07	-1.55e-08	1.065e-11	-1.1e-13	3.4014e-07	-3.2468e-07	-6.8982e-09	3.99e-12	1.12e-12	3.3162e-07	-3.2476e-07	-2.0978e-09	-5.81e-11	6.7e-13	3.2692e-07	-3.2466e-07	9.1609e-10	-3.1852e-10	-1e-13	3.2422e-07	-3.2484e-07
0.55	-9.34966e-08	1.3213e-10	-1.49e-12	4.1812e-07	-3.2488e-07	-5.5436e-08	6.342e-11	1.4e-13	3.801e-07	-3.2472e-07	-3.06232e-08	2.574e-11	7e-13	3.5522e-07	-3.2472e-07	-1.54924e-08	1.048e-11	2e-14	3.4018e-07	-3.2464e-07	-6.8872e-09	2.43e-12	3e-13	3.316e-07	-3.2474e-07	-2.0831e-09	-5.818e-11	-8.07e-12	3.2684e-07	-3.2468e-07	9.4353e-10	-3.3037e-10	-1e-13	3.2426e-07	-3.2494e-07
0.545	-9.3415e-08	1.2926e-10	-8.6e-13	4.1818e-07	-3.2486e-07	-5.53818e-08	6.227e-11	3e-13	3.8002e-07	-3.2472e-07	-3.05932e-08	2.531e-11	-6.6e-13	3.5524e-07	-3.2464e-07	-1.54958e-08	1.009e-11	4.4e-13	3.4024e-07	-3.2462e-07	-6.8737e-09	2.1e-12	5e-14	3.315e-07	-3.2472e-07	-2.0983e-09	-6.905e-11	-3.77e-12	3.2684e-07	-3.2464e-07	9.4415e-10	-3.4318e-10	-3.9e-13	3.2428e-07	-3.2484e-07
0.54	-9.33526e-08	1.2479e-10	1.07e-12	4.1804e-07	-3.2476e-07	-5.53624e-08	6.104e-11	-9.1e-13	3.8004e-07	-3.247e-07	-3.06216e-08	2.384e-11	-1.32e-12	3.5534e-07	-3.247e-07	-1.55024e-08	1.037e-11	-6.3e-13	3.4012e-07	-3.246e-07	-6.8958e-09	2.67e-12	-6.5e-13	3.316e-07	-3.2468e-07	-2.1178e-09	-7.266e-11	3.47e-12	3.2688e-07	-3.2468e-07	9.6023e-10	-3.5559e-10	-6.1e-13	3.2426e-07	-3.2478e-07
0.535	-9.34378e-08	1.2231e-10	3.5e-13	4.1822e-07	-3.2486e-07	-5.53688e-08	5.789e-11	-4.3e-13	3.8e-07	-3.2474e-07	-3.06214e-08	2.408e-11	-3.7e-13	3.5528e-07	-3.247e-07	-1.55372e-08	8.3e-12	-1.7e-13	3.4018e-07	-3.2464e-07	-6.8772e-09	8.7e-13	-9e-13	3.3152e-07	-3.2466e-07	-2.0976e-09	-8.013e-11	4.16e-12	3.2694e-07	-3.2472e-07	9.7764e-10	-3.678e-10	5e-14	3.2422e-07	-3.2484e-07
0.53	-9.33966e-08	1.1971e-10	-4.5e-13	4.181e-07	-3.249e-07	-5.53268e-08	5.671e-11	-9.5e-13	3.8004e-07	-3.2472e-07	-3.05906e-08	2.158e-11	3.9e-13	3.5534e-07	-3.247e-07	-1.55302e-08	9.08e-12	-1.01e-12	3.4014e-07	-3.246e-07	-6.8777e-09	2.1e-13	6e-13	3.3154e-07	-3.2462e-07	-2.0966e-09	-8.615e-11	-8.7e-13	3.2686e-07	-3.2472e-07	9.909e-10	-3.8229e-10	-6.3e-13	3.2428e-07	-3.2488e-07
0.525	-9.33626e-08	1.1681e-10	-9.5e-13	4.1806e-07	-3.2482e-07	-5.52348e-08	5.431e-11	-1.13e-12	3.7996e-07	-3.2464e-07	-3.0611e-08	2.095e-11	1.06e-12	3.5538e-07	-3.2472e-07	-1.55194e-08	6.74e-12	-1e-13	3.402e-07	-3.2462e-07	-6.8938e-09	2e-14	-4.5e-13	3.3154e-07	-3.247e-07	-2.0591e-09	-8.97e-11	-3.2e-13	3.2682e-07	-3.2468e-07	1.00543e-09	-3.9436e-10	-1.04e-12	3.2428e-07	-3.2482e-07
0.52	-9.34558e-08	1.1439e-10	-1.29e-12	4.1806e-07	-3.2478e-07	-5.52192e-08	5.258e-11	6.9e-13	3.799e-07	-3.2472e-07	-3.06286e-08	2.097e-11	-5.2e-13	3.5536e-07	-3.2472e-07	-1.55746e-08	8.07e-12	-1.6e-13	3.402e-07	-3.2466e-07	-6.9061e-09	-5.1e-13	-3.5e-13	3.3156e-07	-3.2466e-07	-2.0577e-09	-1.0007e-10	-7.2e-13	3.2684e-07	-3.248e-07	1.01502e-09	-4.0802e-10	2.8e-13	3.2426e-07	-3.249e-07
0.515	-9.33194e-08	1.1238e-10	-6.1e-13	4.1806e-07	-3.2476e-07	-5.52682e-08	5.165e-11	4e-13	3.7994e-07	-3.2468e-07	-3.0571e-08	1.961e-11	-4.7e-13	3.553e-07	-3.2466e-07	-1.55568e-08	7.62e-12	-2e-12	3.4014e-07	-3.2468e-07	-6.9359e-09	-1.54e-12	-8e-13	3.3162e-07	-3.2462e-07	-2.0705e-09	-1.0536e-10	9e-13	3.2696e-07	-3.2482e-07	1.01727e-09	-4.2396e-10	-4.8e-13	3.2432e-07	-3.249e-07
0.51	-9.34356e-08	1.0827e-10	2.5e-13	4.18e-07	-3.2478e-07	-5.53194e-08	5.047e-11	5.4e-13	3.8004e-07	-3.247e-07	-3.05802e-08	1.945e-11	-2.3e-13	3.5526e-07	-3.2466e-07	-1.55634e-08	6.9e-12	-1.4e-13	3.4016e-07	-3.2464e-07	-6.8919e-09	-3.31e-12	-6.7e-13	3.3156e-07	-3.2466e-07	-2.0589e-09	-1.118e-10	-1.89e-12	3.2694e-07	-3.2474e-07	1.03368e-09	-4.3874e-10	2.3e-13	3.2432e-07	-3.2486e-07
0.505	-9.33738e-08	1.0596e-10	1.12e-12	4.1814e-07	-3.2478e-07	-5.53484e-08	4.868e-11	-1.11e-12	3.8002e-07	-3.2474e-07	-3.05968e-08	1.792e-11	-3e-13	3.5532e-07	-3.247e-07	-1.559e-08	7.14e-12	9.7e-13	3.4014e-07	-3.2464e-07	-6.8992e-09	-3.32e-12	-5.8e-13	3.3162e-07	-3.2468e-07	-2.0235e-09	-1.224e-10	-9.4e-13	3.2682e-07	-3.2466e-07	1.0512e-09	-4.5381e-10	-5e-14	3.2428e-07	-3.2494e-07
0.5	-9.33798e-08	1.0303e-10	1.2e-13	4.1814e-07	-3.2486e-07	-5.53418e-08	4.639e-11	-1.66e-12	3.8002e-07	-3.2476e-07	-3.0587e-08	1.643e-11	-3.5e-13	3.5528e-07	-3.2472e-07	-1.55988e-08	5.78e-12	1.05e-12	3.402e-07	-3.2456e-07	-6.9005e-09	-5.35e-12	-8.8e-13	3.3154e-07	-3.2468e-07	-2.0237e-09	-1.2741e-10	-1.69e-12	3.2688e-07	-3.2466e-07	1.06842e-09	-4.6903e-10	-1.12e-12	3.2432e-07	-3.2494e-07
0.495	-9.34232e-08	1.0036e-10	-7.1e-13	4.1806e-07	-3.2488e-07	-5.53354e-08	4.426e-11	-2e-14	3.8006e-07	-3.2476e-07	-3.05918e-08	1.668e-11	2.8e-13	3.5542e-07	-3.2468e-07	-1.55396e-08	6.57e-12	-9.6e-13	3.4008e-07	-3.2456e-07	-6.8923e-09	-6.78e-12	-3.3e-13	3.3156e-07	-3.2466e-07	-2.014e-09	-1.3927e-10	-1.95e-12	3.269e-07	-3.247e-07	1.08378e-09	-4.8692e-10	-4.1e-13	3.2426e-07	-3.249e-07
0.49	-9.33802e-08	9.875e-11	-8.4e-13	4.1814e-07	-3.2478e-07	-5.53562e-08	4.323e-11	4.7e-13	3.801e-07	-3.2472e-07	-3.05804e-08	1.471e-11	-1.22e-12	3.553e-07	-3.247e-07	-1.55732e-08	4.82e-12	-8.9e-13	3.402e-07	-3.2456e-07	-6.8838e-09	-7.63e-12	6.8e-13	3.3154e-07	-3.2462e-07	-2.007e-09	-1.4125e-10	-8.6e-13	3.2682e-07	-3.2468e-07	1.09941e-09	-5.0279e-10	1.9e-13	3.2428e-07	-3.2492e-07
0.485	-9.33732e-08	9.543e-11	3.9e-13	4.1804e-07	-3.2488e-07	-5.52798e-08	4.287e-11	1.5e-13	3.7998e-07	-3.2468e-07	-3.06736e-08	1.497e-11	-7e-13	3.5534e-07	-3.2466e-07	-1.55692e-08	5.79e-12	-6.6e-13	3.4026e-07	-3.2466e-07	-6.9273e-09	-8.7e-12	-2.2e-13	3.3156e-07	-3.246e-07	-1.9982e-09	-1.538e-10	2.75e-12	3.2688e-07	-3.2466e-07	1.12133e-09	-5.1928e-10	3.2e-13	3.2426e-07	-3.2496e-07
0.48	-9.32872e-08	9.375e-11	2.4e-13	4.1796e-07	-3.2484e-07	-5.53118e-08	4.049e-11	-3.8e-13	3.7998e-07	-3.2472e-07	-3.06502e-08	1.407e-11	-7.1e-13	3.5534e-07	-3.2466e-07	-1.56016e-08	4.6e-12	-1.9e-13	3.402e-07	-3.2458e-07	-6.8946e-09	-1.103e-11	-1.61e-12	3.315e-07	-3.2466e-07	-1.9928e-09	-1.6057e-10	9.2e-13	3.2684e-07	-3.2476e-07	1.14391e-09	-5.4793e-10	-1.97e-12	3.242e-07	-3.2484e-07
0.475	-9.3337e-08	9.033e-11	-1.2e-13	4.181e-07	-3.2482e-07	-5.53376e-08	3.976e-11	-7.9e-13	3.8e-07	-3.2476e-07	-3.0636e-08	1.34e-11	-1e-13	3.5532e-07	-3.2466e-07	-1.56168e-08	4.16e-12	1.7e-13	3.4028e-07	-3.2464e-07	-6.883e-09	-1.341e-11	4.9e-13	3.3148e-07	-3.2454e-07	-1.9806e-09	-1.7195e-10	-1.77e-12	3.2684e-07	-3.2476e-07	1.1489e-09	-5.5648e-10	4.7e-13	3.2432e-07	-3.2496e-07
0.47	-9.33686e-08	8.838e-11	-1.29e-12	4.1808e-07	-3.2474e-07	-5.53366e-08	3.806e-11	-1.4e-13	3.7994e-07	-3.2466e-07	-3.0636e-08	1.345e-11	8.1e-13	3.553e-07	-3.246e-07	-1.56126e-08	4.57e-12	-1.21e-12	3.4012e-07	-3.246e-07	-6.8976e-09	-1.395e-11	1.26e-12	3.3154e-07	-3.2464e-07	-1.9775e-09	-1.8018e-10	-4.5e-13	3.2694e-07	-3.2482e-07	1.1731e-09	-5.7513e-10	-1.77e-12	3.2432e-07	-3.2484e-07
0.465	-9.34138e-08	8.499e-11	-1.6e-13	4.1808e-07	-3.2482e-07	-5.52694e-08	3.539e-11	-7.1e-13	3.7998e-07	-3.247e-07	-3.06162e-08	1.223e-11	8.4e-13	3.5522e-07	-3.2464e-07	-1.55974e-08	3.14e-12	-1.61e-12	3.4022e-07	-3.2464e-07	-6.8946e-09	-1.63e-11	-5.6e-13	3.3146e-07	-3.246e-07	-1.972e-09	-1.9013e-10	2.12e-12	3.2694e-07	-3.2476e-07	1.1855e-09	-5.9412e-10	-8.9e-13	3.2426e-07	-3.2482e-07
0.46	-9.3356e-08	8.344e-11	-2.7e-13	4.1806e-07	-3.248e-07	-5.53016e-08	3.545e-11	-2e-14	3.8002e-07	-3.247e-07	-3.06312e-08	1.072e-11	-5.5e-13	3.5538e-07	-3.2476e-07	-1.5621e-08	4.59e-12	-1.13e-12	3.402e-07	-3.246e-07	-6.9004e-09	-1.786e-11	-4.7e-13	3.3148e-07	-3.2466e-07	-1.9505e-09	-1.9986e-10	-1.9e-13	3.2688e-07	-3.2472e-07	1.2104e-09	-6.146e-10	1.6e-13	3.2426e-07	-3.2488e-07
0.455	-9.34608e-08	8.148e-11	-5.9e-13	4.1818e-07	-3.2474e-07	-5.53568e-08	3.36e-11	3.1e-13	3.7998e-07	-3.2468e-07	-3.06476e-08	1.09e-11	4.6e-13	3.553e-07	-3.247e-07	-1.56706e-08	3.08e-12	-1.06e-12	3.4026e-07	-3.2458e-07	-6.8657e-09	-2.168e-11	-1.7e-13	3.3146e-07	-3.2462e-07	-1.9595e-09	-2.0789e-10	-2.73e-12	3.269e-07	-3.2474e-07	1.2358e-09	-6.3728e-10	5e-13	3.2418e-07	-3.2478e-07
0.45	-9.3435e-08	7.877e-11	-8.1e-13	4.1812e-07	-3.2482e-07	-5.53342e-08	3.254e-11	-4.8e-13	3.8006e-07	-3.2466e-07	-3.0633e-08	1.054e-11	-4.8e-13	3.5534e-07	-3.247e-07	-1.56526e-08	2.38e-12	9.9e-13	3.403e-07	-3.2464e-07	-6.8814e-09	-2.324e-11	5.9e-13	3.3154e-07	-3.2462e-07	-1.9367e-09	-2.2062e-10	-1.86e-12	3.2696e-07	-3.2472e-07	1.2499e-09	-6.5774e-10	-1.07e-12	3.2416e-07	-3.2482e-07
0.445	-9.34406e-08	7.71e-11	4.2e-13	4.1812e-07	-3.2484e-07	-5.5338e-08	3.119e-11	-1.04e-12	3.8e-07	-3.2476e-07	-3.06116e-08	8.92e-12	1.7e-13	3.5536e-07	-3.2474e-07	-1.56626e-08	2.07e-12	6.9e-13	3.4034e-07	-3.2462e-07	-6.8928e-09	-2.682e-11	-4.2e-13	3.315e-07	-3.246e-07	-1.92e-09	-2.3119e-10	1.58e-12	3.269e-07	-3.2474e-07	1.2753e-09	-6.8061e-10	-5e-13	3.2416e-07	-3.2472e-07
0.44	-9.3353e-08	7.345e-11	1.8e-13	4.1808e-07	-3.2478e-07	-5.53698e-08	3.008e-11	-1.7e-13	3.8004e-07	-3.2464e-07	-3.06698e-08	1.035e-11	7.1e-13	3.554e-07	-3.2462e-07	-1.56444e-08	2.03e-12	-2.7e-13	3.4028e-07	-3.246e-07	-6.8728e-09	-2.924e-11	-1.41e-12	3.3148e-07	-3.246e-07	-1.9103e-09	-2.4197e-10	2.33e-12	3.2694e-07	-3.2476e-07	1.2967e-09	-7.0557e-10	4e-14	3.2422e-07	-3.2482e-07
0.435	-9.33622e-08	7.252e-11	-3.6e-13	4.1812e-07	-3.2478e-07	-5.53578e-08	2.719e-11	3.4e-13	3.8006e-07	-3.247e-07	-3.0723e-08	7.86e-12	2.6e-13	3.5542e-07	-3.2466e-07	-1.5678e-08	2.6e-12	-1.57e-12	3.4018e-07	-3.2456e-07	-6.8731e-09	-3.181e-11	-5.3e-13	3.3156e-07	-3.247e-07	-1.9013e-09	-2.5046e-10	-2.38e-12	3.2686e-07	-3.2468e-07	1.3209e-09	-7.2925e-10	2.7e-13	3.2422e-07	-3.2484e-07
0.43	-9.34668e-08	7.011e-11	-4e-13	4.1806e-07	-3.2478e-07	-5.53948e-08	2.759e-11	1.2e-13	3.8e-07	-3.2468e-07	-3.0752e-08	7.87e-12	-3e-13	3.5534e-07	-3.2466e-07	-1.56812e-08	1.18e-12	-9.7e-13	3.4026e-07	-3.2464e-07	-6.8687e-09	-3.623e-11	4.4e-13	3.316e-07	-3.2468e-07	-1.8841e-09	-2.621e-10	-1.42e-12	3.2688e-07	-3.2472e-07	1.3432e-09	-7.5328e-10	-3.8e-13	3.243e-07	-3.2484e-07
0.425	-9.3387e-08	6.77e-11	-6.8e-13	4.1818e-07	-3.248e-07	-5.54102e-08	2.63e-11	-1.23e-12	3.8004e-07	-3.246e-07	-3.0728e-08	6.19e-12	4.7e-13	3.5544e-07	-3.2466e-07	-1.56696e-08	6.7e-13	7.2e-13	3.4034e-07	-3.246e-07	-6.8473e-09	-3.875e-11	-3.4e-13	3.316e-07	-3.2472e-07	-1.906e-09	-2.7605e-10	8.7e-13	3.2688e-07	-3.2466e-07	1.3698e-09	-7.7775e-10	-7e-13	3.2424e-07	-3.2486e-07
0.42	-9.34498e-08	6.618e-11	3.9e-13	4.1804e-07	-3.247e-07	-5.54532e-08	2.534e-11	-7.4e-13	3.8e-07	-3.2466e-07	-3.06966e-08	6.7e-12	2.5e-13	3.5534e-07	-3.2468e-07	-1.57328e-08	4.1e-13	5.6e-13	3.403e-07	-3.246e-07	-6.8596e-09	-4.296e-11	-4.3e-13	3.3164e-07	-3.2474e-07	-1.8909e-09	-2.8631e-10	1.77e-12	3.2684e-07	-3.2464e-07	1.3857e-09	-8.0294e-10	-4e-13	3.2422e-07	-3.2478e-07
0.415	-9.33646e-08	6.436e-11	3.5e-13	4.1814e-07	-3.2478e-07	-5.54054e-08	2.444e-11	1.7e-13	3.8004e-07	-3.2464e-07	-3.07004e-08	6.7e-12	-2.9e-13	3.5542e-07	-3.2468e-07	-1.57192e-08	2.5e-13	7.3e-13	3.403e-07	-3.2454e-07	-6.8387e-09	-4.535e-11	-6.3e-13	3.3154e-07	-3.246e-07	-1.8562e-09	-2.9761e-10	-1.02e-12	3.2682e-07	-3.2476e-07	1.4196e-09	-8.3132e-10	4.4e-13	3.2432e-07	-3.2484e-07
0.41	-9.33546e-08	6.159e-11	-2.9e-13	4.1812e-07	-3.249e-07	-5.52888e-08	2.24e-11	1.34e-12	3.7986e-07	-3.2466e-07	-3.07774e-08	6.82e-12	9e-14	3.5542e-07	-3.2468e-07	-1.57036e-08	3.2e-13	-1.2e-12	3.4036e-07	-3.2464e-07	-6.8396e-09	-5.052e-11	1.9e-13	3.314e-07	-3.246e-07	-1.8338e-09	-3.0661e-10	-2.99e-12	3.2686e-07	-3.2476e-07	1.4465e-09	-8.5563e-10	-5.2e-13	3.2428e-07	-3.249e-07
0.405	-9.33108e-08	6.017e-11	-4.5e-13	4.18e-07	-3.2488e-07	-5.537e-08	2.171e-11	-4.7e-13	3.7998e-07	-3.2474e-07	-3.0764e-08	5.76e-12	3.9e-13	3.555e-07	-3.2472e-07	-1.57088e-08	-2.9e-13	-6.8e-13	3.4032e-07	-3.2464e-07	-6.8751e-09	-5.477e-11	1.1e-13	3.3148e-07	-3.246e-07	-1.8296e-09	-3.2068e-10	-9.4e-13	3.2696e-07	-3.2476e-07	1.4677e-09	-8.874e-10	-1.51e-12	3.2422e-07	-3.2494e-07
0.4	-9.33852e-08	5.781e-11	-2e-14	4.1822e-07	-3.2488e-07	-5.53672e-08	2.071e-11	-7.5e-13	3.8e-07	-3.2474e-07	-3.07862e-08	5.28e-12	4.9e-13	3.554e-07	-3.2464e-07	-1.5697e-08	-8.8e-13	-5.3e-13	3.4024e-07	-3.2458e-07	-6.8653e-09	-5.894e-11	-7e-13	3.3156e-07	-3.2454e-07	-1.818e-09	-3.3308e-10	1.27e-12	3.2684e-07	-3.2464e-07	1.4974e-09	-9.1362e-10	-1.01e-12	3.2434e-07	-3.249e-07
0.395	-9.34408e-08	5.613e-11	-7.8e-13	4.1832e-07	-3.2478e-07	-5.53314e-08	2.021e-11	-8.6e-13	3.8008e-07	-3.2474e-07	-3.07624e-08	3.65e-12	-1.23e-12	3.5546e-07	-3.247e-07	-1.5734e-08	-1.27e-12	-6.5e-13	3.4026e-07	-3.2458e-07	-6.8229e-09	-6.538e-11	-8.8e-13	3.3148e-07	-3.246e-07	-1.793e-09	-3.4469e-10	3.6e-13	3.2694e-07	-3.2472e-07	1.5307e-09	-9.4687e-10	4.6e-13	3.2432e-07	-3.2488e-07
0.39	-9.35116e-08	5.357e-11	1.5e-13	4.1814e-07	-3.2488e-07	-5.5403e-08	1.874e-11	3e-14	3.8006e-07	-3.2462e-07	-3.0743e-08	5.19e-12	-1.47e-12	3.5532e-07	-3.2464e-07	-1.57156e-08	-1.54e-12	-5.5e-13	3.403e-07	-3.2458e-07	-6.8022e-09	-6.975e-11	-8.9e-13	3.315e-07	-3.2458e-07	-1.7825e-09	-3.5928e-10	-1.66e-12	3.269e-07	-3.2476e-07	1.5623e-09	-9.7479e-10	7e-14	3.2434e-07	-3.249e-07
0.385	-9.33016e-08	5.259e-11	-4.5e-13	4.1804e-07	-3.248e-07	-5.5453e-08	1.898e-11	9.9e-13	3.801e-07	-3.2468e-07	-3.07284e-08	3.73e-12	-9.5e-13	3.5546e-07	-3.2464e-07	-1.57506e-08	-2.51e-12	7e-14	3.4036e-07	-3.2458e-07	-6.7891e-09	-7.532e-11	-2.6e-13	3.3148e-07	-3.2456e-07	-1.7779e-09	-3.6995e-10	-7.5e-13	3.269e-07	-3.247e-07	1.5967e-09	-1.00975e-09	-1.64e-12	3.2424e-07	-3.2488e-07
0.38	-9.34046e-08	4.999e-11	-5.8e-13	4.1808e-07	-3.2476e-07	-5.54202e-08	1.626e-11	3.7e-13	3.8008e-07	-3.2466e-07	-3.08066e-08	2.73e-12	-1.8e-13	3.5546e-07	-3.247e-07	-1.5754e-08	-3.07e-12	-6.8e-13	3.4032e-07	-3.2456e-07	-6.8005e-09	-8.131e-11	4.5e-13	3.315e-07	-3.246e-07	-1.7572e-09	-3.8349e-10	1.13e-12	3.269e-07	-3.2472e-07	1.6207e-09	-1.04422e-09	-1.37e-12	3.2424e-07	-3.249e-07
0.375	-9.34086e-08	4.846e-11	-3.1e-13	4.1812e-07	-3.2482e-07	-5.54096e-08	1.629e-11	6.9e-13	3.8006e-07	-3.2462e-07	-3.07802e-08	3.71e-12	-2.8e-13	3.555e-07	-3.247e-07	-1.57686e-08	-4.58e-12	-3.1e-13	3.4032e-07	-3.2456e-07	-6.7673e-09	-8.675e-11	-8.5e-13	3.3148e-07	-3.2464e-07	-1.7487e-09	-3.9704e-10	-4.2e-13	3.2686e-07	-3.2474e-07	1.6621e-09	-1.07784e-09	2.2e-13	3.2432e-07	-3.2486e-07
0.37	-9.34424e-08	4.671e-11	-1.17e-12	4.1826e-07	-3.2472e-07	-5.54604e-08	1.467e-11	-1.21e-12	3.801e-07	-3.2464e-07	-3.07826e-08	1.24e-12	9e-14	3.5554e-07	-3.247e-07	-1.57522e-08	-5.15e-12	-1.08e-12	3.403e-07	-3.2452e-07	-6.7969e-09	-9.348e-11	-8.2e-13	3.3154e-07	-3.2464e-07	-1.7369e-09	-4.111e-10	-2.48e-12	3.2686e-07	-3.2472e-07	1.7111e-09	-1.12484e-09	2e-14	3.2426e-07	-3.2488e-07
0.365	-9.34824e-08	4.574e-11	-8.2e-13	4.1808e-07	-3.2466e-07	-5.54746e-08	1.438e-11	-1.53e-12	3.801e-07	-3.2466e-07	-3.08018e-08	1.91e-12	-1.27e-12	3.5554e-07	-3.2466e-07	-1.57738e-08	-5e-12	-1.32e-12	3.4032e-07	-3.2454e-07	-6.7702e-09	-1.011e-10	9.5e-13	3.3152e-07	-3.246e-07	-1.7284e-09	-4.2613e-10	-2e-13	3.2684e-07	-3.2474e-07	1.7466e-09	-1.164e-09	5.2e-13	3.2428e-07	-3.2484e-07
0.36	-9.34586e-08	4.396e-11	9e-14	4.1804e-07	-3.246e-07	-5.54814e-08	1.392e-11	2.4e-13	3.8012e-07	-3.246e-07	-3.08204e-08	2.73e-12	-1.89e-12	3.5544e-07	-3.2462e-07	-1.5772e-08	-5.66e-12	-1.04e-12	3.4036e-07	-3.2454e-07	-6.7616e-09	-1.0758e-10	4.2e-13	3.3152e-07	-3.247e-07	-1.7186e-09	-4.4024e-10	4.4e-13	3.2684e-07	-3.2468e-07	1.7861e-09	-1.2014e-09	-6e-13	3.242e-07	-3.2488e-07
0.355	-9.34004e-08	4.256e-11	-3.6e-13	4.1812e-07	-3.2476e-07	-5.55402e-08	1.198e-11	-1.9e-13	3.8018e-07	-3.246e-07	-3.08502e-08	9.8e-13	-3.02e-12	3.5542e-07	-3.246e-07	-1.57776e-08	-6.9e-12	4e-14	3.4038e-07	-3.2454e-07	-6.7383e-09	-1.1617e-10	-7.2e-13	3.3156e-07	-3.2464e-07	-1.7159e-09	-4.5547e-10	-3.5e-13	3.269e-07	-3.247e-07	1.8231e-09	-1.2355e-09	-4e-13	3.2422e-07	-3.2482e-07
0.35	-9.34308e-08	4e-11	5e-13	4.1794e-07	-3.2472e-07	-5.55722e-08	1.186e-11	1.18e-12	3.802e-07	-3.2458e-07	-3.08376e-08	1.86e-12	-6.3e-13	3.5554e-07	-3.2462e-07	-1.57754e-08	-7.8e-12	2e-14	3.4036e-07	-3.2462e-07	-6.7284e-09	-1.2277e-10	3.8e-13	3.3144e-07	-3.2466e-07	-1.7033e-09	-4.6996e-10	-1.15e-12	3.2688e-07	-3.2474e-07	1.8575e-09	-1.2775e-09	-1.41e-12	3.2422e-07	-3.2478e-07
0.345	-9.34108e-08	3.905e-11	-1.3e-12	4.1794e-07	-3.2472e-07	-5.55544e-08	1.068e-11	-1.4e-13	3.8018e-07	-3.246e-07	-3.08646e-08	1.19e-12	7.6e-13	3.5546e-07	-3.246e-07	-1.5781e-08	-9.79e-12	-1.8e-13	3.4036e-07	-3.2454e-07	-6.7391e-09	-1.3133e-10	6.5e-13	3.315e-07	-3.2466e-07	-1.6594e-09	-4.8562e-10	-3.4e-13	3.2682e-07	-3.2472e-07	1.8849e-09	-1.304e-09	1.8e-13	3.2416e-07	-3.2484e-07
0.34	-9.3454e-08	3.687e-11	-1.5e-12	4.1818e-07	-3.2472e-07	-5.55698e-08	1.014e-11	-1.3e-12	3.801e-07	-3.2462e-07	-3.09138e-08	-9.1e-13	1.26e-12	3.5558e-07	-3.2462e-07	-1.57694e-08	-1.026e-11	-1.54e-12	3.4036e-07	-3.2458e-07	-6.714e-09	-1.4038e-10	-5.9e-13	3.3144e-07	-3.2462e-07	-1.6348e-09	-5.0351e-10	3.3e-13	3.2684e-07	-3.2478e-07	1.9229e-09	-1.3456e-09	2.3e-13	3.2426e-07	-3.2488e-07
0.335	-9.35228e-08	3.566e-11	-4.5e-13	4.1812e-07	-3.2466e-07	-5.55198e-08	9.83e-12	-1.72e-12	3.8008e-07	-3.2464e-07	-3.08778e-08	4.7e-13	-1.42e-12	3.5554e-07	-3.2466e-07	-1.5828e-08	-1.199e-11	-7.5e-13	3.4044e-07	-3.2458e-07	-6.7204e-09	-1.4635e-10	-7.8e-13	3.3146e-07	-3.2458e-07	-1.6435e-09	-5.192e-10	1.7e-13	3.2694e-07	-3.2476e-07	1.9782e-09	-1.3916e-09	4e-13	3.2418e-07	-3.2474e-07
0.33	-9.35454e-08	3.469e-11	5.8e-13	4.1806e-07	-3.2466e-07	-5.553e-08	8.88e-12	-4.5e-13	3.801e-07	-3.246e-07	-3.08564e-08	-7.1e-13	-2.73e-12	3.555e-07	-3.2468e-07	-1.57778e-08	-1.277e-11	-4.5e-13	3.4042e-07	-3.2458e-07	-6.7046e-09	-1.5489e-10	-1.01e-12	3.3144e-07	-3.2454e-07	-1.6191e-09	-5.362e-10	-8.6e-13	3.2686e-07	-3.2466e-07	2.0044e-09	-1.4318e-09	-4.1e-13	3.241e-07	-3.247e-07
0.325	-9.35336e-08	3.285e-11	5e-13	4.1818e-07	-3.2478e-07	-5.55762e-08	8.02e-12	6.7e-13	3.8022e-07	-3.2468e-07	-3.08856e-08	-1.55e-12	-1.44e-12	3.5556e-07	-3.2468e-07	-1.58186e-08	-1.428e-11	5.4e-13	3.405e-07	-3.245e-07	-6.7461e-09	-1.6445e-10	-1.4e-13	3.315e-07	-3.246e-07	-1.592e-09	-5.5479e-10	-6.5e-13	3.2684e-07	-3.2472e-07	2.062e-09	-1.4742e-09	-1.01e-12	3.2416e-07	-3.2476e-07
0.32	-9.35132e-08	3.164e-11	-2.5e-13	4.1828e-07	-3.2474e-07	-5.55748e-08	6.96e-12	4.4e-13	3.8018e-07	-3.2464e-07	-3.09394e-08	-1.31e-12	6.5e-13	3.5552e-07	-3.246e-07	-1.57638e-08	-1.647e-11	5.8e-13	3.4048e-07	-3.2458e-07	-6.6962e-09	-1.7374e-10	5.4e-13	3.3144e-07	-3.2456e-07	-1.8022e-09	-5.7415e-10	2e-13	3.2708e-07	-3.2466e-07	2.1083e-09	-1.5221e-09	4.3e-13	3.2422e-07	-3.2478e-07
0.315	-9.357e-08	3.052e-11	5.9e-13	4.1824e-07	-3.2472e-07	-5.5566e-08	6.48e-12	-2.6e-13	3.8016e-07	-3.2464e-07	-3.09308e-08	-1.91e-12	1.5e-12	3.5558e-07	-3.246e-07	-1.57682e-08	-1.823e-11	-6.8e-13	3.4042e-07	-3.2464e-07	-6.707e-09	-1.842e-10	7e-13	3.315e-07	-3.2454e-07	-1.804e-09	-5.9087e-10	-5.3e-13	3.2684e-07	-3.2468e-07	2.1541e-09	-1.5695e-09	4.2e-13	3.2418e-07	-3.2478e-07
0.31	-9.35592e-08	2.863e-11	-1.67e-12	4.1828e-07	-3.2466e-07	-5.56738e-08	6.33e-12	-1.61e-12	3.8024e-07	-3.246e-07	-3.09548e-08	-1.72e-12	-6.5e-13	3.5566e-07	-3.2464e-07	-1.57832e-08	-2.038e-11	4e-13	3.4044e-07	-3.246e-07	-6.6748e-09	-1.9391e-10	-3.7e-13	3.3144e-07	-3.246e-07	-1.5331e-09	-6.1243e-10	-1.03e-12	3.2684e-07	-3.2466e-07	2.1947e-09	-1.6163e-09	-9.1e-13	3.242e-07	-3.2482e-07
0.305	-9.3526e-08	2.708e-11	-8.2e-13	4.1824e-07	-3.247e-07	-5.56722e-08	5.24e-12	-9.5e-13	3.8038e-07	-3.2466e-07	-3.09926e-08	-2.07e-12	-1.82e-12	3.5566e-07	-3.2464e-07	-1.5777e-08	-2.144e-11	-1.59e-12	3.405e-07	-3.246e-07	-6.6535e-09	-2.0408e-10	-3.5e-13	3.3144e-07	-3.2456e-07	-1.5453e-09	-6.3228e-10	-5.8e-13	3.2694e-07	-3.2474e-07	2.2555e-09	-1.6641e-09	-1.85e-12	3.242e-07	-3.2478e-07
0.3	-9.35712e-08	2.632e-11	1.1e-13	4.1838e-07	-3.2472e-07	-5.56506e-08	4.79e-12	-1.08e-12	3.8022e-07	-3.2458e-07	-3.096e-08	-3.11e-12	-3.09e-12	3.5568e-07	-3.2458e-07	-1.575e-08	-2.528e-11	-2.3e-13	3.4044e-07	-3.247e-07	-6.6549e-09	-2.2065e-10	-1.6e-13	3.315e-07	-3.2456e-07	-1.5275e-09	-6.53e-10	3e-13	3.269e-07	-3.2466e-07	2.2996e-09	-1.7148e-09	-3e-13	3.2414e-07	-3.2478e-07
0.295	-9.36218e-08	2.493e-11	1.5e-13	4.1818e-07	-3.247e-07	-5.57072e-08	4.09e-12	1.02e-12	3.8024e-07	-3.2456e-07	-3.10198e-08	-3.83e-12	-4.4e-13	3.5568e-07	-3.2464e-07	-1.57934e-08	-2.714e-11	1.9e-13	3.404e-07	-3.2464e-07	-6.6417e-09	-2.3178e-10	-2.4e-13	3.3152e-07	-3.2458e-07	-1.5021e-09	-6.7664e-10	1.17e-12	3.269e-07	-3.2466e-07	2.3464e-09	-1.7647e-09	1.7e-13	3.242e-07	-3.2478e-07
0.29	-9.36244e-08	2.381e-11	4.4e-13	4.1822e-07	-3.2464e-07	-5.56742e-08	3.94e-12	1.1e-13	3.8022e-07	-3.246e-07	-3.10284e-08	-3.4e-12	1.12e-12	3.5564e-07	-3.2466e-07	-1.5787e-08	-2.95e-11	4.8e-13	3.4038e-07	-3.2452e-07	-6.6245e-09	-2.4305e-10	-7.3e-13	3.3148e-07	-3.2466e-07	-1.4446e-09	-6.9637e-10	-9.1e-13	3.2684e-07	-3.2472e-07	2.4046e-09	-1.8162e-09	-5.1e-13	3.241e-07	-3.247e-07
0.285	-9.35554e-08	2.236e-11	-1.16e-12	4.1822e-07	-3.2466e-07	-5.56246e-08	2.04e-12	-1e-13	3.803e-07	-3.2462e-07	-3.09852e-08	-4.13e-12	6.8e-13	3.5568e-07	-3.2468e-07	-1.57776e-08	-3.238e-11	8e-14	3.4034e-07	-3.2458e-07	-6.6009e-09	-2.5547e-10	-5.2e-13	3.3148e-07	-3.2466e-07	-1.4279e-09	-7.197e-10	-7.9e-13	3.269e-07	-3.2468e-07	2.4562e-09	-1.8731e-09	-1.21e-12	3.242e-07	-3.2482e-07
0.28	-9.3604e-08	2.12e-11	-1.37e-12	4.183e-07	-3.247e-07	-5.56144e-08	3.23e-12	-2.12e-12	3.8036e-07	-3.246e-07	-3.10528e-08	-2.65e-12	-7e-13	3.5568e-07	-3.2466e-07	-1.576e-08	-3.575e-11	-1.05e-12	3.4042e-07	-3.2456e-07	-6.6249e-09	-2.6041e-10	-7.5e-13	3.315e-07	-3.246e-07	-1.4118e-09	-7.4203e-10	-8.1e-13	3.2682e-07	-3.2466e-07	2.525e-09	-1.9393e-09	-1.09e-12	3.2422e-07	-3.2476e-07
0.275	-9.36598e-08	1.986e-11	-6e-14	4.183e-07	-3.247e-07	-5.5716e-08	6.4e-13	-1.1e-13	3.8028e-07	-3.2464e-07	-3.10314e-08	-4.43e-12	-2.06e-12	3.5568e-07	-3.246e-07	-1.5781e-08	-3.891e-11	-7.5e-13	3.404e-07	-3.2452e-07	-6.6301e-09	-2.7168e-10	-1.4e-13	3.3148e-07	-3.246e-07	-1.3868e-09	-7.6894e-10	1.62e-12	3.2684e-07	-3.2462e-07	2.565e-09	-1.9826e-09	4.7e-13	3.2414e-07	-3.2476e-07
0.27	-9.3724e-08	1.912e-11	-1.3e-13	4.1842e-07	-3.2474e-07	-5.57524e-08	1.71e-12	-5.7e-13	3.8038e-07	-3.246e-07	-3.10456e-08	-5.2e-12	-1.35e-12	3.5574e-07	-3.2464e-07	-1.57976e-08	-4.166e-11	2.8e-13	3.404e-07	-3.246e-07	-6.5951e-09	-2.8362e-10	3.5e-13	3.3148e-07	-3.246e-07	-1.36e-09	-7.9401e-10	-3.4e-13	3.2678e-07	-3.2472e-07	2.6237e-09	-2.0401e-09	5.4e-13	3.2426e-07	-3.2476e-07
0.265	-9.36786e-08	1.759e-11	1.03e-12	4.184e-07	-3.2468e-07	-5.56846e-08	9.8e-13	3.3e-13	3.8022e-07	-3.2468e-07	-3.10504e-08	-6.47e-12	5.8e-13	3.5568e-07	-3.2464e-07	-1.5797e-08	-4.575e-11	-5e-13	3.4046e-07	-3.246e-07	-6.5704e-09	-2.9573e-10	-4.2e-13	3.3138e-07	-3.2452e-07	-1.3435e-09	-8.1891e-10	-1.08e-12	3.2688e-07	-3.2468e-07	2.6733e-09	-2.1113e-09	-1.02e-12	3.2416e-07	-3.2472e-07
0.26	-9.3639e-08	1.678e-11	-1e-12	4.1834e-07	-3.2466e-07	-5.57058e-08	-4.4e-13	4.2e-13	3.803e-07	-3.2464e-07	-3.10864e-08	-6.12e-12	1.68e-12	3.5562e-07	-3.247e-07	-1.58162e-08	-4.914e-11	2.5e-13	3.4048e-07	-3.2454e-07	-6.5528e-09	-3.0789e-10	-1.8e-13	3.3142e-07	-3.2456e-07	-1.3078e-09	-8.4734e-10	1.7e-13	3.268e-07	-3.247e-07	2.7396e-09	-2.1589e-09	-1.43e-12	3.2412e-07	-3.2478e-07
0.255	-9.36996e-08	1.522e-11	6.8e-13	4.183e-07	-3.2476e-07	-5.57456e-08	4.4e-13	-7.2e-13	3.8036e-07	-3.2468e-07	-3.10984e-08	-5.82e-12	-4.8e-13	3.5568e-07	-3.2456e-07	-1.58004e-08	-5.408e-11	-1.3e-13	3.4036e-07	-3.245e-07	-6.533e-09	-3.1985e-10	-3.3e-13	3.3146e-07	-3.2462e-07	-1.2764e-09	-8.7226e-10	3e-13	3.2684e-07	-3.2466e-07	2.8023e-09	-2.2181e-09	3.2e-13	3.242e-07	-3.2472e-07
0.25	-9.36406e-08	1.414e-11	-8.2e-13	4.1832e-07	-3.2472e-07	-5.5764e-08	-2.18e-12	-9.4e-13	3.8042e-07	-3.2468e-07	-3.11926e-08	-5.3e-12	-1.87e-12	3.5568e-07	-3.2454e-07	-1.57642e-08	-5.825e-11	-2e-14	3.4042e-07	-3.2456e-07	-6.5061e-09	-3.3425e-10	-3.9e-13	3.3142e-07	-3.2462e-07	-1.2513e-09	-9.0448e-10	-1.05e-12	3.2688e-07	-3.2474e-07	2.8582e-09	-2.2846e-09	1e-14	3.2418e-07	-3.2476e-07
0.245	-9.36768e-08	1.332e-11	-4.8e-13	4.1842e-07	-3.2472e-07	-5.57474e-08	-1.68e-12	-3.6e-13	3.8042e-07	-3.2468e-07	-3.11036e-08	-7.04e-12	-1.66e-12	3.5572e-07	-3.2456e-07	-1.57452e-08	-6.283e-11	-6.5e-13	3.4042e-07	-3.2452e-07	-6.4955e-09	-3.4601e-10	-5.3e-13	3.3144e-07	-3.2448e-07	-1.2281e-09	-9.2946e-10	-1.03e-12	3.269e-07	-3.247e-07	2.9308e-09	-2.3439e-09	-3e-13	3.2422e-07	-3.2472e-07
0.24	-9.37488e-08	1.199e-11	-1.31e-12	4.184e-07	-3.2476e-07	-5.57318e-08	-1.39e-12	-1.6e-13	3.8036e-07	-3.2472e-07	-3.11988e-08	-7.92e-12	-2.9e-13	3.5572e-07	-3.2458e-07	-1.58088e-08	-6.814e-11	4.5e-13	3.4046e-07	-3.246e-07	-6.5172e-09	-3.5946e-10	-8.6e-13	3.315e-07	-3.2458e-07	-1.1845e-09	-9.6454e-10	8e-14	3.2682e-07	-3.2472e-07	2.9963e-09	-2.4118e-09	-6.7e-13	3.2414e-07	-3.2474e-07
0.235	-9.36998e-08	1.096e-11	-6.8e-13	4.1834e-07	-3.2472e-07	-5.57064e-08	-2.55e-12	-8e-14	3.8032e-07	-3.2466e-07	-3.11702e-08	-8.85e-12	2.4e-13	3.5578e-07	-3.2456e-07	-1.57878e-08	-7.288e-11	-1e-13	3.4042e-07	-3.2456e-07	-6.4567e-09	-3.7158e-10	-9e-14	3.315e-07	-3.2454e-07	-1.1542e-09	-9.9261e-10	8.3e-13	3.2688e-07	-3.247e-07	3.0654e-09	-2.4813e-09	-1.35e-12	3.2418e-07	-3.2474e-07
0.23	-9.3608e-08	1.065e-11	6.3e-13	4.1828e-07	-3.247e-07	-5.57176e-08	-2.38e-12	-7.4e-13	3.803e-07	-3.2464e-07	-3.12696e-08	-9.1e-12	7.6e-13	3.5586e-07	-3.2458e-07	-1.57196e-08	-7.866e-11	2.3e-13	3.4032e-07	-3.2454e-07	-6.4564e-09	-3.8671e-10	-1.14e-12	3.3152e-07	-3.2458e-07	-1.1144e-09	-1.02513e-09	-5.1e-13	3.2684e-07	-3.2466e-07	3.1232e-09	-2.5505e-09	-2.2e-13	3.2416e-07	-3.248e-07
0.225	-9.36114e-08	9.67e-12	-7.6e-13	4.1818e-07	-3.2458e-07	-5.58958e-08	-3.35e-12	5.3e-13	3.8056e-07	-3.246e-07	-3.11846e-08	-9.48e-12	-3e-13	3.558e-07	-3.2456e-07	-1.5726e-08	-8.367e-11	-1.38e-12	3.403e-07	-3.2448e-07	-6.4635e-09	-3.9927e-10	-3.8e-13	3.3148e-07	-3.246e-07	-1.0877e-09	-1.05765e-09	-8.4e-13	3.2686e-07	-3.247e-07	3.194e-09	-2.6221e-09	2e-13	3.2408e-07	-3.2472e-07
0.22	-9.37576e-08	8.17e-12	-6.3e-13	4.183e-07	-3.2466e-07	-5.57988e-08	-4.69e-12	3.1e-13	3.804e-07	-3.2464e-07	-3.12166e-08	-1.008e-11	-5.6e-13	3.5568e-07	-3.2452e-07	-1.56864e-08	-9.005e-11	-1.45e-12	3.404e-07	-3.2458e-07	-6.4659e-09	-4.2177e-10	-2.5e-13	3.3142e-07	-3.2452e-07	-1.0528e-09	-1.08981e-09	-8.9e-13	3.2682e-07	-3.2466e-07	3.2777e-09	-2.696e-09	-9.5e-13	3.2414e-07	-3.2474e-07
0.215	-9.36134e-08	6.96e-12	1.3e-13	4.1822e-07	-3.2466e-07	-5.58232e-08	-4.04e-12	-1.37e-12	3.8048e-07	-3.2464e-07	-3.12834e-08	-9.58e-12	-9.5e-13	3.559e-07	-3.2452e-07	-1.56906e-08	-9.741e-11	2.2e-13	3.4036e-07	-3.2454e-07	-6.4193e-09	-4.3754e-10	2.3e-13	3.3138e-07	-3.2454e-07	-1.0198e-09	-1.1249e-09	-2.5e-13	3.269e-07	-3.2474e-07	3.343e-09	-2.7646e-09	-8.8e-13	3.2422e-07	-3.2482e-07
0.21	-9.36286e-08	6.19e-12	4e-13	4.1828e-07	-3.247e-07	-5.58432e-08	-4.99e-12	-9e-14	3.8052e-07	-3.2466e-07	-3.12744e-08	-1.296e-11	4e-13	3.5584e-07	-3.245e-07	-1.57136e-08	-1.029e-10	-3e-13	3.4032e-07	-3.2446e-07	-6.4136e-09	-4.5102e-10	-3.9e-13	3.3144e-07	-3.2458e-07	-9.9062e-10	-1.1681e-09	-2.1e-13	3.2684e-07	-3.247e-07	3.4142e-09	-2.8374e-09	-8.1e-13	3.2414e-07	-3.247e-07
0.205	-9.3639e-08	6.86e-12	-1.01e-12	4.1832e-07	-3.2464e-07	-5.57416e-08	-4.83e-12	-3.3e-13	3.8048e-07	-3.247e-07	-3.22642e-08	-1.322e-11	-1e-13	3.5586e-07	-3.246e-07	-1.56422e-08	-1.0974e-10	-7.1e-13	3.4032e-07	-3.2452e-07	-6.4063e-09	-4.5808e-10	6.4e-13	3.3138e-07	-3.2458e-07	-9.4431e-10	-1.2051e-09	-1.7e-12	3.2682e-07	-3.247e-07	3.4986e-09	-2.9166e-09	7.9e-13	3.241e-07	-3.2474e-07
0.2	-9.36816e-08	5.67e-12	-5.3e-13	4.184e-07	-3.2462e-07	-5.5879e-08	-5.33e-12	3.3e-13	3.805e-07	-3.246e-07	-3.12658e-08	-1.313e-11	8.1e-13	3.5578e-07	-3.2448e-07	-1.56358e-08	-1.1759e-10	-8.9e-13	3.403e-07	-3.2452e-07	-6.4129e-09	-4.7227e-10	1e-13	3.3148e-07	-3.2454e-07	-9.3193e-10	-1.2428e-09	-7.7e-13	3.2684e-07	-3.247e-07	3.5839e-09	-2.9995e-09	-8.6e-13	3.2408e-07	-3.247e-07
0.195	-9.36754e-08	4.18e-12	3e-14	4.183e-07	-3.2462e-07	-5.58526e-08	-5.96e-12	-9.4e-13	3.8054e-07	-3.2458e-07	-3.1305e-08	-1.356e-11	-1.13e-12	3.5588e-07	-3.2452e-07	-1.56936e-08	-1.2372e-10	-3.5e-13	3.4034e-07	-3.2454e-07	-6.3705e-09	-4.8963e-10	-7.2e-13	3.3148e-07	-3.2456e-07	-8.9446e-10	-1.2822e-09	-1.11e-12	3.2684e-07	-3.2462e-07	3.6588e-09	-3.0736e-09	-1.41e-12	3.242e-07	-3.2482e-07
0.19	-9.3725e-08	3.12e-12	-1e-13	4.1822e-07	-3.246e-07	-5.58376e-08	-6.12e-12	1.8e-13	3.8042e-07	-3.246e-07	-3.13218e-08	-1.476e-11	-1.35e-12	3.5574e-07	-3.2458e-07	-1.56926e-08	-1.3117e-10	-4.1e-13	3.403e-07	-3.2448e-07	-6.3627e-09	-5.0323e-10	-1.3e-13	3.3144e-07	-3.2454e-07	-8.2948e-10	-1.3235e-09	-2e-14	3.268e-07	-3.247e-07	3.7428e-09	-3.16e-09	-6.4e-13	3.242e-07	-3.2476e-07
0.185	-9.37324e-08	2.49e-12	-1.16e-12	4.1824e-07	-3.246e-07	-5.58756e-08	-7.98e-12	4.3e-13	3.8058e-07	-3.2458e-07	-3.12856e-08	-1.632e-11	-8e-14	3.5588e-07	-3.245e-07	-1.56468e-08	-1.404e-10	1.7e-13	3.4034e-07	-3.2452e-07	-6.3351e-09	-5.2108e-10	-1.16e-12	3.3148e-07	-3.2464e-07	-8.1008e-10	-1.3643e-09	-2.5e-13	3.2682e-07	-3.2474e-07	3.829e-09	-3.2429e-09	9.2e-13	3.2416e-07	-3.2482e-07
0.18	-9.36922e-08	8.5e-13	-4.7e-13	4.184e-07	-3.2464e-07	-5.58646e-08	-7.34e-12	9e-14	3.8046e-07	-3.2464e-07	-3.12786e-08	-1.876e-11	2.5e-13	3.5586e-07	-3.2452e-07	-1.56528e-08	-1.4852e-10	-4.5e-13	3.4038e-07	-3.2452e-07	-6.3278e-09	-5.3875e-10	-3e-13	3.3148e-07	-3.2458e-07	-7.4916e-10	-1.4045e-09	7e-14	3.2682e-07	-3.2468e-07	3.9129e-09	-3.3288e-09	-8.3e-13	3.2414e-07	-3.2476e-07
0.175	-9.36966e-08	6.6e-13	2.5e-13	4.1834e-07	-3.2468e-07	-5.58204e-08	-6.98e-12	-4.4e-13	3.804e-07	-3.2464e-07	-3.12916e-08	-1.84e-11	4.6e-13	3.5594e-07	-3.246e-07	-1.56468e-08	-1.5658e-10	-2.8e-13	3.403e-07	-3.2454e-07	-6.326e-09	-5.567e-10	-2.1e-13	3.3146e-07	-3.2456e-07	-7.3254e-10	-1.452e-09	1.53e-12	3.2686e-07	-3.247e-07	3.9989e-09	-3.415e-09	-1.76e-12	3.242e-07	-3.2476e-07
0.17	-9.3594e-08	7.6e-13	7.5e-13	4.1832e-07	-3.246e-07	-5.58214e-08	-8.56e-12	-4.9e-13	3.8046e-07	-3.2466e-07	-3.1272e-08	-2.137e-11	3e-13	3.558e-07	-3.2452e-07	-1.56028e-08	-1.7117e-10	-9.6e-13	3.4046e-07	-3.2458e-07	-6.287e-09	-5.7394e-10	-3.3e-13	3.3148e-07	-3.246e-07	-6.588e-10	-1.4972e-09	1.09e-12	3.2688e-07	-3.247e-07	4.0929e-09	-3.506e-09	-6.4e-13	3.2422e-07	-3.2472e-07
0.165	-9.36976e-08	-2.1e-13	-3.3e-13	4.1834e-07	-3.246e-07	-5.58758e-08	-8.08e-12	1e-13	3.8048e-07	-3.2466e-07	-3.12998e-08	-2.152e-11	-6.1e-13	3.559e-07	-3.2458e-07	-1.56028e-08	-1.8047e-10	-5.6e-13	3.4036e-07	-3.2454e-07	-6.2936e-09	-5.909e-10	-3.7e-13	3.3138e-07	-3.2458e-07	-6.175e-10	-1.5416e-09	-3.3e-13	3.2682e-07	-3.2472e-07	4.1831e-09	-3.6012e-09	4.3e-13	3.2414e-07	-3.2476e-07
0.16	-9.37564e-08	-6.5e-13	1.08e-12	4.1844e-07	-3.2466e-07	-5.58762e-08	-9.13e-12	-5.7e-13	3.8058e-07	-3.2464e-07	-3.13098e-08	-2.352e-11	-7.3e-13	3.5584e-07	-3.2456e-07	-1.55756e-08	-1.927e-10	3.9e-13	3.4032e-07	-3.2462e-07	-6.2541e-09	-6.1146e-10	-1.24e-12	3.3144e-07	-3.2458e-07	-5.5976e-10	-1.5945e-09	-1.45e-12	3.2688e-07	-3.247e-07	4.2705e-09	-3.6924e-09	4e-14	3.2416e-07	-3.247e-07
0.155	-9.38722e-08	-1.78e-12	-7.6e-13	4.1836e-07	-3.2458e-07	-5.58204e-08	-9.19e-12	1.4e-13	3.805e-07	-3.2462e-07	-3.1286e-08	-2.616e-11	-7.9e-13	3.5586e-07	-3.2448e-07	-1.55748e-08	-2.0253e-10	-2.4e-13	3.4028e-07	-3.2464e-07	-6.2066e-09	-6.2925e-10	1.2e-13	3.3148e-07	-3.2458e-07	-5.132e-10	-1.6423e-09	2e-14	3.268e-07	-3.247e-07	4.3729e-09	-3.7868e-09	-7.7e-13	3.2414e-07	-3.2472e-07
0.15	-9.39112e-08	-2.34e-12	-1.12e-12	4.1848e-07	-3.2468e-07	-5.58728e-08	-1.041e-11	-1.9e-13	3.8048e-07	-3.2458e-07	-3.13238e-08	-2.698e-11	8.4e-13	3.5584e-07	-3.2446e-07	-1.55816e-08	-2.1313e-10	-1e-13	3.4038e-07	-3.2456e-07	-6.1864e-09	-6.482e-10	-7.3e-13	3.3148e-07	-3.2458e-07	-4.7066e-10	-1.6885e-09	3.6e-13	3.2684e-07	-3.2472e-07	4.4691e-09	-3.8848e-09	-5.1e-13	3.2416e-07	-3.2478e-07
0.145	-9.38836e-08	-3.14e-12	-1.8e-13	4.1856e-07	-3.2466e-07	-5.59046e-08	-1.035e-11	-9e-14	3.8052e-07	-3.246e-07	-3.12524e-08	-3.037e-11	-1.11e-12	3.5586e-07	-3.2452e-07	-1.55462e-08	-2.2535e-10	-1.24e-12	3.4032e-07	-3.2454e-07	-6.1641e-09	-6.6826e-10	-6.4e-13	3.3142e-07	-3.2466e-07	-4.1379e-10	-1.7389e-09	-7.1e-13	3.2682e-07	-3.2462e-07	4.5655e-09	-3.9804e-09	-6.4e-13	3.2416e-07	-3.2476e-07
0.14	-9.38848e-08	-4.58e-12	6.3e-13	4.1848e-07	-3.247e-07	-5.59838e-08	-9.93e-12	-8e-14	3.806e-07	-3.2458e-07	-3.13714e-08	-3.187e-11	3.5e-13	3.5602e-07	-3.246e-07	-1.55318e-08	-2.3035e-10	-1.63e-12	3.4036e-07	-3.245e-07	-6.1538e-09	-6.9103e-10	-9.1e-13	3.3146e-07	-3.2458e-07	-3.6139e-10	-1.7902e-09	-8.4e-13	3.2686e-07	-3.2476e-07	4.6607e-09	-4.0828e-09	8.3e-13	3.2422e-07	-3.2476e-07
0.135	-9.39652e-08	-3.95e-12	4.4e-13	4.1854e-07	-3.247e-07	-5.59716e-08	-1.126e-11	-1.25e-12	3.8068e-07	-3.2464e-07	-3.13148e-08	-3.394e-11	-5.3e-13	3.5602e-07	-3.2456e-07	-1.55298e-08	-2.4282e-10	-2.5e-13	3.4032e-07	-3.2454e-07	-6.1189e-09	-7.1419e-10	1.8e-13	3.3142e-07	-3.2462e-07	-3.1297e-10	-1.8418e-09	-4.7e-13	3.2682e-07	-3.2474e-07	4.7683e-09	-4.1886e-09	-7.8e-13	3.2428e-07	-3.2482e-07
0.13	-9.3879e-08	-5.51e-12	-7.5e-13	4.186e-07	-3.2472e-07	-5.60144e-08	-1.032e-11	-4.1e-13	3.807e-07	-3.2468e-07	-3.12572e-08	-3.743e-11	5.7e-13	3.5594e-07	-3.2452e-07	-1.54896e-08	-2.5554e-10	3e-14	3.4026e-07	-3.245e-07	-6.1445e-09	-7.3588e-10	1.12e-12	3.3148e-07	-3.2458e-07	-2.6602e-10	-1.9169e-09	4.7e-13	3.269e-07	-3.247e-07	4.8749e-09	-4.2949e-09	-6.5e-13	3.242e-07	-3.2476e-07
0.125	-9.38962e-08	-5.95e-12	-3.3e-13	4.1856e-07	-3.2468e-07	-5.60422e-08	-1.3e-11	3e-13	3.8078e-07	-3.2462e-07	-3.12312e-08	-3.977e-11	-7.7e-13	3.5584e-07	-3.2454e-07	-1.5486e-08	-2.6684e-10	-1e-13	3.403e-07	-3.2452e-07	-6.106e-09	-7.6065e-10	-1.02e-12	3.3146e-07	-3.2458e-07	-1.9312e-10	-1.9545e-09	-1.07e-12	3.2682e-07	-3.2466e-07	4.9754e-09	-4.4043e-09	-6.4e-13	3.2422e-07	-3.2486e-07
0.12	-9.3903e-08	-6.12e-12	-1.41e-12	4.1852e-07	-3.2468e-07	-5.59902e-08	-1.254e-11	4.9e-13	3.8064e-07	-3.2462e-07	-3.12572e-08	-4.364e-11	-4.5e-13	3.5584e-07	-3.2454e-07	-1.5409e-08	-2.8053e-10	7e-14	3.403e-07	-3.245e-07	-6.0924e-09	-7.8387e-10	-8.3e-13	3.3146e-07	-3.2462e-07	-1.4537e-10	-2.0082e-09	-1.24e-12	3.2684e-07	-3.247e-07	5.0956e-09	-4.518e-09	-7.5e-13	3.2432e-07	-3.2484e-07
0.115	-9.39318e-08	-7.3e-12	-4.1e-13	4.1854e-07	-3.2466e-07	-5.60762e-08	-1.26e-11	-3.3e-13	3.8066e-07	-3.246e-07	-3.12818e-08	-4.673e-11	6.5e-13	3.5586e-07	-3.2458e-07	-1.54784e-08	-2.9181e-10	-1.01e-12	3.4026e-07	-3.2452e-07	-6.0678e-09	-8.1198e-10	9.7e-13	3.3148e-07	-3.2456e-07	-8.608e-11	-2.0674e-09	-3.5e-13	3.2684e-07	-3.2472e-07	5.2133e-09	-4.6375e-09	-3.5e-13	3.2426e-07	-3.2484e-07
0.11	-9.39304e-08	-6.91e-12	-1.4e-13	4.1858e-07	-3.2472e-07	-5.60824e-08	-1.364e-11	-8.9e-13	3.8084e-07	-3.2454e-07	-3.1281e-08	-5.029e-11	-2.4e-13	3.5584e-07	-3.2458e-07	-1.5423e-08	-3.0505e-10	1.4e-13	3.4024e-07	-3.2448e-07	-5.9996e-09	-8.3894e-10	1.34e-12	3.315e-07	-3.2458e-07	-5.171e-11	-2.1282e-09	7.3e-13	3.2682e-07	-3.2466e-07	5.3326e-09	-4.758e-09	-5.5e-13	3.2426e-07	-3.2484e-07
0.105	-9.39466e-08	-7.43e-12	6.6e-13	4.1862e-07	-3.247e-07	-5.60826e-08	-1.271e-11	6.1e-13	3.8068e-07	-3.2456e-07	-3.12748e-08	-5.379e-11	-3.1e-13	3.558e-07	-3.2448e-07	-1.54296e-08	-3.1831e-10	-2.6e-13	3.4034e-07	-3.2454e-07	-5.9934e-09	-8.6563e-10	1.77e-12	3.3148e-07	-3.2464e-07	1.024e-11	-2.1863e-09	-5.1e-13	3.2678e-07	-3.2462e-07	5.456e-09	-4.8774e-09	-1.17e-12	3.2428e-07	-3.2484e-07
0.1	-9.38438e-08	-8.98e-12	-7.3e-13	4.1868e-07	-3.2476e-07	-5.61556e-08	-1.525e-11	2e-14	3.8068e-07	-3.2458e-07	-3.1275e-08	-5.652e-11	-5.7e-13	3.5584e-07	-3.2446e-07	-1.54336e-08	-3.3163e-10	3.8e-13	3.403e-07	-3.245e-07	-5.9515e-09	-8.918e-10	-1.63e-12	3.3136e-07	-3.246e-07	9.877e-11	-2.2482e-09	-1.2e-13	3.2672e-07	-3.2464e-07	5.5785e-09	-4.998e-09	2.3e-13	3.2426e-07	-3.2484e-07
0.095	-9.38476e-08	-9.28e-12	-1.4e-13	4.1864e-07	-3.2464e-07	-5.61622e-08	-1.436e-11	-2.9e-13	3.8072e-07	-3.2454e-07	-3.12758e-08	-6.224e-11	8.6e-13	3.558e-07	-3.2452e-07	-1.5358e-08	-3.441e-10	-9.9e-13	3.4022e-07	-3.2448e-07	-5.91e-09	-9.1954e-10	-3.56e-12	3.3144e-07	-3.2462e-07	1.4284e-10	-2.3166e-09	-4.3e-13	3.2686e-07	-3.2468e-07	5.7054e-09	-5.1242e-09	1.38e-12	3.2424e-07	-3.2482e-07
0.09	-9.38718e-08	-1.046e-11	-9.2e-13	4.186e-07	-3.247e-07	-5.62522e-08	-1.573e-11	-5e-13	3.8078e-07	-3.246e-07	-3.13214e-08	-6.752e-11	-4e-14	3.5602e-07	-3.2454e-07	-1.53586e-08	-3.5909e-10	-6.4e-13	3.4028e-07	-3.2458e-07	-5.872e-09	-9.5101e-10	-1.16e-12	3.315e-07	-3.2464e-07	2.3161e-10	-2.3835e-09	-5.4e-13	3.2678e-07	-3.246e-07	5.8224e-09	-5.2413e-09	-6.3e-13	3.2426e-07	-3.2482e-07
0.085	-9.39204e-08	-1.057e-11	-1.1e-13	4.1846e-07	-3.2466e-07	-5.62262e-08	-1.639e-11	-3e-13	3.8086e-07	-3.2456e-07	-3.12566e-08	-7.162e-11	3e-13	3.559e-07	-3.245e-07	-1.5308e-08	-3.7321e-10	-3.3e-13	3.403e-07	-3.2452e-07	-5.8666e-09	-9.843e-10	5.12e-12	3.3146e-07	-3.2458e-07	2.8798e-10	-2.4478e-09	-5e-14	3.2682e-07	-3.2464e-07	5.9465e-09	-5.3732e-09	-6.2e-13	3.2422e-07	-3.2482e-07
0.08	-9.38892e-08	-1.035e-11	5.8e-13	4.1856e-07	-3.2472e-07	-5.63862e-08	-1.537e-11	-6.8e-13	3.8092e-07	-3.2462e-07	-3.12322e-08	-7.63e-11	-5.5e-13	3.5592e-07	-3.2454e-07	-1.53156e-08	-3.868e-10	6e-14	3.4026e-07	-3.2446e-07	-5.8629e-09	-1.01059e-09	2.58e-12	3.3144e-07	-3.2454e-07	3.6351e-10	-2.5129e-09	-4.8e-13	3.2682e-07	-3.2472e-07	6.0814e-09	-5.5025e-09	-1.3e-13	3.2422e-07	-3.2486e-07
0.075	-9.38312e-08	-1.207e-11	7e-13	4.1848e-07	-3.2462e-07	-5.6357e-08	-1.755e-11	-1.6e-13	3.8094e-07	-3.2458e-07	-3.12816e-08	-8.139e-11	-8.7e-13	3.5596e-07	-3.246e-07	-1.53458e-08	-4.0141e-10	8e-14	3.4024e-07	-3.2448e-07	-5.8196e-09	-1.04401e-09	-7.89e-12	3.3144e-07	-3.2458e-07	4.324e-10	-2.5834e-09	-2.12e-12	3.2676e-07	-3.247e-07	6.2168e-09	-5.6525e-09	8.3e-13	3.2426e-07	-3.2478e-07
0.07	-9.38402e-08	-1.256e-11	-7.2e-13	4.186e-07	-3.247e-07	-5.63026e-08	-1.788e-11	-4.3e-13	3.8102e-07	-3.2456e-07	-3.1252e-08	-8.741e-11	-2.4e-13	3.5584e-07	-3.2448e-07	-1.53352e-08	-4.1393e-10	1.1e-13	3.4028e-07	-3.246e-07	-5.7685e-09	-1.07721e-09	-2.27e-12	3.3144e-07	-3.246e-07	5.0049e-10	-2.6587e-09	-1.12e-12	3.2686e-07	-3.247e-07	6.3506e-09	-5.7767e-09	-1.12e-12	3.2422e-07	-3.2478e-07
0.065	-9.39262e-08	-1.185e-11	-2.5e-13	4.1874e-07	-3.2466e-07	-5.76178e-08	-1.876e-11	6.8e-13	3.8214e-07	-3.2452e-07	-3.11914e-08	-9.385e-11	9.2e-13	3.5586e-07	-3.2448e-07	-1.52728e-08	-4.3123e-10	-6.7e-13	3.4034e-07	-3.2454e-07	-5.7739e-09	-1.11652e-09	9.19e-12	3.3148e-07	-3.2452e-07	5.7473e-10	-2.7331e-09	3.8e-13	3.2682e-07	-3.2466e-07	6.4941e-09	-5.9176e-09	-1.55e-12	3.243e-07	-3.248e-07
0.06	-9.39228e-08	-1.456e-11	-9.7e-13	4.185e-07	-3.246e-07	-5.69238e-08	-1.997e-11	2.4e-13	3.8094e-07	-3.2454e-07	-3.12034e-08	-9.937e-11	-6e-14	3.558e-07	-3.246e-07	-1.52848e-08	-4.4587e-10	-1.09e-12	3.4024e-07	-3.2452e-07	-5.7305e-09	-1.1499e-09	-2.73e-12	3.3136e-07	-3.245e-07	6.4784e-10	-2.8032e-09	-5.8e-13	3.268e-07	-3.2464e-07	6.6328e-09	-6.061e-09	-5.1e-13	3.2424e-07	-3.2482e-07
0.055	-9.39852e-08	-1.31e-11	-3.8e-13	4.187e-07	-3.2462e-07	-5.63886e-08	-2.026e-11	-4.3e-13	3.8102e-07	-3.2452e-07	-3.12196e-08	-1.0569e-10	-2.7e-13	3.558e-07	-3.2454e-07	-1.53082e-08	-4.6102e-10	-4.9e-13	3.4024e-07	-3.245e-07	-5.653e-09	-1.1885e-09	3.01e-12	3.3138e-07	-3.246e-07	7.2853e-10	-2.8826e-09	-1.78e-12	3.2688e-07	-3.2468e-07	6.7839e-09	-6.2158e-09	3.3e-13	3.2422e-07	-3.2484e-07
0.05	-9.40266e-08	-1.433e-11	-7e-14	4.1864e-07	-3.2466e-07	-5.64374e-08	-2.211e-11	-4e-14	3.8104e-07	-3.2458e-07	-3.12392e-08	-1.1419e-10	-2.44e-12	3.5588e-07	-3.2464e-07	-1.5265e-08	-4.7635e-10	5.4e-13	3.403e-07	-3.2452e-07	-5.6188e-09	-1.2246e-09	1.65e-12	3.3136e-07	-3.2458e-07	8.009e-10	-2.9618e-09	-7.3e-13	3.2688e-07	-3.2468e-07	6.9375e-09	-6.3685e-09	1.5e-13	3.2422e-07	-3.2482e-07
0.045	-9.3991e-08	-1.534e-11	-2.9e-13	4.1876e-07	-3.2462e-07	-5.64522e-08	-2.243e-11	4e-14	3.8102e-07	-3.246e-07	-3.12886e-08	-1.1918e-10	-1.75e-12	3.56e-07	-3.246e-07	-1.52538e-08	-4.9049e-10	7e-14	3.403e-07	-3.2452e-07	-5.5827e-09	-1.2627e-09	-3.61e-12	3.3142e-07	-3.2456e-07	8.8504e-10	-3.0432e-09	6e-13	3.2688e-07	-3.2464e-07	7.0749e-09	-6.5132e-09	-8.3e-13	3.242e-07	-3.2486e-07
0.04	-9.40046e-08	-1.51e-11	2.7e-13	4.1864e-07	-3.246e-07	-5.6485e-08	-2.346e-11	-4.6e-13	3.8102e-07	-3.2456e-07	-3.1243e-08	-1.283e-10	1.2e-13	3.5596e-07	-3.2458e-07	-1.52312e-08	-5.0754e-10	-6.1e-13	3.4032e-07	-3.2458e-07	-5.5651e-09	-1.3028e-09	-3.67e-12	3.3154e-07	-3.247e-07	9.7067e-10	-3.1235e-09	2.8e-13	3.2678e-07	-3.2472e-07	7.2322e-09	-6.6699e-09	-5.5e-13	3.2422e-07	-3.2476e-07
0.035	-9.40958e-08	-1.738e-11	-1.1e-12	4.1872e-07	-3.2466e-07	-5.64442e-08	-2.332e-11	-1.4e-13	3.81e-07	-3.2454e-07	-3.115e-08	-1.3639e-10	8.3e-13	3.5584e-07	-3.2454e-07	-1.52022e-08	-5.2287e-10	-9.7e-13	3.4036e-07	-3.2454e-07	-5.5316e-09	-1.3409e-09	1.28e-12	3.3148e-07	-3.2472e-07	1.04411e-09	-3.2043e-09	-1.04e-12	3.2682e-07	-3.2466e-07	7.3935e-09	-6.8309e-09	-6.2e-13	3.2418e-07	-3.2472e-07
0.03	-9.4041e-08	-1.71e-11	-1.4e-13	4.1864e-07	-3.2464e-07	-5.64478e-08	-2.606e-11	-7.4e-13	3.8106e-07	-3.2454e-07	-3.2178e-08	-1.4435e-10	6e-13	3.5692e-07	-3.246e-07	-1.51624e-08	-5.418e-10	-8.7e-13	3.4034e-07	-3.2458e-07	-5.4663e-09	-1.3876e-09	3.64e-12	3.315e-07	-3.2468e-07	1.13185e-09	-3.29e-09	-4.8e-13	3.2676e-07	-3.246e-07	7.5706e-09	-7.0055e-09	5.1e-13	3.2426e-07	-3.2476e-07
0.025	-9.40636e-08	-1.797e-11	1e-14	4.1864e-07	-3.2462e-07	-5.64608e-08	-2.772e-11	-3.6e-13	3.8098e-07	-3.2454e-07	-3.21176e-08	-1.5302e-10	-2.44e-12	3.5694e-07	-3.2452e-07	-1.51926e-08	-5.6087e-10	3e-14	3.4038e-07	-3.2458e-07	-5.4249e-09	-1.4251e-09	-2.44e-12	3.3144e-07	-3.2466e-07	1.2053e-09	-3.3778e-09	-4e-13	3.2684e-07	-3.2462e-07	7.7356e-09	-7.1771e-09	-1.51e-12	3.2426e-07	-3.2484e-07
0.02	-9.4142e-08	-1.91e-11	-9e-14	4.1868e-07	-3.246e-07	-5.65528e-08	-2.787e-11	3e-14	3.8118e-07	-3.2454e-07	-3.21076e-08	-1.6242e-10	-1.8e-12	3.5682e-07	-3.2454e-07	-1.5151e-08	-5.7606e-10	9.1e-13	3.4034e-07	-3.2456e-07	-5.3587e-09	-1.4764e-09	-2.77e-12	3.315e-07	-3.246e-07	1.3017e-09	-3.468e-09	-1.5e-13	3.2678e-07	-3.247e-07	7.9149e-09	-7.3405e-09	-6.7e-13	3.2414e-07	-3.2474e-07
0.015	-9.41304e-08	-1.791e-11	7e-14	4.1872e-07	-3.2452e-07	-5.65244e-08	-3.04e-11	-3.6e-13	3.8114e-07	-3.2452e-07	-3.21282e-08	-1.7251e-10	-1.78e-12	3.5694e-07	-3.2458e-07	-1.511e-08	-5.9406e-10	3.7e-13	3.4028e-07	-3.2454e-07	-5.3578e-09	-1.5167e-09	1.49e-12	3.3156e-07	-3.246e-07	1.3896e-09	-3.5579e-09	-1.49e-12	3.2678e-07	-3.2466e-07	8.0855e-09	-7.5272e-09	-1.35e-12	3.2424e-07	-3.247e-07
0.01	-9.4149e-08	-2.022e-11	-1.05e-12	4.188e-07	-3.247e-07	-5.66448e-08	-3.108e-11	-1.2e-13	3.8122e-07	-3.2452e-07	-3.2072e-08	-1.8376e-10	1.53e-12	3.5688e-07	-3.2456e-07	-1.51188e-08	-6.1234e-10	-7.2e-13	3.4024e-07	-3.2454e-07	-5.2832e-09	-1.5721e-09	1.3e-12	3.3144e-07	-3.2464e-07	1.4846e-09	-3.657e-09	-2.8e-13	3.2688e-07	-3.2474e-07	8.2642e-09	-7.7112e-09	-1.01e-12	3.2422e-07	-3.2478e-07
0.005	-9.40208e-08	-1.982e-11	-4.3e-13	4.187e-07	-3.246e-07	-5.65244e-08	-3.409e-11	-2.6e-13	3.8108e-07	-3.2454e-07	-3.20878e-08	-1.9189e-10	1.4e-12	3.569e-07	-3.2458e-07	-1.50712e-08	-6.4227e-10	3.7e-13	3.4032e-07	-3.2454e-07	-5.2605e-09	-1.6146e-09	-1.49e-12	3.315e-07	-3.2464e-07	1.5916e-09	-3.7487e-09	-5.2e-13	3.2688e-07	-3.2474e-07	8.4331e-09	-7.8861e-09	2.7e-13	3.2422e-07	-3.2476e-07
0	-9.41706e-08	-2.094e-11	-2.5e-13	4.1876e-07	-3.2458e-07	-5.65862e-08	-3.6e-11	-1.7e-13	3.8116e-07	-3.2452e-07	-3.20954e-08	-2.0463e-10	-5.6e-13	3.5674e-07	-3.245e-07	-1.5066e-08	-6.6437e-10	-3.9e-13	3.4022e-07	-3.2454e-07	-5.1677e-09	-1.6641e-09	-1.63e-12	3.3148e-07	-3.2458e-07	1.699e-09	-3.847e-09	4e-14	3.269e-07	-3.2476e-07	8.6287e-09	-8.0769e-09	-5.9e-13	3.2422e-07	-3.248e-07
