101 1.21337485436125e-05
104.18 1.0031612274175e-05
107.361 9.97790178103914e-06
110.541 1.1824204459082e-05
113.721 1.09919754327744e-05
116.902 8.59152562004939e-06
120.082 8.31714355959977e-06
123.262 8.70650770293775e-06
126.443 9.17163096062531e-06
129.623 8.00216303609963e-06
132.803 8.15906426279222e-06
135.983 1.22519181088616e-05
139.164 1.19584070868273e-05
142.344 9.65597380885199e-06
145.524 7.79972741116207e-06
148.705 9.52958885425284e-06
151.885 1.15536242876456e-05
155.065 1.15710976738942e-05
158.246 7.70084781831423e-06
161.426 7.6088102553118e-06
164.606 9.16729718822326e-06
167.787 9.91415226455192e-06
170.967 9.72465969519703e-06
174.147 9.51676717919379e-06
177.328 8.06114953504896e-06
180.508 7.40186550088203e-06
183.688 9.03201381366214e-06
186.868 1.06528525984161e-05
190.049 1.2380570708391e-05
193.229 1.11595238202955e-05
196.409 1.01610095116501e-05
199.59 1.41713306615971e-05
202.77 1.54277143885372e-05
205.95 1.52148263454843e-05
209.131 1.24072771594049e-05
212.311 1.19636645842701e-05
215.491 1.04706313266784e-05
218.672 9.37548483300341e-06
221.852 1.06709683699914e-05
225.032 1.09708582483726e-05
228.213 9.59802076106823e-06
231.393 9.2766853264062e-06
234.573 9.46768057022223e-06
237.753 8.54147130220624e-06
240.934 8.35343298853028e-06
244.114 7.64915372176155e-06
247.294 8.66694044109341e-06
250.475 9.31386999411866e-06
253.655 8.43542920182874e-06
256.835 8.38113674534791e-06
260.016 6.6702143427653e-06
263.196 7.0604600934415e-06
264.196 1.12948751078057e-05
272.598 1.02876707551541e-05
281.001 9.53131731064285e-06
289.403 9.87866854987094e-06
297.806 9.45726735580234e-06
306.208 8.61952591730283e-06
314.611 7.02114650644848e-06
323.013 7.95079973031005e-06
331.415 9.35355541365962e-06
339.818 9.06682045874429e-06
348.22 8.24241798276779e-06
356.623 7.12802803680301e-06
365.025 7.44183274166794e-06
373.428 7.59196914842059e-06
381.83 7.87576464685146e-06
390.232 8.35598551654017e-06
398.635 9.27732400541228e-06
407.037 9.34329401671976e-06
415.44 8.61588147503452e-06
423.842 6.06837545470285e-06
432.245 6.2556963312618e-06
440.647 8.07346994953764e-06
449.049 8.68794161934164e-06
457.452 8.64847466606148e-06
465.854 7.39500209358375e-06
474.257 7.32543249834186e-06
482.659 7.88717288970229e-06
491.062 7.68073693900841e-06
499.464 7.22150984928107e-06
507.867 6.99999537758653e-06
516.269 7.19045137112998e-06
524.671 7.43633527386797e-06
533.074 6.73044399228054e-06
541.476 6.9793858927713e-06
549.879 7.04796874279692e-06
558.281 6.51358118253442e-06
566.684 6.1943363277192e-06
575.086 5.79407723346516e-06
583.488 5.92025794726311e-06
591.891 6.02430255881733e-06
600.293 6.53640975019144e-06
608.696 6.49699772791291e-06
617.098 6.98730515937848e-06
625.501 6.94123650681574e-06
633.903 7.03232648131576e-06
642.305 8.02823354632981e-06
650.708 8.08557753413997e-06
659.11 7.90518777077839e-06
667.513 7.93798747902871e-06
675.915 7.78250193854155e-06
684.318 6.92635099395767e-06
692.72 6.28000481035947e-06
693.72 6.17340939474753e-06
715.867 4.77844284273392e-06
738.014 6.20858551449263e-06
760.161 8.19451679545599e-06
782.307 6.14385247581611e-06
804.454 4.97094135255504e-06
826.601 4.57996616589075e-06
848.748 4.40251056057195e-06
870.895 3.54715938450002e-06
893.042 4.10635886050773e-06
915.189 5.67064361200448e-06
937.335 4.7786475218563e-06
959.482 4.37364911090118e-06
981.629 4.89592868276246e-06
1003.776 6.02794664231966e-06
1025.923 5.17225522881276e-06
1048.07 4.79371136777037e-06
1070.217 5.24559785872891e-06
1092.364 5.15212833855891e-06
1114.51 4.25709229126024e-06
1136.657 3.67774995853463e-06
1158.804 4.33133164270703e-06
1180.951 5.2776540741559e-06
1203.098 4.33211966157593e-06
1225.245 3.54555179012816e-06
1247.392 4.52830403428806e-06
1269.538 3.33335927455432e-06
1291.685 4.24687367614116e-06
1313.832 5.56360564428592e-06
1335.979 4.42831160164076e-06
1358.126 4.93795783264e-06
1380.273 4.5465773364935e-06
1402.42 3.32412750236329e-06
1424.566 4.36462177567873e-06
1446.713 4.31842090660681e-06
1468.86 4.23293758374523e-06
1491.007 4.10590100790169e-06
1513.154 4.84384771881653e-06
1535.301 4.06753705746789e-06
1557.448 4.60271468797247e-06
1579.595 4.1130093293354e-06
1601.741 4.46958557141786e-06
1623.888 3.77416497435297e-06
1646.035 3.65997856259112e-06
1668.182 3.04407211344438e-06
1690.329 3.44724353433072e-06
1712.476 3.31218448920967e-06
1734.623 4.03363373079548e-06
1756.769 5.33054883333405e-06
1778.916 3.34060787466462e-06
1801.063 3.12688423585294e-06
1823.21 3.17368583177935e-06
1824.21 3.59780365911871e-06
1882.531 3.96474677928765e-06
1940.853 3.94262970552364e-06
1999.174 4.58890374037852e-06
2057.495 4.5657199949581e-06
2115.817 3.4852374401106e-06
2174.138 3.04164916544696e-06
2232.46 4.02225268486522e-06
2290.781 3.6375072495213e-06
2349.102 3.60739337204446e-06
2407.424 3.30609772566195e-06
2465.745 3.5424604696734e-06
2524.066 3.71635266764379e-06
2582.388 3.42977585309675e-06
2640.709 4.03020998553691e-06
2699.031 3.34430932318583e-06
2757.352 2.7440825985459e-06
2815.673 3.42495961912759e-06
2873.995 3.3589682387877e-06
2932.316 3.51558734292055e-06
2990.637 4.06963361464585e-06
3048.959 4.14795516063081e-06
3107.28 3.79871047503106e-06
3165.602 3.88419616310497e-06
3223.923 3.12098005276102e-06
3282.244 3.07375313459592e-06
3340.566 3.43692854267006e-06
3398.887 4.09230016846342e-06
3457.208 3.21519232730135e-06
3515.53 2.77662888528087e-06
3573.851 2.991659819393e-06
3632.173 2.58283784566483e-06
3690.494 2.61360239820765e-06
3748.815 2.7250886859749e-06
3807.137 3.29315711765816e-06
3865.458 2.81867298204999e-06
3923.779 2.18665300754293e-06
3982.101 2.86824290381313e-06
4040.422 3.76593144160547e-06
4098.744 2.82679933715021e-06
4157.065 2.71976955404485e-06
4215.386 2.45715383491804e-06
4273.708 2.96558211634973e-06
4332.029 3.0673061334174e-06
4390.35 2.88016528532221e-06
4448.672 2.7071238059889e-06
4506.993 3.28603389395659e-06
4565.315 3.61039140069981e-06
4623.636 2.9189162185317e-06
4681.957 2.42127439785701e-06
4740.279 2.29045885968239e-06
4798.6 3.21991093586393e-06
4799.6 2.14830034263102e-06
4953.131 1.90215786993645e-06
5106.663 1.92628563968235e-06
5260.194 2.50446466310059e-06
5413.725 2.85743997197238e-06
5567.257 2.76850640340246e-06
5720.788 2.47377831167683e-06
5874.32 2.19812110150758e-06
6027.851 2.25545844668906e-06
6181.382 2.02598935796137e-06
6334.914 1.89279508039802e-06
6488.445 2.07235539635378e-06
6641.976 1.80011647099404e-06
6795.508 1.49522353218677e-06
6949.039 2.13689986091947e-06
7102.571 1.64016464057312e-06
7256.102 2.22875691311527e-06
7409.633 2.40771690221803e-06
7563.165 1.82694288829198e-06
7716.696 1.70498528755756e-06
7870.227 1.69843826559546e-06
8023.759 2.08907145046494e-06
8177.29 2.0492453431612e-06
8330.822 2.15606802957786e-06
8484.353 2.44365155965645e-06
8637.884 2.7936967060976e-06
8791.416 2.58127679839369e-06
8944.947 2.32438145765834e-06
9098.478 2.55089426389526e-06
9252.01 2.28084583650292e-06
9405.541 2.24127310359612e-06
9559.073 2.20699069610769e-06
9712.604 2.00192720317466e-06
9866.135 2.14037364672129e-06
10019.667 2.30595248265285e-06
10173.198 2.31879757275148e-06
10326.729 2.23056212445959e-06
10480.261 2.26915696259891e-06
10633.792 1.65061047957124e-06
10787.324 1.90210271074762e-06
10940.855 1.72454577895813e-06
11094.386 1.84683526180163e-06
11247.918 2.23235950208494e-06
11401.449 2.28371113041035e-06
11554.98 2.13883075601373e-06
11708.512 1.68321628483591e-06
11862.043 1.61647146422318e-06
12015.575 1.72130650282962e-06
12169.106 2.01269271005693e-06
12322.637 2.44631799608071e-06
12476.169 2.27373411682937e-06
12629.7 1.5772674993484e-06
12630.7 1.29964954036912e-06
13034.822 1.47625855744094e-06
13438.943 1.46078062086198e-06
13843.065 1.5968713591266e-06
14247.186 1.83165451642276e-06
14651.308 1.71811160626137e-06
15055.429 1.54894763705883e-06
15459.551 1.62067973211917e-06
15863.673 2.12944339166321e-06
16267.794 2.26986868663802e-06
16671.916 1.97316235317728e-06
17076.037 1.61809739862196e-06
17480.159 1.49618212883461e-06
17884.28 1.76483973124946e-06
18288.402 1.74254889018791e-06
18692.524 1.66833037110222e-06
19096.645 1.60656477763313e-06
19500.767 1.38847888571522e-06
19904.888 1.1994671521589e-06
20309.01 1.15013632955012e-06
20713.131 1.42033659391424e-06
21117.253 1.38409248081553e-06
21521.375 1.48974427044772e-06
21925.496 1.65176102084071e-06
22329.618 1.39471511907769e-06
22733.739 1.34657310528357e-06
23137.861 1.34525826292553e-06
23541.982 1.27435595437262e-06
23946.104 1.18434992225649e-06
24350.225 1.42079470451716e-06
24754.347 1.30610443570476e-06
25158.469 1.21042808659599e-06
25562.59 9.97537788924322e-07
25966.712 1.02465740761734e-06
26370.833 9.79805005514661e-07
26774.955 8.47511601879201e-07
27179.076 1.09816037308485e-06
27583.198 1.08282525443034e-06
27987.32 8.52913749108301e-07
28391.441 1.2044509593299e-06
28795.563 1.19265938948094e-06
29199.684 1.08164992059277e-06
29603.806 1.01112764474725e-06
30007.927 1.0893214719277e-06
30412.049 1.38807037348684e-06
30816.171 1.53243207185584e-06
31220.292 1.45909407413825e-06
31624.414 1.46153619486599e-06
32028.535 1.47438146916812e-06
32432.657 1.39307126866911e-06
32836.778 1.31282214353798e-06
33240.9 1.29818093492088e-06
33241.9 1.34968504875465e-06
34305.559 1.36411104778208e-06
35369.218 1.24774035918081e-06
36432.876 1.08498102506233e-06
37496.535 1.044017327945e-06
38560.194 1.07156798876671e-06
39623.853 1.1260145211097e-06
40687.512 9.54908650457923e-07
41751.171 8.37561440829913e-07
42814.829 9.4743195524919e-07
43878.488 1.03810720249158e-06
44942.147 1.10750353291034e-06
46005.806 1.15701722954077e-06
47069.465 1.28821261014484e-06
48133.124 1.23475279420617e-06
49196.782 1.04362993461465e-06
50260.441 8.75367946607268e-07
51324.1 8.69840342468281e-07
52387.759 8.52783413670817e-07
53451.418 8.7730594403855e-07
54515.076 9.06438405641393e-07
55578.735 8.70791291472682e-07
56642.394 7.97445582944742e-07
57706.053 8.21618368806753e-07
58769.712 9.9259110168202e-07
59833.371 1.0654534977293e-06
60897.029 9.38720452559352e-07
61960.688 8.44540093549874e-07
63024.347 8.53817958350139e-07
64088.006 9.27090190130333e-07
65151.665 1.01994695754168e-06
66215.324 9.33051326486917e-07
67278.982 8.73199102663452e-07
68342.641 9.6692734586281e-07
69406.3 9.3376197748125e-07
70469.959 8.4337188882179e-07
71533.618 6.40782250601582e-07
72597.276 7.19792665710919e-07
73660.935 8.73563251295972e-07
74724.594 8.32298620565576e-07
75788.253 7.2805128246711e-07
76851.912 5.10693226119766e-07
77915.571 6.53281024286615e-07
78979.229 8.01745850978102e-07
80042.888 1.00015818651666e-06
81106.547 1.07000887508816e-06
82170.206 1.08949883506128e-06
83233.865 1.04003684026518e-06
84297.524 8.80500457291952e-07
85361.182 6.97335254390725e-07
86424.841 7.15891152067799e-07
87488.5 7.48178026215565e-07
87489.5 8.79128314283389e-07
90289.039 8.20814818909923e-07
93088.578 8.04165718562551e-07
95888.118 7.32365179280662e-07
98687.657 6.27075052431946e-07
101487.196 6.71174993127547e-07
104286.735 7.2799672884872e-07
107086.275 6.90938787281001e-07
109885.814 6.22217582454015e-07
112685.353 6.28636506947996e-07
115484.892 6.15328950292931e-07
118284.431 5.02556016295375e-07
121083.971 6.05150695233388e-07
123883.51 6.75759312797483e-07
126683.049 7.10785496866492e-07
129482.588 7.50000504931042e-07
132282.127 7.0449625829651e-07
135081.667 7.32804291769861e-07
137881.206 6.97448987962718e-07
140680.745 6.5961807800076e-07
143480.284 6.83897141522858e-07
146279.824 6.95411915526786e-07
149079.363 6.22834738838097e-07
151878.902 6.92693330438887e-07
154678.441 7.64966166082113e-07
157477.98 7.77378341677239e-07
160277.52 7.05728889683215e-07
163077.059 5.97895318696619e-07
165876.598 5.90645597668778e-07
168676.137 6.40385157332383e-07
171475.676 6.32670122618319e-07
174275.216 4.61004507401619e-07
177074.755 3.50653960794344e-07
179874.294 4.05711059439988e-07
182673.833 5.22232822833616e-07
185473.373 5.83263054180781e-07
188272.912 6.34087590842659e-07
191072.451 6.37135859399773e-07
193871.99 6.25030309585749e-07
196671.529 5.77868728000351e-07
199471.069 5.45512511368576e-07
202270.608 4.84273755779858e-07
205070.147 4.48680548310247e-07
207869.686 4.71707726824034e-07
210669.225 4.54131623602604e-07
213468.765 4.10905167082074e-07
216268.304 4.44382474705234e-07
219067.843 5.81325711806468e-07
221867.382 6.4160023255492e-07
224666.922 5.86595547726471e-07
227466.461 5.57440001238635e-07
230266 4.95910980997077e-07
230267 4.79857631418726e-07
237635.294 5.72504423402357e-07
245003.588 5.98119471558383e-07
252371.882 5.76997194425181e-07
259740.176 5.39643802449795e-07
267108.471 4.63439469700663e-07
274476.765 5.30465523330382e-07
281845.059 5.54501024925027e-07
289213.353 4.46216270262615e-07
296581.647 4.46740395579668e-07
303949.941 6.74464972411865e-07
311318.235 3.02104411762132e-07
318686.529 4.34202273204256e-07
326054.824 5.34780726928081e-07
333423.118 3.37512454435151e-07
340791.412 4.22830114606445e-07
348159.706 5.32082060956264e-07
355528 3.57685154533728e-07
362896.294 4.21919194067793e-07
370264.588 5.34656055073639e-07
377632.882 3.50623396668829e-07
385001.176 4.50808024300058e-07
392369.471 4.53133187716311e-07
399737.765 4.93124294698335e-07
407106.059 4.85812785950597e-07
414474.353 3.40130910030076e-07
421842.647 3.8167127077401e-07
429210.941 5.07152039135619e-07
436579.235 4.20793334229345e-07
443947.529 3.57662089356794e-07
451315.824 3.90655947653879e-07
458684.118 4.89901649207634e-07
466052.412 4.09900989148453e-07
473420.706 4.23566456323175e-07
480789 3.88203665626559e-07
488157.294 3.2829212256089e-07
495525.588 4.40947775797373e-07
502893.882 3.95004817072445e-07
510262.176 4.26636190975829e-07
517630.471 3.6119698278207e-07
524998.765 3.67313349522724e-07
532367.059 4.03414783639848e-07
539735.353 2.75356298326592e-07
547103.647 3.86393785061957e-07
554471.941 3.55715520929327e-07
561840.235 3.69369203080235e-07
569208.529 3.92400227335681e-07
576576.824 4.13211241783853e-07
583945.118 3.17592041988271e-07
591313.412 2.5016326364412e-07
598681.706 2.79967263947292e-07
606050 3.6234382473126e-07
606051 2.65388555645284e-07
625444.118 3.20170384157629e-07
644837.235 2.751865407799e-07
664230.353 3.80994807683138e-07
683623.471 3.07175968208129e-07
703016.588 2.59168380210899e-07
722409.706 3.70155850812854e-07
741802.824 4.04221349340232e-07
761195.941 3.47577602733193e-07
780589.059 2.77608356835239e-07
799982.176 2.94356766455874e-07
819375.294 2.62433112339961e-07
838768.412 1.94139372516164e-07
858161.529 2.81189270184275e-07
877554.647 2.28172619572441e-07
896947.765 2.98730610265478e-07
916340.882 3.08209415411304e-07
935734 2.98338959776934e-07
955127.118 3.21691490357455e-07
974520.235 2.87144471136928e-07
993913.353 2.88291734749554e-07
1013306.471 3.08342670292898e-07
1032699.588 3.25535182449931e-07
1052092.706 2.17784605442273e-07
1071485.824 2.2576822156917e-07
1090878.941 2.18007452143424e-07
1110272.059 2.39883552832942e-07
1129665.176 3.36966307649594e-07
1149058.294 2.386351541683e-07
1168451.412 2.73763025904577e-07
1187844.529 3.1638303493503e-07
1207237.647 2.66595218057153e-07
1226630.765 2.37115792773096e-07
1246023.882 3.09883548714416e-07
1265417 2.2195144633376e-07
1284810.118 2.53122370571753e-07
1304203.235 2.53225284148349e-07
1323596.353 2.96882926328726e-07
1342989.471 3.33725933806673e-07
1362382.588 3.00580966400618e-07
1381775.706 2.0086797197142e-07
1401168.824 2.29847486779141e-07
1420561.941 3.01698749046968e-07
1439955.059 2.59000587975448e-07
1459348.176 2.99248402331575e-07
1478741.294 2.36992609707743e-07
1498134.412 2.64904023855735e-07
1517527.529 2.1967530520346e-07
1536920.647 2.119525395239e-07
1556313.765 2.71083758314595e-07
1575706.882 2.59930533099623e-07
1595100 2.27674329052552e-07
1595100 2.5117134971884e-07
1646141.765 2.57613672004001e-07
1697183.529 2.979521746992e-07
1748225.294 2.36490567064887e-07
1799267.059 2.49109991844843e-07
1850308.824 2.54123641888385e-07
1901350.588 2.70189137581e-07
1952392.353 2.12494017275281e-07
2003434.118 2.1466387778049e-07
2054475.882 2.90734947013689e-07
2105517.647 1.89620932191119e-07
2156559.412 2.06243459628154e-07
2207601.176 2.12092991090257e-07
2258642.941 2.14005801607934e-07
2309684.706 2.40939025076477e-07
2360726.471 2.26310433952883e-07
2411768.235 2.17529307055274e-07
2462810 2.0307319898435e-07
2513851.765 2.26970227235168e-07
2564893.529 1.73781461327091e-07
2615935.294 2.16409674174325e-07
2666977.059 2.05371605512599e-07
2718018.824 1.56555902874891e-07
2769060.588 1.9393432691916e-07
2820102.353 2.12767193518197e-07
2871144.118 2.39524256708533e-07
2922185.882 2.25932803919268e-07
2973227.647 2.16347441282026e-07
3024269.412 2.80001718184014e-07
3075311.176 2.22938156546077e-07
3126352.941 2.5270408903309e-07
3177394.706 2.00400694232041e-07
3228436.471 2.22430190103434e-07
3279478.235 2.32412058646943e-07
3330520 1.99038569578526e-07
3381561.765 2.54538761294341e-07
3432603.529 1.79555171637358e-07
3483645.294 2.00433554571979e-07
3534687.059 1.61588406876445e-07
3585728.824 1.70713665969499e-07
3636770.588 1.66790547666455e-07
3687812.353 1.99914555012463e-07
3738854.118 1.2726134444187e-07
3789895.882 1.97000998909944e-07
3840937.647 2.20081313175341e-07
3891979.412 2.2041380168281e-07
3943021.176 2.01084973879929e-07
3994062.941 2.41254808170546e-07
4045104.706 2.12205027626935e-07
4096146.471 1.6395667645069e-07
4147188.235 1.85223679554651e-07
4198230 1.18436842489259e-07
4198230 1.7905734072546e-07
4332570.588 2.28196806612524e-07
4466911.176 1.75301913188245e-07
4601251.765 2.32449119034903e-07
4735592.353 1.04631666592406e-07
4869932.941 1.40294765215641e-07
5004273.529 2.05502944862847e-07
5138614.118 1.7944170558305e-07
5272954.706 1.56748206280646e-07
5407295.294 1.66918155536919e-07
5541635.882 1.40484945114227e-07
5675976.471 1.68639851305756e-07
5810317.059 1.68238130127792e-07
5944657.647 1.73301598595904e-07
6078998.235 1.70833835274923e-07
6213338.824 1.31106206331049e-07
6347679.412 1.34893954831711e-07
6482020 1.41028561676583e-07
6616360.588 1.47274492348704e-07
6750701.176 1.07947767223303e-07
6885041.765 1.57616311086475e-07
7019382.353 1.68819805216492e-07
7153722.941 1.64015120963889e-07
7288063.529 1.55176731503349e-07
7422404.118 1.73603175340286e-07
7556744.706 1.42745143247767e-07
7691085.294 1.30806601878462e-07
7825425.882 1.40585409770594e-07
7959766.471 1.15636536155668e-07
8094107.059 1.36796843850023e-07
8228447.647 1.45846466817789e-07
8362788.235 1.3411145884587e-07
8497128.824 1.17691636085625e-07
8631469.412 8.12455923800578e-08
8765810 1.12332569506899e-07
8900150.588 1.28500696210916e-07
9034491.176 1.06616859232635e-07
9168831.765 1.10849030728767e-07
9303172.353 8.89191414787525e-08
9437512.941 1.18847282443452e-07
9571853.529 1.39520546371522e-07
9706194.118 1.10145017235424e-07
9840534.706 1.17981801984594e-07
9974875.294 1.18991392181586e-07
10109215.882 1.29748507711885e-07
10243556.471 1.70009452895449e-07
10377897.059 9.64939487287571e-08
10512237.647 1.04579620342546e-07
10646578.235 1.13645118524527e-07
10780918.824 1.25150956626661e-07
10915259.412 9.88562793975552e-08
11049600 1.11210149681922e-07
11049600 7.54810732623265e-08
11403174.51 7.36152512302824e-08
11756749.02 1.09016222977993e-07
12110323.529 1.2194450430095e-07
12463898.039 1.38381856005799e-07
12817472.549 1.42689436311093e-07
13171047.059 9.41865686322179e-08
13524621.569 1.81509692773003e-07
13878196.078 1.42465382545375e-07
14231770.588 1.88830367998133e-07
14585345.098 1.41830029857901e-07
14938919.608 1.47256021600243e-07
15292494.118 1.07328797344713e-07
15646068.627 9.44438875664312e-08
15999643.137 1.55376152871275e-07
16353217.647 1.54514437833534e-07
16706792.157 1.44137569355113e-07
17060366.667 1.43971568886864e-07
17413941.176 1.24897696975963e-07
17767515.686 1.6672007866572e-07
18121090.196 1.48315242466002e-07
18474664.706 1.5835725691353e-07
18828239.216 1.40385831326177e-07
19181813.725 1.42202006721732e-07
19535388.235 1.42495070456395e-07
19888962.745 1.37725216261343e-07
20242537.255 1.84673953503032e-07
20596111.765 9.06802221853834e-08
20949686.275 1.880055947613e-07
21303260.784 1.45583789752029e-07
21656835.294 1.64167744942005e-07
22010409.804 1.00196120950779e-07
22363984.314 1.71210726208465e-07
22717558.824 1.33953633863557e-07
23071133.333 9.99833041093357e-08
23424707.843 1.28727610111621e-07
23778282.353 1.04623399567735e-07
24131856.863 1.30350800940453e-07
24485431.373 1.29900916158136e-07
24839005.882 1.49704584282884e-07
25192580.392 1.05074460735654e-07
25546154.902 1.34241025796529e-07
25899729.412 1.51703481183225e-07
26253303.922 1.55860617914853e-07
26606878.431 1.37143738832079e-07
26960452.941 1.41877302393323e-07
27314027.451 1.63546684357212e-07
27667601.961 1.12234594283345e-07
28021176.471 1.28265013049177e-07
28374750.98 1.20861116624211e-07
28728325.49 1.07599717468159e-07
29081900 1.40703622367096e-07
29081900 1.12751672123945e-07
30012498.039 1.96799776161321e-07
30943096.078 1.56621589434458e-07
31873694.118 1.78253095065703e-07
32804292.157 1.38696087412358e-07
33734890.196 2.52214003691177e-07
34665488.235 1.95460699775004e-07
35596086.275 1.62957083335637e-07
36526684.314 1.44405208780805e-07
37457282.353 1.62712499197301e-07
38387880.392 1.57726685141686e-07
39318478.431 1.37401576987908e-07
40249076.471 1.34772297370788e-07
41179674.51 9.33052821001271e-08
42110272.549 1.46460498299576e-07
43040870.588 1.30722587675084e-07
43971468.627 1.22144113700444e-07
44902066.667 1.36226554758232e-07
45832664.706 9.8697859994662e-08
46763262.745 1.16654628918175e-07
47693860.784 1.40542591473573e-07
48624458.824 1.23205066364649e-07
49555056.863 1.0372646103486e-07
50485654.902 8.27176884194233e-08
51416252.941 1.21127567195555e-07
52346850.98 1.10247774782819e-07
53277449.02 1.11130366127785e-07
54208047.059 1.2703404054586e-07
55138645.098 1.16411480021353e-07
56069243.137 9.90104389009583e-08
56999841.176 1.06877774788716e-07
57930439.216 6.76441343645434e-08
58861037.255 1.0972929477011e-07
59791635.294 7.70376505732003e-08
60722233.333 5.600587929395e-08
61652831.373 6.5514207617413e-08
62583429.412 7.47257887115044e-08
63514027.451 5.45873440522471e-08
64444625.49 6.32247597686183e-08
65375223.529 5.64206827377053e-08
66305821.569 3.72767952187416e-08
67236419.608 4.48683885743014e-08
68167017.647 3.48394210504093e-08
69097615.686 3.76940890661374e-08
70028213.725 4.42848140002586e-08
70958811.765 9.33188882329295e-09
71889409.804 2.58600211534426e-08
72820007.843 4.91538351465122e-08
73750605.882 3.46155705597857e-08
74681203.922 3.62180082674172e-08
75611801.961 4.05714370374097e-08
76542400 1.60730679588683e-08
76542400 2.78381702717384e-08
78991686.275 2.92279834704073e-08
81440972.549 2.26941109002203e-08
83890258.824 2.6992449604658e-08
86339545.098 2.6461805659707e-08
88788831.373 2.17027294041648e-08
91238117.647 2.83237723382303e-08
93687403.922 1.97192476078779e-08
96136690.196 2.27540762409046e-08
98585976.471 2.70197484960537e-09
101035262.745 2.41332131813399e-08
103484549.02 1.23465054165136e-08
105933835.294 1.56387034230079e-08
108383121.569 -0
110832407.843 1.84583202249609e-08
113281694.118 1.58296126387824e-08
115730980.392 1.64674495722197e-08
118180266.667 1.60558885801668e-08
120629552.941 -0
123078839.216 1.50981594382759e-08
125528125.49 5.12133480096742e-09
127977411.765 9.62382081631714e-09
130426698.039 3.35427602288422e-09
132875984.314 1.35759576101962e-08
135325270.588 1.06365746494771e-08
137774556.863 7.83780228525829e-09
140223843.137 -0
142673129.412 8.22081530107568e-09
145122415.686 -0
147571701.961 8.88960190418559e-09
150020988.235 6.12655430445948e-09
152470274.51 9.10970138200693e-09
154919560.784 6.72307778462365e-09
157368847.059 1.40096334034356e-08
159818133.333 7.60106604918021e-09
162267419.608 9.97267604329906e-09
164716705.882 -0
167165992.157 3.8716131659989e-09
169615278.431 6.39322095701306e-09
172064564.706 -0
174513850.98 6.3171578688521e-09
176963137.255 5.81482715230608e-09
179412423.529 -0
181861709.804 5.51173795952828e-09
184310996.078 -0
186760282.353 -0
189209568.627 9.53498907258944e-09
191658854.902 7.52253606880685e-09
194108141.176 7.85278813391117e-09
196557427.451 7.10723238506797e-09
199006713.725 -0
201456000 4.95530147146064e-09
