101 105.704183970681
104.18 84.9972775231535
107.361 NaN
110.541 NaN
113.721 33.8366591492506
116.902 68.336898923257
120.082 58.4060221680249
123.262 76.0269477470057
126.443 72.3694844823922
129.623 53.0745447319233
132.803 59.551686736285
135.983 80.4592629516066
139.164 65.0351528079074
142.344 66.486071641473
145.524 104.729288121251
148.705 163.155117693285
151.885 157.550201212966
155.065 143.621582668228
158.246 106.021276947139
161.426 72.1074124725007
164.606 53.8556055091005
167.787 29.4714491018661
170.967 13.5365100729234
174.147 45.9981259008189
177.328 47.5209498369659
180.508 43.3994745050971
183.688 49.2220382712218
186.868 74.2370349246422
190.049 70.8015513253284
193.229 61.2196478288392
196.409 42.0548810972775
199.59 44.2174394611435
202.77 53.5485112870633
205.95 65.7841600291175
209.131 45.1222663012919
212.311 24.295286604914
215.491 39.8218095603845
218.672 50.0803074068595
221.852 56.7030966203728
225.032 47.4682893432434
228.213 22.3708965798106
231.393 26.3070186582975
234.573 46.7959601521701
237.753 57.7033483007787
240.934 54.6404106295594
244.114 58.3733698580431
247.294 65.6786005614719
250.475 81.3628021990072
253.655 91.8085138710815
256.835 88.9403156471546
260.016 71.0104738783023
263.196 46.4553934231617
264.196 35.1346640479242
272.598 32.2057615664413
281.001 33.091748767092
289.403 28.8072200493577
297.806 20.1157186181275
306.208 22.928773387466
314.611 50.2114896701639
323.013 60.8446551474998
331.415 62.180083010614
339.818 54.4302126082194
348.22 48.0496985940604
356.623 50.3672912988317
365.025 52.5545617226459
373.428 51.8170504591016
381.83 44.3519766093022
390.232 42.2861884026322
398.635 43.2185241625148
407.037 41.059755482287
415.44 36.5484077892278
423.842 16.0640727041526
432.245 NaN
440.647 22.7903861680212
449.049 27.1674595018588
457.452 31.2844265366931
465.854 49.319508167049
474.257 54.421488501368
482.659 57.1371702148413
491.062 50.9126753754037
499.464 40.850460358599
507.867 29.0756633811023
516.269 35.0503494568708
524.671 38.2459402768809
533.074 35.2608815907681
541.476 34.1033662956644
549.879 24.4823007218076
558.281 26.9528249681341
566.684 30.7584641565716
575.086 32.046837319384
583.488 33.0073417300863
591.891 33.19482559933
600.293 28.2629422825268
608.696 26.1384272338246
617.098 25.8936382255495
625.501 25.8259876164282
633.903 25.5122488941041
642.305 30.8694233580656
650.708 32.215110627282
659.11 32.9837720805383
667.513 30.4318793179377
675.915 29.3376480584574
684.318 31.6128441630883
692.72 30.4847498399997
693.72 25.512967027456
715.867 23.8272576016091
738.014 31.6368797560973
760.161 40.8189648795882
782.307 36.1742751454592
804.454 28.5613528054487
826.601 35.3334147523657
848.748 41.7396149493622
870.895 35.1199344783782
893.042 36.3632254700536
915.189 28.7653167612983
937.335 21.2633089380071
959.482 32.2379010227294
981.629 26.9890840027018
1003.776 29.9482613551997
1025.923 34.4751300187488
1048.07 26.3631251287418
1070.217 27.3643426646021
1092.364 28.1653507536337
1114.51 27.8029305374816
1136.657 22.386958938205
1158.804 17.516260592002
1180.951 28.0541343844776
1203.098 27.7409239353498
1225.245 26.7127416670657
1247.392 17.3417778681471
1269.538 20.038050803318
1291.685 21.9563690464456
1313.832 26.4085823522502
1335.979 25.9744063181541
1358.126 18.6307927349973
1380.273 19.9027734467853
1402.42 12.6198370026356
1424.566 16.0307508530532
1446.713 21.2943187981428
1468.86 26.7826711810888
1491.007 22.1898282319741
1513.154 21.6351364440656
1535.301 21.5111207526498
1557.448 16.9696144904
1579.595 23.4629535805194
1601.741 23.1799011700399
1623.888 21.6681450816917
1646.035 22.6492501334658
1668.182 21.2798581833255
1690.329 8.15746399188542
1712.476 18.149082726681
1734.623 17.0455936362138
1756.769 16.7490644387972
1778.916 15.7282366397902
1801.063 17.8713206932422
1823.21 23.0419006865073
1824.21 20.7617406339449
1882.531 16.3548174412828
1940.853 24.5200173961815
1999.174 35.0773286816788
2057.495 21.9957077550127
2115.817 17.1190017106937
2174.138 16.5600491206632
2232.46 12.352632335511
2290.781 17.3371967758433
2349.102 14.7331819293374
2407.424 13.3523721184355
2465.745 19.0503632123638
2524.066 22.5747106588814
2582.388 21.1111280200129
2640.709 20.8737586703399
2699.031 15.9329547171732
2757.352 15.7147151573244
2815.673 19.5649487263246
2873.995 17.0593297131302
2932.316 15.2100010532039
2990.637 18.4602821200581
3048.959 24.8863414182584
3107.28 16.5067834418733
3165.602 13.8755561269312
3223.923 13.1397567238906
3282.244 11.7194765050316
3340.566 12.7270334191217
3398.887 11.9123828540023
3457.208 11.6920447889798
3515.53 14.3336718883657
3573.851 18.1187619134276
3632.173 18.426409458477
3690.494 10.0286525691667
3748.815 18.3734013752097
3807.137 16.9094621290566
3865.458 16.921365664009
3923.779 14.713984621325
3982.101 18.1335724380664
4040.422 24.0954246054892
4098.744 16.8240921770839
4157.065 14.3793544821831
4215.386 17.7400136856219
4273.708 18.206428866289
4332.029 14.0549489761771
4390.35 14.3915893550718
4448.672 11.3581461475346
4506.993 12.6518083146488
4565.315 15.0771056682066
4623.636 12.3172065612081
4681.957 14.3278770398678
4740.279 13.5567744237387
4798.6 13.5261494182122
4799.6 12.7038276564892
4953.131 12.932213143644
5106.663 13.0652747385638
5260.194 10.5907693035599
5413.725 9.55451145890764
5567.257 11.3367815412282
5720.788 10.0549302128773
5874.32 16.1463464183987
6027.851 16.0094227315925
6181.382 12.9336357636639
6334.914 10.0316774557609
6488.445 10.8755356139103
6641.976 11.2920302245234
6795.508 11.6314988287293
6949.039 9.45210146763856
7102.571 9.67398853832328
7256.102 11.4765894714561
7409.633 12.4404117706487
7563.165 11.0115244168624
7716.696 9.24061271676007
7870.227 11.9542653376246
8023.759 14.7725795980731
8177.29 12.5702030684183
8330.822 7.60977952153489
8484.353 8.50290376921179
8637.884 8.06004042438386
8791.416 5.9493080730787
8944.947 7.85207252512375
9098.478 8.16619369328166
9252.01 8.46274520816733
9405.541 8.62987437703592
9559.073 9.31676683459376
9712.604 9.23737107517733
9866.135 9.772847249483
10019.667 9.80310031826207
10173.198 7.91415020424393
10326.729 8.78976104154626
10480.261 8.77761392066194
10633.792 9.13076531402701
10787.324 8.36240865858788
10940.855 8.64287280160027
11094.386 10.5626005400725
11247.918 11.090765394071
11401.449 11.693510735656
11554.98 9.77037473295667
11708.512 7.19344695634013
11862.043 6.58300570365921
12015.575 8.43497666984051
12169.106 7.85465587783662
12322.637 8.63306323482915
12476.169 8.0106699877575
12629.7 7.93170010369631
12630.7 6.6973990425729
13034.822 8.16610688316065
13438.943 8.31765487928064
13843.065 7.65789972622943
14247.186 9.241410213086
14651.308 9.34275464343201
15055.429 8.5646094692017
15459.551 6.39132088524075
15863.673 5.40307208712451
16267.794 5.53044112703941
16671.916 5.65915888190452
17076.037 6.04363892756936
17480.159 5.54067319748381
17884.28 4.37768792821658
18288.402 5.5410284596774
18692.524 6.01129513224821
19096.645 6.37121998892223
19500.767 6.7951429218489
19904.888 7.70224320237754
20309.01 6.76989738391277
20713.131 4.33741345743937
21117.253 4.81608328164905
21521.375 5.61413403826659
21925.496 5.2673733577406
22329.618 4.84008178827118
22733.739 5.19182842773617
23137.861 5.06159328986079
23541.982 6.74455578184056
23946.104 7.38382140725448
24350.225 6.56883442968773
24754.347 5.67896589008683
25158.469 5.13049937628744
25562.59 4.51394784978958
25966.712 4.10368007146715
26370.833 4.2941745800153
26774.955 4.5038904026371
27179.076 4.99603748525123
27583.198 4.92398011318142
27987.32 6.77687394387701
28391.441 8.82278847660139
28795.563 7.32359823015819
29199.684 5.56193195283479
29603.806 4.84140909476544
30007.927 5.17280311706522
30412.049 5.19297169439205
30816.171 4.56962549940639
31220.292 3.96723312799088
31624.414 2.93160088826918
32028.535 3.87775394029722
32432.657 4.84550835371862
32836.778 5.65970572460053
33240.9 6.90705861303816
33241.9 6.04139804766144
34305.559 6.26075150283562
35369.218 6.08585649535834
36432.876 5.28512668611262
37496.535 4.79868606214346
38560.194 4.93756671522722
39623.853 4.69438630826396
40687.512 5.64469301050341
41751.171 5.99672903107614
42814.829 4.50352586421845
43878.488 3.94982367712941
44942.147 4.74346588387868
46005.806 5.64335518899714
47069.465 5.92943842501286
48133.124 5.29974818254638
49196.782 5.66710061767585
50260.441 5.9946625730732
51324.1 5.87589503946445
52387.759 5.15561552936111
53451.418 4.3133207312561
54515.076 3.7359620438033
55578.735 3.3331877723276
56642.394 3.45743301314229
57706.053 3.83695317362664
58769.712 3.48971934793637
59833.371 4.11574528553254
60897.029 4.96749852682079
61960.688 5.07136952888344
63024.347 4.98746817983847
64088.006 4.92031231788922
65151.665 4.45478360835779
66215.324 3.83578445212733
67278.982 3.68103374852896
68342.641 5.25721995720291
69406.3 5.34550762057595
70469.959 5.09259502516287
71533.618 4.00421453816665
72597.276 3.89225729543887
73660.935 4.46680821003155
74724.594 5.08583584184554
75788.253 4.72661432744351
76851.912 4.0578091899331
77915.571 4.06173107376464
78979.229 4.13891418900194
80042.888 2.9072052844707
81106.547 2.74174908936933
82170.206 2.84011139385294
83233.865 3.47036031276527
84297.524 3.74387111944493
85361.182 3.9440716271191
86424.841 3.74966827664918
87488.5 3.53735113401807
87489.5 4.37432344655066
90289.039 4.21815367019233
93088.578 3.39929471775628
95888.118 2.9508412120286
98687.657 2.84436884208522
101487.196 3.11374160602196
104286.735 4.19429058950666
107086.275 4.66289710314684
109885.814 3.86659849458492
112685.353 3.21787540077812
115484.892 2.91409993383879
118284.431 2.71306268876542
121083.971 2.72691652433111
123883.51 3.39269623208026
126683.049 3.27697487156516
129482.588 3.03618575310467
132282.127 2.73564608973847
135081.667 3.18246739017436
137881.206 3.43444319145434
140680.745 3.32480520505541
143480.284 3.10678112961123
146279.824 2.93592429215311
149079.363 3.08962339774556
151878.902 2.55535400365906
154678.441 2.45295528678865
157477.98 2.50001659904269
160277.52 1.77541858106465
163077.059 1.27420855889411
165876.598 2.57609541577434
168676.137 3.83509089706151
171475.676 3.98968745363623
174275.216 3.57766523163264
177074.755 3.2069253205929
179874.294 3.13088709260585
182673.833 2.94600206571542
185473.373 2.78818830961368
188272.912 3.02568626158521
191072.451 2.86695505137474
193871.99 2.54414601399492
196671.529 3.41772589106435
199471.069 3.46014652942587
202270.608 3.45273693391724
205070.147 3.1362522035752
207869.686 3.11608657866921
210669.225 2.94165159167242
213468.765 3.02434573688107
216268.304 3.0051105875889
219067.843 3.10955453011901
221867.382 2.94789827876714
224666.922 2.66831143889709
227466.461 2.49526086528704
230266 2.6813373792625
230267 2.90444680160733
237635.294 3.1886198674402
245003.588 1.39805805434594
252371.882 5.61247375844952
259740.176 11.2567169499059
267108.471 2.64627621167108
274476.765 2.16747706980133
281845.059 2.24902240829419
289213.353 2.75145100068193
296581.647 3.26874442280299
303949.941 2.37011576033767
311318.235 2.77589678181476
318686.529 2.2363147079658
326054.824 2.57433037084089
333423.118 1.91038250136397
340791.412 2.54288397476124
348159.706 2.06337524352091
355528 3.38336313419798
362896.294 2.79057774680733
370264.588 1.90664684891275
377632.882 2.73104557682681
385001.176 2.93161588708322
392369.471 2.88313301769912
399737.765 2.64722408682505
407106.059 2.8960367761924
414474.353 3.43019594178879
421842.647 2.26032894696855
429210.941 2.18690289494814
436579.235 2.66834979654875
443947.529 2.1641140317669
451315.824 2.44975737147127
458684.118 2.8701734825085
466052.412 2.42813299610449
473420.706 1.91325052887654
480789 1.46064228955078
488157.294 2.31432713925859
495525.588 1.10392359212123
502893.882 2.71163013878252
510262.176 2.3927962022503
517630.471 1.84131123775236
524998.765 2.00693523345072
532367.059 0.331149683203805
539735.353 1.91681885966888
547103.647 1.93571983846435
554471.941 1.86458497604412
561840.235 3.1740893469566
569208.529 2.88827060341021
576576.824 1.80431126293576
583945.118 2.56272902454249
591313.412 1.51240944610787
598681.706 1.57482859085072
606050 2.19768422586074
606051 2.98952731414772
625444.118 2.48323429764882
644837.235 1.95350697884529
664230.353 2.28148234343924
683623.471 2.47321962110565
703016.588 0.805635980084045
722409.706 2.40595938859854
741802.824 2.17577576557504
761195.941 2.16222859495928
780589.059 1.2565473959252
799982.176 2.13306162902869
819375.294 2.58578383926341
838768.412 2.42243964872214
858161.529 1.89056614051929
877554.647 1.73841423220503
896947.765 1.93194810217366
916340.882 2.18063026844767
935734 1.87645020285031
955127.118 2.30474495431393
974520.235 2.85248309552323
993913.353 2.06235330039328
1013306.471 2.20765168687178
1032699.588 2.49848128942874
1052092.706 1.76402311207449
1071485.824 2.61076826733696
1090878.941 2.10966417904226
1110272.059 1.83033575406217
1129665.176 2.0835119570327
1149058.294 2.0580500842234
1168451.412 NaN
1187844.529 1.64424040162809
1207237.647 2.42338526472504
1226630.765 2.66830612391035
1246023.882 1.60144326997751
1265417 1.17080909297996
1284810.118 2.11451231018605
1304203.235 2.70346862508013
1323596.353 3.0611497924817
1342989.471 2.14820729341419
1362382.588 1.90543413546354
1381775.706 2.49089085732091
1401168.824 2.70270381511731
1420561.941 2.259078710169
1439955.059 2.92862124192375
1459348.176 1.96961425138231
1478741.294 1.66102483575482
1498134.412 1.3095123858994
1517527.529 1.79637366089742
1536920.647 0.977141362016338
1556313.765 2.35936663018632
1575706.882 2.69120412325509
1595100 1.53183003085165
1595100 1.59763502848063
1646141.765 2.3412178857514
1697183.529 1.59239774409574
1748225.294 2.65409018676475
1799267.059 1.69437944594419
1850308.824 2.16806591612819
1901350.588 1.53811697680614
1952392.353 2.47919758385271
2003434.118 2.49010891425338
2054475.882 1.4550677823234
2105517.647 2.32193809727266
2156559.412 1.49761597184535
2207601.176 2.05283839827708
2258642.941 2.44404466342862
2309684.706 1.39294257993612
2360726.471 1.63039710232906
2411768.235 1.69337429901979
2462810 2.42078550545506
2513851.765 1.6246758767434
2564893.529 2.04070513822666
2615935.294 1.91632668080995
2666977.059 1.62858181930284
2718018.824 2.22535355369812
2769060.588 1.55504067572527
2820102.353 1.76234809572935
2871144.118 2.14502072048976
2922185.882 2.83213424248557
2973227.647 2.26768342003478
3024269.412 2.03657948369412
3075311.176 1.75883341945533
3126352.941 1.52917847429877
3177394.706 2.21697115428258
3228436.471 2.12029607727785
3279478.235 1.65341892569321
3330520 2.3624731202794
3381561.765 1.66618998400922
3432603.529 2.45839574053138
3483645.294 1.96112009570261
3534687.059 1.97505150241492
3585728.824 1.71663166237892
3636770.588 1.37492402113516
3687812.353 2.11322052890127
3738854.118 1.69933530842067
3789895.882 2.31048552396369
3840937.647 1.51673995939489
3891979.412 1.6450184339083
3943021.176 1.6776339250064
3994062.941 1.614451556372
4045104.706 2.03834659138388
4096146.471 2.26578365420352
4147188.235 2.04383888586252
4198230 2.69152317836855
4198230 1.75696273099167
4332570.588 2.26533040986864
4466911.176 1.83753892934683
4601251.765 1.64339148583993
4735592.353 1.88121821144098
4869932.941 1.45294841875218
5004273.529 1.63244970319424
5138614.118 1.15798331775523
5272954.706 2.32235910682186
5407295.294 1.29844428715367
5541635.882 1.96041092045325
5675976.471 1.76500173670731
5810317.059 2.17178872525222
5944657.647 2.08320611706598
6078998.235 2.98200137392033
6213338.824 2.29873178887803
6347679.412 2.68977214359612
6482020 2.32665006479087
6616360.588 1.60886639449871
6750701.176 1.62588154995076
6885041.765 2.40346285151153
7019382.353 0.538979238413113
7153722.941 2.0518485337672
7288063.529 2.18099773645342
7422404.118 1.45073441618544
7556744.706 2.13615028560064
7691085.294 2.19956862497113
7825425.882 2.01638801020793
7959766.471 1.52071134010937
8094107.059 1.86731707217366
8228447.647 2.12795841172379
8362788.235 1.76268618488243
8497128.824 2.20298268763183
8631469.412 2.11210295655936
8765810 1.88272293407395
8900150.588 1.644612899733
9034491.176 3.02697115641648
9168831.765 2.10993451520283
9303172.353 2.13698575320403
9437512.941 2.7149985007581
9571853.529 2.42142324788657
9706194.118 2.87251968507683
9840534.706 1.54583910107251
9974875.294 2.07585218347006
10109215.882 1.93559150408779
10243556.471 2.06966631941409
10377897.059 2.75956558660442
10512237.647 1.9097849609323
10646578.235 1.82260227764983
10780918.824 1.96692204773816
10915259.412 1.38568521201105
11049600 2.21957244226268
11049600 2.31341533537976
11403174.51 1.79073769813899
11756749.02 1.91955962381173
12110323.529 2.08342932242984
12463898.039 1.53608001991606
12817472.549 2.01694503084643
13171047.059 2.92198800401375
13524621.569 2.2451451173203
13878196.078 1.20059644162425
14231770.588 2.01405354893123
14585345.098 2.39330898768378
14938919.608 1.35007624290709
15292494.118 2.07014075778695
15646068.627 2.25985240806702
15999643.137 1.92509465928607
16353217.647 1.47238848157223
16706792.157 2.20010397401115
17060366.667 1.37011935410827
17413941.176 2.25575609926898
17767515.686 1.59827215470374
18121090.196 1.55462182837113
18474664.706 1.8738529832239
18828239.216 2.89262205854728
19181813.725 1.68502054216404
19535388.235 1.37159251423539
19888962.745 1.56750035669415
20242537.255 1.5787460796999
20596111.765 1.52820474617346
20949686.275 1.48265154934373
21303260.784 1.33468004224091
21656835.294 1.79279333023889
22010409.804 2.92230260369305
22363984.314 1.9472252395009
22717558.824 1.34520205833725
23071133.333 1.83139246337633
23424707.843 1.27910563177695
23778282.353 1.49219571174412
24131856.863 2.11576672071262
24485431.373 2.22161315747777
24839005.882 1.88691063636415
25192580.392 2.56557012684202
25546154.902 1.15724018905466
25899729.412 1.82395968840506
26253303.922 1.68398540010863
26606878.431 2.87239843398877
26960452.941 1.73472089051269
27314027.451 2.21389618363004
27667601.961 0.870034517434714
28021176.471 2.44751081291528
28374750.98 2.21515804782187
28728325.49 2.16921980953657
29081900 2.30175394543652
29081900 2.23985039328607
30012498.039 1.47877141997512
30943096.078 2.35687156196226
31873694.118 2.24484113960033
32804292.157 2.16001999585437
33734890.196 2.06821879408644
34665488.235 1.53593551051622
35596086.275 2.65033646969199
36526684.314 2.32708185821289
37457282.353 2.43007130669618
38387880.392 2.18531810780028
39318478.431 2.14352249231346
40249076.471 0.779802570127307
41179674.51 2.42368851331409
42110272.549 2.35137449378732
43040870.588 2.40881144615695
43971468.627 2.34601499732515
44902066.667 1.67414336143296
45832664.706 1.84256966541495
46763262.745 2.37747761197613
47693860.784 1.80920367275498
48624458.824 1.57303128188522
49555056.863 2.17908440279767
50485654.902 2.44060818647321
51416252.941 1.05081942118572
52346850.98 1.85118088633104
53277449.02 1.97604377896972
54208047.059 1.88718673025363
55138645.098 1.87166376567677
56069243.137 1.69163412929967
56999841.176 1.55430151205169
57930439.216 1.4047153268703
58861037.255 2.39590754900303
59791635.294 1.54088082425208
60722233.333 2.1542694267458
61652831.373 1.83512172157447
62583429.412 2.2569710216534
63514027.451 NaN
64444625.49 1.32111612113835
65375223.529 1.20414948413052
66305821.569 1.43079735645849
67236419.608 2.75036646627755
68167017.647 2.24639513036359
69097615.686 NaN
70028213.725 NaN
70958811.765 1.15484840672047
71889409.804 2.21784290441918
72820007.843 2.92137602758047
73750605.882 1.3391640783595
74681203.922 1.571655612382
75611801.961 3.46303684599714
76542400 NaN
76542400 1.78536795857125
78991686.275 NaN
81440972.549 1.38995822345396
83890258.824 NaN
86339545.098 2.70993298910259
88788831.373 NaN
91238117.647 2.74182611705318
93687403.922 NaN
96136690.196 NaN
98585976.471 3.01298741986239
101035262.745 NaN
103484549.02 NaN
105933835.294 2.11419543120665
108383121.569 2.236513277377
110832407.843 3.59533544176842
113281694.118 NaN
115730980.392 1.05956060105181
118180266.667 1.73561796369317
120629552.941 NaN
123078839.216 2.58683127269917
125528125.49 NaN
127977411.765 NaN
130426698.039 NaN
132875984.314 3.05977748580904
135325270.588 NaN
137774556.863 3.00628462545769
140223843.137 2.10800240096752
142673129.412 NaN
145122415.686 3.67102527845559
147571701.961 NaN
150020988.235 NaN
152470274.51 5.9024391150085
154919560.784 3.01345082599946
157368847.059 NaN
159818133.333 NaN
162267419.608 NaN
164716705.882 1.14117853726338
167165992.157 7.41202882889167
169615278.431 8.81438715680718
172064564.706 3.68846185172008
174513850.98 NaN
176963137.255 6.95900456807184
179412423.529 NaN
181861709.804 NaN
184310996.078 8.46234460806924
186760282.353 NaN
189209568.627 NaN
191658854.902 8.304318694634
194108141.176 NaN
196557427.451 NaN
199006713.725 2.01537227853883
201456000 4.45913499408282
