101 80.24660805795
104.18 89.6936679136185
107.361 87.6792598110815
110.541 60.7364473318486
113.721 37.9342967207212
116.902 59.0715485319801
120.082 88.5235567168737
123.262 82.5879722519347
126.443 59.2994442202107
129.623 43.5998372822281
132.803 43.7957653227639
135.983 69.4189179859311
139.164 74.1758519116618
142.344 70.2900316963841
145.524 76.792316475929
148.705 86.3646484323509
151.885 89.0522525666271
155.065 79.3615948776787
158.246 73.6177477816264
161.426 86.7538811646039
164.606 87.256304907679
167.787 68.8203363879281
170.967 49.6260722203042
174.147 43.8425368426673
177.328 53.6229637054648
180.508 62.9561622460184
183.688 65.3353128698822
186.868 60.6698997617646
190.049 44.9628677830401
193.229 43.1020138273006
196.409 51.1306775633204
199.59 61.1603453886732
202.77 70.1754930463024
205.95 61.7744410722635
209.131 66.952287911051
212.311 65.573358637833
215.491 55.2020324790425
218.672 43.7318893941084
221.852 24.9101796110527
225.032 23.1126905301254
228.213 33.263946845519
231.393 30.3445484944398
234.573 29.2232012434656
237.753 37.775119454405
240.934 37.0490778571442
244.114 46.4568166577995
247.294 48.6887192511673
250.475 38.7790706460207
253.655 31.5205752592982
256.835 28.9821712852562
260.016 40.889801919856
263.196 52.6966627326319
264.196 49.2465767993511
272.598 46.5510749503537
281.001 42.1889404866949
289.403 31.5025862678743
297.806 30.6029827081349
306.208 37.9362007111691
314.611 50.2529267789795
323.013 51.5478583144808
331.415 52.3924485430009
339.818 49.7644129278449
348.22 46.8781936070844
356.623 42.9677951348766
365.025 43.3839522814171
373.428 43.3306360395947
381.83 45.1626507440391
390.232 48.1799565423302
398.635 37.8106717544734
407.037 32.0328567143057
415.44 32.3033153398178
423.842 29.7403511799422
432.245 28.1937530275291
440.647 29.7638700607606
449.049 33.1171022020148
457.452 38.8322750710644
465.854 52.4055678682557
474.257 56.0424137612165
482.659 54.8434245268363
491.062 45.745422246499
499.464 43.8128235487162
507.867 39.2875882303632
516.269 38.1226090614772
524.671 40.561032929355
533.074 47.0717330299534
541.476 48.980128778947
549.879 50.4410806378084
558.281 49.7769257998993
566.684 47.1133503674608
575.086 41.1899869913556
583.488 40.6067308940984
591.891 38.6510929794297
600.293 34.6832220748098
608.696 35.3245361958332
617.098 35.4020528492342
625.501 34.8844625440564
633.903 35.263914692532
642.305 37.2620073029878
650.708 36.7256809151637
659.11 34.8598355736273
667.513 29.8352194417597
675.915 28.9019389816077
684.318 28.8521151170554
692.72 28.4829424529331
693.72 26.2933993536674
715.867 22.7421969028087
738.014 35.85475479179
760.161 33.6426733109388
782.307 24.3828558428092
804.454 35.9400863460262
826.601 35.257148852767
848.748 26.0432687307455
870.895 16.7207777503516
893.042 25.833497530794
915.189 30.8949743577734
937.335 20.4627557285336
959.482 24.7055278126264
981.629 25.5160917782785
1003.776 28.2539686574291
1025.923 33.7331041121385
1048.07 28.5443182767028
1070.217 21.7602125322919
1092.364 19.6647187278713
1114.51 26.4288704236435
1136.657 23.4105688678492
1158.804 22.7899453490484
1180.951 27.1842168047797
1203.098 25.5408137607206
1225.245 24.9160432159354
1247.392 23.6506760983092
1269.538 15.5535017828632
1291.685 21.6997499681716
1313.832 19.2227231311671
1335.979 14.4716714683201
1358.126 23.8153739671028
1380.273 24.5041876026902
1402.42 24.4819681153485
1424.566 22.7673948768693
1446.713 20.4787623374636
1468.86 20.402355449372
1491.007 21.0614389729619
1513.154 22.4742622777609
1535.301 18.0523773837569
1557.448 25.5243103653132
1579.595 24.0581105248477
1601.741 21.2093092248041
1623.888 20.0479522553145
1646.035 23.3547312929287
1668.182 26.3080329020489
1690.329 21.0283512679388
1712.476 17.3658550975589
1734.623 13.7379039413775
1756.769 18.1440644156357
1778.916 23.8036151354187
1801.063 19.0135022415123
1823.21 23.4272744944368
1824.21 17.0585884635451
1882.531 24.6020311088264
1940.853 27.8408393323443
1999.174 22.4204662296603
2057.495 21.7255368567102
2115.817 19.2484225573863
2174.138 17.3533446832821
2232.46 18.2648765340435
2290.781 19.0475989314894
2349.102 19.0190933519653
2407.424 18.2075135873164
2465.745 17.6088861971697
2524.066 20.0463929875489
2582.388 14.4721045875633
2640.709 15.5570449497818
2699.031 19.7321624505363
2757.352 17.1072923667796
2815.673 15.9039827940363
2873.995 13.3769314621075
2932.316 11.5554458547352
2990.637 14.3341614922072
3048.959 13.60679167464
3107.28 13.7381227798969
3165.602 12.235269000896
3223.923 14.3970456868414
3282.244 16.4054552216603
3340.566 15.155264380862
3398.887 14.9574622725989
3457.208 17.4962486596683
3515.53 17.5338260397389
3573.851 17.2722754026779
3632.173 19.2225523805353
3690.494 17.2411455846924
3748.815 11.7453494252992
3807.137 11.8335139105356
3865.458 13.9762834044062
3923.779 13.9924640981449
3982.101 13.4701020965518
4040.422 16.3429363871472
4098.744 14.0414292649324
4157.065 11.8311151525625
4215.386 12.3477020097983
4273.708 11.6057493444536
4332.029 12.8673756819091
4390.35 12.5356098121597
4448.672 15.578472152357
4506.993 14.201669012065
4565.315 12.1476909244257
4623.636 12.0729153792621
4681.957 13.7155606267128
4740.279 12.6999420822328
4798.6 10.3503549843236
4799.6 11.1016341920564
4953.131 10.8694836442306
5106.663 12.335660299941
5260.194 9.61643582010277
5413.725 9.92315620700888
5567.257 9.7543793389085
5720.788 8.01779942334196
5874.32 8.9553807784558
6027.851 11.3761491438993
6181.382 11.8678159661105
6334.914 10.8733702037099
6488.445 10.4514445130662
6641.976 12.0035086670271
6795.508 10.4072437040751
6949.039 8.29253898463805
7102.571 8.82517568480322
7256.102 11.1840485818581
7409.633 10.3261230715619
7563.165 8.47227167335532
7716.696 11.5643419456453
7870.227 10.1993785003559
8023.759 9.21635626794156
8177.29 9.365624621681
8330.822 10.1038048526619
8484.353 11.0517734356308
8637.884 11.4434713922702
8791.416 11.2927245884264
8944.947 8.96077205353919
9098.478 9.37072630037756
9252.01 11.5011575705554
9405.541 8.75863046621631
9559.073 6.00875329659827
9712.604 9.04137970521998
9866.135 9.68840719657315
10019.667 8.9983215835643
10173.198 9.23125376683684
10326.729 7.5645861840651
10480.261 7.79079520438032
10633.792 9.24862784033255
10787.324 8.00439393230616
10940.855 9.19553816282321
11094.386 8.87672860203941
11247.918 8.2283162326621
11401.449 9.59110903513781
11554.98 7.71569025759564
11708.512 6.94737042291454
11862.043 8.03505344191813
12015.575 8.32887883458378
12169.106 7.24281532640142
12322.637 5.95931279978206
12476.169 6.29648063168533
12629.7 6.29197493710107
12630.7 6.86573924892202
13034.822 6.64572535670311
13438.943 7.25180544555325
13843.065 7.28073857392189
14247.186 5.97795239803453
14651.308 6.28531064471199
15055.429 7.90908853877538
15459.551 8.14509131630892
15863.673 7.02854195798292
16267.794 6.57466972705873
16671.916 6.21560437215521
17076.037 5.34341752668227
17480.159 5.65787280222329
17884.28 6.46525582074168
18288.402 7.04561031410497
18692.524 6.94467208165202
19096.645 6.62496324236501
19500.767 6.29509374313553
19904.888 6.84032466875054
20309.01 7.23436255558804
20713.131 6.13320789622308
21117.253 5.34583424476922
21521.375 4.91160766027774
21925.496 5.44490804247824
22329.618 5.79128958984469
22733.739 6.06611926529702
23137.861 4.09300761497073
23541.982 5.30341890331263
23946.104 6.57347839621532
24350.225 5.92067857812357
24754.347 5.53976015916389
25158.469 5.94222353650993
25562.59 4.96883630853686
25966.712 3.53252630375969
26370.833 3.33906150977936
26774.955 5.04937993741932
27179.076 5.88476549318545
27583.198 5.87283301477016
27987.32 5.51774027134016
28391.441 6.23726566651048
28795.563 5.71297228755906
29199.684 5.49120002786715
29603.806 5.1829278827398
30007.927 5.68682679750848
30412.049 5.86854689952666
30816.171 5.88200193712006
31220.292 6.37295433770464
31624.414 5.82084316110988
32028.535 5.90657413269246
32432.657 5.59535593154039
32836.778 5.44171999005635
33240.9 4.89629195530165
33241.9 5.10948792973452
34305.559 5.12432601224846
35369.218 4.78433168461688
36432.876 5.29985114843402
37496.535 6.10013558693496
38560.194 6.13593755403639
39623.853 4.60961009544724
40687.512 4.52080789858423
41751.171 4.98689298616463
42814.829 5.61554571159286
43878.488 4.77447395748806
44942.147 3.04845614156219
46005.806 3.16255647043634
47069.465 3.73403476018336
48133.124 4.38242360728035
49196.782 4.41529172980091
50260.441 4.01499955008826
51324.1 4.39107992625748
52387.759 4.60892090851708
53451.418 4.30778942328655
54515.076 3.44795563785727
55578.735 3.41321634254169
56642.394 4.54280337438055
57706.053 4.53090359395322
58769.712 4.14473651720145
59833.371 4.50792248864883
60897.029 4.63409344428845
61960.688 4.2680008291395
63024.347 3.09634459622587
64088.006 2.72498286354245
65151.665 2.95487809219922
66215.324 3.02612985902414
67278.982 3.10815566048883
68342.641 4.02642408298563
69406.3 4.39626568056246
70469.959 4.26803987855479
71533.618 3.04725975111505
72597.276 3.15905507178962
73660.935 3.54916158284636
74724.594 3.931451909128
75788.253 4.005528842733
76851.912 4.14078772033529
77915.571 4.21495856971211
78979.229 4.18271855455338
80042.888 3.80043762243343
81106.547 3.72744170813736
82170.206 3.63159383703701
83233.865 3.31449097811981
84297.524 3.03694109223189
85361.182 2.96041066864793
86424.841 2.97425833832872
87488.5 2.75205520657244
87489.5 3.34908307527362
90289.039 3.27988579159615
93088.578 3.4242540466225
95888.118 3.69634296166109
98687.657 3.91312618644257
101487.196 3.80406062967217
104286.735 3.24792130190124
107086.275 3.60079597334669
109885.814 3.71745575913601
112685.353 3.18919783823839
115484.892 3.1318141423504
118284.431 3.83934303607673
121083.971 4.18858483576928
123883.51 3.3332340411272
126683.049 3.4343008732177
129482.588 3.67113453777643
132282.127 3.30797988157161
135081.667 3.42665562485056
137881.206 3.38896542921679
140680.745 3.1840225585118
143480.284 3.40622194814312
146279.824 3.86867250799255
149079.363 3.57514480715231
151878.902 3.66882537978562
154678.441 3.41652815295528
157477.98 3.07080734426631
160277.52 2.86465181916121
163077.059 2.70883629697982
165876.598 3.00733383593416
168676.137 3.57236577499134
171475.676 3.33214593791478
174275.216 2.83406609273192
177074.755 2.64583822491416
179874.294 2.53517245361394
182673.833 2.07755025861365
185473.373 1.92629858630619
188272.912 1.59548164512711
191072.451 1.48457609372811
193871.99 1.43639640825857
196671.529 1.52059330968981
199471.069 1.60408747199453
202270.608 1.82567415097489
205070.147 2.3765547335907
207869.686 2.85480662372264
210669.225 2.56226620463642
213468.765 2.33414362898896
216268.304 2.13593451304793
219067.843 2.06269728139868
221867.382 2.32234190922736
224666.922 2.65377185833293
227466.461 2.86406312296263
230266 2.77183466735227
230267 2.66889285390035
237635.294 1.75976196855723
245003.588 2.50961462601641
252371.882 NaN
259740.176 8.3478515141328
267108.471 2.40666954801757
274476.765 2.16274697201519
281845.059 2.53015013682614
289213.353 2.42889666042101
296581.647 1.48193649624717
303949.941 2.35255325668589
311318.235 1.7840163813229
318686.529 1.7402216339524
326054.824 2.6639798981608
333423.118 3.0303111224431
340791.412 2.07298387440889
348159.706 1.63646533500046
355528 2.23748389314217
362896.294 2.04365731953536
370264.588 1.79797997805446
377632.882 2.70826737417932
385001.176 2.2143552972838
392369.471 2.41541475117316
399737.765 2.17984554894174
407106.059 2.08496295746515
414474.353 1.99332032350081
421842.647 1.79396400555046
429210.941 1.93411782858457
436579.235 2.08507128064734
443947.529 2.76932669305935
451315.824 1.65037614621933
458684.118 2.42695868681912
466052.412 2.28253854269232
473420.706 2.0850117413518
480789 2.33477044500543
488157.294 2.55754980597388
495525.588 1.71757244292873
502893.882 1.76676447068669
510262.176 2.42436285497735
517630.471 1.84994366612478
524998.765 1.82738882417743
532367.059 1.35262098081553
539735.353 1.52362109070865
547103.647 1.61175894507257
554471.941 1.2930849464391
561840.235 2.14482629267505
569208.529 2.07157807151132
576576.824 1.77254974461475
583945.118 1.80052188783493
591313.412 1.24342022369077
598681.706 1.70948955677011
606050 1.96716147572319
606051 1.64639721674257
625444.118 1.5062155435298
644837.235 2.00849874561567
664230.353 2.29299583433645
683623.471 1.96766443917339
703016.588 0.970823881510026
722409.706 2.14976107659009
741802.824 2.30646929367682
761195.941 1.96196533869034
780589.059 1.37613220525526
799982.176 1.77883076800776
819375.294 1.45304595776839
838768.412 1.63776079448629
858161.529 1.37539362500397
877554.647 1.77532595118289
896947.765 1.21851218907548
916340.882 1.48795878100933
935734 1.23590275145315
955127.118 1.3951649576707
974520.235 1.79925752043434
993913.353 1.92269168434201
1013306.471 1.03193208369843
1032699.588 1.37867826208969
1052092.706 1.04390557888058
1071485.824 1.2775522147466
1090878.941 1.4308177559663
1110272.059 1.21339644753679
1129665.176 1.84545294872146
1149058.294 0.176958639227326
1168451.412 1.37247289432812
1187844.529 1.76853911970168
1207237.647 1.50993091983665
1226630.765 1.87426903569511
1246023.882 1.17889381374611
1265417 1.09294903800418
1284810.118 1.86281834561181
1304203.235 1.77564318807515
1323596.353 1.39437420600122
1342989.471 1.86751975423341
1362382.588 2.24458370623223
1381775.706 1.60658240354869
1401168.824 2.38789656662696
1420561.941 1.40031103439368
1439955.059 1.73325613749655
1459348.176 1.46656125359626
1478741.294 1.38724312888007
1498134.412 1.737195991837
1517527.529 1.07538484522842
1536920.647 1.1267396327594
1556313.765 1.42368494866891
1575706.882 1.24993000429518
1595100 1.62400987972553
1595100 1.32900894858198
1646141.765 1.44643295761082
1697183.529 1.36740991742964
1748225.294 1.53589082452114
1799267.059 1.89537617766121
1850308.824 1.26549710747029
1901350.588 1.53537525942348
1952392.353 1.13865116682469
2003434.118 1.49625298885018
2054475.882 1.35708499348708
2105517.647 1.63561854478136
2156559.412 1.92930442683115
2207601.176 1.54232803280139
2258642.941 1.52509185392335
2309684.706 0.721414277472172
2360726.471 1.51282696081746
2411768.235 1.13456272997132
2462810 1.59222173788412
2513851.765 0.665782866710976
2564893.529 1.61131904179272
2615935.294 1.55452751958131
2666977.059 0.60972418536761
2718018.824 1.52289168124628
2769060.588 1.08715742686102
2820102.353 1.43570439609073
2871144.118 1.23098062019033
2922185.882 1.29873169678681
2973227.647 1.26989895040399
3024269.412 1.06400585898665
3075311.176 1.72322566057431
3126352.941 1.07650201959411
3177394.706 1.2779348710805
3228436.471 1.23465268980961
3279478.235 1.71948283974359
3330520 1.33283369701918
3381561.765 1.07309194404463
3432603.529 1.1632160782057
3483645.294 1.57423276573822
3534687.059 1.51482315499733
3585728.824 1.50653298584008
3636770.588 1.11939017331251
3687812.353 1.34954695608982
3738854.118 1.10228791224292
3789895.882 1.72035995102169
3840937.647 1.46498709513452
3891979.412 1.38830168701743
3943021.176 1.51456667972633
3994062.941 1.39844103063187
4045104.706 1.31736570468927
4096146.471 1.67253185063029
4147188.235 0.996005911492233
4198230 1.82102936200494
4198230 1.43966894846746
4332570.588 1.25609522366527
4466911.176 1.56535695366556
4601251.765 1.4615193205374
4735592.353 1.38973503465532
4869932.941 1.18956482480588
5004273.529 1.20451726489606
5138614.118 1.47339242285846
5272954.706 1.35349351676729
5407295.294 1.43711010369771
5541635.882 1.54048584696562
5675976.471 1.52777262267337
5810317.059 1.27118562143053
5944657.647 1.35903966626088
6078998.235 1.4089691649547
6213338.824 1.16945036911328
6347679.412 1.53547781235864
6482020 1.17592267297765
6616360.588 1.85233626753264
6750701.176 1.64489709738567
6885041.765 0.78527293961561
7019382.353 1.55935687178459
7153722.941 1.76341008073089
7288063.529 1.37187597974981
7422404.118 1.59511988473205
7556744.706 1.52924542641424
7691085.294 1.02078079664229
7825425.882 1.57567573872645
7959766.471 1.04275201441806
8094107.059 1.66552614659451
8228447.647 1.78363878377804
8362788.235 1.77673749780313
8497128.824 1.74260006275069
8631469.412 1.4109452334676
8765810 1.10157754110758
8900150.588 1.96511494606665
9034491.176 1.92726955782589
9168831.765 1.75645983171302
9303172.353 0.833228179908889
9437512.941 1.3636822714187
9571853.529 1.58917771085451
9706194.118 1.95298033636755
9840534.706 1.62288281315828
9974875.294 1.14961565153403
10109215.882 1.27463818291063
10243556.471 1.40117740950464
10377897.059 1.4111213277508
10512237.647 1.44579456143985
10646578.235 1.6029165383475
10780918.824 1.08934687228579
10915259.412 1.54713821104708
11049600 1.50488910164493
11049600 1.18970524848861
11403174.51 1.08730729336426
11756749.02 1.10982461982968
12110323.529 1.36993497972202
12463898.039 0.997170206199534
12817472.549 1.31583018555474
13171047.059 1.59721030350196
13524621.569 1.24391197575963
13878196.078 1.04561911351554
14231770.588 1.03405959313989
14585345.098 1.22241639664738
14938919.608 0.809884718754951
15292494.118 1.37311219483077
15646068.627 1.3889250651475
15999643.137 1.33246725641775
16353217.647 1.18474694326481
16706792.157 1.31670715850465
17060366.667 1.72873013248426
17413941.176 1.22383831753902
17767515.686 1.35666506403383
18121090.196 1.82072885478424
18474664.706 0.842629098233184
18828239.216 1.19731217321891
19181813.725 1.1918493998663
19535388.235 1.77659642377844
19888962.745 1.29824902845839
20242537.255 1.37866367570442
20596111.765 1.21240313432688
20949686.275 0.459807575631024
21303260.784 1.0793037871539
21656835.294 1.20711702151439
22010409.804 1.12570115157414
22363984.314 1.34127850792551
22717558.824 1.10746955679952
23071133.333 1.05292401954762
23424707.843 1.4288242820887
23778282.353 0.953169101943973
24131856.863 1.26458722614533
24485431.373 1.41255835454589
24839005.882 1.41739766527501
25192580.392 1.16953718175142
25546154.902 1.03141117742004
25899729.412 1.7477141115319
26253303.922 1.4275194928924
26606878.431 1.5335964788924
26960452.941 1.2418812627246
27314027.451 0.993067618926354
27667601.961 1.36962910117294
28021176.471 1.49271811266378
28374750.98 1.47388922080966
28728325.49 1.05415864617243
29081900 1.62210683847446
29081900 1.46246065765157
30012498.039 1.37170433280629
30943096.078 1.4260222230421
31873694.118 1.21552176426598
32804292.157 1.13420684533478
33734890.196 1.43823777886886
34665488.235 1.56350967566323
35596086.275 1.56992499148246
36526684.314 1.69438661000299
37457282.353 1.94978568132408
38387880.392 1.14578837686335
39318478.431 1.02590533505979
40249076.471 1.53144537219335
41179674.51 1.56499994423916
42110272.549 1.0341832712905
43040870.588 1.75618739035257
43971468.627 1.17447432542279
44902066.667 0.751649858971418
45832664.706 1.80018298250891
46763262.745 1.44955915959951
47693860.784 1.67438244883126
48624458.824 1.3737802274091
49555056.863 1.32262494138312
50485654.902 1.34676466346888
51416252.941 1.71877886112533
52346850.98 1.38893287651023
53277449.02 0.885620855205354
54208047.059 1.59734490331518
55138645.098 0.708648018812915
56069243.137 1.73363238923528
56999841.176 1.54826315971598
57930439.216 1.4047507254711
58861037.255 1.01512341187938
59791635.294 1.46442188023992
60722233.333 1.5939392338145
61652831.373 1.5298677488438
62583429.412 1.5676923423164
63514027.451 1.2703580472443
64444625.49 1.14342079061265
65375223.529 1.675189136017
66305821.569 0.974000631194581
67236419.608 1.844973542627
68167017.647 1.02715244444855
69097615.686 0.600391348295121
70028213.725 1.41296644183931
70958811.765 1.7048608965594
71889409.804 1.39779395622614
72820007.843 0.956854841187334
73750605.882 0.729776628811045
74681203.922 1.86879021470111
75611801.961 1.38986778884337
76542400 1.12073903021449
76542400 1.6745739975117
78991686.275 0.952028286657428
81440972.549 0.844444182176224
83890258.824 0.653787821662566
86339545.098 0.803563797628782
88788831.373 NaN
91238117.647 1.72759709881474
93687403.922 NaN
96136690.196 8.29191789031514
98585976.471 NaN
101035262.745 0.579297366700885
103484549.02 NaN
105933835.294 NaN
108383121.569 NaN
110832407.843 NaN
113281694.118 NaN
115730980.392 NaN
118180266.667 NaN
120629552.941 NaN
123078839.216 1.28129056870405
125528125.49 1.50234388662063
127977411.765 NaN
130426698.039 NaN
132875984.314 NaN
135325270.588 1.67654610528711
137774556.863 0.566051274486633
140223843.137 2.53674115642487
142673129.412 NaN
145122415.686 NaN
147571701.961 2.5280328349383
150020988.235 3.14655282680821
152470274.51 2.42293656353356
154919560.784 0.530991416224572
157368847.059 2.03142846357025
159818133.333 NaN
162267419.608 NaN
164716705.882 NaN
167165992.157 4.61952554337127
169615278.431 2.7471309124999
172064564.706 3.92202029135659
174513850.98 0.947550331920728
176963137.255 NaN
179412423.529 3.0905986831413
181861709.804 3.88148103172911
184310996.078 1.50724059473542
186760282.353 4.5613811009936
189209568.627 2.67920095381243
191658854.902 3.27714506859176
194108141.176 2.72405361344975
196557427.451 1.64374395815342
199006713.725 NaN
201456000 NaN
