101 NaN
104.18 177.579599032216
107.361 174.384205349325
110.541 171.944730147182
113.721 176.47890016776
116.902 39.8132408013395
120.082 NaN
123.262 51.5794450564562
126.443 71.5066472118058
129.623 83.6763725791879
132.803 34.5424571544619
135.983 75.0980269651333
139.164 96.0206053129944
142.344 94.8415239614121
145.524 79.6217942183262
148.705 NaN
151.885 NaN
155.065 NaN
158.246 99.5335872984571
161.426 94.4635200140024
164.606 57.2050822457864
167.787 NaN
170.967 64.8286955906494
174.147 54.4955571400781
177.328 46.1163162488496
180.508 54.996818061607
183.688 74.3533275342885
186.868 69.8249155780225
190.049 36.4119442489321
193.229 40.8019696132743
196.409 67.2842947289176
199.59 90.56093599477
202.77 91.2978287921292
205.95 70.4086408748761
209.131 62.4575568302586
212.311 49.1620211605859
215.491 58.5640756267745
218.672 63.5003375577487
221.852 53.7592856232584
225.032 61.8256394039983
228.213 61.5175504136871
231.393 59.2318242889891
234.573 71.1980192620627
237.753 62.5073565603909
240.934 4.34344555822079
244.114 NaN
247.294 NaN
250.475 36.7739205940357
253.655 29.854437323192
256.835 NaN
260.016 NaN
263.196 37.0905249186261
264.196 NaN
272.598 37.9189475510241
281.001 44.4861402197381
289.403 52.7394467268027
297.806 46.3360395653193
306.208 30.212919376983
314.611 46.5494678713448
323.013 54.3734388196612
331.415 60.0103710753671
339.818 57.849559083353
348.22 49.8786916159331
356.623 36.7010018350129
365.025 42.9194405673843
373.428 52.970145014707
381.83 65.1211147835471
390.232 65.007640508589
398.635 62.166047376754
407.037 56.9358104596701
415.44 55.628189556807
423.842 50.1256192725162
432.245 39.7889066271007
440.647 12.7958661507457
449.049 17.9519060736374
457.452 34.9609351356296
465.854 30.7763910697554
474.257 22.6025758625018
482.659 21.7490044254931
491.062 36.5195782994308
499.464 45.7511168351053
507.867 30.1283827236582
516.269 23.3300636290345
524.671 12.9201436605138
533.074 NaN
541.476 NaN
549.879 NaN
558.281 NaN
566.684 NaN
575.086 NaN
583.488 31.0875110266136
591.891 39.8905377619155
600.293 39.389875642445
608.696 36.162706070272
617.098 35.3936105967347
625.501 42.0856111618919
633.903 47.4171400157923
642.305 56.7918087857252
650.708 59.9045816365061
659.11 59.7494427990597
667.513 50.2644080401726
675.915 43.1425945075676
684.318 31.2731142021658
692.72 29.3717241267536
693.72 29.2448748663126
715.867 32.0975108766836
738.014 39.8188409080314
760.161 46.1447500977695
782.307 26.2379685795823
804.454 36.2518451526258
826.601 37.4723843138155
848.748 38.9633818749719
870.895 45.0131038433839
893.042 42.3169333042144
915.189 15.6109138525106
937.335 32.6673856632584
959.482 28.0492925270965
981.629 31.6029562636782
1003.776 46.1364083777454
1025.923 36.0434779885444
1048.07 12.3965660588432
1070.217 10.8984854478171
1092.364 24.510261792313
1114.51 23.7033351528488
1136.657 34.8128994347699
1158.804 29.9027568805117
1180.951 24.3315488057874
1203.098 21.5951906571656
1225.245 12.1184590808897
1247.392 27.9233674476314
1269.538 27.7966767687471
1291.685 22.3765575244355
1313.832 19.997540917951
1335.979 19.3775297469902
1358.126 15.8746938749212
1380.273 23.0138433129557
1402.42 17.5635590560599
1424.566 33.6471423413071
1446.713 31.7478358410538
1468.86 11.5796724590914
1491.007 12.9928239554288
1513.154 21.2206247770807
1535.301 4.66395006777606
1557.448 16.6533210984366
1579.595 14.8288453419555
1601.741 14.9927874025277
1623.888 18.9794480200519
1646.035 17.6195462695293
1668.182 29.1037571098819
1690.329 26.219796632948
1712.476 21.608899325606
1734.623 27.8428281132832
1756.769 24.3409891833226
1778.916 18.6851204866893
1801.063 11.9041986600575
1823.21 20.6414418470853
1824.21 NaN
1882.531 NaN
1940.853 14.9483557159325
1999.174 18.1452658416427
2057.495 20.9104477638901
2115.817 27.8821146699219
2174.138 8.69160471165059
2232.46 13.2371870105036
2290.781 20.2374270102596
2349.102 19.006859885265
2407.424 13.7944115967445
2465.745 20.1203430585793
2524.066 20.4637200916318
2582.388 15.8847036493397
2640.709 12.3753967998602
2699.031 16.2787428374475
2757.352 14.4018203395716
2815.673 13.835353585728
2873.995 14.4989113545743
2932.316 11.2782827964536
2990.637 18.6646706985663
3048.959 22.6894678592148
3107.28 13.9026233947027
3165.602 9.70696113158016
3223.923 11.4237701195849
3282.244 11.3223485356715
3340.566 14.7922799981727
3398.887 10.7987365409148
3457.208 15.8897607420567
3515.53 17.7094197994052
3573.851 12.6707945289377
3632.173 11.11872678094
3690.494 8.85144665927431
3748.815 10.1858034730454
3807.137 13.3012417409514
3865.458 12.7622092063075
3923.779 12.3194717699312
3982.101 15.111234632757
4040.422 24.1426508687524
4098.744 20.7243486441482
4157.065 12.54271675443
4215.386 13.0952574211552
4273.708 14.498840613933
4332.029 12.5721630021649
4390.35 12.2839525577567
4448.672 10.6946925762419
4506.993 12.8352381189812
4565.315 14.8454262162
4623.636 10.0645937814838
4681.957 7.88785680285998
4740.279 9.95232335594201
4798.6 13.0502697266296
4799.6 12.8759192399245
4953.131 11.3677717549345
5106.663 11.0893548848732
5260.194 11.2387999557793
5413.725 12.4059499389635
5567.257 12.9732664949633
5720.788 11.4932909804994
5874.32 12.7463895830163
6027.851 10.6499392868573
6181.382 9.93733994561193
6334.914 9.70385788614423
6488.445 11.0272265774191
6641.976 9.07280690146779
6795.508 9.45648501088227
6949.039 10.1177617094047
7102.571 10.820587431467
7256.102 9.04462299168738
7409.633 9.07493535772899
7563.165 8.39047575795439
7716.696 9.86392817599098
7870.227 10.9672302721299
8023.759 9.51111973723389
8177.29 12.0084156230574
8330.822 11.4197683573924
8484.353 10.2710735669429
8637.884 10.6212380738262
8791.416 11.6996644625342
8944.947 10.5001205649841
9098.478 10.4016905339438
9252.01 11.2035120687505
9405.541 9.349696697542
9559.073 8.6132292565883
9712.604 7.00353714803186
9866.135 6.71922843627362
10019.667 7.48565843913491
10173.198 10.0301564006949
10326.729 12.1698978869261
10480.261 11.8781907175586
10633.792 9.17383016136545
10787.324 7.19208097322438
10940.855 5.2314389402984
11094.386 7.50143081912063
11247.918 6.91726428230254
11401.449 5.42836333707637
11554.98 8.08370369401995
11708.512 7.48524987275885
11862.043 6.4663226270819
12015.575 7.45441166934865
12169.106 7.27644158788865
12322.637 7.57853770849348
12476.169 8.18892343349581
12629.7 7.99314834452133
12630.7 6.42626565822074
13034.822 7.73293039287468
13438.943 8.04695772974132
13843.065 6.6032555745598
14247.186 6.35325132136527
14651.308 6.90534781253466
15055.429 6.28161263245553
15459.551 6.40582238254651
15863.673 8.03627044695775
16267.794 8.15285406126702
16671.916 6.67219687210917
17076.037 6.4776410099998
17480.159 5.36897989495145
17884.28 6.43386303570337
18288.402 7.18504434745477
18692.524 8.04269721132735
19096.645 7.41334016413664
19500.767 7.1938672756979
19904.888 6.08683880658042
20309.01 6.45928277742154
20713.131 7.52768524403983
21117.253 7.33313102522464
21521.375 7.59832472857256
21925.496 7.41708698189853
22329.618 6.2641266590006
22733.739 4.23660086323269
23137.861 6.23454394968339
23541.982 5.84808554484842
23946.104 7.13288564563705
24350.225 5.73930130224796
24754.347 4.3747424538931
25158.469 3.61597337150336
25562.59 3.13063231877444
25966.712 5.15687230749856
26370.833 6.06107235620514
26774.955 5.55922888355592
27179.076 4.09386964769332
27583.198 6.58211078039034
27987.32 7.33002640194789
28391.441 4.82761638090249
28795.563 4.62050762445785
29199.684 4.58110191882369
29603.806 4.36430186658262
30007.927 5.38189177142144
30412.049 6.92081307082455
30816.171 6.20582935317105
31220.292 4.25574110202718
31624.414 4.09446828722041
32028.535 6.35977535801341
32432.657 7.68442621687343
32836.778 7.09176383086897
33240.9 7.36368800687222
33241.9 7.92689323743932
34305.559 7.44622566297906
35369.218 5.89931107851231
36432.876 1.19762694919619
37496.535 2.05662350341821
38560.194 4.56447505209585
39623.853 6.48456213382517
40687.512 6.09063033582568
41751.171 5.20752691893373
42814.829 4.99941727800545
43878.488 5.37449965756226
44942.147 5.71563486323139
46005.806 5.99335327106931
47069.465 5.75120909703273
48133.124 5.35339150644534
49196.782 5.51940806889816
50260.441 5.57940125503513
51324.1 4.14221149384035
52387.759 4.44459800507293
53451.418 5.3591936322795
54515.076 4.89309944466622
55578.735 3.65880390211094
56642.394 2.30065541838264
57706.053 3.19756319280115
58769.712 4.0895325224428
59833.371 6.19813931328565
60897.029 6.79812633756172
61960.688 6.43578093578467
63024.347 4.44628825475326
64088.006 3.26788324867656
65151.665 4.07991578817191
66215.324 4.35008852112648
67278.982 4.69798855252639
68342.641 5.31979591694516
69406.3 5.64771136363044
70469.959 4.653294489783
71533.618 2.82465732602836
72597.276 2.56359838869792
73660.935 2.83362567606356
74724.594 2.15611531567006
75788.253 3.26982498974742
76851.912 5.29737262503051
77915.571 6.11564366132627
78979.229 6.09507045953705
80042.888 4.07479948864061
81106.547 3.098046767976
82170.206 3.30192168564637
83233.865 4.66579139469733
84297.524 5.03097312699289
85361.182 4.59017436828514
86424.841 4.33050585584695
87488.5 4.17132149288516
87489.5 3.99878155940536
90289.039 3.94608227431338
93088.578 3.47558104005305
95888.118 3.23138953832771
98687.657 3.45865240507017
101487.196 3.97016252197746
104286.735 5.20466780829421
107086.275 4.97456135211091
109885.814 3.73513071705241
112685.353 2.7529527143088
115484.892 3.00523602850237
118284.431 3.39033441396012
121083.971 3.69482064248939
123883.51 3.06699673962137
126683.049 3.23576372404268
129482.588 3.1184403748498
132282.127 1.98566970176083
135081.667 2.64086193867174
137881.206 3.99828722774429
140680.745 4.83125319408095
143480.284 5.23223139971888
146279.824 5.35263503664469
149079.363 4.44157262149771
151878.902 3.83999913844442
154678.441 4.01197094566271
157477.98 3.86615883479125
160277.52 3.76656058100335
163077.059 3.81785411810458
165876.598 4.12807322668537
168676.137 3.84591371996008
171475.676 3.89916202700269
174275.216 3.57852867326009
177074.755 4.32588409311172
179874.294 4.22872500636887
182673.833 3.85547011691054
185473.373 3.78591182710435
188272.912 4.49782674873415
191072.451 4.90860509404945
193871.99 4.56611813128181
196671.529 4.15188007209057
199471.069 4.12207842685104
202270.608 4.15890575270312
205070.147 3.5682500331878
207869.686 2.87849103100327
210669.225 2.48787260318544
213468.765 2.81089351003452
216268.304 2.20221884999165
219067.843 1.92595361215584
221867.382 1.82120139556154
224666.922 NaN
227466.461 NaN
230266 0.894346446312893
230267 2.8754944531192
237635.294 3.32776871288788
245003.588 2.96550092895221
252371.882 35.9435991684739
259740.176 32.5484665717144
267108.471 2.59318518372569
274476.765 2.69032662768956
281845.059 3.99725410988269
289213.353 4.31875940587153
296581.647 2.50566794942357
303949.941 3.41156149113489
311318.235 2.63300471095275
318686.529 2.49250182159552
326054.824 3.40032015012679
333423.118 3.97524020000817
340791.412 2.8729448085788
348159.706 3.95757293042768
355528 4.2684462426202
362896.294 3.07321867257971
370264.588 3.84846694268268
377632.882 2.02477602763798
385001.176 1.70307436991541
392369.471 0.72975109800936
399737.765 2.69041760913946
407106.059 3.9740522757816
414474.353 3.27600849462369
421842.647 2.56707875442438
429210.941 3.29541999200772
436579.235 1.42023340106207
443947.529 2.82266488753045
451315.824 3.25591573113305
458684.118 2.40463930517932
466052.412 3.00487826249328
473420.706 4.23989754256816
480789 2.95497229758527
488157.294 3.23384441329241
495525.588 2.13455830846158
502893.882 1.97418500728385
510262.176 0.417107566964462
517630.471 3.49327157074365
524998.765 3.36793414241056
532367.059 2.73440124416686
539735.353 2.492805178126
547103.647 3.7450459204696
554471.941 3.30444413191811
561840.235 1.68502026314434
569208.529 3.88404678262784
576576.824 3.72870318935263
583945.118 2.93873221467573
591313.412 2.2289526275503
598681.706 2.92910773258648
606050 3.96066422964203
606051 2.15119573539998
625444.118 1.71786340146907
644837.235 2.84246592557775
664230.353 2.34643265246557
683623.471 4.81341721599316
703016.588 2.86260787169948
722409.706 3.41904238061543
741802.824 3.79293777045541
761195.941 3.84456818001942
780589.059 2.87713584739366
799982.176 2.89113530610885
819375.294 2.65100628564541
838768.412 4.02723901696537
858161.529 3.37591867557852
877554.647 4.27903539703279
896947.765 NaN
916340.882 1.90388201651136
935734 2.49011160983802
955127.118 2.92477712748909
974520.235 2.79668841686301
993913.353 1.80004704985393
1013306.471 NaN
1032699.588 3.74126407169669
1052092.706 4.33472136732721
1071485.824 1.77296410857733
1090878.941 3.51521133385908
1110272.059 1.78924505803987
1129665.176 NaN
1149058.294 1.49695366325744
1168451.412 2.48561446497879
1187844.529 2.78484773941095
1207237.647 1.52212177572716
1226630.765 NaN
1246023.882 3.2470608343496
1265417 NaN
1284810.118 NaN
1304203.235 NaN
1323596.353 NaN
1342989.471 2.92380223341825
1362382.588 2.80412785299255
1381775.706 3.85077328378811
1401168.824 3.12153080836659
1420561.941 NaN
1439955.059 3.67841593500134
1459348.176 3.25640526085608
1478741.294 3.5067234897536
1498134.412 3.71701015979143
1517527.529 3.00447967678423
1536920.647 3.59920957001293
1556313.765 3.08647604171905
1575706.882 4.02574257998385
1595100 2.37854921015731
1595100 3.50684200079701
1646141.765 1.18916660434985
1697183.529 3.76373182773762
1748225.294 1.44882781022912
1799267.059 3.82495037637775
1850308.824 NaN
1901350.588 1.89286453959925
1952392.353 NaN
2003434.118 4.03952214430282
2054475.882 1.96179410638328
2105517.647 1.40341973788616
2156559.412 2.99992140441188
2207601.176 3.78861203331773
2258642.941 2.28050360593693
2309684.706 3.03133723403127
2360726.471 2.04793036875807
2411768.235 1.70805633186415
2462810 3.17933007194585
2513851.765 2.46387418798627
2564893.529 2.16800220555661
2615935.294 3.74500861356063
2666977.059 2.25084843122014
2718018.824 3.47920634924249
2769060.588 3.2277837326196
2820102.353 2.92425186949071
2871144.118 2.89329975271944
2922185.882 2.75919692346594
2973227.647 1.88790800065719
3024269.412 1.45456148635572
3075311.176 2.5332036581905
3126352.941 2.54897460068784
3177394.706 3.19803942290661
3228436.471 2.99038320034884
3279478.235 2.71037756671373
3330520 3.40394049995672
3381561.765 2.85295950564548
3432603.529 1.59785966880126
3483645.294 2.64968205693459
3534687.059 3.445062297646
3585728.824 1.74339024446736
3636770.588 2.91663661365533
3687812.353 3.85542818143565
3738854.118 2.24725493736633
3789895.882 2.47018073396234
3840937.647 3.35622880588215
3891979.412 2.02078961474335
3943021.176 2.31412023261636
3994062.941 3.00447375225103
4045104.706 1.67617942266234
4096146.471 2.25703150314561
4147188.235 3.36903016078442
4198230 1.68083996505845
4198230 2.61389616562106
4332570.588 2.13061271297799
4466911.176 3.44007340869978
4601251.765 2.56854046719326
4735592.353 2.74605935488697
4869932.941 2.12987379383055
5004273.529 3.61469889755883
5138614.118 2.88650159563342
5272954.706 1.93612960699136
5407295.294 2.16514103299307
5541635.882 2.02325359005899
5675976.471 1.49205061402478
5810317.059 3.3170472858324
5944657.647 3.03564368080171
6078998.235 2.48931984219702
6213338.824 3.89607069941547
6347679.412 3.36528429123463
6482020 3.22649364500176
6616360.588 0.40465908540269
6750701.176 3.06098472225654
6885041.765 0.781500332075321
7019382.353 2.40722389662323
7153722.941 2.77866460613227
7288063.529 NaN
7422404.118 4.18712200802974
7556744.706 4.01340639623328
7691085.294 2.41452303047623
7825425.882 2.01234022237896
7959766.471 1.41350616499476
8094107.059 1.62765942964028
8228447.647 2.60570895577419
8362788.235 1.64077201570723
8497128.824 2.4211720031786
8631469.412 2.1933386713664
8765810 2.08453551904955
8900150.588 2.62753093414137
9034491.176 2.85803666765686
9168831.765 2.24315671290341
9303172.353 3.27678572656545
9437512.941 NaN
9571853.529 1.59633986666743
9706194.118 3.56754466269917
9840534.706 1.76147346143424
9974875.294 2.00952720061388
10109215.882 2.56970273763147
10243556.471 2.7612214219534
10377897.059 1.8801283686234
10512237.647 2.86028165531529
10646578.235 3.02356200985077
10780918.824 1.25726784489131
10915259.412 3.37985328790766
11049600 4.46702509445721
11049600 2.57689809539542
11403174.51 2.76660892640197
11756749.02 2.0056835078609
12110323.529 2.35182491666808
12463898.039 4.44166879748751
12817472.549 2.15524200849782
13171047.059 3.10744495892402
13524621.569 2.09997997465699
13878196.078 1.39547494056818
14231770.588 1.76651845482201
14585345.098 3.32638238656353
14938919.608 1.21725016039529
15292494.118 3.79895340518195
15646068.627 2.89877892392517
15999643.137 2.03979129787408
16353217.647 2.93645960405045
16706792.157 1.82852093943781
17060366.667 2.15576676471638
17413941.176 2.57087814775114
17767515.686 3.46779233606874
18121090.196 2.04876655298106
18474664.706 2.27826597425206
18828239.216 2.1703525780827
19181813.725 3.13241890316863
19535388.235 1.98290918969202
19888962.745 2.5794362831951
20242537.255 2.57907558305128
20596111.765 2.44368544466414
20949686.275 2.83229012436563
21303260.784 0.424764810734131
21656835.294 2.82677133359483
22010409.804 3.01380812302752
22363984.314 2.39053121038067
22717558.824 1.93149653903062
23071133.333 2.17742376029902
23424707.843 1.87686226658551
23778282.353 1.69663831713996
24131856.863 3.58945633188913
24485431.373 2.71326906083994
24839005.882 2.79037210556507
25192580.392 2.92009170609028
25546154.902 2.55514111510007
25899729.412 2.08919418577357
26253303.922 2.42737637943003
26606878.431 3.04335186830295
26960452.941 2.66848742121481
27314027.451 2.52346011362767
27667601.961 2.82394686370291
28021176.471 3.44135558460446
28374750.98 2.93582973909338
28728325.49 3.60730657492494
29081900 2.5977598852973
29081900 1.83885242720419
30012498.039 3.22964501524904
30943096.078 3.98993317146852
31873694.118 3.29063428688495
32804292.157 2.91136471608553
33734890.196 2.50847809725613
34665488.235 3.91030038614938
35596086.275 2.69968744444834
36526684.314 2.81853243780047
37457282.353 3.4244271654065
38387880.392 1.63550275371846
39318478.431 3.42847824565091
40249076.471 2.23522301829607
41179674.51 2.4834520526959
42110272.549 1.6591031827091
43040870.588 1.84871751213659
43971468.627 2.03727523775339
44902066.667 3.13731694906129
45832664.706 1.90416888906759
46763262.745 2.55932518497986
47693860.784 3.37599129273369
48624458.824 4.30255533825062
49555056.863 1.99174565067339
50485654.902 2.40605828588155
51416252.941 2.58859327535851
52346850.98 2.48118811315135
53277449.02 1.29762589486929
54208047.059 2.80570809259859
55138645.098 3.12015281695896
56069243.137 3.26625475233654
56999841.176 NaN
57930439.216 2.77001120967076
58861037.255 3.00681636934738
59791635.294 1.56166575536193
60722233.333 1.31823152762861
61652831.373 2.13852953033679
62583429.412 NaN
63514027.451 NaN
64444625.49 2.43058692808952
65375223.529 NaN
66305821.569 NaN
67236419.608 1.17213194177758
68167017.647 NaN
69097615.686 3.92647515299063
70028213.725 NaN
70958811.765 4.41714911020243
71889409.804 NaN
72820007.843 4.6221085958339
73750605.882 2.21479635333276
74681203.922 NaN
75611801.961 NaN
76542400 4.20381346064077
76542400 3.00196860975135
78991686.275 NaN
81440972.549 1.40638090339179
83890258.824 5.6190236482763
86339545.098 NaN
88788831.373 NaN
91238117.647 3.4681667267543
93687403.922 NaN
96136690.196 59.0358414607968
98585976.471 NaN
101035262.745 NaN
103484549.02 NaN
105933835.294 3.17360677489755
108383121.569 5.97930518871453
110832407.843 NaN
113281694.118 5.38817181766176
115730980.392 NaN
118180266.667 4.34165773915641
120629552.941 5.35549241646795
123078839.216 8.25827661222696
125528125.49 5.36150762998396
127977411.765 6.18857671706394
130426698.039 7.58868413512215
132875984.314 6.82485881632459
135325270.588 NaN
137774556.863 NaN
140223843.137 7.5585560913705
142673129.412 7.88780548350015
145122415.686 9.4573550680463
147571701.961 10.2481195258798
150020988.235 NaN
152470274.51 11.4441225444331
154919560.784 9.14495674179224
157368847.059 NaN
159818133.333 NaN
162267419.608 NaN
164716705.882 NaN
167165992.157 22.1241194668611
169615278.431 NaN
172064564.706 NaN
174513850.98 3.93321095163375
176963137.255 21.3659963216849
179412423.529 NaN
181861709.804 7.88585308251062
184310996.078 NaN
186760282.353 NaN
189209568.627 1.58579176598378
191658854.902 NaN
194108141.176 21.8989436992497
196557427.451 NaN
199006713.725 NaN
201456000 15.1979986126251
