101 NaN
104.18 497.61861946705
107.361 520.45244561638
110.541 486.29385487678
113.721 266.40624586909
116.902 NaN
120.082 NaN
123.262 NaN
126.443 NaN
129.623 79.2335354797632
132.803 NaN
135.983 NaN
139.164 NaN
142.344 NaN
145.524 NaN
148.705 NaN
151.885 NaN
155.065 326.685011607404
158.246 305.067665898555
161.426 170.758073966206
164.606 135.663198757301
167.787 141.142865626428
170.967 74.4635775666595
174.147 NaN
177.328 NaN
180.508 NaN
183.688 55.4232713625102
186.868 NaN
190.049 NaN
193.229 NaN
196.409 NaN
199.59 NaN
202.77 144.779283362046
205.95 136.817617613207
209.131 109.379134696027
212.311 110.193692144173
215.491 151.406116797994
218.672 139.869499185925
221.852 74.966245822629
225.032 NaN
228.213 NaN
231.393 52.0379138026816
234.573 94.1761625138054
237.753 NaN
240.934 32.2822646235172
244.114 82.4437612735115
247.294 153.965358037117
250.475 176.895354950503
253.655 200.781427776018
256.835 253.658304435016
260.016 198.966934808471
263.196 94.319448133167
264.196 NaN
272.598 NaN
281.001 NaN
289.403 NaN
297.806 NaN
306.208 NaN
314.611 68.7555681478486
323.013 92.9401199168051
331.415 81.788741464346
339.818 83.4658794641492
348.22 96.966934674999
356.623 89.5216475147488
365.025 74.6055447684555
373.428 73.1418847471905
381.83 92.1505717205532
390.232 88.7337092234833
398.635 88.9790862376449
407.037 108.102957132271
415.44 126.66108892938
423.842 123.776787165041
432.245 89.3498114225448
440.647 53.1139796369106
449.049 NaN
457.452 NaN
465.854 NaN
474.257 32.5043742020016
482.659 48.476871348327
491.062 NaN
499.464 NaN
507.867 NaN
516.269 NaN
524.671 NaN
533.074 38.8661095066966
541.476 NaN
549.879 NaN
558.281 NaN
566.684 NaN
575.086 NaN
583.488 NaN
591.891 NaN
600.293 59.6498188460105
608.696 79.8943298738272
617.098 81.8650505852394
625.501 66.5329071699404
633.903 51.0139423714406
642.305 35.0518486571207
650.708 NaN
659.11 NaN
667.513 NaN
675.915 NaN
684.318 NaN
692.72 NaN
693.72 NaN
715.867 27.5921730105704
738.014 96.2998171276259
760.161 39.2935523167654
782.307 NaN
804.454 80.0412319091993
826.601 76.3382432234955
848.748 NaN
870.895 NaN
893.042 NaN
915.189 16.8519447794504
937.335 41.8086052106173
959.482 NaN
981.629 60.6741276249007
1003.776 34.6044775807732
1025.923 61.8357677416928
1048.07 NaN
1070.217 62.8056356250767
1092.364 13.3972428563834
1114.51 20.0136602935796
1136.657 18.5657421934824
1158.804 67.895651227018
1180.951 24.5510880699431
1203.098 NaN
1225.245 39.1397555644346
1247.392 25.7212614154807
1269.538 NaN
1291.685 53.5395318216243
1313.832 23.2586176687583
1335.979 43.1976471002421
1358.126 41.9952763518602
1380.273 63.712439573251
1402.42 NaN
1424.566 NaN
1446.713 NaN
1468.86 27.6415862431646
1491.007 NaN
1513.154 27.0080517022237
1535.301 37.8784081470852
1557.448 13.0301196899286
1579.595 NaN
1601.741 26.9173252880407
1623.888 21.7420885314934
1646.035 22.9519153265676
1668.182 NaN
1690.329 NaN
1712.476 NaN
1734.623 22.2324303862961
1756.769 43.6770352380245
1778.916 22.4251215841209
1801.063 34.8970610730519
1823.21 42.2759307278518
1824.21 32.7631379885743
1882.531 36.0661700084365
1940.853 26.88999568967
1999.174 NaN
2057.495 NaN
2115.817 NaN
2174.138 25.1049117817886
2232.46 26.4219877845512
2290.781 12.9063651379977
2349.102 20.2337112536872
2407.424 26.2234259543559
2465.745 22.5239839907641
2524.066 18.3956938115515
2582.388 23.1469112857887
2640.709 29.2483739832575
2699.031 21.643959491639
2757.352 14.5379652760752
2815.673 NaN
2873.995 NaN
2932.316 15.052015429138
2990.637 25.9500011527968
3048.959 29.0065105687493
3107.28 20.4327861974374
3165.602 12.3292297506192
3223.923 NaN
3282.244 NaN
3340.566 19.221410548728
3398.887 13.3103618857398
3457.208 7.95586042871508
3515.53 13.386981421439
3573.851 NaN
3632.173 30.0531093897969
3690.494 23.2454281413357
3748.815 17.5232196985934
3807.137 16.9052821284037
3865.458 16.3992305061229
3923.779 14.8582995884342
3982.101 9.72005372930031
4040.422 20.4030008927606
4098.744 11.666555344609
4157.065 8.69635888921344
4215.386 19.2181156835398
4273.708 20.4808626838271
4332.029 18.0066737015693
4390.35 20.4157412959142
4448.672 19.8056604871755
4506.993 17.1292115667678
4565.315 3.882670271492
4623.636 11.086325740673
4681.957 8.48798137221272
4740.279 NaN
4798.6 7.65951484803637
4799.6 12.2586103324223
4953.131 11.152639310072
5106.663 11.3153183329669
5260.194 13.7256535146407
5413.725 10.6776153336963
5567.257 10.3520281909824
5720.788 8.80946326864717
5874.32 13.2825903643934
6027.851 13.4730829300588
6181.382 10.5615266947255
6334.914 NaN
6488.445 8.15443183502409
6641.976 11.9551155088449
6795.508 15.5425330234862
6949.039 7.7312337902055
7102.571 11.1640261363517
7256.102 14.068952689254
7409.633 11.543241118634
7563.165 13.3365340103177
7716.696 12.619634347793
7870.227 12.0335982518381
8023.759 9.37233345997354
8177.29 10.9494834047554
8330.822 11.1575817282211
8484.353 7.53290173632958
8637.884 7.7038254997023
8791.416 2.14984434709753
8944.947 7.24434909636091
9098.478 14.0266849817466
9252.01 14.8616527648933
9405.541 1.86813702207084
9559.073 5.10728227564144
9712.604 8.60941883791267
9866.135 8.73516865251618
10019.667 15.1791744454478
10173.198 15.8343706442433
10326.729 13.2475999801704
10480.261 11.6633430010792
10633.792 11.7741193627895
10787.324 11.5787543667468
10940.855 11.8148281317789
11094.386 10.3724448549699
11247.918 10.8125750458227
11401.449 14.0017431033196
11554.98 13.0407283212848
11708.512 7.24264187266668
11862.043 4.82917643336793
12015.575 8.86075551427955
12169.106 13.1882863594873
12322.637 13.575509596528
12476.169 11.2522525940432
12629.7 6.14960872877249
12630.7 11.5527704317214
13034.822 13.2461414549841
13438.943 12.8111977883696
13843.065 10.368632210295
14247.186 8.00566194043018
14651.308 8.77526894421442
15055.429 10.4852946129415
15459.551 7.42003788172188
15863.673 8.29418501133564
16267.794 9.40638921476718
16671.916 10.25236742071
17076.037 12.1663318850559
17480.159 13.7754870517672
17884.28 14.8834819955447
18288.402 7.10643766436037
18692.524 NaN
19096.645 8.75410480984911
19500.767 9.45907674679783
19904.888 5.96662383363649
20309.01 4.41174610115631
20713.131 8.41303896220503
21117.253 7.56456783048974
21521.375 NaN
21925.496 NaN
22329.618 2.18343495254451
22733.739 5.75659916396663
23137.861 8.75167641614325
23541.982 10.2903993340205
23946.104 9.6992874842536
24350.225 11.3007733602862
24754.347 10.9359061820545
25158.469 10.5209028770882
25562.59 6.18532059973515
25966.712 NaN
26370.833 NaN
26774.955 5.71411668091887
27179.076 7.69106795830745
27583.198 8.18135100871384
27987.32 6.32391435443293
28391.441 4.17250614637021
28795.563 8.1817832165973
29199.684 9.71846140270802
29603.806 9.72384609273668
30007.927 10.373929898546
30412.049 9.33939486003036
30816.171 6.5156599129657
31220.292 7.22985981243668
31624.414 7.69698899483253
32028.535 5.38739290558966
32432.657 NaN
32836.778 5.80139857051831
33240.9 9.75238077662519
33241.9 9.50612443166958
34305.559 7.89892152777048
35369.218 9.10301614400966
36432.876 10.8313083260078
37496.535 8.72474134945293
38560.194 6.54353307562165
39623.853 NaN
40687.512 NaN
41751.171 3.22886576638016
42814.829 5.28724018201699
43878.488 4.61364833296486
44942.147 8.99548157113674
46005.806 10.8230305171265
47069.465 10.9182841990613
48133.124 11.3440002961845
49196.782 10.2154344396151
50260.441 7.24994433530405
51324.1 NaN
52387.759 5.07400569596831
53451.418 5.44193624008938
54515.076 6.02613065735874
55578.735 6.55918546243566
56642.394 5.28703283858114
57706.053 5.3762058366302
58769.712 0.971698303475059
59833.371 5.22671915159101
60897.029 5.97611977737342
61960.688 8.81516279044529
63024.347 10.4551354055059
64088.006 6.92264125638913
65151.665 NaN
66215.324 NaN
67278.982 NaN
68342.641 NaN
69406.3 3.81956280408198
70469.959 4.78465162158582
71533.618 4.6061132550431
72597.276 NaN
73660.935 NaN
74724.594 2.76761297073041
75788.253 3.10026792994857
76851.912 NaN
77915.571 NaN
78979.229 NaN
80042.888 5.60237804355185
81106.547 5.67694375297248
82170.206 3.79794691136598
83233.865 5.12161393350792
84297.524 9.55010692468869
85361.182 12.8843925442595
86424.841 10.5250653742755
87488.5 6.71577334139306
87489.5 4.75764781534835
90289.039 2.56925253151074
93088.578 4.44509389382652
95888.118 8.72666786278018
98687.657 4.30471284330654
101487.196 NaN
104286.735 NaN
107086.275 NaN
109885.814 NaN
112685.353 NaN
115484.892 6.34858250739056
118284.431 NaN
121083.971 NaN
123883.51 NaN
126683.049 NaN
129482.588 NaN
132282.127 8.78491174987114
135081.667 NaN
137881.206 NaN
140680.745 NaN
143480.284 NaN
146279.824 NaN
149079.363 NaN
151878.902 NaN
154678.441 NaN
157477.98 NaN
160277.52 NaN
163077.059 NaN
165876.598 NaN
168676.137 NaN
171475.676 NaN
174275.216 NaN
177074.755 NaN
179874.294 4.11838206876824
182673.833 3.93520479950129
185473.373 NaN
188272.912 NaN
191072.451 NaN
193871.99 7.53745286687357
196671.529 8.76348856771268
199471.069 7.28085224723242
202270.608 9.00462725041009
205070.147 9.01746071509923
207869.686 6.51530769130409
210669.225 5.09411153711995
213468.765 3.24698151301226
216268.304 3.67398026046288
219067.843 4.9582706922066
221867.382 4.52247079367583
224666.922 5.7228452224795
227466.461 5.66579131477156
230266 6.82002269217291
230267 8.48288696892717
237635.294 6.03996364531148
245003.588 4.67324061584947
252371.882 89.4915938522559
259740.176 76.9187741611189
267108.471 NaN
274476.765 5.52639944481688
281845.059 9.66430346486833
289213.353 5.82193196870992
296581.647 NaN
303949.941 6.70968348124406
311318.235 NaN
318686.529 6.81079277809177
326054.824 6.54808431402957
333423.118 4.71127221269022
340791.412 1.91686587908324
348159.706 NaN
355528 3.718043502324
362896.294 1.64498045528411
370264.588 5.5967121690196
377632.882 NaN
385001.176 NaN
392369.471 4.25735905088685
399737.765 NaN
407106.059 NaN
414474.353 NaN
421842.647 2.42179333392574
429210.941 6.48033679421274
436579.235 3.17987207926412
443947.529 NaN
451315.824 NaN
458684.118 NaN
466052.412 NaN
473420.706 6.25727612281353
480789 NaN
488157.294 NaN
495525.588 NaN
502893.882 NaN
510262.176 4.87859594566492
517630.471 5.32440820356923
524998.765 NaN
532367.059 5.9879678374699
539735.353 6.26812480359836
547103.647 NaN
554471.941 3.97556902460493
561840.235 NaN
569208.529 3.62192880926152
576576.824 NaN
583945.118 6.55436271509205
591313.412 3.7790630710199
598681.706 3.87416898147909
606050 NaN
606051 6.74309785149451
625444.118 NaN
644837.235 5.80100375839897
664230.353 5.48721814056603
683623.471 4.43167814862481
703016.588 4.58678460369246
722409.706 4.80328054185541
741802.824 5.52217699111353
761195.941 4.5206320416621
780589.059 4.24573972461216
799982.176 6.41865097109372
819375.294 NaN
838768.412 6.62295810133759
858161.529 7.71863041910623
877554.647 0.472947289259667
896947.765 NaN
916340.882 1.26938562888721
935734 3.65951920068646
955127.118 6.26990768685711
974520.235 2.14365126209979
993913.353 8.3681120947443
1013306.471 NaN
1032699.588 10.016855852012
1052092.706 NaN
1071485.824 NaN
1090878.941 6.15178278173848
1110272.059 3.47815209989989
1129665.176 NaN
1149058.294 1.87419334567221
1168451.412 8.73873751192705
1187844.529 6.85399637706759
1207237.647 7.87962736089708
1226630.765 NaN
1246023.882 NaN
1265417 NaN
1284810.118 NaN
1304203.235 NaN
1323596.353 6.58886031114269
1342989.471 NaN
1362382.588 NaN
1381775.706 5.51993010691776
1401168.824 7.80692993086225
1420561.941 7.69820756881508
1439955.059 NaN
1459348.176 NaN
1478741.294 NaN
1498134.412 3.63936096495037
1517527.529 5.0984115101669
1536920.647 NaN
1556313.765 NaN
1575706.882 4.42579369736139
1595100 6.6367310358742
1595100 5.67208143882889
1646141.765 NaN
1697183.529 7.3449286983661
1748225.294 2.98147036502612
1799267.059 NaN
1850308.824 4.43716017695308
1901350.588 9.23769311359421
1952392.353 2.89445245207254
2003434.118 6.07494869375178
2054475.882 NaN
2105517.647 NaN
2156559.412 5.03726512354359
2207601.176 NaN
2258642.941 4.72158327999576
2309684.706 5.19599344629011
2360726.471 4.90559478670482
2411768.235 3.83594802366387
2462810 NaN
2513851.765 7.39829617197848
2564893.529 NaN
2615935.294 NaN
2666977.059 NaN
2718018.824 1.6600746490276
2769060.588 6.16682881160858
2820102.353 5.47541879049107
2871144.118 1.10315555842043
2922185.882 9.17666637311213
2973227.647 2.99544377725658
3024269.412 4.29454987607639
3075311.176 NaN
3126352.941 1.52551909963339
3177394.706 NaN
3228436.471 5.12861581580637
3279478.235 4.81578656232836
3330520 1.89101046869627
3381561.765 5.19308260708959
3432603.529 4.71026604100863
3483645.294 3.11841756852653
3534687.059 6.06665985822071
3585728.824 3.79969736085591
3636770.588 4.68889308536194
3687812.353 6.5804285407797
3738854.118 4.51159436831856
3789895.882 4.94526441532489
3840937.647 6.9879662191326
3891979.412 3.73264216500604
3943021.176 5.31040474099152
3994062.941 3.97956662885249
4045104.706 3.68808299417049
4096146.471 5.47635950083588
4147188.235 3.15669918066418
4198230 2.91347230457852
4198230 4.90375155727647
4332570.588 4.41078556146297
4466911.176 5.90255426581993
4601251.765 7.16911684190366
4735592.353 7.56943900647665
4869932.941 4.49015344804798
5004273.529 7.63564962232075
5138614.118 NaN
5272954.706 3.60027478049536
5407295.294 NaN
5541635.882 5.91941385720843
5675976.471 4.80479951501162
5810317.059 6.50218656613819
5944657.647 3.9849271050293
6078998.235 NaN
6213338.824 2.87923391107688
6347679.412 4.59249613266339
6482020 3.1708598274177
6616360.588 4.5246906814345
6750701.176 7.44227723068131
6885041.765 3.57853879926494
7019382.353 5.1044581957224
7153722.941 2.94841979501245
7288063.529 5.69976596762145
7422404.118 1.06569870905347
7556744.706 3.24221014982139
7691085.294 5.37600551676398
7825425.882 1.25462955083563
7959766.471 8.24077916399969
8094107.059 2.00901956603112
8228447.647 3.82062422731224
8362788.235 5.75451847425328
8497128.824 5.23616266198813
8631469.412 6.07805721869878
8765810 4.56394142167733
8900150.588 4.99809631572885
9034491.176 3.88811820716862
9168831.765 3.47991534638109
9303172.353 NaN
9437512.941 4.67190653590188
9571853.529 6.70264517772911
9706194.118 NaN
9840534.706 5.84339979344629
9974875.294 4.28495056971147
10109215.882 4.40136750580881
10243556.471 4.58282989163446
10377897.059 3.34546807857178
10512237.647 NaN
10646578.235 3.40804552666573
10780918.824 5.05160745558447
10915259.412 NaN
11049600 7.38116993335329
11049600 6.08324687453978
11403174.51 5.05054327536091
11756749.02 3.4283633380913
12110323.529 5.67184167256742
12463898.039 2.45619509272813
12817472.549 NaN
13171047.059 7.23790258077321
13524621.569 4.16900683163684
13878196.078 NaN
14231770.588 NaN
14585345.098 1.35999705043521
14938919.608 4.82968197472375
15292494.118 6.88959572112225
15646068.627 1.70594556055292
15999643.137 7.46479113980044
16353217.647 NaN
16706792.157 6.2760846131484
17060366.667 3.88315666699795
17413941.176 4.14601431691553
17767515.686 NaN
18121090.196 NaN
18474664.706 5.67513023793268
18828239.216 7.09409510184539
19181813.725 3.48935803322602
19535388.235 3.7665883197828
19888962.745 5.36325035389865
20242537.255 5.15179229294605
20596111.765 0.856605673190441
20949686.275 2.19056769957489
21303260.784 5.65946623306608
21656835.294 3.17754269614636
22010409.804 2.92675734792996
22363984.314 7.12915649126694
22717558.824 1.66743421805956
23071133.333 3.41783110927803
23424707.843 4.89006242114809
23778282.353 7.12026066461084
24131856.863 6.02848246249304
24485431.373 3.67977280106727
24839005.882 3.97646487705039
25192580.392 5.28810535246308
25546154.902 3.39913249177068
25899729.412 3.19137197905783
26253303.922 4.33750735735281
26606878.431 3.76501036019319
26960452.941 NaN
27314027.451 4.09690630878568
27667601.961 4.01406772644926
28021176.471 3.7444575959194
28374750.98 2.18024790246411
28728325.49 7.01790126712074
29081900 4.46905637146716
29081900 5.58568436181197
30012498.039 6.15462302998681
30943096.078 6.33036512373279
31873694.118 6.97652243493665
32804292.157 4.89599880151037
33734890.196 7.68539739591437
34665488.235 6.39567532837635
35596086.275 6.83139376311293
36526684.314 2.62926055274764
37457282.353 4.41509731637478
38387880.392 5.86973293059876
39318478.431 4.26355971617547
40249076.471 4.24453497438984
41179674.51 6.23213595476356
42110272.549 7.14470756822826
43040870.588 3.4179392724823
43971468.627 4.09475699352387
44902066.667 2.2166491181447
45832664.706 6.60321951437337
46763262.745 3.92859644147904
47693860.784 3.49830244265247
48624458.824 7.75633663392415
49555056.863 4.26023614655345
50485654.902 6.66092778145479
51416252.941 6.24446000111953
52346850.98 3.33070121809472
53277449.02 NaN
54208047.059 4.59450246912458
55138645.098 3.32073597416852
56069243.137 NaN
56999841.176 NaN
57930439.216 NaN
58861037.255 8.02309109950339
59791635.294 NaN
60722233.333 6.3933178970108
61652831.373 NaN
62583429.412 NaN
63514027.451 10.622757033887
64444625.49 NaN
65375223.529 NaN
66305821.569 6.89745724322057
67236419.608 3.98803002860496
68167017.647 3.77154623783218
69097615.686 NaN
70028213.725 NaN
70958811.765 5.06582437370703
71889409.804 5.68396795306861
72820007.843 NaN
73750605.882 NaN
74681203.922 NaN
75611801.961 5.37359166763454
76542400 NaN
76542400 NaN
78991686.275 NaN
81440972.549 12.2781039930386
83890258.824 NaN
86339545.098 NaN
88788831.373 NaN
91238117.647 NaN
93687403.922 NaN
96136690.196 74.1146566693549
98585976.471 NaN
101035262.745 NaN
103484549.02 NaN
105933835.294 NaN
108383121.569 6.51192958334385
110832407.843 NaN
113281694.118 NaN
115730980.392 NaN
118180266.667 NaN
120629552.941 20.9797144482665
123078839.216 21.1294984038921
125528125.49 NaN
127977411.765 12.4933841728259
130426698.039 NaN
132875984.314 17.2645169700537
135325270.588 NaN
137774556.863 11.0361099987568
140223843.137 5.06739849121043
142673129.412 NaN
145122415.686 NaN
147571701.961 17.9078541575348
150020988.235 24.8598885243535
152470274.51 NaN
154919560.784 NaN
157368847.059 NaN
159818133.333 NaN
162267419.608 NaN
164716705.882 NaN
167165992.157 NaN
169615278.431 NaN
172064564.706 NaN
174513850.98 NaN
176963137.255 14.1712778287335
179412423.529 NaN
181861709.804 NaN
184310996.078 NaN
186760282.353 25.9834189884107
189209568.627 NaN
191658854.902 NaN
194108141.176 16.2986477545158
196557427.451 NaN
199006713.725 NaN
201456000 8.84839025478483
