|Vgs|	Gm_|Vds|=0.01V	Gm_|Vds|=0.02V	Gm_|Vds|=0.03V	Gm_|Vds|=0.04V	Gm_|Vds|=0.05V	Gm_|Vds|=0.06V	Gm_|Vds|=0.07V	Gm_|Vds|=0.08V	Gm_|Vds|=0.09V	Gm_|Vds|=0.1V
-0.3	-3.52600000000007e-09	2.49600000000005e-09	6.28000000000014e-10	-1.91600000000005e-09	-1.66800000000006e-09	-5.70000000000001e-10	7.16000000000016e-10	-4.94000000000009e-10	-2.55600000000004e-09	-6.80000000000058e-11
-0.295	-1.90300000000001e-09	1.09666666666667e-09	-3.98333333333306e-11	-7.13666666666677e-10	-1.63466666666668e-09	-1.75766666666666e-09	1.46666666666671e-10	-1.12616666666667e-09	-3.026e-09	-1.36666666666704e-11
-0.29	-1.11550000000001e-09	4.06000000000042e-11	-4.12899999999998e-10	-6.75600000000007e-10	-1.20470000000001e-09	-1.1659e-09	-9.6499999999998e-11	-1.1906e-09	-7.67900000000001e-10	-6.98400000000005e-10
-0.285	-5.99499999999992e-10	-5.72000000000006e-10	-5.05500000000001e-10	-4.33299999999997e-10	-1.1499e-09	-1.1563e-09	-4.925e-10	-1.2058e-09	-1.34899999999992e-10	-1.0272e-09
-0.28	-5.39e-10	-8.79399999999999e-10	-7.65199999999999e-10	-5.804e-10	-1.0115e-09	-9.97500000000001e-10	-7.57599999999999e-10	-1.1487e-09	-4.18099999999998e-10	-1.1845e-09
-0.275	-6.525e-10	-8.44799999999999e-10	-8.25999999999999e-10	-8.63199999999999e-10	-8.816e-10	-8.07700000000002e-10	-7.15600000000001e-10	-9.91099999999999e-10	-9.08299999999997e-10	-1.2016e-09
-0.27	-6.972e-10	-7.059e-10	-6.568e-10	-8.84899999999999e-10	-9.27e-10	-9.13000000000001e-10	-7.56500000000001e-10	-8.523e-10	-1.3424e-09	-1.0334e-09
-0.265	-9.70599999999999e-10	-6.03799999999999e-10	-7.257e-10	-7.33499999999999e-10	-8.82100000000001e-10	-1.1047e-09	-8.89e-10	-8.55700000000001e-10	-1.8752e-09	-7.67999999999999e-10
-0.26	-1.0451e-09	-6.38e-10	-8.47099999999999e-10	-6.65799999999999e-10	-6.54800000000001e-10	-1.001e-09	-8.427e-10	-9.82000000000001e-10	-1.8121e-09	-6.58999999999999e-10
-0.255	-4.005e-10	-7.451e-10	-6.424e-10	-4.012e-10	-6.537e-10	-7.43699999999999e-10	-8.738e-10	-1.003e-09	-6.102e-10	-8.32999999999998e-10
-0.25	2.29999999999999e-11	-6.93299999999999e-10	-3.907e-10	-2.698e-10	-7.10499999999999e-10	-7.26899999999999e-10	-9.82699999999999e-10	-8.82399999999999e-10	3.11899999999999e-10	-9.96499999999998e-10
-0.245	-3.164e-10	-5.383e-10	-5.312e-10	1.03399999999999e-10	-6.24999999999999e-10	-9.09799999999998e-10	-7.46199999999999e-10	-8.11699999999998e-10	-4.27899999999999e-10	-9.52599999999998e-10
-0.24	-8.144e-10	-5.678e-10	-7.112e-10	5.67799999999998e-10	-6.22999999999998e-10	-8.53699999999998e-10	-5.798e-10	-6.99299999999996e-10	-1.201e-09	-9.42999999999998e-10
-0.235	-8.66800000000007e-10	-6.02900000000004e-10	-7.26300000000002e-10	-8.56500000000033e-10	-7.70300000000003e-10	-8.39799999999998e-10	-7.10300000000007e-10	-6.229e-10	-8.45299999999985e-10	-8.31100000000001e-10
-0.23	-5.86400000000006e-10	-5.50600000000004e-10	-8.13800000000002e-10	-2.22820000000003e-09	-7.58900000000004e-10	-9.62699999999999e-10	-8.27000000000006e-10	-7.59700000000001e-10	-5.87399999999986e-10	-6.61600000000001e-10
-0.225	-4.70600000000007e-10	-4.84400000000004e-10	-7.81500000000002e-10	-9.14700000000032e-10	-6.02900000000005e-10	-6.81699999999999e-10	-8.29000000000006e-10	-9.02800000000002e-10	-5.32499999999987e-10	-6.69200000000001e-10
-0.22	-4.92500000000007e-10	-4.35700000000004e-10	-5.10800000000002e-10	-3.62400000000033e-10	-6.14600000000006e-10	-3.603e-10	-8.51900000000006e-10	-9.05600000000003e-10	-5.55699999999989e-10	-7.94300000000002e-10
-0.215	-4.31000000000007e-10	-4.34400000000004e-10	-3.23200000000002e-10	-1.47900000000003e-09	-5.32100000000006e-10	-5.342e-10	-7.90700000000006e-10	-8.35400000000004e-10	-9.05299999999988e-10	-9.42800000000002e-10
-0.21	-4.406e-10	-4.38899999999999e-10	-4.56399999999999e-10	-4.36599999999998e-10	-4.113e-10	-7.835e-10	-4.55799999999999e-10	-6.60700000000001e-10	-1.0425e-09	-9.96399999999999e-10
-0.205	-6.71599999999999e-10	-4.79299999999999e-10	-5.45199999999999e-10	2.39700000000001e-10	-4.53499999999999e-10	-6.73499999999999e-10	-3.579e-10	-4.71800000000001e-10	-9.576e-10	-9.138e-10
-0.2	-6.93699999999999e-10	-3.722e-10	-5.21299999999998e-10	-1.0155e-09	-4.88799999999998e-10	-5.22099999999999e-10	-5.232e-10	-4.96799999999999e-10	-8.635e-10	-7.74200000000001e-10
-0.195	-4.523e-10	-2.252e-10	-5.81299999999999e-10	-6.15699999999999e-10	-4.45599999999998e-10	-5.45599999999999e-10	-6.02299999999999e-10	-6.26599999999999e-10	-4.431e-10	-6.54200000000001e-10
-0.19	-2.235e-10	-2.768e-10	-5.14899999999999e-10	-1.78499999999999e-10	-4.11999999999999e-10	-4.95699999999999e-10	-7.33199999999998e-10	-7.16700000000001e-10	-3.79e-10	-5.55900000000002e-10
-0.185	-1.081e-10	-3.342e-10	-4.249e-10	-7.65999999999999e-10	-4.837e-10	-4.292e-10	-8.48799999999998e-10	-7.755e-10	-9.50600000000001e-10	-5.94000000000002e-10
-0.18	-3.973e-10	-3.648e-10	-4.337e-10	-1.671e-10	-4.279e-10	-5.227e-10	-6.47499999999998e-10	-6.586e-10	-8.27400000000001e-10	-7.18800000000001e-10
-0.175	-5.21499999999999e-10	-5.20799999999999e-10	-5.26699999999999e-10	-9.60000000000001e-11	-4.342e-10	-5.40000000000001e-10	-2.30099999999999e-10	-4.012e-10	-3.54799999999999e-10	-7.37e-10
-0.17	-2.495e-10	-5.49499999999999e-10	-4.35399999999999e-10	-7.292e-10	-4.89100000000001e-10	-3.35000000000001e-10	-1.673e-10	-3.41200000000001e-10	-3.37899999999998e-10	-6.15999999999999e-10
-0.165	-2.658e-10	-2.06799999999999e-10	-1.12099999999999e-10	1.75299999999999e-10	-2.56300000000001e-10	-1.86000000000001e-10	-3.04200000000001e-10	-4.76e-10	-2.90299999999998e-10	-3.98299999999998e-10
-0.16	-3.541e-10	6.38000000000005e-11	4.99e-11	7.27699999999999e-10	-5.67000000000003e-11	-1.797e-10	-2.88000000000001e-10	-4.78799999999999e-10	-3.86899999999997e-10	-2.35499999999998e-10
-0.155	-2.637e-10	-1.86e-11	3.8999999999999e-12	-7.90000000000005e-12	-7.98000000000005e-11	-2.56299999999998e-10	-2.59400000000001e-10	-4.05899999999998e-10	-6.13199999999997e-10	-2.39599999999998e-10
-0.15	-3.665e-10	-1.619e-10	-2.657e-10	-4.35499999999999e-10	-1.961e-10	-3.82499999999998e-10	-2.705e-10	-3.84999999999998e-10	-5.14799999999999e-10	-2.77599999999998e-10
-0.145	-4.61299999999999e-10	-2.109e-10	-4.70300000000001e-10	-7.15399999999998e-10	-1.90399999999999e-10	-3.55199999999999e-10	-2.848e-10	-2.06799999999998e-10	-1.35800000000002e-10	-2.67999999999999e-10
-0.14	-1.148e-10	-2.693e-10	-2.83100000000001e-10	-6.13399999999999e-10	-2.60099999999999e-10	-1.029e-10	-1.68899999999999e-10	1.06400000000001e-10	1.32499999999997e-10	-3.34100000000001e-10
-0.135	5.77000000000001e-11	-2.313e-10	1.891e-10	1.89000000000001e-11	-2.93199999999999e-10	1.52099999999999e-10	-1.17999999999999e-10	9.97000000000001e-11	2.23999999999978e-11	-2.59300000000001e-10
-0.13	-2.113e-10	5.32999999999997e-11	4.386e-10	1.96e-10	7.63000000000005e-11	1.82799999999998e-10	-7.24000000000006e-11	-8.14000000000013e-11	-1.78100000000002e-10	-1.40000000000012e-11
-0.125	-3.389e-10	2.677e-10	2.05199999999999e-10	1.14799999999999e-10	3.687e-10	1.41899999999999e-10	1.00699999999998e-10	1.03999999999982e-11	-1.80700000000001e-10	8.08999999999991e-11
-0.12	-2.267e-10	1.778e-10	-4.34000000000005e-11	1.198e-10	3.09399999999999e-10	1.76e-10	1.71699999999999e-10	1.20599999999999e-10	1.24700000000001e-10	1.343e-10
-0.115	2.17000000000001e-11	1.153e-10	-1.141e-10	2.077e-10	1.859e-10	2.79900000000001e-10	3.09399999999999e-10	1.994e-10	4.80700000000002e-10	3.524e-10
-0.11	2.08700000000001e-10	2.49800000000002e-10	1.36700000000008e-10	3.73500000000003e-10	3.36400000000001e-10	5.06700000000005e-10	4.90799999999999e-10	4.98700000000003e-10	6.20799999999998e-10	5.65600000000002e-10
-0.105	4.605e-10	3.74500000000002e-10	6.73100000000008e-10	3.87600000000003e-10	5.145e-10	8.26800000000005e-10	5.946e-10	8.29700000000003e-10	5.60699999999998e-10	6.85900000000001e-10
-0.1	6.783e-10	5.84000000000002e-10	9.97200000000007e-10	6.66800000000002e-10	6.67500000000001e-10	9.98700000000004e-10	7.91000000000001e-10	9.46700000000002e-10	4.97599999999998e-10	8.75400000000001e-10
-0.095	4.923e-10	8.37200000000002e-10	9.58200000000008e-10	9.80500000000002e-10	1.1098e-09	9.69100000000003e-10	1.1001e-09	1.1168e-09	8.06699999999998e-10	1.0291e-09
-0.09	3.705e-10	8.39900000000002e-10	8.08500000000008e-10	7.92700000000003e-10	1.372e-09	1.1594e-09	1.3781e-09	1.3923e-09	1.4221e-09	1.0832e-09
-0.085	5.52999999999999e-10	8.40299999999999e-10	9.92899999999999e-10	1.1632e-09	1.3876e-09	1.5141e-09	1.6279e-09	1.5315e-09	1.899e-09	1.1951e-09
-0.08	7.43299999999999e-10	1.0827e-09	1.4856e-09	1.955e-09	1.6342e-09	1.9004e-09	1.905e-09	1.8355e-09	2.123e-09	1.718e-09
-0.075	9.074e-10	1.4513e-09	2.0826e-09	2.0303e-09	2.0447e-09	2.4579e-09	2.1637e-09	2.3695e-09	2.2803e-09	2.4781e-09
-0.07	1.3079e-09	1.8098e-09	2.6126e-09	2.2048e-09	2.4308e-09	2.8822e-09	2.571e-09	2.9266e-09	2.4119e-09	2.9161e-09
-0.0649999999999999	1.6924e-09	2.1402e-09	2.7388e-09	2.8093e-09	3.0655e-09	3.1104e-09	3.2133e-09	3.4062e-09	2.9381e-09	3.5015e-09
-0.0599999999999999	1.7257e-09	2.4999e-09	2.8132e-09	3.3673e-09	3.8926e-09	3.5977e-09	4.03e-09	4.0232e-09	3.9214e-09	4.2654e-09
-0.0549999999999999	1.8731e-09	2.7854e-09	3.4552e-09	4.1839e-09	4.4272e-09	4.5434e-09	4.87039999999999e-09	4.9498e-09	4.79059999999999e-09	4.7979e-09
-0.0499999999999999	2.24720000000001e-09	3.21960000000001e-09	4.62320000000001e-09	5.16810000000001e-09	5.05410000000001e-09	5.51160000000001e-09	5.64590000000001e-09	5.70260000000001e-09	5.87970000000001e-09	5.62010000000001e-09
-0.0449999999999999	2.63330000000001e-09	3.97350000000002e-09	5.65300000000002e-09	5.93560000000002e-09	6.12440000000003e-09	6.52730000000003e-09	6.62160000000003e-09	6.55600000000003e-09	7.20840000000003e-09	6.86190000000003e-09
-0.0399999999999999	3.22940000000001e-09	4.84540000000002e-09	6.44110000000002e-09	6.67230000000002e-09	7.28990000000003e-09	7.82830000000003e-09	7.81190000000003e-09	8.01440000000003e-09	8.16140000000003e-09	7.99530000000003e-09
-0.035	4.20730000000001e-09	5.79050000000002e-09	7.30600000000002e-09	7.91480000000002e-09	8.48670000000003e-09	9.04270000000003e-09	9.21760000000003e-09	9.70670000000003e-09	9.46080000000003e-09	9.23860000000003e-09
-0.03	5.24280000000001e-09	6.76790000000002e-09	8.26370000000002e-09	9.61600000000002e-09	9.99660000000002e-09	1.03888e-08	1.1086e-08	1.11932e-08	1.12208e-08	1.11494e-08
-0.025	6.0518e-09	7.88740000000001e-09	9.78490000000001e-09	1.14198e-08	1.18682e-08	1.25336e-08	1.32244e-08	1.30236e-08	1.27511e-08	1.32484e-08
-0.02	6.70739999999999e-09	9.27659999999999e-09	1.19676e-08	1.33866e-08	1.39725e-08	1.50248e-08	1.56049e-08	1.56507e-08	1.51104e-08	1.55298e-08
-0.015	7.46979999999999e-09	1.10044e-08	1.43587e-08	1.57569e-08	1.65028e-08	1.74135e-08	1.8511e-08	1.84304e-08	1.82773e-08	1.84707e-08
-0.01	8.72139999999999e-09	1.30138e-08	1.6873e-08	1.83016e-08	1.94664e-08	2.04906e-08	2.1689e-08	2.15391e-08	2.13445e-08	2.1961e-08
-0.005	1.05242e-08	1.52612e-08	1.96193e-08	2.1282e-08	2.28667e-08	2.4109e-08	2.51953e-08	2.54621e-08	2.5406e-08	2.5672e-08
-0	1.28914e-08	1.79333e-08	2.27878e-08	2.54943e-08	2.70189e-08	2.80512e-08	2.95338e-08	3.02056e-08	3.0302e-08	2.9893e-08
0.005	1.5602e-08	2.11291e-08	2.67826e-08	3.0349e-08	3.18249e-08	3.31937e-08	3.47614e-08	3.5602e-08	3.5134e-08	3.5382e-08
0.01	1.82532e-08	2.48977e-08	3.17963e-08	3.55812e-08	3.72234e-08	3.9544e-08	4.0774e-08	4.1865e-08	4.1061e-08	4.1825e-08
0.015	2.10277e-08	2.9308e-08	3.7255e-08	4.16076e-08	4.3856e-08	4.664e-08	4.8002e-08	4.937e-08	4.8956e-08	4.9125e-08
0.02	2.41823e-08	3.46542e-08	4.35631e-08	4.8711e-08	5.19e-08	5.4903e-08	5.6593e-08	5.79659999999999e-08	5.8502e-08	5.78769999999999e-08
0.025	2.76782e-08	4.07711e-08	5.16181e-08	5.7236e-08	6.1003e-08	6.45789999999999e-08	6.6328e-08	6.79199999999999e-08	6.92029999999999e-08	6.83169999999999e-08
0.03	3.21886e-08	4.74726e-08	6.0849e-08	6.74059999999999e-08	7.16029999999999e-08	7.57819999999999e-08	7.78889999999999e-08	7.97259999999999e-08	8.12789999999999e-08	8.04049999999999e-08
0.035	3.83924e-08	5.56274e-08	7.14519999999999e-08	7.94159999999999e-08	8.43629999999999e-08	8.91219999999999e-08	9.18689999999999e-08	9.38229999999999e-08	9.67839999999999e-08	9.47889999999999e-08
0.04	4.57927e-08	6.573e-08	8.41699999999999e-08	9.32569999999999e-08	9.93669999999999e-08	1.04859e-07	1.08589e-07	1.10588e-07	1.14258e-07	1.11799e-07
0.045	5.45406999999999e-08	7.79459999999999e-08	9.91019999999999e-08	1.09992e-07	1.16851e-07	1.23406e-07	1.28472e-07	1.30478e-07	1.30674e-07	1.31451e-07
0.05	6.54529999999999e-08	9.18899999999999e-08	1.16542e-07	1.29622e-07	1.37688e-07	1.44992e-07	1.51813e-07	1.53678e-07	1.51414e-07	1.54548e-07
0.055	7.76389999999999e-08	1.07738e-07	1.36833e-07	1.52502e-07	1.62092e-07	1.70486e-07	1.78771e-07	1.80689e-07	1.81733e-07	1.81973e-07
0.0600000000000001	9.03149999999999e-08	1.2696e-07	1.60179e-07	1.80183e-07	1.8992e-07	2.00822e-07	2.098e-07	2.12091e-07	2.16162e-07	2.13885e-07
0.0650000000000001	1.05965e-07	1.4952e-07	1.87177e-07	2.12881e-07	2.23001e-07	2.36162e-07	2.46437e-07	2.49289e-07	2.51938e-07	2.51163e-07
0.0700000000000001	1.23548e-07	1.75066e-07	2.15816e-07	2.50762e-07	2.6299e-07	2.77495e-07	2.89615e-07	2.94009e-07	2.95781e-07	2.95614e-07
0.0750000000000001	1.42228e-07	2.05847e-07	2.46235000000001e-07	2.94776000000001e-07	3.09131000000001e-07	3.26182000000001e-07	3.40535000000001e-07	3.46605000000001e-07	3.48601000000001e-07	3.47993000000001e-07
0.0800000000000001	1.67506000000001e-07	2.43601000000001e-07	2.86282000000001e-07	3.45336000000002e-07	3.63622000000002e-07	3.82973000000002e-07	4.01416000000002e-07	4.08210000000002e-07	4.06023000000002e-07	4.09574000000002e-07
0.0850000000000001	1.98813000000001e-07	2.86690000000001e-07	3.40672000000001e-07	4.03017000000002e-07	4.29915000000002e-07	4.50122000000002e-07	4.73272000000002e-07	4.81026000000002e-07	4.72854000000002e-07	4.83030000000002e-07
0.09	2.32638000000001e-07	3.36474000000001e-07	4.08335000000001e-07	4.73838000000001e-07	5.07513000000002e-07	5.31517000000002e-07	5.57404000000002e-07	5.66385000000002e-07	5.56683000000002e-07	5.69261000000002e-07
0.095	2.73959000000001e-07	3.95861000000001e-07	4.88924000000001e-07	5.59877000000001e-07	5.96731000000002e-07	6.28348000000002e-07	6.55252000000002e-07	6.65742000000002e-07	6.57186000000002e-07	6.69068000000002e-07
0.1	3.26612e-07	4.66186e-07	5.83147e-07	6.59994000000001e-07	7.01796000000001e-07	7.43024e-07	7.69410000000001e-07	7.8249e-07	7.73840000000001e-07	7.86748000000001e-07
0.105	3.86977e-07	5.49545e-07	6.90031999999999e-07	7.77673999999999e-07	8.25049999999999e-07	8.75163999999999e-07	9.04441999999999e-07	9.20879999999999e-07	9.11567999999999e-07	9.25875999999999e-07
0.11	4.56593e-07	6.47075999999999e-07	8.09413999999999e-07	9.12565999999999e-07	9.69623999999999e-07	1.026108e-06	1.063972e-06	1.085216e-06	1.075866e-06	1.090282e-06
0.115	5.39867e-07	7.63021999999999e-07	9.43705999999999e-07	1.065474e-06	1.139102e-06	1.20557e-06	1.251492e-06	1.275946e-06	1.266568e-06	1.283654e-06
0.12	6.36680999999999e-07	8.99695999999999e-07	1.102648e-06	1.247656e-06	1.338876e-06	1.418262e-06	1.476342e-06	1.496536e-06	1.491544e-06	1.510754e-06
0.125	7.50295999999999e-07	1.054916e-06	1.295148e-06	1.463792e-06	1.578394e-06	1.66593e-06	1.744572e-06	1.761828e-06	1.761566e-06	1.779616e-06
0.13	8.85441999999999e-07	1.237302e-06	1.518336e-06	1.708614e-06	1.85782e-06	1.962486e-06	2.055818e-06	2.077182e-06	2.072192e-06	2.096656e-06
0.135	1.040718e-06	1.456306e-06	1.790486e-06	1.995582e-06	2.182754e-06	2.3184e-06	2.418768e-06	2.443068e-06	2.433622e-06	2.47021e-06
0.14	1.225604e-06	1.712734e-06	2.132726e-06	2.342592e-06	2.576514e-06	2.73947e-06	2.853508e-06	2.877072e-06	2.875054e-06	2.911698e-06
0.145	1.452724e-06	2.017942e-06	2.527642e-06	2.757754e-06	3.04496e-06	3.23078e-06	3.366548e-06	3.394196e-06	3.393034e-06	3.430908e-06
0.15	1.711056e-06	2.387444e-06	2.965308e-06	3.25928e-06	3.587672e-06	3.79339e-06	3.948456e-06	4.016898e-06	3.979746e-06	4.044214e-06
0.155	2.003344e-06	2.80913e-06	3.468196e-06	3.867426e-06	4.224176e-06	4.453406e-06	4.62741e-06	4.755212e-06	4.677026e-06	4.75305e-06
0.16	2.368272e-06	3.29258e-06	4.088002e-06	4.578324e-06	4.974366e-06	5.24601e-06	5.437594e-06	5.60267799999999e-06	5.50947999999999e-06	5.576784e-06
0.165	2.785472e-06	3.858436e-06	4.820856e-06	5.394996e-06	5.84664199999999e-06	6.17405799999999e-06	6.37883599999999e-06	6.57631799999999e-06	6.46137999999999e-06	6.56765799999999e-06
0.17	3.228782e-06	4.557272e-06	5.63675799999999e-06	6.34185399999999e-06	6.84129399999999e-06	7.23999999999999e-06	7.48979999999999e-06	7.70899999999999e-06	7.55739999999999e-06	7.73499999999999e-06
0.175	3.809142e-06	5.408186e-06	6.60760799999999e-06	7.43619999999999e-06	8.01939999999999e-06	8.51939999999999e-06	8.84419999999999e-06	9.07879999999999e-06	8.86879999999999e-06	9.11559999999999e-06
0.18	4.524862e-06	6.33558799999999e-06	7.81259999999999e-06	8.73939999999999e-06	9.47759999999999e-06	1.00452e-05	1.04578e-05	1.07226e-05	1.045e-05	1.07692e-05
0.185	5.273074e-06	7.44259999999999e-06	9.18979999999999e-06	1.03188e-05	1.1166e-05	1.17812e-05	1.23274e-05	1.25634e-05	1.23414e-05	1.27006e-05
0.19	6.186158e-06	8.84979999999999e-06	1.07364e-05	1.2181e-05	1.31234e-05	1.38618e-05	1.45534e-05	1.4673e-05	1.46068e-05	1.49334e-05
0.195	7.36699999999999e-06	1.03576e-05	1.26428e-05	1.43388e-05	1.55102e-05	1.64124e-05	1.7196e-05	1.72162e-05	1.72872e-05	1.75492e-05
0.2	8.68520000000002e-06	1.2038e-05	1.49382e-05	1.69004e-05	1.82706e-05	1.9308e-05	2.0218e-05	2.02602e-05	2.0425e-05	2.06018e-05
0.205	1.0058e-05	1.42550000000001e-05	1.74864000000001e-05	1.98942000000001e-05	2.13964000000001e-05	2.25980000000001e-05	2.37812000000001e-05	2.39504000000001e-05	2.40240000000001e-05	2.41498000000001e-05
0.21	1.1718e-05	1.67684000000001e-05	2.03942000000001e-05	2.32556000000001e-05	2.50696000000001e-05	2.65870000000001e-05	2.79542000000001e-05	2.83972000000001e-05	2.82878000000001e-05	2.83824000000001e-05
0.215	1.38512e-05	1.94628000000001e-05	2.39070000000001e-05	2.72354000000001e-05	2.94892000000001e-05	3.13278000000001e-05	3.26914000000001e-05	3.36516000000001e-05	3.35162000000001e-05	3.34592000000001e-05
0.22	1.6235e-05	2.29908000000001e-05	2.81542000000001e-05	3.21434000000001e-05	3.48148000000001e-05	3.69118000000001e-05	3.82468000000001e-05	3.97036000000001e-05	3.96084000000001e-05	3.94232000000001e-05
0.225	1.876e-05	2.72336e-05	3.31724e-05	3.78136e-05	4.10096e-05	4.34982e-05	4.49772e-05	4.66342e-05	4.64434e-05	4.64032e-05
0.23	2.18356e-05	3.17472e-05	3.90314e-05	4.4328e-05	4.81801999999999e-05	5.104e-05	5.30054e-05	5.4542e-05	5.44166e-05	5.46298e-05
0.235	2.54476e-05	3.73536e-05	4.61462e-05	5.21104e-05	5.6571e-05	5.9854e-05	6.22271999999999e-05	6.36009999999999e-05	6.38303999999999e-05	6.4204e-05
0.24	2.91122e-05	4.42414e-05	5.46892e-05	6.11244e-05	6.62549999999999e-05	7.029e-05	7.26359999999999e-05	7.4315e-05	7.46969999999999e-05	7.55049999999999e-05
0.245	3.34782e-05	5.15624e-05	6.4456e-05	7.14909999999999e-05	7.77439999999999e-05	8.21049999999999e-05	8.48969999999999e-05	8.70649999999999e-05	8.75369999999999e-05	8.88099999999999e-05
0.25	3.8993e-05	6.00826e-05	7.55009999999999e-05	8.38079999999999e-05	9.13719999999999e-05	9.62919999999999e-05	9.99149999999999e-05	0.000102082	0.000102428	0.000104193
0.255	4.5943e-05	7.0526e-05	8.85019999999999e-05	9.83139999999999e-05	0.000107205	0.000113767	0.00011718	0.000120164	0.000119409	0.000122171
0.26	5.46014e-05	8.19139999999999e-05	0.00010396	0.000114596	0.000125424	0.000133357	0.000137096	0.000141472	0.000139496	0.000143156
0.265	6.42499999999999e-05	9.47489999999999e-05	0.000121273	0.000133595	0.000146572	0.000155693	0.000161468	0.0001653	0.000163579	0.000168019
0.27	7.48409999999999e-05	0.000110902	0.000140615	0.000156736	0.000171583	0.00018199	0.000189323	0.000192468	0.000192032	0.000197503
0.275	8.69319999999999e-05	0.000130426	0.000162742	0.000183301	0.000200622	0.000211991	0.000221054	0.000224791	0.000226984	0.000230964
0.28	0.000100772	0.000152172	0.000188697	0.00021335	0.000233957	0.000247176	0.000258442	0.000262005	0.000270034	0.000269005
0.285	0.000115666	0.000176646	0.000218905	0.000248174	0.000273209	0.000288067	0.000301124	0.000304568	0.000318997	0.000314021
0.29	0.000132505	0.000204646	0.000253992	0.000288721	0.000318313	0.000334613	0.000350906	0.000356051	0.000372319	0.000366228
0.295	0.000152455	0.000237356	0.000296872	0.000336602	0.000369237	0.000389965	0.000409047	0.000417928	0.000431297	0.000426466
0.3	0.000175268	0.000274706	0.000346809	0.000392977	0.000428926	0.000454243	0.000474695	0.000487925	0.000497804	0.000496775
0.305	0.000201415	0.000315964	0.000401171	0.000457308	0.000498886	0.000526134	0.000551283	0.000566345	0.000574405	0.000578231999999999
0.31	0.000231758	0.000363958	0.000463537	0.000530539	0.000577786	0.000609573	0.000641199999999999	0.000657219999999999	0.00066552	0.000673979999999999
0.315	0.000266042	0.000419985	0.000537988	0.000614012	0.000668559999999999	0.000707919999999999	0.000742999999999999	0.000763119999999999	0.000774059999999999	0.000785159999999999
0.32	0.000304886	0.000481618	0.000621459999999999	0.000707839999999999	0.000775499999999999	0.000821059999999999	0.000859459999999999	0.000883979999999999	0.000900159999999999	0.000910179999999999
0.325	0.000349182000000001	0.000551719000000001	0.000715420000000001	0.000815940000000002	0.000897220000000002	0.000952020000000002	0.000994300000000002	0.00102252	0.00104622	0.00105576
0.33	0.000396427000000002	0.000636600000000003	0.000824960000000004	0.000944340000000004	0.0010362	0.00110480000000001	0.00114900000000001	0.00118490000000001	0.00121224000000001	0.00122708000000001
0.335	0.000449767000000002	0.000735720000000003	0.000947260000000004	0.001095	0.00120032	0.00128068	0.00132624000000001	0.00137448000000001	0.00140104000000001	0.00142174000000001
0.34	0.000513957000000002	0.000847680000000003	0.0010852	0.00126738	0.00139068	0.00148212	0.00153094	0.00159198000000001	0.00162250000000001	0.00164646000000001
0.345	0.000587720000000002	0.000976820000000002	0.00124762	0.00146464	0.00160508	0.00171274	0.001771	0.00184178	0.00188036	0.00191126000000001
0.35	0.00067018	0.0011246	0.00143502	0.00168946	0.0018504	0.00197638	0.0020512	0.00212852	0.00217358	0.0022137
0.355	0.000763199999999999	0.00128904	0.0016496	0.00194418	0.00213208	0.00227782	0.00237022	0.00245514	0.00251048	0.00255508
0.36	0.000868819999999999	0.00147306	0.00189834	0.00222882	0.0024505	0.00262242	0.0027336	0.00282928	0.00290058	0.00295098
0.365	0.000988719999999999	0.00168266	0.00217866	0.00254672	0.00281432	0.00301708	0.0031539	0.00326114	0.00334488	0.00341162
0.37	0.00112214	0.00191888	0.00248818	0.00290864	0.00323262	0.00346598	0.0036329	0.00375424	0.00385206	0.0039331
0.375	0.00127054	0.00217658	0.00283628	0.00332264	0.00370372	0.00397274	0.0041717	0.00431338	0.00443168	0.00451982
0.38	0.00143838	0.00245808	0.00322772	0.00378736	0.00422504	0.00454122	0.0047771	0.00494611999999999	0.00508152	0.00518514
0.385	0.00162138	0.00277282	0.00365494	0.00430476	0.00480504	0.00517586	0.00545304	0.00564999999999999	0.005801	0.0059272
0.39	0.00181368	0.00311858	0.0041165	0.00487656	0.0054464	0.00587599999999999	0.00619759999999999	0.00642179999999999	0.006598	0.006743
0.395	0.00201626	0.00348772	0.00462364	0.0054978	0.00614319999999999	0.00664219999999999	0.0070096	0.00727619999999999	0.00748039999999999	0.007648
0.4	0.00222946	0.00388132	0.0051658	0.00616339999999999	0.00689459999999999	0.00747399999999999	0.00788899999999999	0.00821099999999999	0.00844599999999999	0.00864259999999999
0.405	0.00245266	0.00430104	0.005731	0.00686799999999999	0.00770819999999999	0.00836859999999999	0.00884639999999999	0.00921379999999999	0.00949559999999999	0.00972319999999999
0.41	0.00268634	0.00474019999999999	0.0063314	0.00761359999999999	0.00857859999999999	0.00932379999999999	0.00988399999999999	0.0103044	0.0106324	0.0108956
0.415	0.00293032	0.00518899999999999	0.0069668	0.00839839999999999	0.00949619999999999	0.0103364	0.010989	0.0114834	0.0118542	0.0121532
0.42	0.0031766	0.0056438	0.0076196	0.00921460000000001	0.0104606	0.0114112	0.012159	0.012718	0.0131512	0.0134964
0.425	0.00342374000000001	0.00610860000000001	0.00828920000000001	0.0100552	0.0114574	0.0125464	0.013386	0.0140188	0.0145224	0.0149294
0.43	0.00367740000000001	0.00657640000000001	0.00897720000000001	0.010916	0.0124696	0.0137152	0.0146608	0.0154062	0.0159688	0.0164336
0.435	0.00391760000000001	0.00703720000000001	0.00965920000000001	0.0117934	0.01351	0.0149028	0.0159874	0.0168416	0.0174854	0.018
0.44	0.00414400000000001	0.00748660000000001	0.0103276	0.0126722	0.0145752	0.0161258	0.0173526	0.0182994	0.019046	0.0196268
0.445	0.0043804	0.0079178	0.0109838	0.01354	0.0156386	0.0173698	0.018726	0.0198092	0.0206462	0.0213104
0.45	0.0045922	0.00832479999999999	0.0116172	0.0143982	0.0167024	0.0186042	0.0201252	0.0213638	0.022306	0.0230474
0.455	0.0047594	0.00870919999999999	0.0122204	0.0152312	0.0177624	0.0198356	0.021552	0.0229156	0.0239922	0.0248164
0.46	0.0049248	0.00906699999999999	0.0127918	0.0160132	0.0187774	0.0210638	0.022942	0.0244484	0.0256732	0.026614
0.465	0.0050768	0.00939739999999999	0.013323	0.0167558	0.0197304	0.0222458	0.0242912	0.0259734	0.02737	0.0284438
0.47	0.0051922	0.00971319999999999	0.0138144	0.0174618	0.0206392	0.0233666	0.0256378	0.0274824	0.0290562	0.030267
0.475	0.0053034	0.00999899999999999	0.0142716	0.018105	0.0214876	0.0244416	0.0269298	0.02895	0.030664	0.032052
0.48	0.005413	0.0102226	0.014667	0.01869	0.0222618	0.025452	0.028116	0.03038	0.03223	0.033798
0.485	0.00550540000000001	0.0103964	0.0150016	0.019228	0.022994	0.026392	0.029248	0.0317520000000001	0.0337720000000001	0.0354920000000001
0.49	0.00557820000000001	0.0105362	0.015293	0.0196964	0.023664	0.027262	0.030332	0.033028	0.0352300000000001	0.0371220000000001
0.495	0.00561100000000001	0.0106408	0.0155304	0.02008	0.024224	0.028032	0.031316	0.03422	0.0366180000000001	0.0386740000000001
0.5	0.00562040000000001	0.0107346	0.0157064	0.020394	0.024714	0.028706	0.032208	0.035318	0.03796	0.0401620000000001
0.505	0.005626	0.0108072	0.0158332	0.020642	0.02515	0.029292	0.033014	0.036296	0.039184	0.041604
0.51	0.0056084	0.0108266	0.015918	0.02082	0.025474	0.029776	0.033708	0.037186	0.040274	0.042944
0.515	0.00559399999999999	0.010827	0.015962	0.020938	0.025706	0.03019	0.034286	0.037992	0.041286	0.04415
0.52	0.0055746	0.010814	0.015958	0.021006	0.02591	0.030528	0.03475	0.038664	0.042176	0.045242
0.525	0.0055248	0.0107286	0.015898	0.021028	0.026024	0.030748	0.035124	0.039222	0.04291	0.04621
0.53	0.0054832	0.0106178	0.015814	0.020988	0.026028	0.030888	0.035424	0.039698	0.043534	0.04703
0.535	0.0054298	0.010533	0.01572	0.020884	0.025994	0.030962	0.035616	0.040034	0.044046	0.047726
0.54	0.0053348	0.010414	0.015588	0.020756	0.02591	0.030926	0.0357	0.040236	0.044428	0.048324
0.545	0.005256	0.01027	0.015424	0.020592	0.025744	0.030802	0.035702	0.040354	0.04472	0.048798
0.55	0.00519140000000001	0.010136	0.015254	0.020366	0.025536	0.030626	0.0355980000000001	0.040364	0.0449160000000001	0.0491260000000001
0.555	0.00508420000000001	0.00999600000000002	0.01505	0.020124	0.025298	0.030404	0.0353940000000001	0.040262	0.0449920000000001	0.0493260000000001
0.56	0.00498600000000001	0.00985600000000001	0.014802	0.019878	0.025012	0.030134	0.0351660000000001	0.0401200000000001	0.0449620000000001	0.0494380000000001
0.565	0.00492240000000001	0.00969600000000002	0.014548	0.019594	0.024718	0.029814	0.034906	0.0399520000000001	0.0448100000000001	0.0494340000000001
0.57	0.00482160000000001	0.00949400000000002	0.014284	0.01929	0.024392	0.0294700000000001	0.034572	0.0396720000000001	0.0445480000000001	0.0493280000000001
0.575	0.00469679999999999	0.00930199999999999	0.013998	0.018978	0.02402	0.029098	0.034182	0.039276	0.044196	0.049144
0.58	0.00461459999999999	0.00912799999999999	0.013742	0.01861	0.02363	0.028668	0.033744	0.038842	0.0437859999999999	0.048848
0.585	0.00453039999999999	0.00891199999999999	0.013508	0.018218	0.023208	0.02819	0.033252	0.038366	0.04337	0.048444
0.59	0.00440339999999999	0.00869599999999999	0.013232	0.017866	0.022748	0.02769	0.032712	0.037812	0.042922	0.047946
0.595	0.0042992	0.00851399999999998	0.012954	0.017516	0.022274	0.027164	0.03215	0.037228	0.042376	0.047378
0.6	0.0042096	0.00833399999999999	0.012704	0.01715	0.021826	0.026628	0.031596	0.036648	0.04177	0.046748
0.605	0.00408040000000001	0.00815000000000001	0.012406	0.0168	0.02139	0.026112	0.0310280000000001	0.036018	0.0411480000000001	0.0460740000000001
0.61	0.00396420000000001	0.00795200000000001	0.012066	0.016446	0.020932	0.025602	0.0303980000000001	0.035342	0.040434	0.045382
0.615	0.00389020000000001	0.00774800000000001	0.01176	0.016036	0.020448	0.025036	0.0297440000000001	0.0346380000000001	0.039616	0.0446520000000001
0.62	0.0038168	0.00756200000000001	0.011476	0.015604	0.0199880000000001	0.024472	0.0291120000000001	0.033922	0.0388280000000001	0.043872
0.625	0.0037328	0.00736200000000001	0.011182	0.015212	0.0195280000000001	0.023954	0.02847	0.033226	0.0380860000000001	0.0430800000000001
0.63	0.003643	0.007118	0.010902	0.014864	0.019038	0.023366	0.027832	0.032534	0.037276	0.042266
0.635	0.0035364	0.00692	0.010642	0.014518	0.018576	0.022748	0.02722	0.0318359999999999	0.03645	0.041394
0.64	0.00343259999999999	0.006798	0.010384	0.014166	0.01812	0.022246	0.026596	0.031146	0.035744	0.040538
0.645	0.0033424	0.006652	0.010114	0.013816	0.017662	0.021778	0.025964	0.030454	0.035062	0.039702
0.65	0.003242	0.006488	0.00984199999999998	0.013454	0.017222	0.021234	0.025348	0.029746	0.034286	0.038832
0.655	0.003134	0.006364	0.00960599999999999	0.01313	0.016778	0.020716	0.024738	0.029032	0.03349	0.037966
0.66	0.003064	0.00623199999999999	0.009378	0.012838	0.016342	0.02026	0.024164	0.028306	0.032708	0.037134
0.665	0.003008	0.00602999999999999	0.009134	0.012516	0.015966	0.019772	0.023592	0.027604	0.031876	0.036302
0.67	0.002932	0.00580999999999999	0.008914	0.012194	0.015606	0.019218	0.022988	0.026948	0.031014	0.03545
0.675	0.002876	0.00563399999999999	0.00871	0.011892	0.015208	0.018698	0.02244	0.026296	0.030244	0.034598
0.68	0.002822	0.00548599999999999	0.00846399999999999	0.011554	0.01483	0.01827	0.021922	0.025626	0.029558	0.033766
0.685	0.002752	0.00535	0.00821600000000001	0.01121	0.014464	0.017812	0.0213280000000001	0.024964	0.028874	0.032956
0.69	0.00266	0.00522400000000001	0.008022	0.010924	0.01409	0.017314	0.0207600000000001	0.024322	0.0281900000000001	0.03212
0.695	0.002564	0.00510800000000001	0.00782000000000001	0.010642	0.01371	0.016886	0.0202520000000001	0.023688	0.0275	0.030986
0.7	0.002514	0.005002	0.00758200000000001	0.010356	0.013326	0.016456	0.019662	0.02308	0.0267920000000001	0.029664
0.705	0.002474	0.00489000000000001	0.00740000000000001	0.010106	0.012982	0.015982	0.019086	0.022516	0.0260960000000001	0.028694
0.71	0.002374	0.00473	0.00726399999999999	0.00985799999999999	0.012684	0.01555	0.018622	0.02197	0.025416	0.027874
0.715	0.002282	0.004588	0.007038	0.0096	0.012396	0.015136	0.018156	0.02141	0.024746	0.027052
0.72	0.002238	0.00453	0.00679600000000002	0.00935000000000001	0.012076	0.014716	0.017644	0.020836	0.0241	0.02673
0.725	0.00217	0.00445000000000001	0.00666400000000002	0.00910400000000001	0.011742	0.014376	0.017206	0.020304	0.023472	0.0266600000000001
0.73	0.00213	0.00429400000000001	0.00650200000000002	0.00886800000000002	0.01143	0.014058	0.01682	0.019794	0.022848	0.02616
0.735	0.002134	0.004164	0.00629800000000002	0.00864400000000001	0.011104	0.013688	0.016364	0.019304	0.021968	0.0255
0.74	0.0021	0.00407200000000001	0.00619800000000002	0.008406	0.010748	0.01337	0.015918	0.018846	0.0208580000000001	0.02494
0.745	0.002054	0.003934	0.006086	0.00820399999999998	0.01044	0.0131	0.015566	0.018384	0.02007	0.02426
0.75	0.00200199999999999	0.003788	0.00588999999999999	0.00805199999999998	0.010182	0.0128	0.015212	0.01791	0.019548	0.02356
0.755	0.001914	0.00369799999999999	0.00574199999999998	0.00786799999999999	0.00994799999999999	0.012462	0.014814	0.01742	0.019056	0.02298
0.76	0.001844	0.003658	0.00561799999999998	0.00764800000000001	0.00974799999999999	0.012116	0.01444	0.016958	0.018874	0.02246
0.765	0.0018	0.003604	0.00546199999999999	0.00745200000000001	0.00953999999999998	0.011786	0.014088	0.016542	0.018894	0.02188
0.77	0.001742	0.003514	0.00534399999999999	0.007282	0.00934399999999998	0.01144	0.01377	0.01614	0.01866	0.02128
0.775	0.001702	0.003448	0.00521	0.007096	0.00918199999999999	0.01108	0.013446	0.01572	0.01826	0.02078
0.78	0.001692	0.00339	0.005036	0.00690799999999999	0.00896599999999999	0.010798	0.013066	0.015344	0.0178	0.02026
0.785	0.001652	0.00327	0.004926	0.00673999999999998	0.00867999999999998	0.01059	0.012752	0.014968	0.01732	0.01972
0.79	0.001602	0.00316	0.00480999999999999	0.00659599999999998	0.00842199999999999	0.010372	0.012484	0.014552	0.01696	0.0193
0.795	0.001602	0.00307999999999999	0.00466799999999999	0.006464	0.00820000000000001	0.010132	0.012148	0.014198	0.01654	0.01884
0.8	0.00158	0.002966	0.00459799999999999	0.006288	0.00797200000000001	0.00985999999999998	0.011824	0.013896	0.01606	0.01832
0.805	0.00148	0.002884	0.00451799999999999	0.00608	0.007758	0.00961799999999996	0.011528	0.013572	0.01568	0.01798
0.81	0.00141	0.00286	0.00438199999999999	0.00595400000000001	0.00760400000000001	0.00941599999999996	0.011216	0.013224	0.01536	0.01764
0.815	0.001406	0.002812	0.00429399999999999	0.005862	0.007478	0.00916599999999999	0.010948	0.012938	0.01502	0.01714
0.82	0.001342	0.002732	0.00421599999999999	0.00569200000000001	0.007298	0.00897000000000001	0.01073	0.012668	0.01466	0.01676
0.825	0.001288	0.002672	0.004066	0.00554	0.00709	0.00884800000000001	0.010486	0.012314	0.01428	0.0164
0.83	0.00134	0.002588	0.003954	0.005466	0.00692	0.00861400000000001	0.010252	0.011866	0.01388	0.01588
0.835	0.001332	0.00250600000000001	0.00388000000000002	0.00534400000000002	0.00677000000000002	0.00832000000000002	0.010024	0.011214	0.0134400000000001	0.0154000000000001
0.84	0.00125	0.00248	0.00375800000000003	0.00515800000000002	0.00661800000000003	0.00811400000000002	0.00973000000000002	0.010448	0.01308	0.0150400000000001
0.845	0.00123	0.002458	0.00364400000000002	0.00501	0.00648000000000002	0.00790999999999999	0.00945599999999999	0.00994999999999997	0.0128	0.0147
0.85	0.001208	0.00241000000000001	0.00361000000000001	0.00487800000000001	0.00635400000000001	0.007696	0.009264	0.00971399999999998	0.01244	0.01436
0.855	0.001146	0.002376	0.00356200000000001	0.00473600000000001	0.00621200000000001	0.007558	0.009066	0.00959200000000002	0.0122	0.01404
0.86	0.001146	0.00232999999999999	0.003442	0.00461799999999999	0.00606799999999999	0.00744199999999998	0.00884999999999998	0.00975000000000001	0.01212	0.01376
0.865	0.001162	0.002248	0.00338599999999999	0.00455199999999999	0.00591799999999999	0.00728599999999997	0.008712	0.010024	0.01182	0.01346
0.87	0.00112	0.002198	0.00335399999999998	0.00451599999999999	0.00575599999999999	0.00708799999999998	0.00856800000000001	0.01002	0.01142	0.01306
0.875	0.001066	0.002156	0.003252	0.00446799999999999	0.00562399999999999	0.00694000000000001	0.00831599999999999	0.00980000000000001	0.01128	0.01274
0.88	0.00104	0.002102	0.003192	0.00438599999999999	0.00549	0.00683400000000002	0.00807199999999999	0.00957999999999998	0.01106	0.01254
0.885	0.001024	0.002064	0.003162	0.004276	0.005328	0.00666600000000001	0.00788599999999998	0.00935999999999998	0.01064	0.01222
0.89	0.001012	0.002022	0.00305800000000001	0.004156	0.00519800000000001	0.00647600000000001	0.00768599999999997	0.00914000000000002	0.0104	0.01186
0.895	0.00104000000000001	0.00197333333333333	0.00299000000000001	0.00400666666666668	0.00509333333333337	0.00634666666666664	0.00740999999999993	0.00890000000000005	0.0102666666666666	0.0116333333333332
0.9	0.00106000000000001	0.002	0.00280000000000002	0.00389999999999999	0.00506000000000004	0.00595999999999999	0.00739999999999993	0.00880000000000012	0.00999999999999993	0.0109999999999999
