vg	id_vd = 0.0V	ig_vd = 0.0V	is_vd = 0.0V	iavdd_vd = 0.0V	ignd_vd = 0.0V	id_vd = 0.15V	ig_vd = 0.15V	is_vd = 0.15V	iavdd_vd = 0.15V	ignd_vd = 0.15V	id_vd = 0.3V	ig_vd = 0.3V	is_vd = 0.3V	iavdd_vd = 0.3V	ignd_vd = 0.3V	id_vd = 0.45V	ig_vd = 0.45V	is_vd = 0.45V	iavdd_vd = 0.45V	ignd_vd = 0.45V	id_vd = 0.6V	ig_vd = 0.6V	is_vd = 0.6V	iavdd_vd = 0.6V	ignd_vd = 0.6V	id_vd = 0.75V	ig_vd = 0.75V	is_vd = 0.75V	iavdd_vd = 0.75V	ignd_vd = 0.75V	id_vd = 0.9V	ig_vd = 0.9V	is_vd = 0.9V	iavdd_vd = 0.9V	ignd_vd = 0.9V
-0.3	1.267e-10	-5.7059e-10	2.18e-12	3.2636e-07	-3.26e-07	1.3395e-09	-1.4727e-09	-2.232e-11	3.261e-07	-3.2586e-07	2.2793e-09	-1.5489e-09	-2.978e-11	3.2594e-07	-3.2664e-07	3.565e-09	-1.6723e-09	-3.676e-11	3.259e-07	-3.277e-07	5.597e-09	-1.7676e-09	-4.757e-11	3.258e-07	-3.295e-07	8.8595e-09	-1.8798e-09	-5.974e-11	3.2572e-07	-3.3252e-07	1.37976e-08	-1.9203e-09	-7.657e-11	3.2474e-07	-3.366e-07
-0.295	9.616e-11	-5.1133e-10	2.4e-13	3.2638e-07	-3.2592e-07	1.2794e-09	-1.4094e-09	-2.393e-11	3.261e-07	-3.2592e-07	2.2034e-09	-1.491e-09	-3.037e-11	3.2598e-07	-3.2658e-07	3.5168e-09	-1.6144e-09	-3.487e-11	3.2584e-07	-3.2778e-07	5.4278e-09	-1.7061e-09	-4.729e-11	3.2578e-07	-3.294e-07	8.7745e-09	-1.8169e-09	-6.062e-11	3.2572e-07	-3.3254e-07	1.36458e-08	-1.8636e-09	-7.638e-11	3.246e-07	-3.3622e-07
-0.29	8.721e-11	-4.9184e-10	1.78e-12	3.2642e-07	-3.2602e-07	1.2573e-09	-1.3529e-09	-2.185e-11	3.2606e-07	-3.2592e-07	2.1722e-09	-1.4391e-09	-2.922e-11	3.259e-07	-3.2666e-07	3.4773e-09	-1.5581e-09	-3.658e-11	3.2588e-07	-3.2772e-07	5.4612e-09	-1.6503e-09	-4.953e-11	3.2582e-07	-3.295e-07	8.714e-09	-1.7607e-09	-6.25e-11	3.2572e-07	-3.3242e-07	1.35464e-08	-1.8118e-09	-7.74e-11	3.2478e-07	-3.3638e-07
-0.285	8.758e-11	-4.7216e-10	1.62e-12	3.2632e-07	-3.26e-07	1.2288e-09	-1.2993e-09	-2.287e-11	3.26e-07	-3.2602e-07	2.146e-09	-1.3879e-09	-3.017e-11	3.26e-07	-3.2666e-07	3.4191e-09	-1.5084e-09	-3.879e-11	3.2596e-07	-3.278e-07	5.3539e-09	-1.6006e-09	-5.142e-11	3.2578e-07	-3.2954e-07	8.6046e-09	-1.7095e-09	-6.247e-11	3.2578e-07	-3.3262e-07	1.34978e-08	-1.7652e-09	-7.984e-11	3.2476e-07	-3.3656e-07
-0.28	7.664e-11	-4.5278e-10	-1.3e-13	3.2666e-07	-3.263e-07	1.202e-09	-1.2502e-09	-2.613e-11	3.2608e-07	-3.2612e-07	2.1078e-09	-1.3436e-09	-3.235e-11	3.26e-07	-3.266e-07	3.3981e-09	-1.4634e-09	-3.894e-11	3.2584e-07	-3.2772e-07	5.3315e-09	-1.5542e-09	-4.976e-11	3.2576e-07	-3.2954e-07	8.5433e-09	-1.6621e-09	-6.113e-11	3.2574e-07	-3.3262e-07	1.3476e-08	-1.7218e-09	-8.061e-11	3.2414e-07	-3.3574e-07
-0.275	6.627e-11	-4.3762e-10	2.5e-12	3.263e-07	-3.26e-07	1.1819e-09	-1.2066e-09	-2.433e-11	3.2602e-07	-3.2592e-07	2.0785e-09	-1.3014e-09	-3.137e-11	3.2604e-07	-3.2668e-07	3.337e-09	-1.4206e-09	-3.74e-11	3.259e-07	-3.2782e-07	5.3142e-09	-1.5113e-09	-4.888e-11	3.2578e-07	-3.2952e-07	8.5385e-09	-1.6181e-09	-6.262e-11	3.2574e-07	-3.327e-07	1.33902e-08	-1.6812e-09	-7.93e-11	3.2474e-07	-3.3612e-07
-0.27	6.387e-11	-4.1983e-10	3.25e-12	3.2632e-07	-3.26e-07	1.1647e-09	-1.1642e-09	-2.372e-11	3.2616e-07	-3.2602e-07	2.0564e-09	-1.2615e-09	-3.015e-11	3.2594e-07	-3.2672e-07	3.3175e-09	-1.3794e-09	-3.937e-11	3.2586e-07	-3.2786e-07	5.3256e-09	-1.4695e-09	-5.103e-11	3.2582e-07	-3.296e-07	8.4921e-09	-1.5769e-09	-6.444e-11	3.2572e-07	-3.3256e-07	1.34876e-08	-1.6434e-09	-7.907e-11	3.2428e-07	-3.3552e-07
-0.265	5.743e-11	-4.0282e-10	3.3e-13	3.2636e-07	-3.2604e-07	1.145e-09	-1.1218e-09	-2.519e-11	3.26e-07	-3.2604e-07	2.0259e-09	-1.2248e-09	-3.189e-11	3.2606e-07	-3.2668e-07	3.2839e-09	-1.3413e-09	-4.067e-11	3.2586e-07	-3.2776e-07	5.2828e-09	-1.4326e-09	-5.166e-11	3.2578e-07	-3.2954e-07	8.4326e-09	-1.5391e-09	-6.397e-11	3.2576e-07	-3.3268e-07	1.3327e-08	-1.6064e-09	-7.901e-11	3.2412e-07	-3.365e-07
-0.26	4.672e-11	-3.8838e-10	8.7e-13	3.263e-07	-3.26e-07	1.118e-09	-1.087e-09	-2.634e-11	3.26e-07	-3.2604e-07	1.9915e-09	-1.1886e-09	-3.355e-11	3.2594e-07	-3.267e-07	3.1955e-09	-1.3066e-09	-3.995e-11	3.2592e-07	-3.2778e-07	5.2172e-09	-1.3956e-09	-5.066e-11	3.2578e-07	-3.296e-07	8.4131e-09	-1.5013e-09	-6.401e-11	3.2576e-07	-3.3268e-07	1.33304e-08	-1.571e-09	-7.974e-11	3.2472e-07	-3.3632e-07
-0.255	4.129e-11	-3.7264e-10	3.14e-12	3.2632e-07	-3.2602e-07	1.096e-09	-1.0516e-09	-2.417e-11	3.2596e-07	-3.2604e-07	1.972e-09	-1.1578e-09	-3.103e-11	3.259e-07	-3.2672e-07	3.2115e-09	-1.271e-09	-3.923e-11	3.2596e-07	-3.2776e-07	5.1872e-09	-1.3598e-09	-5.078e-11	3.2582e-07	-3.2956e-07	8.3371e-09	-1.4661e-09	-6.525e-11	3.2576e-07	-3.3264e-07	1.32524e-08	-1.5391e-09	-8.104e-11	3.2472e-07	-3.3652e-07
-0.25	4.106e-11	-3.5809e-10	1.48e-12	3.2636e-07	-3.2596e-07	1.0865e-09	-1.0187e-09	-2.357e-11	3.2606e-07	-3.26e-07	1.949e-09	-1.1221e-09	-3.071e-11	3.2592e-07	-3.2672e-07	3.2116e-09	-1.2381e-09	-4.112e-11	3.2592e-07	-3.2776e-07	5.1291e-09	-1.328e-09	-5.285e-11	3.2578e-07	-3.2956e-07	8.3705e-09	-1.4338e-09	-6.657e-11	3.2582e-07	-3.327e-07	1.32408e-08	-1.5075e-09	-8.2e-11	3.2474e-07	-3.366e-07
-0.245	3.001e-11	-3.4505e-10	-4.7e-13	3.263e-07	-3.2594e-07	1.0661e-09	-9.7517e-10	-2.682e-11	3.2608e-07	-3.2618e-07	1.9283e-09	-1.0934e-09	-3.341e-11	3.2592e-07	-3.2678e-07	3.1565e-09	-1.2064e-09	-4.281e-11	3.2588e-07	-3.2776e-07	5.1882e-09	-1.2971e-09	-5.123e-11	3.2576e-07	-3.2956e-07	8.3289e-09	-1.4034e-09	-6.612e-11	3.2582e-07	-3.326e-07	1.31962e-08	-1.4794e-09	-8.222e-11	3.2478e-07	-3.3636e-07
-0.24	2.313e-11	-3.3329e-10	3.07e-12	3.263e-07	-3.2596e-07	1.0327e-09	-9.4544e-10	-2.543e-11	3.2602e-07	-3.2604e-07	1.9103e-09	-1.064e-09	-3.314e-11	3.259e-07	-3.2674e-07	3.1325e-09	-1.1762e-09	-4.077e-11	3.2582e-07	-3.278e-07	5.1458e-09	-1.2673e-09	-5.078e-11	3.2582e-07	-3.2964e-07	8.4375e-09	-1.3718e-09	-6.545e-11	3.2572e-07	-3.3274e-07	1.32514e-08	-1.4506e-09	-8.132e-11	3.247e-07	-3.366e-07
-0.235	2.155e-11	-3.1903e-10	3.28e-12	3.2654e-07	-3.2626e-07	1.0207e-09	-9.1618e-10	-2.422e-11	3.2602e-07	-3.2616e-07	1.8874e-09	-1.0365e-09	-3.199e-11	3.259e-07	-3.2674e-07	3.1033e-09	-1.1475e-09	-4.2e-11	3.2584e-07	-3.2776e-07	5.0608e-09	-1.2366e-09	-5.348e-11	3.2582e-07	-3.296e-07	8.3009e-09	-1.3408e-09	-6.834e-11	3.2582e-07	-3.327e-07	1.30884e-08	-1.4236e-09	-7.991e-11	3.248e-07	-3.365e-07
-0.23	1.554e-11	-3.0561e-10	7.7e-13	3.2624e-07	-3.2594e-07	1.0287e-09	-8.8868e-10	-2.584e-11	3.26e-07	-3.2606e-07	1.862e-09	-1.0082e-09	-3.311e-11	3.2594e-07	-3.2674e-07	3.0854e-09	-1.1192e-09	-4.38e-11	3.2584e-07	-3.278e-07	5.0898e-09	-1.2103e-09	-5.442e-11	3.2576e-07	-3.2958e-07	8.3355e-09	-1.3153e-09	-6.776e-11	3.258e-07	-3.3256e-07	1.31572e-08	-1.3965e-09	-8.119e-11	3.2482e-07	-3.364e-07
-0.225	4.96e-12	-2.9536e-10	1.84e-12	3.263e-07	-3.2604e-07	9.994e-10	-8.6206e-10	-2.612e-11	3.2598e-07	-3.2614e-07	1.8438e-09	-9.7592e-10	-3.586e-11	3.26e-07	-3.2672e-07	3.0511e-09	-1.0937e-09	-4.353e-11	3.2586e-07	-3.2774e-07	5.1051e-09	-1.1841e-09	-5.255e-11	3.2588e-07	-3.2958e-07	8.2089e-09	-1.2877e-09	-6.606e-11	3.2582e-07	-3.326e-07	1.32058e-08	-1.3698e-09	-8.242e-11	3.2472e-07	-3.3634e-07
-0.22	2.57e-12	-2.8327e-10	3.42e-12	3.2626e-07	-3.259e-07	9.7715e-10	-8.3041e-10	-2.408e-11	3.2596e-07	-3.261e-07	1.8161e-09	-9.5272e-10	-3.331e-11	3.2588e-07	-3.2676e-07	3.0526e-09	-1.0678e-09	-4.196e-11	3.2584e-07	-3.2792e-07	5.0325e-09	-1.1577e-09	-5.323e-11	3.2586e-07	-3.2976e-07	8.188e-09	-1.261e-09	-6.742e-11	3.2578e-07	-3.3266e-07	1.30352e-08	-1.3456e-09	-8.363e-11	3.2468e-07	-3.3646e-07
-0.215	2.8e-13	-2.7063e-10	1.57e-12	3.2628e-07	-3.26e-07	9.6449e-10	-8.0466e-10	-2.587e-11	3.2608e-07	-3.261e-07	1.7979e-09	-9.2748e-10	-3.341e-11	3.2586e-07	-3.2678e-07	3.0201e-09	-1.0422e-09	-4.281e-11	3.2584e-07	-3.278e-07	5.0165e-09	-1.1322e-09	-5.563e-11	3.2572e-07	-3.297e-07	8.1841e-09	-1.2362e-09	-6.874e-11	3.2576e-07	-3.326e-07	1.2935e-08	-1.3214e-09	-8.361e-11	3.2482e-07	-3.3628e-07
-0.21	-1.053e-11	-2.5955e-10	4.9e-13	3.2626e-07	-3.2602e-07	9.427e-10	-7.8243e-10	-2.69e-11	3.2598e-07	-3.2614e-07	1.7873e-09	-9.046e-10	-3.525e-11	3.2596e-07	-3.2684e-07	3.0087e-09	-1.0182e-09	-4.368e-11	3.2588e-07	-3.2776e-07	4.9419e-09	-1.1085e-09	-5.481e-11	3.2572e-07	-3.2956e-07	8.2228e-09	-1.2138e-09	-6.679e-11	3.2568e-07	-3.3262e-07	1.29906e-08	-1.2999e-09	-8.377e-11	3.2466e-07	-3.3624e-07
-0.205	-1.649e-11	-2.5159e-10	3.18e-12	3.2632e-07	-3.2598e-07	9.3232e-10	-7.6036e-10	-2.519e-11	3.2602e-07	-3.262e-07	1.7781e-09	-8.8338e-10	-3.505e-11	3.2596e-07	-3.2676e-07	2.9683e-09	-9.885e-10	-4.389e-11	3.2584e-07	-3.2776e-07	4.9444e-09	-1.0853e-09	-5.346e-11	3.2574e-07	-3.2958e-07	8.1158e-09	-1.1889e-09	-6.61e-11	3.2584e-07	-3.328e-07	1.30708e-08	-1.2756e-09	-8.211e-11	3.2468e-07	-3.3644e-07
-0.2	-1.633e-11	-2.3884e-10	3.13e-12	3.262e-07	-3.2592e-07	9.2394e-10	-7.3776e-10	-2.512e-11	3.2596e-07	-3.262e-07	1.753e-09	-8.6164e-10	-3.444e-11	3.2594e-07	-3.2676e-07	2.9443e-09	-9.6666e-10	-4.224e-11	3.2582e-07	-3.278e-07	4.9469e-09	-1.0622e-09	-5.417e-11	3.2582e-07	-3.2964e-07	8.1611e-09	-1.1646e-09	-6.795e-11	3.257e-07	-3.3256e-07	1.3e-08	-1.2556e-09	-8.055e-11	3.2466e-07	-3.3628e-07
-0.195	-2.283e-11	-2.294e-10	2.6e-13	3.2626e-07	-3.2596e-07	9.1135e-10	-7.1619e-10	-2.768e-11	3.2606e-07	-3.262e-07	1.7336e-09	-8.3931e-10	-3.594e-11	3.2594e-07	-3.2684e-07	2.914e-09	-9.4394e-10	-4.336e-11	3.2586e-07	-3.2788e-07	4.9215e-09	-1.0388e-09	-5.593e-11	3.2576e-07	-3.2962e-07	8.1375e-09	-1.1439e-09	-6.92e-11	3.2578e-07	-3.3268e-07	1.3085e-08	-1.2332e-09	-8.236e-11	3.2474e-07	-3.3624e-07
-0.19	-3.178e-11	-2.189e-10	2.65e-12	3.2624e-07	-3.2602e-07	8.9941e-10	-6.9631e-10	-2.562e-11	3.2606e-07	-3.2624e-07	1.7177e-09	-8.2121e-10	-3.58e-11	3.2596e-07	-3.268e-07	2.9202e-09	-9.2357e-10	-4.529e-11	3.2588e-07	-3.278e-07	4.8948e-09	-1.0184e-09	-5.484e-11	3.2576e-07	-3.296e-07	8.1507e-09	-1.1228e-09	-6.661e-11	3.2576e-07	-3.326e-07	1.29822e-08	-1.213e-09	-8.425e-11	3.2402e-07	-3.3574e-07
-0.185	-3.273e-11	-2.1177e-10	3.81e-12	3.2632e-07	-3.2604e-07	8.8378e-10	-6.7563e-10	-2.5e-11	3.2606e-07	-3.263e-07	1.7094e-09	-7.9994e-10	-3.441e-11	3.2584e-07	-3.2684e-07	2.9123e-09	-9.0286e-10	-4.298e-11	3.2586e-07	-3.2788e-07	4.9161e-09	-9.934e-10	-5.477e-11	3.2584e-07	-3.2956e-07	8.1206e-09	-1.1007e-09	-6.793e-11	3.257e-07	-3.327e-07	1.2891e-08	-1.1917e-09	-8.524e-11	3.248e-07	-3.3638e-07
-0.18	-3.559e-11	-2.0055e-10	1.9e-12	3.2624e-07	-3.2602e-07	8.8179e-10	-6.5558e-10	-2.772e-11	3.2594e-07	-3.2618e-07	1.6962e-09	-7.8189e-10	-3.502e-11	3.2598e-07	-3.2688e-07	2.9061e-09	-8.8307e-10	-4.365e-11	3.2622e-07	-3.2822e-07	4.949e-09	-9.7094e-10	-5.699e-11	3.2582e-07	-3.296e-07	8.1178e-09	-1.0812e-09	-6.895e-11	3.2574e-07	-3.3276e-07	1.2866e-08	-1.1729e-09	-8.426e-11	3.248e-07	-3.3646e-07
-0.175	-4.56e-11	-1.9168e-10	1.07e-12	3.2626e-07	-3.2594e-07	8.4957e-10	-6.374e-10	-2.761e-11	3.2596e-07	-3.2626e-07	1.6697e-09	-7.6204e-10	-3.864e-11	3.26e-07	-3.2672e-07	2.8893e-09	-8.6245e-10	-4.549e-11	3.2594e-07	-3.2786e-07	4.878e-09	-9.4931e-10	-5.517e-11	3.2582e-07	-3.2948e-07	8.0358e-09	-1.0597e-09	-6.884e-11	3.2568e-07	-3.3252e-07	1.29104e-08	-1.1537e-09	-8.294e-11	3.2472e-07	-3.3636e-07
-0.17	-4.942e-11	-1.8297e-10	3.05e-12	3.2624e-07	-3.2608e-07	8.3705e-10	-6.1865e-10	-2.561e-11	3.2606e-07	-3.2624e-07	1.6497e-09	-7.4534e-10	-3.564e-11	3.2594e-07	-3.2684e-07	2.8555e-09	-8.4505e-10	-4.686e-11	3.2622e-07	-3.2796e-07	4.8278e-09	-9.3005e-10	-5.61e-11	3.258e-07	-3.2966e-07	7.995e-09	-1.043e-09	-6.811e-11	3.2572e-07	-3.3252e-07	1.2904e-08	-1.135e-09	-8.369e-11	3.2474e-07	-3.3632e-07
-0.165	-4.873e-11	-1.7362e-10	2.85e-12	3.2628e-07	-3.2614e-07	8.4944e-10	-6.0121e-10	-2.681e-11	3.2608e-07	-3.2624e-07	1.6382e-09	-7.2691e-10	-3.509e-11	3.2594e-07	-3.2678e-07	2.8433e-09	-8.2647e-10	-4.401e-11	3.259e-07	-3.2784e-07	4.831e-09	-9.1075e-10	-5.748e-11	3.2582e-07	-3.2958e-07	8.0295e-09	-1.021e-09	-6.988e-11	3.2576e-07	-3.3264e-07	1.29782e-08	-1.1147e-09	-8.316e-11	3.2478e-07	-3.3652e-07
-0.16	-5.582e-11	-1.6702e-10	6.6e-13	3.2624e-07	-3.2602e-07	8.1626e-10	-5.8361e-10	-2.814e-11	3.2602e-07	-3.2628e-07	1.6375e-09	-7.0984e-10	-3.706e-11	3.2594e-07	-3.2684e-07	2.8006e-09	-8.0818e-10	-4.494e-11	3.2594e-07	-3.2788e-07	4.8327e-09	-8.9505e-10	-5.571e-11	3.2568e-07	-3.297e-07	7.9737e-09	-1.0032e-09	-7.118e-11	3.2576e-07	-3.3282e-07	1.29258e-08	-1.0966e-09	-8.346e-11	3.2478e-07	-3.365e-07
-0.155	-6.394e-11	-1.6014e-10	2.89e-12	3.2626e-07	-3.2602e-07	8.1349e-10	-5.6882e-10	-2.673e-11	3.2602e-07	-3.2624e-07	1.6102e-09	-6.9256e-10	-3.915e-11	3.2602e-07	-3.2678e-07	2.8452e-09	-7.8852e-10	-4.747e-11	3.259e-07	-3.279e-07	4.8635e-09	-8.7405e-10	-5.479e-11	3.2572e-07	-3.2982e-07	7.9246e-09	-9.8288e-10	-6.729e-11	3.2572e-07	-3.3264e-07	1.28596e-08	-1.0789e-09	-8.582e-11	3.2474e-07	-3.3638e-07
-0.15	-6.366e-11	-1.5094e-10	3.75e-12	3.2624e-07	-3.2596e-07	8.0162e-10	-5.5142e-10	-2.67e-11	3.2602e-07	-3.2622e-07	1.606e-09	-6.7604e-10	-3.687e-11	3.26e-07	-3.268e-07	2.8207e-09	-7.7298e-10	-4.67e-11	3.2594e-07	-3.279e-07	4.8149e-09	-8.57e-10	-5.762e-11	3.2582e-07	-3.2958e-07	8.0073e-09	-9.632e-10	-6.923e-11	3.2566e-07	-3.3266e-07	1.28746e-08	-1.0616e-09	-8.614e-11	3.2434e-07	-3.3652e-07
-0.145	-6.646e-11	-1.4213e-10	2.25e-12	3.2622e-07	-3.2608e-07	7.9044e-10	-5.3443e-10	-2.816e-11	3.2606e-07	-3.263e-07	1.591e-09	-6.5918e-10	-3.77e-11	3.259e-07	-3.2684e-07	2.7933e-09	-7.5608e-10	-4.531e-11	3.2588e-07	-3.2792e-07	4.7993e-09	-8.4108e-10	-5.73e-11	3.2588e-07	-3.2964e-07	7.9664e-09	-9.4609e-10	-7.015e-11	3.2564e-07	-3.3264e-07	1.2852e-08	-1.0453e-09	-8.475e-11	3.2474e-07	-3.3638e-07
-0.14	-7.666e-11	-1.3527e-10	1.8e-12	3.2616e-07	-3.2606e-07	7.7206e-10	-5.1981e-10	-2.715e-11	3.261e-07	-3.2626e-07	1.5705e-09	-6.4477e-10	-3.905e-11	3.2596e-07	-3.2688e-07	2.8048e-09	-7.3878e-10	-4.726e-11	3.2592e-07	-3.2786e-07	4.7397e-09	-8.2331e-10	-5.533e-11	3.2578e-07	-3.2966e-07	7.8474e-09	-9.2937e-10	-6.919e-11	3.2572e-07	-3.3258e-07	1.28092e-08	-1.0289e-09	-8.466e-11	3.247e-07	-3.3646e-07
-0.135	-7.784e-11	-1.2811e-10	3.63e-12	3.263e-07	-3.26e-07	7.6611e-10	-5.0456e-10	-2.548e-11	3.26e-07	-3.2622e-07	1.5788e-09	-6.2828e-10	-3.855e-11	3.2598e-07	-3.2692e-07	2.7545e-09	-7.2241e-10	-4.765e-11	3.259e-07	-3.2788e-07	4.7325e-09	-8.0798e-10	-5.692e-11	3.2572e-07	-3.2968e-07	7.9494e-09	-9.1214e-10	-6.851e-11	3.2572e-07	-3.3268e-07	1.2933e-08	-1.0114e-09	-8.457e-11	3.2476e-07	-3.366e-07
-0.13	-7.711e-11	-1.2007e-10	2.42e-12	3.2622e-07	-3.2602e-07	7.5966e-10	-4.8922e-10	-2.823e-11	3.2606e-07	-3.262e-07	1.5559e-09	-6.1318e-10	-3.72e-11	3.26e-07	-3.2686e-07	2.7493e-09	-7.0784e-10	-4.555e-11	3.2594e-07	-3.2788e-07	4.6922e-09	-7.8965e-10	-5.927e-11	3.2588e-07	-3.2966e-07	7.9212e-09	-8.9656e-10	-7.103e-11	3.2562e-07	-3.3264e-07	1.28974e-08	-9.9204e-10	-8.318e-11	3.247e-07	-3.3636e-07
-0.125	-8.618e-11	-1.1422e-10	9.4e-13	3.2616e-07	-3.2598e-07	7.403e-10	-4.7524e-10	-2.861e-11	3.26e-07	-3.2624e-07	1.5451e-09	-5.9776e-10	-3.959e-11	3.259e-07	-3.268e-07	2.7385e-09	-6.9128e-10	-4.613e-11	3.2588e-07	-3.2788e-07	4.717e-09	-7.7712e-10	-5.612e-11	3.2586e-07	-3.2958e-07	7.8503e-09	-8.8062e-10	-7.149e-11	3.2574e-07	-3.3268e-07	1.28486e-08	-9.7617e-10	-8.491e-11	3.2468e-07	-3.364e-07
-0.12	-9.03e-11	-1.0745e-10	3.75e-12	3.2624e-07	-3.2602e-07	7.2507e-10	-4.6121e-10	-2.622e-11	3.2606e-07	-3.2626e-07	1.5269e-09	-5.8494e-10	-3.947e-11	3.2596e-07	-3.2672e-07	2.7283e-09	-6.7596e-10	-4.901e-11	3.259e-07	-3.2782e-07	4.6619e-09	-7.6017e-10	-5.67e-11	3.2578e-07	-3.296e-07	7.8331e-09	-8.6481e-10	-6.988e-11	3.2578e-07	-3.326e-07	1.27724e-08	-9.5954e-10	-8.601e-11	3.2474e-07	-3.3636e-07
-0.115	-8.918e-11	-1.0047e-10	3.6e-12	3.2614e-07	-3.26e-07	7.3027e-10	-4.4733e-10	-2.655e-11	3.2606e-07	-3.2632e-07	1.5144e-09	-5.7005e-10	-3.706e-11	3.2586e-07	-3.2684e-07	2.7132e-09	-6.6236e-10	-4.736e-11	3.259e-07	-3.2794e-07	4.6858e-09	-7.4366e-10	-5.849e-11	3.2572e-07	-3.2966e-07	7.9097e-09	-8.4825e-10	-7.04e-11	3.257e-07	-3.3274e-07	1.27744e-08	-9.4467e-10	-8.734e-11	3.2412e-07	-3.3652e-07
-0.11	-9.338e-11	-9.345e-11	1.31e-12	3.2618e-07	-3.2606e-07	7.2281e-10	-4.3398e-10	-2.89e-11	3.26e-07	-3.2622e-07	1.4995e-09	-5.5504e-10	-3.796e-11	3.259e-07	-3.2684e-07	2.6977e-09	-6.4762e-10	-4.57e-11	3.258e-07	-3.2788e-07	4.6857e-09	-7.3049e-10	-5.877e-11	3.2582e-07	-3.2972e-07	7.8429e-09	-8.3266e-10	-7.277e-11	3.2576e-07	-3.3258e-07	1.2738e-08	-9.2996e-10	-8.667e-11	3.2468e-07	-3.362e-07
-0.105	-1.0369e-10	-8.844e-11	1.58e-12	3.2618e-07	-3.2602e-07	7.0194e-10	-4.2177e-10	-2.622e-11	3.26e-07	-3.263e-07	1.4928e-09	-5.4147e-10	-4.138e-11	3.259e-07	-3.269e-07	2.6949e-09	-6.3232e-10	-4.715e-11	3.259e-07	-3.2794e-07	4.6738e-09	-7.1566e-10	-5.714e-11	3.2578e-07	-3.2964e-07	7.9065e-09	-8.1918e-10	-7.136e-11	3.2574e-07	-3.3246e-07	1.26978e-08	-9.1466e-10	-8.49e-11	3.247e-07	-3.364e-07
-0.1	-1.02e-10	-8.178e-11	3.56e-12	3.2616e-07	-3.2598e-07	6.9787e-10	-4.0864e-10	-2.54e-11	3.2602e-07	-3.2638e-07	1.4863e-09	-5.2785e-10	-3.99e-11	3.2592e-07	-3.2678e-07	2.6801e-09	-6.1835e-10	-4.868e-11	3.2596e-07	-3.2796e-07	4.6477e-09	-7.0054e-10	-5.747e-11	3.2584e-07	-3.2968e-07	7.8562e-09	-8.0233e-10	-7.047e-11	3.2576e-07	-3.3276e-07	1.26606e-08	-9.0096e-10	-8.494e-11	3.2462e-07	-3.363e-07
-0.095	-1.0347e-10	-7.324e-11	2.04e-12	3.2624e-07	-3.2602e-07	6.9505e-10	-3.9544e-10	-2.811e-11	3.26e-07	-3.2644e-07	1.4725e-09	-5.1518e-10	-3.78e-11	3.2598e-07	-3.2686e-07	2.6673e-09	-6.0603e-10	-4.786e-11	3.2588e-07	-3.2792e-07	4.5843e-09	-6.8514e-10	-6.041e-11	3.2576e-07	-3.2962e-07	7.8311e-09	-7.8852e-10	-7.272e-11	3.2566e-07	-3.3272e-07	1.27128e-08	-8.8534e-10	-8.555e-11	3.2468e-07	-3.365e-07
-0.09	-1.116e-10	-7.019e-11	1.76e-12	3.2618e-07	-3.2608e-07	6.7576e-10	-3.8443e-10	-2.725e-11	3.2608e-07	-3.2638e-07	1.4888e-09	-5.0142e-10	-3.977e-11	3.2586e-07	-3.269e-07	2.6524e-09	-5.9167e-10	-4.724e-11	3.26e-07	-3.2788e-07	4.5983e-09	-6.7407e-10	-6.032e-11	3.2574e-07	-3.2964e-07	7.7864e-09	-7.728e-10	-7.275e-11	3.2572e-07	-3.3262e-07	1.26502e-08	-8.7e-10	-8.708e-11	3.247e-07	-3.3626e-07
-0.085	-1.1483e-10	-6.354e-11	3.26e-12	3.2622e-07	-3.2608e-07	6.7179e-10	-3.7221e-10	-2.585e-11	3.2612e-07	-3.2632e-07	1.4555e-09	-4.8832e-10	-4.074e-11	3.259e-07	-3.2686e-07	2.6529e-09	-5.77e-10	-4.917e-11	3.259e-07	-3.2788e-07	4.5941e-09	-6.5867e-10	-5.839e-11	3.2574e-07	-3.296e-07	7.7824e-09	-7.6076e-10	-7.114e-11	3.2566e-07	-3.3252e-07	1.27428e-08	-8.5593e-10	-8.769e-11	3.247e-07	-3.362e-07
-0.08	-1.1325e-10	-5.656e-11	2.21e-12	3.2618e-07	-3.2602e-07	6.6433e-10	-3.6115e-10	-2.788e-11	3.2606e-07	-3.2642e-07	1.4536e-09	-4.7765e-10	-3.806e-11	3.2594e-07	-3.269e-07	2.6343e-09	-5.6494e-10	-4.959e-11	3.259e-07	-3.2782e-07	4.594e-09	-6.4476e-10	-6.015e-11	3.2572e-07	-3.2958e-07	7.8006e-09	-7.4493e-10	-7.254e-11	3.2566e-07	-3.3266e-07	1.2511e-08	-8.4194e-10	-8.918e-11	3.247e-07	-3.3636e-07
-0.075	-1.1905e-10	-5.17e-11	1.2e-12	3.2626e-07	-3.2602e-07	6.5582e-10	-3.4972e-10	-2.863e-11	3.2612e-07	-3.2644e-07	1.4215e-09	-4.646e-10	-3.792e-11	3.2582e-07	-3.2682e-07	2.6156e-09	-5.5257e-10	-4.738e-11	3.2588e-07	-3.2782e-07	4.618e-09	-6.3256e-10	-6.174e-11	3.257e-07	-3.2964e-07	7.7732e-09	-7.3094e-10	-7.405e-11	3.2576e-07	-3.3268e-07	1.2564e-08	-8.2825e-10	-8.711e-11	3.248e-07	-3.3636e-07
-0.07	-1.2614e-10	-4.612e-11	2.71e-12	3.262e-07	-3.26e-07	6.3994e-10	-3.3848e-10	-2.658e-11	3.261e-07	-3.263e-07	1.4322e-09	-4.5308e-10	-4.121e-11	3.2584e-07	-3.2684e-07	2.6199e-09	-5.3954e-10	-4.988e-11	3.2582e-07	-3.2794e-07	4.6091e-09	-6.1775e-10	-5.981e-11	3.257e-07	-3.2962e-07	7.7291e-09	-7.1953e-10	-7.392e-11	3.2572e-07	-3.3262e-07	1.25328e-08	-8.1508e-10	-8.498e-11	3.2474e-07	-3.3622e-07
-0.065	-1.2307e-10	-3.959e-11	3.02e-12	3.2616e-07	-3.26e-07	6.3695e-10	-3.2686e-10	-2.599e-11	3.2604e-07	-3.2642e-07	1.4239e-09	-4.4077e-10	-3.995e-11	3.259e-07	-3.2686e-07	2.6282e-09	-5.2613e-10	-5.153e-11	3.2586e-07	-3.2794e-07	4.5792e-09	-6.0554e-10	-5.931e-11	3.2578e-07	-3.2974e-07	7.7609e-09	-7.0411e-10	-7.207e-11	3.2572e-07	-3.3258e-07	1.25862e-08	-8.0124e-10	-8.585e-11	3.2466e-07	-3.3616e-07
-0.06	-1.2659e-10	-3.301e-11	2.4e-13	3.2616e-07	-3.2608e-07	6.3433e-10	-3.1602e-10	-2.841e-11	3.2608e-07	-3.2626e-07	1.4105e-09	-4.2984e-10	-3.846e-11	3.2588e-07	-3.2678e-07	2.5558e-09	-5.1508e-10	-4.926e-11	3.259e-07	-3.2792e-07	4.6451e-09	-5.914e-10	-6.181e-11	3.2578e-07	-3.2966e-07	7.764e-09	-6.9106e-10	-7.364e-11	3.2572e-07	-3.3264e-07	1.24556e-08	-7.871e-10	-8.751e-11	3.2462e-07	-3.362e-07
-0.055	-1.3488e-10	-3.078e-11	1.31e-12	3.2624e-07	-3.2602e-07	6.0542e-10	-3.0667e-10	-2.643e-11	3.2602e-07	-3.264e-07	1.4031e-09	-4.1874e-10	-4.01e-11	3.2582e-07	-3.2686e-07	2.5939e-09	-5.0179e-10	-4.838e-11	3.2578e-07	-3.2782e-07	4.5756e-09	-5.797e-10	-6.121e-11	3.2572e-07	-3.2966e-07	7.7167e-09	-6.7674e-10	-7.475e-11	3.257e-07	-3.3288e-07	1.26314e-08	-7.7403e-10	-8.849e-11	3.2468e-07	-3.3646e-07
-0.05	-1.3558e-10	-2.315e-11	4.01e-12	3.262e-07	-3.2608e-07	6.1471e-10	-2.9571e-10	-2.602e-11	3.2602e-07	-3.2636e-07	1.3903e-09	-4.0521e-10	-4.241e-11	3.2594e-07	-3.268e-07	2.5789e-09	-4.9016e-10	-5.075e-11	3.2588e-07	-3.2792e-07	4.5843e-09	-5.6866e-10	-5.936e-11	3.2582e-07	-3.297e-07	7.7408e-09	-6.652e-10	-7.343e-11	3.2572e-07	-3.3288e-07	1.2591e-08	-7.604e-10	-8.83e-11	3.246e-07	-3.365e-07
-0.045	-1.3391e-10	-1.761e-11	1.25e-12	3.2618e-07	-3.2606e-07	6.0357e-10	-2.8542e-10	-2.834e-11	3.26e-07	-3.2642e-07	1.3773e-09	-3.9697e-10	-3.994e-11	3.2592e-07	-3.2688e-07	2.5757e-09	-4.7895e-10	-5.164e-11	3.2588e-07	-3.2796e-07	4.5562e-09	-5.5379e-10	-6.08e-11	3.2576e-07	-3.2964e-07	7.7024e-09	-6.5129e-10	-7.324e-11	3.2576e-07	-3.3282e-07	1.24786e-08	-7.4997e-10	-8.733e-11	3.2462e-07	-3.3632e-07
-0.04	-1.4192e-10	-1.296e-11	-1.1e-13	3.2618e-07	-3.2602e-07	5.9576e-10	-2.7644e-10	-2.81e-11	3.2596e-07	-3.263e-07	1.3836e-09	-3.8311e-10	-3.988e-11	3.2592e-07	-3.269e-07	2.5909e-09	-4.669e-10	-5.029e-11	3.2588e-07	-3.2806e-07	4.5426e-09	-5.4336e-10	-6.16e-11	3.258e-07	-3.2978e-07	7.8038e-09	-6.3852e-10	-7.554e-11	3.2572e-07	-3.3274e-07	1.25798e-08	-7.3559e-10	-8.682e-11	3.247e-07	-3.3636e-07
-0.035	-1.4714e-10	-7.89e-12	2.27e-12	3.2614e-07	-3.2602e-07	5.8876e-10	-2.6596e-10	-2.605e-11	3.26e-07	-3.2632e-07	1.3756e-09	-3.7324e-10	-4.29e-11	3.2594e-07	-3.2684e-07	2.5607e-09	-4.5547e-10	-5.03e-11	3.2578e-07	-3.2798e-07	4.5302e-09	-5.31e-10	-6.006e-11	3.258e-07	-3.2976e-07	7.7834e-09	-6.2843e-10	-7.543e-11	3.257e-07	-3.327e-07	1.24536e-08	-7.2321e-10	-8.714e-11	3.2468e-07	-3.3636e-07
-0.03	-1.4289e-10	-2.74e-12	2.15e-12	3.262e-07	-3.2596e-07	5.9852e-10	-2.5627e-10	-2.607e-11	3.2602e-07	-3.2636e-07	1.3426e-09	-3.6419e-10	-4.147e-11	3.2594e-07	-3.2688e-07	2.5532e-09	-4.4293e-10	-5.217e-11	3.2582e-07	-3.279e-07	4.5269e-09	-5.1941e-10	-5.967e-11	3.2582e-07	-3.2982e-07	7.686e-09	-6.1601e-10	-7.473e-11	3.2574e-07	-3.3272e-07	1.24914e-08	-7.0991e-10	-8.698e-11	3.2464e-07	-3.3644e-07
-0.025	-1.4982e-10	3.36e-12	8e-14	3.2614e-07	-3.26e-07	5.7375e-10	-2.4658e-10	-2.82e-11	3.26e-07	-3.263e-07	1.3516e-09	-3.5346e-10	-4.061e-11	3.26e-07	-3.2696e-07	2.5744e-09	-4.3355e-10	-5.146e-11	3.2582e-07	-3.2794e-07	4.533e-09	-5.0704e-10	-6.184e-11	3.2576e-07	-3.2976e-07	7.7303e-09	-6.0438e-10	-7.358e-11	3.2572e-07	-3.327e-07	1.24306e-08	-6.9826e-10	-8.891e-11	3.2468e-07	-3.3644e-07
-0.02	-1.558e-10	7.03e-12	1.52e-12	3.2618e-07	-3.2598e-07	5.5973e-10	-2.39e-10	-2.596e-11	3.2608e-07	-3.263e-07	1.352e-09	-3.4094e-10	-4.157e-11	3.2584e-07	-3.2678e-07	2.5369e-09	-4.2157e-10	-5.052e-11	3.2588e-07	-3.2798e-07	4.5288e-09	-4.9636e-10	-6.221e-11	3.258e-07	-3.2958e-07	7.6518e-09	-5.8947e-10	-7.288e-11	3.2602e-07	-3.3312e-07	1.2465e-08	-6.8607e-10	-9.054e-11	3.2468e-07	-3.3638e-07
-0.015	-1.5631e-10	1.345e-11	3.54e-12	3.262e-07	-3.26e-07	5.6808e-10	-2.297e-10	-2.648e-11	3.2602e-07	-3.2632e-07	1.3359e-09	-3.3192e-10	-4.251e-11	3.2606e-07	-3.2686e-07	2.5409e-09	-4.1028e-10	-5.157e-11	3.2588e-07	-3.2792e-07	4.6067e-09	-4.8537e-10	-5.93e-11	3.2578e-07	-3.2994e-07	7.7314e-09	-5.8164e-10	-7.241e-11	3.2572e-07	-3.3282e-07	1.25938e-08	-6.7476e-10	-8.956e-11	3.2476e-07	-3.364e-07
-0.01	-1.571e-10	1.833e-11	1.26e-12	3.2626e-07	-3.2604e-07	5.616e-10	-2.2051e-10	-2.827e-11	3.2606e-07	-3.2632e-07	1.3132e-09	-3.2252e-10	-4.107e-11	3.259e-07	-3.2684e-07	2.5382e-09	-4.0041e-10	-5.172e-11	3.258e-07	-3.279e-07	4.4867e-09	-4.7451e-10	-6.1e-11	3.2606e-07	-3.2968e-07	7.6684e-09	-5.6667e-10	-7.519e-11	3.2574e-07	-3.3282e-07	1.24802e-08	-6.6204e-10	-8.744e-11	3.2462e-07	-3.364e-07
-0.005	-1.644e-10	2.373e-11	1.7e-13	3.2618e-07	-3.26e-07	5.4923e-10	-2.1212e-10	-2.765e-11	3.2608e-07	-3.2632e-07	1.3249e-09	-3.1129e-10	-4.015e-11	3.2626e-07	-3.2726e-07	2.535e-09	-3.8956e-10	-4.873e-11	3.2584e-07	-3.2788e-07	4.4573e-09	-4.6274e-10	-6.272e-11	3.2578e-07	-3.2976e-07	7.6858e-09	-5.5547e-10	-7.616e-11	3.2578e-07	-3.328e-07	1.24406e-08	-6.5254e-10	-8.754e-11	3.2468e-07	-3.3632e-07
0	-1.6824e-10	2.767e-11	2.22e-12	3.262e-07	-3.26e-07	5.4407e-10	-2.0296e-10	-2.564e-11	3.2596e-07	-3.2638e-07	1.3192e-09	-2.9961e-10	-4.258e-11	3.259e-07	-3.269e-07	2.5192e-09	-3.7923e-10	-4.981e-11	3.2584e-07	-3.2798e-07	4.5033e-09	-4.5273e-10	-6.2e-11	3.2578e-07	-3.297e-07	7.6952e-09	-5.446e-10	-7.462e-11	3.2582e-07	-3.3282e-07	1.24292e-08	-6.3701e-10	-8.952e-11	3.2468e-07	-3.3636e-07
0.005	-1.65e-10	3.345e-11	1.72e-12	3.2616e-07	-3.2596e-07	5.4e-10	-1.9575e-10	-2.782e-11	3.2606e-07	-3.2634e-07	1.2836e-09	-2.9291e-10	-4.277e-11	3.2598e-07	-3.2698e-07	2.492e-09	-3.6809e-10	-5.247e-11	3.2582e-07	-3.2784e-07	4.4409e-09	-4.4121e-10	-6.109e-11	3.26e-07	-3.3004e-07	7.7212e-09	-5.3377e-10	-7.329e-11	3.2566e-07	-3.3274e-07	1.24676e-08	-6.2497e-10	-9.031e-11	3.2464e-07	-3.3644e-07
0.01	-1.7207e-10	3.779e-11	1.5e-13	3.2608e-07	-3.2608e-07	5.3786e-10	-1.8669e-10	-2.848e-11	3.2598e-07	-3.2632e-07	1.294e-09	-2.8294e-10	-4.112e-11	3.2594e-07	-3.2688e-07	2.4818e-09	-3.593e-10	-5.196e-11	3.259e-07	-3.2806e-07	4.4753e-09	-4.3133e-10	-6.284e-11	3.2566e-07	-3.2978e-07	7.6225e-09	-5.2234e-10	-7.596e-11	3.2572e-07	-3.3272e-07	1.24624e-08	-6.1629e-10	-8.959e-11	3.2468e-07	-3.3636e-07
0.015	-1.7765e-10	4.121e-11	2.31e-12	3.2616e-07	-3.2602e-07	5.21e-10	-1.7996e-10	-2.597e-11	3.26e-07	-3.2632e-07	1.2922e-09	-2.7398e-10	-4.182e-11	3.2578e-07	-3.2692e-07	2.4854e-09	-3.4978e-10	-5.044e-11	3.2578e-07	-3.2798e-07	4.4689e-09	-4.2024e-10	-6.336e-11	3.2578e-07	-3.2972e-07	7.6291e-09	-5.1027e-10	-7.792e-11	3.2576e-07	-3.3282e-07	1.23622e-08	-6.0047e-10	-9.045e-11	3.2392e-07	-3.358e-07
0.02	-1.761e-10	4.906e-11	2.49e-12	3.2614e-07	-3.2602e-07	5.2071e-10	-1.7089e-10	-2.678e-11	3.2596e-07	-3.2638e-07	1.279e-09	-2.6299e-10	-4.369e-11	3.26e-07	-3.2688e-07	2.4997e-09	-3.3894e-10	-5.122e-11	3.2576e-07	-3.2792e-07	4.4242e-09	-4.1078e-10	-6.174e-11	3.2586e-07	-3.2976e-07	7.6283e-09	-5.0237e-10	-7.584e-11	3.2584e-07	-3.3294e-07	1.25922e-08	-5.9711e-10	-9.006e-11	3.2472e-07	-3.365e-07
0.025	-1.7955e-10	5.278e-11	8.6e-13	3.2618e-07	-3.2604e-07	5.0884e-10	-1.6207e-10	-2.933e-11	3.2608e-07	-3.262e-07	1.271e-09	-2.5622e-10	-4.126e-11	3.2592e-07	-3.2692e-07	2.4675e-09	-3.2998e-10	-5.321e-11	3.259e-07	-3.2798e-07	4.4969e-09	-4.0076e-10	-6.28e-11	3.2572e-07	-3.2972e-07	7.609e-09	-4.9055e-10	-7.525e-11	3.257e-07	-3.3286e-07	1.2447e-08	-5.7927e-10	-8.846e-11	3.247e-07	-3.364e-07
0.03	-1.8697e-10	5.775e-11	1.66e-12	3.2614e-07	-3.2604e-07	5.1857e-10	-1.5622e-10	-2.717e-11	3.2626e-07	-3.2666e-07	1.2751e-09	-2.4779e-10	-4.002e-11	3.2584e-07	-3.2692e-07	2.4614e-09	-3.2078e-10	-5.142e-11	3.2582e-07	-3.2794e-07	4.4766e-09	-3.8985e-10	-6.553e-11	3.258e-07	-3.2978e-07	7.6876e-09	-4.7925e-10	-7.724e-11	3.2564e-07	-3.3266e-07	1.24408e-08	-5.7055e-10	-8.738e-11	3.2468e-07	-3.3656e-07
0.035	-1.8721e-10	6.314e-11	3.36e-12	3.2614e-07	-3.2604e-07	5.0105e-10	-1.4642e-10	-2.653e-11	3.2612e-07	-3.2644e-07	1.2611e-09	-2.3731e-10	-4.313e-11	3.2598e-07	-3.2698e-07	2.4711e-09	-3.1132e-10	-5.083e-11	3.258e-07	-3.2788e-07	4.4213e-09	-3.813e-10	-6.33e-11	3.2578e-07	-3.2978e-07	7.558e-09	-4.6522e-10	-7.763e-11	3.2578e-07	-3.328e-07	1.24894e-08	-5.6087e-10	-8.999e-11	3.2474e-07	-3.3652e-07
0.04	-1.8659e-10	6.553e-11	2.73e-12	3.2612e-07	-3.2608e-07	5.2257e-10	-1.3988e-10	-2.798e-11	3.2606e-07	-3.2638e-07	1.2537e-09	-2.2986e-10	-4.283e-11	3.2594e-07	-3.269e-07	2.4537e-09	-3.0127e-10	-5.324e-11	3.2588e-07	-3.2792e-07	4.4502e-09	-3.7097e-10	-6.355e-11	3.2574e-07	-3.2978e-07	7.5709e-09	-4.6067e-10	-7.571e-11	3.2604e-07	-3.3322e-07	1.23996e-08	-5.4598e-10	-9.166e-11	3.2468e-07	-3.3642e-07
0.045	-1.9397e-10	7.631e-11	1.66e-12	3.2614e-07	-3.2594e-07	4.8631e-10	-1.3157e-10	-2.969e-11	3.2608e-07	-3.2642e-07	1.2409e-09	-2.2132e-10	-4.199e-11	3.26e-07	-3.2698e-07	2.4308e-09	-2.9321e-10	-5.416e-11	3.2588e-07	-3.2804e-07	4.4237e-09	-3.612e-10	-6.467e-11	3.2564e-07	-3.2976e-07	7.6335e-09	-4.4812e-10	-7.784e-11	3.2578e-07	-3.3276e-07	1.24482e-08	-5.3992e-10	-9.129e-11	3.247e-07	-3.3644e-07
0.05	-2.0479e-10	7.757e-11	3.67e-12	3.2612e-07	-3.2602e-07	4.8214e-10	-1.2634e-10	-2.663e-11	3.2608e-07	-3.264e-07	1.2389e-09	-2.1243e-10	-4.212e-11	3.259e-07	-3.2688e-07	2.456e-09	-2.8297e-10	-5.181e-11	3.2578e-07	-3.2794e-07	4.4386e-09	-3.5073e-10	-6.541e-11	3.2576e-07	-3.299e-07	7.6176e-09	-4.3396e-10	-8.003e-11	3.2574e-07	-3.3282e-07	1.2393e-08	-5.27e-10	-9.024e-11	3.24e-07	-3.3578e-07
0.055	-1.9053e-10	8.439e-11	-2.6e-13	3.262e-07	-3.2612e-07	4.8557e-10	-1.1691e-10	-2.719e-11	3.2606e-07	-3.2642e-07	1.2362e-09	-2.0397e-10	-4.339e-11	3.26e-07	-3.2686e-07	2.4485e-09	-2.7457e-10	-5.283e-11	3.2584e-07	-3.2812e-07	4.3972e-09	-3.4154e-10	-6.371e-11	3.2572e-07	-3.297e-07	7.6314e-09	-4.2711e-10	-7.683e-11	3.258e-07	-3.329e-07	1.23966e-08	-5.178e-10	-8.941e-11	3.2464e-07	-3.3624e-07
0.06	-2.0728e-10	8.725e-11	-2.37e-12	3.262e-07	-3.261e-07	4.7478e-10	-1.1086e-10	-2.93e-11	3.2612e-07	-3.2648e-07	1.2161e-09	-1.9769e-10	-4.141e-11	3.2596e-07	-3.2698e-07	2.4269e-09	-2.6461e-10	-5.556e-11	3.2588e-07	-3.2792e-07	4.4179e-09	-3.3225e-10	-6.361e-11	3.2564e-07	-3.2986e-07	7.6439e-09	-4.1861e-10	-7.562e-11	3.2572e-07	-3.3282e-07	1.23332e-08	-5.0802e-10	-8.935e-11	3.247e-07	-3.364e-07
0.065	-2.0982e-10	9.14e-11	3.89e-12	3.262e-07	-3.261e-07	4.6884e-10	-1.0404e-10	-2.849e-11	3.2614e-07	-3.2644e-07	1.2353e-09	-1.8988e-10	-4.048e-11	3.2598e-07	-3.2696e-07	2.4186e-09	-2.5738e-10	-5.386e-11	3.2578e-07	-3.2786e-07	4.3926e-09	-3.2047e-10	-6.602e-11	3.2576e-07	-3.2976e-07	7.6145e-09	-4.0872e-10	-7.829e-11	3.2572e-07	-3.328e-07	1.23824e-08	-4.9426e-10	-9.176e-11	3.2458e-07	-3.3648e-07
0.07	-2.109e-10	9.622e-11	6.84e-12	3.262e-07	-3.2602e-07	4.6317e-10	-9.689e-11	-2.642e-11	3.2612e-07	-3.2648e-07	1.222e-09	-1.8437e-10	-4.255e-11	3.2592e-07	-3.2692e-07	2.406e-09	-2.4726e-10	-5.177e-11	3.2586e-07	-3.2792e-07	4.4119e-09	-3.1412e-10	-6.525e-11	3.2572e-07	-3.2978e-07	7.5577e-09	-3.9964e-10	-7.672e-11	3.2576e-07	-3.3286e-07	1.26288e-08	-4.8658e-10	-9.111e-11	3.2458e-07	-3.3658e-07
0.075	-2.0931e-10	1.025e-10	2.43e-12	3.2616e-07	-3.2602e-07	4.6154e-10	-8.959e-11	-2.771e-11	3.2612e-07	-3.2642e-07	1.2114e-09	-1.6854e-10	-4.312e-11	3.2586e-07	-3.2686e-07	2.4138e-09	-2.3941e-10	-5.413e-11	3.2582e-07	-3.2796e-07	4.4445e-09	-3.0455e-10	-6.345e-11	3.2576e-07	-3.2982e-07	7.4949e-09	-3.8643e-10	-7.474e-11	3.2572e-07	-3.3274e-07	1.2384e-08	-4.777e-10	-9.197e-11	3.2462e-07	-3.3636e-07
0.08	-2.2024e-10	1.0933e-10	-1.5e-13	3.2616e-07	-3.26e-07	4.5246e-10	-8.27e-11	-2.949e-11	3.2608e-07	-3.264e-07	1.1998e-09	-1.6525e-10	-4.24e-11	3.2596e-07	-3.2688e-07	2.3917e-09	-2.3074e-10	-5.478e-11	3.2578e-07	-3.2798e-07	4.4037e-09	-2.9529e-10	-6.436e-11	3.2586e-07	-3.2984e-07	7.5511e-09	-3.7966e-10	-7.538e-11	3.2574e-07	-3.3282e-07	1.2359e-08	-4.6507e-10	-9.268e-11	3.2452e-07	-3.364e-07
0.085	-2.2357e-10	1.1093e-10	2.73e-12	3.2608e-07	-3.2608e-07	4.4555e-10	-7.753e-11	-2.758e-11	3.26e-07	-3.2644e-07	1.1928e-09	-1.5604e-10	-4.531e-11	3.2598e-07	-3.2704e-07	2.391e-09	-2.2301e-10	-5.381e-11	3.259e-07	-3.2802e-07	4.3959e-09	-2.8798e-10	-6.605e-11	3.2582e-07	-3.2978e-07	7.4612e-09	-3.6779e-10	-7.95e-11	3.2572e-07	-3.328e-07	1.23066e-08	-4.5949e-10	-9.006e-11	3.2462e-07	-3.3628e-07
0.09	-2.1994e-10	1.1946e-10	1.3e-12	3.2624e-07	-3.2608e-07	4.4411e-10	-7.058e-11	-2.64e-11	3.2606e-07	-3.2642e-07	1.187e-09	-1.5122e-10	-4.485e-11	3.2598e-07	-3.269e-07	2.4135e-09	-2.1408e-10	-5.295e-11	3.2592e-07	-3.2794e-07	4.4297e-09	-2.7832e-10	-6.38e-11	3.2578e-07	-3.2982e-07	7.5257e-09	-3.615e-10	-7.679e-11	3.2582e-07	-3.3288e-07	1.2387e-08	-4.449e-10	-9.056e-11	3.245e-07	-3.3634e-07
0.095	-2.2888e-10	1.1974e-10	2.96e-12	3.262e-07	-3.2606e-07	4.3514e-10	-6.412e-11	-2.885e-11	3.2608e-07	-3.2644e-07	1.1815e-09	-1.4224e-10	-4.313e-11	3.2596e-07	-3.2698e-07	2.3991e-09	-2.0583e-10	-5.576e-11	3.2578e-07	-3.28e-07	4.3749e-09	-2.7077e-10	-6.364e-11	3.2574e-07	-3.2972e-07	7.4565e-09	-3.4732e-10	-7.588e-11	3.2584e-07	-3.3294e-07	1.23476e-08	-4.3761e-10	-9.168e-11	3.2464e-07	-3.3636e-07
0.1	-2.3555e-10	1.2949e-10	4.5e-12	3.2618e-07	-3.2602e-07	4.199e-10	-5.835e-11	-2.666e-11	3.2606e-07	-3.2632e-07	1.1856e-09	-1.3455e-10	-4.295e-11	3.2596e-07	-3.2694e-07	2.3894e-09	-1.9733e-10	-5.455e-11	3.2584e-07	-3.2804e-07	4.3821e-09	-2.606e-10	-6.608e-11	3.2578e-07	-3.2982e-07	7.5245e-09	-3.4134e-10	-7.765e-11	3.2578e-07	-3.3284e-07	1.24524e-08	-4.2608e-10	-9.299e-11	3.2464e-07	-3.3632e-07
0.105	-2.3339e-10	1.3014e-10	4.44e-12	3.2608e-07	-3.2604e-07	4.2818e-10	-4.972e-11	-2.633e-11	3.261e-07	-3.2638e-07	1.1767e-09	-1.2858e-10	-4.547e-11	3.2592e-07	-3.2696e-07	2.3837e-09	-1.8966e-10	-5.283e-11	3.2586e-07	-3.2804e-07	4.3888e-09	-2.5293e-10	-6.637e-11	3.2572e-07	-3.2966e-07	7.484e-09	-3.3307e-10	-7.873e-11	3.257e-07	-3.328e-07	1.2439e-08	-4.1552e-10	-9.371e-11	3.2462e-07	-3.3652e-07
0.11	-2.3641e-10	1.4083e-10	-3.4e-13	3.262e-07	-3.2606e-07	4.2115e-10	-4.581e-11	-2.806e-11	3.2606e-07	-3.2638e-07	1.1711e-09	-1.2233e-10	-4.535e-11	3.2586e-07	-3.2684e-07	2.3675e-09	-1.8143e-10	-5.435e-11	3.2584e-07	-3.28e-07	4.3773e-09	-2.4431e-10	-6.478e-11	3.258e-07	-3.2988e-07	7.5003e-09	-3.2458e-10	-7.779e-11	3.2576e-07	-3.3284e-07	1.239e-08	-4.0877e-10	-9.216e-11	3.2464e-07	-3.365e-07
0.115	-2.4558e-10	1.4055e-10	1.34e-12	3.2614e-07	-3.26e-07	4.1524e-10	-3.82e-11	-2.809e-11	3.26e-07	-3.2636e-07	1.1638e-09	-1.1549e-10	-4.212e-11	3.2588e-07	-3.2688e-07	2.4334e-09	-1.749e-10	-5.477e-11	3.2568e-07	-3.2794e-07	4.433e-09	-2.3577e-10	-6.544e-11	3.2572e-07	-3.3002e-07	7.547e-09	-3.1349e-10	-7.783e-11	3.257e-07	-3.3274e-07	1.23514e-08	-3.9913e-10	-9.136e-11	3.2464e-07	-3.3646e-07
0.12	-2.432e-10	1.4876e-10	2.91e-12	3.2614e-07	-3.2604e-07	4.1709e-10	-3.451e-11	-2.602e-11	3.2604e-07	-3.2638e-07	1.1572e-09	-1.0698e-10	-4.285e-11	3.2588e-07	-3.2696e-07	2.3717e-09	-1.6656e-10	-5.338e-11	3.2578e-07	-3.2802e-07	4.3604e-09	-2.279e-10	-6.724e-11	3.2582e-07	-3.2984e-07	7.546e-09	-3.0338e-10	-8.037e-11	3.257e-07	-3.3286e-07	1.24344e-08	-3.8837e-10	-9.23e-11	3.2462e-07	-3.3652e-07
0.125	-2.4684e-10	1.5228e-10	2.79e-12	3.2618e-07	-3.2608e-07	4.0984e-10	-2.698e-11	-2.719e-11	3.2608e-07	-3.2638e-07	1.1494e-09	-9.987e-11	-4.519e-11	3.2594e-07	-3.269e-07	2.3579e-09	-1.5935e-10	-5.272e-11	3.2582e-07	-3.28e-07	4.3715e-09	-2.2088e-10	-6.586e-11	3.258e-07	-3.2978e-07	7.4285e-09	-2.9971e-10	-7.874e-11	3.2568e-07	-3.3274e-07	1.24314e-08	-3.8046e-10	-9.231e-11	3.2466e-07	-3.3654e-07
0.13	-2.5524e-10	1.5804e-10	2.47e-12	3.2614e-07	-3.2604e-07	4.0413e-10	-2.22e-11	-2.81e-11	3.2606e-07	-3.2642e-07	1.1424e-09	-9.567e-11	-4.424e-11	3.2588e-07	-3.2686e-07	2.3452e-09	-1.5082e-10	-5.525e-11	3.2606e-07	-3.2828e-07	4.3853e-09	-2.1314e-10	-6.487e-11	3.2578e-07	-3.2986e-07	7.5087e-09	-2.8752e-10	-7.753e-11	3.2576e-07	-3.3272e-07	1.23212e-08	-3.6936e-10	-9.294e-11	3.246e-07	-3.3642e-07
0.135	-2.5875e-10	1.6257e-10	4.23e-12	3.2614e-07	-3.2606e-07	3.9827e-10	-1.706e-11	-2.548e-11	3.2602e-07	-3.2632e-07	1.1471e-09	-8.596e-11	-4.332e-11	3.2596e-07	-3.2706e-07	2.3524e-09	-1.4543e-10	-5.49e-11	3.258e-07	-3.2804e-07	4.4036e-09	-2.0452e-10	-6.733e-11	3.2576e-07	-3.2988e-07	7.5017e-09	-2.794e-10	-8.135e-11	3.2578e-07	-3.3298e-07	1.2421e-08	-3.6185e-10	-9.401e-11	3.2462e-07	-3.3658e-07
0.14	-2.5686e-10	1.6965e-10	2.22e-12	3.2608e-07	-3.2604e-07	3.9683e-10	-1.106e-11	-2.493e-11	3.261e-07	-3.2636e-07	1.1429e-09	-8.148e-11	-4.482e-11	3.2594e-07	-3.2704e-07	2.3289e-09	-1.3692e-10	-5.353e-11	3.2586e-07	-3.279e-07	4.359e-09	-1.9606e-10	-6.789e-11	3.257e-07	-3.2978e-07	7.5809e-09	-2.7005e-10	-8.19e-11	3.2566e-07	-3.3278e-07	1.23546e-08	-3.5255e-10	-9.446e-11	3.2464e-07	-3.3652e-07
0.145	-2.6565e-10	1.7497e-10	-1.04e-12	3.2616e-07	-3.2606e-07	3.9409e-10	-5.48e-12	-2.748e-11	3.2608e-07	-3.2644e-07	1.1388e-09	-7.281e-11	-4.46e-11	3.2592e-07	-3.2688e-07	2.3813e-09	-1.3104e-10	-5.469e-11	3.2588e-07	-3.2808e-07	4.3386e-09	-1.8939e-10	-6.614e-11	3.2582e-07	-3.2988e-07	7.4435e-09	-2.6358e-10	-7.904e-11	3.257e-07	-3.3302e-07	1.2509e-08	-3.4238e-10	-9.329e-11	3.2474e-07	-3.3654e-07
0.15	-2.7461e-10	1.7792e-10	2.23e-12	3.2642e-07	-3.2636e-07	3.8438e-10	-7.4e-13	-2.75e-11	3.261e-07	-3.264e-07	1.1379e-09	-6.846e-11	-4.164e-11	3.259e-07	-3.2692e-07	2.3129e-09	-1.239e-10	-5.622e-11	3.2584e-07	-3.2792e-07	4.4065e-09	-1.8131e-10	-6.735e-11	3.2576e-07	-3.2992e-07	7.4404e-09	-2.5493e-10	-7.848e-11	3.258e-07	-3.33e-07	1.23912e-08	-3.3493e-10	-9.223e-11	3.2464e-07	-3.365e-07
0.155	-2.7164e-10	1.835e-10	3.81e-12	3.2616e-07	-3.2608e-07	3.8835e-10	4.17e-12	-2.519e-11	3.261e-07	-3.2648e-07	1.1268e-09	-6.106e-11	-4.272e-11	3.2588e-07	-3.2696e-07	2.3313e-09	-1.166e-10	-5.438e-11	3.2584e-07	-3.2806e-07	4.3532e-09	-1.7259e-10	-6.921e-11	3.2582e-07	-3.2986e-07	7.3873e-09	-2.4452e-10	-8.142e-11	3.2574e-07	-3.3282e-07	1.23496e-08	-3.2552e-10	-9.182e-11	3.246e-07	-3.3654e-07
0.16	-2.7246e-10	1.9036e-10	1.42e-12	3.2616e-07	-3.261e-07	3.8298e-10	1.183e-11	-2.745e-11	3.2602e-07	-3.2644e-07	1.1151e-09	-5.498e-11	-4.572e-11	3.2584e-07	-3.2698e-07	2.3212e-09	-1.1e-10	-5.466e-11	3.2584e-07	-3.2794e-07	4.3366e-09	-1.6717e-10	-6.804e-11	3.257e-07	-3.2992e-07	7.5313e-09	-2.3898e-10	-8.096e-11	3.2574e-07	-3.3294e-07	1.24286e-08	-3.1571e-10	-9.535e-11	3.2468e-07	-3.367e-07
0.165	-2.823e-10	1.9551e-10	6.3e-13	3.262e-07	-3.2608e-07	3.7307e-10	1.495e-11	-2.802e-11	3.2608e-07	-3.2634e-07	1.1095e-09	-5.002e-11	-4.501e-11	3.2594e-07	-3.2686e-07	2.314e-09	-1.0113e-10	-5.684e-11	3.2584e-07	-3.2802e-07	4.3462e-09	-1.5721e-10	-6.668e-11	3.2568e-07	-3.2976e-07	7.5092e-09	-2.2935e-10	-7.934e-11	3.2574e-07	-3.33e-07	1.23114e-08	-3.0805e-10	-9.464e-11	3.2472e-07	-3.3652e-07
0.17	-2.8533e-10	2.0128e-10	2.65e-12	3.2626e-07	-3.2618e-07	3.8259e-10	2.005e-11	-2.619e-11	3.2608e-07	-3.2638e-07	1.1052e-09	-4.339e-11	-4.265e-11	3.2602e-07	-3.2698e-07	2.3051e-09	-9.681e-11	-5.673e-11	3.2588e-07	-3.279e-07	4.3153e-09	-1.5124e-10	-6.847e-11	3.2484e-07	-3.29e-07	7.5216e-09	-2.22e-10	-8.054e-11	3.2572e-07	-3.328e-07	1.24332e-08	-2.9848e-10	-9.342e-11	3.2462e-07	-3.367e-07
0.175	-2.8481e-10	2.0507e-10	1.77e-12	3.2608e-07	-3.2602e-07	3.7244e-10	2.58e-11	-2.614e-11	3.261e-07	-3.2638e-07	1.1043e-09	-3.891e-11	-4.322e-11	3.259e-07	-3.2694e-07	2.3095e-09	-9.004e-11	-5.526e-11	3.258e-07	-3.28e-07	4.3399e-09	-1.4307e-10	-6.967e-11	3.2492e-07	-3.2904e-07	7.5258e-09	-2.1228e-10	-8.152e-11	3.257e-07	-3.3298e-07	1.24078e-08	-2.9292e-10	-9.366e-11	3.2462e-07	-3.366e-07
0.18	-2.9377e-10	2.1172e-10	1.01e-12	3.2614e-07	-3.2608e-07	3.6926e-10	2.983e-11	-2.778e-11	3.2614e-07	-3.265e-07	1.107e-09	-3.19e-11	-4.429e-11	3.259e-07	-3.2686e-07	2.2998e-09	-8.197e-11	-5.618e-11	3.2582e-07	-3.2796e-07	4.345e-09	-1.3714e-10	-6.759e-11	3.2494e-07	-3.29e-07	7.555e-09	-2.0592e-10	-8.022e-11	3.2566e-07	-3.3298e-07	1.2484e-08	-2.8369e-10	-9.344e-11	3.2458e-07	-3.3592e-07
0.185	-3.0095e-10	2.1735e-10	2.55e-12	3.2618e-07	-3.2616e-07	3.5899e-10	3.542e-11	-2.664e-11	3.2602e-07	-3.2638e-07	1.0914e-09	-2.7e-11	-4.268e-11	3.2588e-07	-3.27e-07	2.3021e-09	-7.608e-11	-5.784e-11	3.2586e-07	-3.2794e-07	4.3483e-09	-1.2867e-10	-6.748e-11	3.2482e-07	-3.2908e-07	7.4728e-09	-1.9825e-10	-8.005e-11	3.257e-07	-3.3304e-07	1.24056e-08	-2.7389e-10	-9.265e-11	3.247e-07	-3.367e-07
0.19	-2.9769e-10	2.2487e-10	1.14e-12	3.2612e-07	-3.2608e-07	3.5694e-10	3.962e-11	-2.596e-11	3.2602e-07	-3.2642e-07	1.0928e-09	-1.949e-11	-4.389e-11	3.2594e-07	-3.2692e-07	2.2934e-09	-7.028e-11	-5.569e-11	3.2594e-07	-3.281e-07	4.3282e-09	-1.2155e-10	-6.944e-11	3.2492e-07	-3.2906e-07	7.524e-09	-1.9011e-10	-8.205e-11	3.2566e-07	-3.3298e-07	1.2304e-08	-2.6635e-10	-9.361e-11	3.2468e-07	-3.3662e-07
0.195	-3.0575e-10	2.2767e-10	-1.09e-12	3.2612e-07	-3.2606e-07	3.4768e-10	4.603e-11	-2.785e-11	3.2606e-07	-3.2638e-07	1.0915e-09	-1.44e-11	-4.629e-11	3.259e-07	-3.27e-07	2.2902e-09	-6.431e-11	-5.581e-11	3.2582e-07	-3.2798e-07	4.3251e-09	-1.1566e-10	-6.786e-11	3.2422e-07	-3.2902e-07	7.4823e-09	-1.8313e-10	-8.198e-11	3.2578e-07	-3.3296e-07	1.22674e-08	-2.5783e-10	-9.489e-11	3.2468e-07	-3.3658e-07
0.2	-3.1719e-10	2.3428e-10	-2e-13	3.2624e-07	-3.2616e-07	3.4592e-10	4.905e-11	-2.717e-11	3.26e-07	-3.2634e-07	1.0873e-09	-9.64e-12	-4.542e-11	3.2594e-07	-3.27e-07	2.2787e-09	-5.653e-11	-5.797e-11	3.2582e-07	-3.2806e-07	4.3458e-09	-1.0713e-10	-6.729e-11	3.2456e-07	-3.2908e-07	7.477e-09	-1.7502e-10	-8.022e-11	3.258e-07	-3.3292e-07	1.22316e-08	-2.4945e-10	-9.65e-11	3.2474e-07	-3.3652e-07
0.205	-3.1604e-10	2.4028e-10	2.35e-12	3.2612e-07	-3.261e-07	3.4399e-10	5.514e-11	-2.549e-11	3.2608e-07	-3.265e-07	1.0762e-09	-4.74e-12	-4.444e-11	3.259e-07	-3.269e-07	2.2324e-09	-5.1e-11	-5.753e-11	3.2586e-07	-3.2796e-07	4.3316e-09	-1.0119e-10	-6.775e-11	3.2482e-07	-3.2906e-07	7.4104e-09	-1.6787e-10	-8.023e-11	3.2582e-07	-3.329e-07	1.22026e-08	-2.4179e-10	-9.512e-11	3.2466e-07	-3.357e-07
0.21	-3.1967e-10	2.4849e-10	1.97e-12	3.2612e-07	-3.2606e-07	3.4573e-10	5.957e-11	-2.691e-11	3.2602e-07	-3.2646e-07	1.0776e-09	1.26e-12	-4.618e-11	3.259e-07	-3.2702e-07	2.2687e-09	-4.471e-11	-5.61e-11	3.2582e-07	-3.2804e-07	4.2823e-09	-9.396e-11	-6.965e-11	3.2488e-07	-3.291e-07	7.4285e-09	-1.6084e-10	-8.153e-11	3.2564e-07	-3.3296e-07	1.22592e-08	-2.337e-10	-9.365e-11	3.2404e-07	-3.3586e-07
0.215	-3.2335e-10	2.4999e-10	1.04e-12	3.2618e-07	-3.2608e-07	3.3889e-10	6.393e-11	-2.82e-11	3.2608e-07	-3.2642e-07	1.0794e-09	7.19e-12	-4.715e-11	3.2592e-07	-3.2704e-07	2.2747e-09	-3.736e-11	-5.699e-11	3.2588e-07	-3.2804e-07	4.3066e-09	-8.84e-11	-6.754e-11	3.2488e-07	-3.2898e-07	7.4852e-09	-1.5283e-10	-8.14e-11	3.2582e-07	-3.3298e-07	1.23458e-08	-2.2706e-10	-9.427e-11	3.2476e-07	-3.3656e-07
0.22	-3.3103e-10	2.5746e-10	2.94e-12	3.2614e-07	-3.2608e-07	3.356e-10	6.876e-11	-2.705e-11	3.2614e-07	-3.2636e-07	1.0696e-09	1.173e-11	-4.496e-11	3.26e-07	-3.2698e-07	2.2703e-09	-3.285e-11	-5.809e-11	3.2588e-07	-3.2804e-07	4.313e-09	-8.074e-11	-6.709e-11	3.2484e-07	-3.291e-07	7.5156e-09	-1.4613e-10	-8.092e-11	3.2572e-07	-3.3294e-07	1.23376e-08	-2.1818e-10	-9.514e-11	3.2456e-07	-3.3674e-07
0.225	-3.3079e-10	2.6306e-10	1.06e-12	3.2622e-07	-3.2604e-07	3.4044e-10	7.219e-11	-2.577e-11	3.2608e-07	-3.265e-07	1.0727e-09	1.758e-11	-4.409e-11	3.2588e-07	-3.2692e-07	2.2502e-09	-2.717e-11	-5.671e-11	3.2584e-07	-3.2804e-07	4.2857e-09	-7.462e-11	-6.979e-11	3.2488e-07	-3.2914e-07	7.389e-09	-1.3782e-10	-8.261e-11	3.2566e-07	-3.3288e-07	1.22676e-08	-2.0894e-10	-9.627e-11	3.2464e-07	-3.3606e-07
0.23	-3.4229e-10	2.6979e-10	-1.9e-13	3.2614e-07	-3.2602e-07	3.3671e-10	7.92e-11	-2.93e-11	3.2602e-07	-3.2642e-07	1.062e-09	2.382e-11	-4.611e-11	3.2594e-07	-3.2698e-07	2.2636e-09	-2.257e-11	-5.552e-11	3.2596e-07	-3.2802e-07	4.2716e-09	-6.941e-11	-6.928e-11	3.2416e-07	-3.2842e-07	7.529e-09	-1.3351e-10	-8.253e-11	3.2572e-07	-3.33e-07	1.23732e-08	-2.0409e-10	-9.658e-11	3.2468e-07	-3.368e-07
0.235	-3.475e-10	2.7386e-10	3.16e-12	3.2618e-07	-3.2612e-07	3.2504e-10	8.065e-11	-2.667e-11	3.2602e-07	-3.2636e-07	1.0532e-09	2.76e-11	-4.687e-11	3.2586e-07	-3.269e-07	2.2515e-09	-1.588e-11	-5.71e-11	3.2576e-07	-3.2798e-07	4.2893e-09	-6.207e-11	-6.72e-11	3.2488e-07	-3.2838e-07	7.4772e-09	-1.2431e-10	-8.115e-11	3.2576e-07	-3.3308e-07	1.24328e-08	-1.9537e-10	-9.653e-11	3.2466e-07	-3.3664e-07
0.24	-3.4716e-10	2.8032e-10	2.82e-12	3.2614e-07	-3.2606e-07	3.2723e-10	8.789e-11	-2.649e-11	3.2604e-07	-3.2644e-07	1.048e-09	3.257e-11	-4.487e-11	3.2592e-07	-3.2702e-07	2.2276e-09	-9.86e-12	-5.782e-11	3.259e-07	-3.2804e-07	4.2836e-09	-5.568e-11	-6.925e-11	3.2492e-07	-3.2912e-07	7.5291e-09	-1.169e-10	-8.219e-11	3.2564e-07	-3.3306e-07	1.22834e-08	-1.8817e-10	-9.469e-11	3.2468e-07	-3.3654e-07
0.245	-3.4842e-10	2.8803e-10	4.5e-13	3.262e-07	-3.2612e-07	3.2303e-10	9.179e-11	-2.852e-11	3.26e-07	-3.2638e-07	1.0452e-09	3.827e-11	-4.497e-11	3.2588e-07	-3.2702e-07	2.2588e-09	-5.92e-12	-5.539e-11	3.2584e-07	-3.2798e-07	4.2797e-09	-4.94e-11	-7.1e-11	3.2496e-07	-3.2902e-07	7.4417e-09	-1.1032e-10	-8.413e-11	3.2568e-07	-3.3296e-07	1.22936e-08	-1.7955e-10	-9.441e-11	3.2468e-07	-3.3676e-07
0.25	-3.6062e-10	2.927e-10	9e-13	3.2604e-07	-3.2612e-07	3.1203e-10	9.652e-11	-2.894e-11	3.2596e-07	-3.2644e-07	1.0647e-09	4.325e-11	-4.695e-11	3.2586e-07	-3.2698e-07	2.2485e-09	1.94e-12	-5.625e-11	3.2584e-07	-3.2794e-07	4.2366e-09	-4.443e-11	-6.967e-11	3.2486e-07	-3.292e-07	7.4292e-09	-1.0631e-10	-8.171e-11	3.2568e-07	-3.3292e-07	1.23008e-08	-1.7164e-10	-9.598e-11	3.2464e-07	-3.3664e-07
0.255	-3.6406e-10	2.9855e-10	2.35e-12	3.2612e-07	-3.2608e-07	3.0889e-10	1.0118e-10	-2.653e-11	3.2608e-07	-3.2652e-07	1.037e-09	4.753e-11	-4.599e-11	3.2588e-07	-3.2698e-07	2.2482e-09	6.46e-12	-5.837e-11	3.2588e-07	-3.281e-07	4.2286e-09	-3.743e-11	-6.889e-11	3.249e-07	-3.289e-07	7.4929e-09	-9.633e-11	-8.131e-11	3.2574e-07	-3.3306e-07	1.23208e-08	-1.6442e-10	-9.77e-11	3.2462e-07	-3.3664e-07
0.26	-3.6516e-10	3.0413e-10	1.28e-12	3.261e-07	-3.2612e-07	3.1256e-10	1.0504e-10	-2.66e-11	3.2602e-07	-3.2644e-07	1.0423e-09	5.168e-11	-4.457e-11	3.2618e-07	-3.2726e-07	2.2306e-09	1.183e-11	-5.707e-11	3.2582e-07	-3.28e-07	4.2702e-09	-3.079e-11	-7.068e-11	3.2496e-07	-3.2904e-07	7.4624e-09	-8.897e-11	-8.394e-11	3.2568e-07	-3.3298e-07	1.22856e-08	-1.5781e-10	-9.769e-11	3.2464e-07	-3.3658e-07
0.265	-3.7639e-10	3.1199e-10	5.7e-13	3.2636e-07	-3.2638e-07	3.1299e-10	1.1034e-10	-2.898e-11	3.2596e-07	-3.2636e-07	1.0343e-09	5.854e-11	-4.565e-11	3.2596e-07	-3.2706e-07	2.2401e-09	1.679e-11	-5.728e-11	3.2582e-07	-3.2794e-07	4.2345e-09	-2.561e-11	-7.181e-11	3.249e-07	-3.2922e-07	7.5052e-09	-8.327e-11	-8.402e-11	3.2558e-07	-3.331e-07	1.23526e-08	-1.5e-10	-9.715e-11	3.247e-07	-3.3658e-07
0.27	-3.8138e-10	3.1592e-10	3.62e-12	3.2618e-07	-3.261e-07	3.0756e-10	1.1308e-10	-2.598e-11	3.2606e-07	-3.264e-07	1.0379e-09	6.317e-11	-4.699e-11	3.2592e-07	-3.2692e-07	2.2412e-09	2.259e-11	-5.829e-11	3.258e-07	-3.2798e-07	4.2273e-09	-1.962e-11	-6.912e-11	3.2488e-07	-3.2902e-07	7.4546e-09	-7.79e-11	-8.33e-11	3.258e-07	-3.3304e-07	1.23454e-08	-1.4552e-10	-9.61e-11	3.247e-07	-3.3676e-07
0.275	-3.8045e-10	3.238e-10	3.1e-12	3.2618e-07	-3.2614e-07	3.0301e-10	1.1882e-10	-2.667e-11	3.2606e-07	-3.264e-07	1.0308e-09	6.585e-11	-4.501e-11	3.259e-07	-3.2696e-07	2.2295e-09	2.658e-11	-5.926e-11	3.2578e-07	-3.28e-07	4.2196e-09	-1.365e-11	-7.047e-11	3.25e-07	-3.2912e-07	7.454e-09	-6.988e-11	-8.471e-11	3.2578e-07	-3.33e-07	1.22788e-08	-1.3602e-10	-9.548e-11	3.247e-07	-3.3682e-07
0.28	-3.8708e-10	3.2858e-10	-1.2e-13	3.2614e-07	-3.2614e-07	3.0575e-10	1.2361e-10	-2.826e-11	3.2596e-07	-3.2644e-07	1.0263e-09	7.15e-11	-4.471e-11	3.2594e-07	-3.2702e-07	2.2107e-09	3.123e-11	-5.724e-11	3.2578e-07	-3.2804e-07	4.1895e-09	-7.36e-12	-7.144e-11	3.2492e-07	-3.2906e-07	7.411e-09	-6.372e-11	-8.513e-11	3.2576e-07	-3.33e-07	1.24434e-08	-1.2824e-10	-9.586e-11	3.2474e-07	-3.3632e-07
0.285	-3.9749e-10	3.3377e-10	1.68e-12	3.2608e-07	-3.2602e-07	2.9733e-10	1.2684e-10	-2.699e-11	3.2596e-07	-3.2638e-07	1.0212e-09	7.554e-11	-4.624e-11	3.2596e-07	-3.2702e-07	2.22e-09	3.754e-11	-5.778e-11	3.258e-07	-3.28e-07	4.2486e-09	-2.33e-12	-7.079e-11	3.249e-07	-3.2904e-07	7.4954e-09	-5.785e-11	-8.46e-11	3.2572e-07	-3.3298e-07	1.26126e-08	-1.212e-10	-9.755e-11	3.247e-07	-3.3684e-07
0.29	-3.9891e-10	3.4128e-10	3.69e-12	3.2614e-07	-3.2604e-07	2.9699e-10	1.3196e-10	-2.616e-11	3.2604e-07	-3.2644e-07	1.0078e-09	7.908e-11	-4.653e-11	3.26e-07	-3.2702e-07	2.1814e-09	4.18e-11	-6.015e-11	3.2612e-07	-3.28e-07	4.2409e-09	3.82e-12	-6.912e-11	3.2494e-07	-3.291e-07	7.4361e-09	-5.23e-11	-8.282e-11	3.2576e-07	-3.3308e-07	1.23102e-08	-1.1411e-10	-9.887e-11	3.2468e-07	-3.3694e-07
0.295	-4.0208e-10	3.4702e-10	1.49e-12	3.261e-07	-3.2604e-07	2.9177e-10	1.3615e-10	-2.728e-11	3.2624e-07	-3.2668e-07	1.0236e-09	8.522e-11	-4.543e-11	3.2596e-07	-3.2698e-07	2.2171e-09	4.704e-11	-5.929e-11	3.258e-07	-3.2798e-07	4.2182e-09	1.088e-11	-7.117e-11	3.2486e-07	-3.2912e-07	7.4322e-09	-4.427e-11	-8.456e-11	3.2574e-07	-3.3298e-07	1.23422e-08	-1.0922e-10	-9.882e-11	3.241e-07	-3.3626e-07
0.3	-4.1267e-10	3.5408e-10	7.1e-13	3.2602e-07	-3.2604e-07	2.814e-10	1.4166e-10	-2.846e-11	3.2596e-07	-3.2632e-07	1.0123e-09	8.759e-11	-4.641e-11	3.259e-07	-3.2698e-07	2.1883e-09	5.168e-11	-5.842e-11	3.2578e-07	-3.2798e-07	4.2129e-09	1.613e-11	-7.288e-11	3.2488e-07	-3.2912e-07	7.4329e-09	-3.873e-11	-8.524e-11	3.2582e-07	-3.3312e-07	1.2286e-08	-1.0132e-10	-9.738e-11	3.2468e-07	-3.3684e-07
0.305	-4.1769e-10	3.591e-10	3.44e-12	3.26e-07	-3.2594e-07	2.9143e-10	1.4503e-10	-2.547e-11	3.2596e-07	-3.263e-07	1.0038e-09	9.539e-11	-4.787e-11	3.2594e-07	-3.2704e-07	2.2159e-09	5.693e-11	-5.979e-11	3.2582e-07	-3.2804e-07	4.2219e-09	1.873e-11	-6.963e-11	3.249e-07	-3.2902e-07	7.4421e-09	-3.22e-11	-8.398e-11	3.2584e-07	-3.3314e-07	1.23926e-08	-9.588e-11	-9.568e-11	3.2472e-07	-3.3684e-07
0.31	-4.175e-10	3.6583e-10	2.75e-12	3.2608e-07	-3.2606e-07	2.7826e-10	1.5053e-10	-2.592e-11	3.26e-07	-3.2626e-07	9.807e-10	9.448e-11	-4.611e-11	3.2586e-07	-3.2698e-07	2.1828e-09	6.336e-11	-6.056e-11	3.2582e-07	-3.2802e-07	4.2165e-09	2.67e-11	-7.016e-11	3.2494e-07	-3.2914e-07	7.4497e-09	-2.685e-11	-8.3e-11	3.257e-07	-3.3304e-07	1.2353e-08	-8.83e-11	-9.678e-11	3.2464e-07	-3.3686e-07
0.315	-4.2765e-10	3.712e-10	-3.4e-13	3.2612e-07	-3.2608e-07	2.7176e-10	1.5558e-10	-2.824e-11	3.2602e-07	-3.2636e-07	1.0073e-09	1.0398e-10	-4.582e-11	3.2594e-07	-3.2696e-07	2.1891e-09	6.541e-11	-5.786e-11	3.2586e-07	-3.2798e-07	4.2632e-09	3.049e-11	-7.252e-11	3.2488e-07	-3.285e-07	7.4777e-09	-1.851e-11	-8.623e-11	3.2572e-07	-3.3302e-07	1.23288e-08	-8.103e-11	-9.843e-11	3.2468e-07	-3.3692e-07
0.32	-4.3404e-10	3.7747e-10	2.93e-12	3.2614e-07	-3.2618e-07	2.698e-10	1.5783e-10	-2.596e-11	3.2596e-07	-3.2642e-07	9.9854e-10	1.0665e-10	-4.817e-11	3.2588e-07	-3.269e-07	2.1873e-09	7.202e-11	-5.867e-11	3.2578e-07	-3.281e-07	4.1944e-09	3.593e-11	-7.109e-11	3.2494e-07	-3.2924e-07	7.4005e-09	-1.348e-11	-8.498e-11	3.2566e-07	-3.3304e-07	1.2261e-08	-7.51e-11	-1.001e-10	3.2472e-07	-3.368e-07
0.325	-4.3629e-10	3.8281e-10	3.41e-12	3.2622e-07	-3.2612e-07	2.7228e-10	1.6517e-10	-2.523e-11	3.2604e-07	-3.264e-07	1.00456e-09	1.0881e-10	-4.55e-11	3.259e-07	-3.27e-07	2.1819e-09	7.604e-11	-6.015e-11	3.2586e-07	-3.2808e-07	4.1931e-09	4.054e-11	-6.903e-11	3.2492e-07	-3.2914e-07	7.3738e-09	-7.38e-12	-8.461e-11	3.2572e-07	-3.3294e-07	1.23202e-08	-6.938e-11	-9.847e-11	3.248e-07	-3.3694e-07
0.33	-4.3979e-10	3.9057e-10	1.67e-12	3.2622e-07	-3.2614e-07	2.7318e-10	1.6847e-10	-2.7e-11	3.2596e-07	-3.264e-07	9.9937e-10	1.1653e-10	-4.609e-11	3.259e-07	-3.2696e-07	2.1858e-09	8.075e-11	-5.964e-11	3.2586e-07	-3.2798e-07	4.1903e-09	4.626e-11	-6.986e-11	3.2488e-07	-3.2906e-07	7.404e-09	-3.37e-12	-8.483e-11	3.2578e-07	-3.3306e-07	1.23724e-08	-6.172e-11	-9.777e-11	3.2406e-07	-3.3662e-07
0.335	-4.5075e-10	3.9478e-10	2.81e-12	3.262e-07	-3.261e-07	2.5554e-10	1.7372e-10	-2.746e-11	3.2602e-07	-3.2638e-07	9.9872e-10	1.1812e-10	-4.834e-11	3.2588e-07	-3.2692e-07	2.1764e-09	8.551e-11	-5.843e-11	3.2594e-07	-3.2808e-07	4.1959e-09	5.12e-11	-7.27e-11	3.249e-07	-3.2906e-07	7.4083e-09	3.4e-12	-8.544e-11	3.2568e-07	-3.3298e-07	1.23844e-08	-5.69e-11	-9.833e-11	3.2464e-07	-3.3676e-07
0.34	-4.5424e-10	4.0295e-10	4.05e-12	3.2612e-07	-3.261e-07	2.5658e-10	1.7722e-10	-2.402e-11	3.2602e-07	-3.2638e-07	9.957e-10	1.2313e-10	-4.674e-11	3.259e-07	-3.2698e-07	2.163e-09	8.982e-11	-6.059e-11	3.2572e-07	-3.2806e-07	4.2127e-09	5.611e-11	-7.022e-11	3.2486e-07	-3.2902e-07	7.3964e-09	8.9e-12	-8.442e-11	3.2568e-07	-3.3298e-07	1.23914e-08	-4.828e-11	-9.81e-11	3.247e-07	-3.3674e-07
0.345	-4.5645e-10	4.0759e-10	1.71e-12	3.2602e-07	-3.2602e-07	2.5601e-10	1.8124e-10	-2.558e-11	3.2596e-07	-3.2634e-07	9.9025e-10	1.263e-10	-4.579e-11	3.2596e-07	-3.2704e-07	2.1693e-09	9.394e-11	-6.039e-11	3.2586e-07	-3.281e-07	4.1953e-09	6.12e-11	-6.99e-11	3.2422e-07	-3.2904e-07	7.4394e-09	1.751e-11	-8.483e-11	3.2572e-07	-3.3298e-07	1.23332e-08	-4.185e-11	-9.819e-11	3.2466e-07	-3.3668e-07
0.35	-4.6861e-10	4.1661e-10	9.4e-13	3.2602e-07	-3.2608e-07	2.49e-10	1.8755e-10	-2.729e-11	3.259e-07	-3.2636e-07	9.7742e-10	1.325e-10	-4.797e-11	3.259e-07	-3.2698e-07	2.1692e-09	9.784e-11	-5.819e-11	3.2582e-07	-3.2806e-07	4.1987e-09	6.7e-11	-7.285e-11	3.2462e-07	-3.291e-07	7.3856e-09	1.931e-11	-8.66e-11	3.2558e-07	-3.3302e-07	1.23428e-08	-3.642e-11	-9.996e-11	3.2462e-07	-3.3622e-07
0.355	-4.7251e-10	4.196e-10	4.43e-12	3.2606e-07	-3.2608e-07	2.4672e-10	1.9033e-10	-2.489e-11	3.2596e-07	-3.2632e-07	9.8007e-10	1.3628e-10	-4.719e-11	3.2586e-07	-3.2696e-07	2.188e-09	1.0396e-10	-5.986e-11	3.2582e-07	-3.281e-07	4.1807e-09	7.013e-11	-7.307e-11	3.2486e-07	-3.2908e-07	7.3914e-09	2.764e-11	-8.516e-11	3.2562e-07	-3.3298e-07	1.24382e-08	-2.965e-11	-1.0109e-10	3.2462e-07	-3.3706e-07
0.36	-4.7229e-10	4.2869e-10	2.8e-12	3.26e-07	-3.2604e-07	2.4194e-10	1.9751e-10	-2.51e-11	3.2596e-07	-3.2644e-07	9.714e-10	1.3906e-10	-4.552e-11	3.2592e-07	-3.2698e-07	2.1762e-09	1.072e-10	-6.032e-11	3.2566e-07	-3.2798e-07	4.1794e-09	7.581e-11	-7.027e-11	3.241e-07	-3.2832e-07	7.3786e-09	3.068e-11	-8.373e-11	3.2566e-07	-3.33e-07	1.2399e-08	-2.418e-11	-9.921e-11	3.2462e-07	-3.3686e-07
0.365	-4.805e-10	4.3197e-10	6.9e-13	3.2608e-07	-3.2606e-07	2.3878e-10	2.0025e-10	-2.705e-11	3.263e-07	-3.2666e-07	9.6824e-10	1.4483e-10	-4.638e-11	3.2592e-07	-3.2692e-07	2.1656e-09	1.1045e-10	-5.993e-11	3.2576e-07	-3.2804e-07	4.1391e-09	7.988e-11	-7.169e-11	3.2488e-07	-3.291e-07	7.3463e-09	3.986e-11	-8.639e-11	3.258e-07	-3.3306e-07	1.23664e-08	-1.786e-11	-9.83e-11	3.2464e-07	-3.3688e-07
0.37	-4.8946e-10	4.4082e-10	2.85e-12	3.261e-07	-3.2602e-07	2.3213e-10	2.0585e-10	-2.704e-11	3.26e-07	-3.2642e-07	9.6708e-10	1.4826e-10	-4.847e-11	3.2594e-07	-3.2696e-07	2.1656e-09	1.165e-10	-5.837e-11	3.2584e-07	-3.2802e-07	4.1694e-09	8.483e-11	-7.38e-11	3.2488e-07	-3.2908e-07	7.452e-09	4.29e-11	-8.707e-11	3.257e-07	-3.3288e-07	1.2241e-08	-1.158e-11	-9.818e-11	3.2466e-07	-3.3704e-07
0.375	-4.9112e-10	4.4581e-10	3.44e-12	3.2594e-07	-3.26e-07	2.2774e-10	2.0957e-10	-2.514e-11	3.2598e-07	-3.2638e-07	9.6374e-10	1.514e-10	-4.635e-11	3.2586e-07	-3.2702e-07	2.1699e-09	1.1952e-10	-6.001e-11	3.2584e-07	-3.2806e-07	4.1771e-09	8.884e-11	-7.214e-11	3.249e-07	-3.2908e-07	7.4272e-09	4.774e-11	-8.403e-11	3.256e-07	-3.3306e-07	1.23592e-08	-5.2e-12	-1.0002e-10	3.2456e-07	-3.3678e-07
0.38	-4.9647e-10	4.5344e-10	1.1e-12	3.2612e-07	-3.2604e-07	2.3102e-10	2.1417e-10	-2.521e-11	3.2596e-07	-3.2648e-07	9.6374e-10	1.5506e-10	-4.585e-11	3.2582e-07	-3.2698e-07	2.1556e-09	1.2484e-10	-6.129e-11	3.2572e-07	-3.2802e-07	4.1615e-09	9.347e-11	-7.206e-11	3.2492e-07	-3.2912e-07	7.4198e-09	5.478e-11	-8.473e-11	3.2574e-07	-3.3298e-07	1.22766e-08	8.4e-13	-1.0102e-10	3.2458e-07	-3.37e-07
0.385	-5.0725e-10	4.5869e-10	2.36e-12	3.2608e-07	-3.2596e-07	2.1988e-10	2.192e-10	-2.65e-11	3.2596e-07	-3.2644e-07	9.5867e-10	1.6022e-10	-4.778e-11	3.2594e-07	-3.2702e-07	2.136e-09	1.2717e-10	-5.878e-11	3.2582e-07	-3.2808e-07	4.1234e-09	9.966e-11	-7.454e-11	3.2492e-07	-3.2918e-07	7.4259e-09	5.723e-11	-8.712e-11	3.2484e-07	-3.3218e-07	1.2441e-08	6.15e-12	-1.006e-10	3.2462e-07	-3.3682e-07
0.39	-5.08e-10	4.6585e-10	3.33e-12	3.261e-07	-3.26e-07	2.1446e-10	2.2374e-10	-2.405e-11	3.26e-07	-3.2644e-07	9.6309e-10	1.6359e-10	-4.707e-11	3.2592e-07	-3.2694e-07	2.1537e-09	1.3353e-10	-5.948e-11	3.2582e-07	-3.2812e-07	4.1718e-09	1.0274e-10	-7.405e-11	3.2492e-07	-3.291e-07	7.4033e-09	6.431e-11	-8.655e-11	3.2472e-07	-3.32e-07	1.23768e-08	1.088e-11	-1.0078e-10	3.247e-07	-3.368e-07
0.395	-5.1168e-10	4.7207e-10	1.64e-12	3.2612e-07	-3.26e-07	2.226e-10	2.3012e-10	-2.434e-11	3.2596e-07	-3.2642e-07	9.6118e-10	1.6713e-10	-4.665e-11	3.2596e-07	-3.2704e-07	2.1393e-09	1.3664e-10	-6.051e-11	3.2576e-07	-3.281e-07	4.2023e-09	1.0767e-10	-7.216e-11	3.2488e-07	-3.2908e-07	7.4353e-09	6.819e-11	-8.449e-11	3.2482e-07	-3.3192e-07	1.22998e-08	1.779e-11	-1.004e-10	3.247e-07	-3.3698e-07
0.4	-5.2387e-10	4.78e-10	1.37e-12	3.2604e-07	-3.2606e-07	2.1116e-10	2.3393e-10	-2.682e-11	3.2594e-07	-3.2638e-07	9.563e-10	1.7295e-10	-4.744e-11	3.2582e-07	-3.271e-07	2.1307e-09	1.4014e-10	-6.065e-11	3.258e-07	-3.281e-07	4.1736e-09	1.1338e-10	-7.286e-11	3.2494e-07	-3.2918e-07	7.4155e-09	7.45e-11	-8.555e-11	3.247e-07	-3.3214e-07	1.24174e-08	2.353e-11	-9.862e-11	3.2468e-07	-3.3686e-07
0.405	-5.2679e-10	4.8351e-10	4.57e-12	3.2614e-07	-3.2608e-07	2.0371e-10	2.384e-10	-2.625e-11	3.2594e-07	-3.2638e-07	9.492e-10	1.7524e-10	-4.85e-11	3.2596e-07	-3.27e-07	2.1274e-09	1.4387e-10	-5.891e-11	3.2582e-07	-3.2806e-07	4.173e-09	1.1645e-10	-7.484e-11	3.248e-07	-3.2904e-07	7.3317e-09	7.951e-11	-8.851e-11	3.2474e-07	-3.3208e-07	1.2358e-08	2.954e-11	-9.882e-11	3.2454e-07	-3.3706e-07
0.41	-5.3015e-10	4.9222e-10	2.78e-12	3.2602e-07	-3.26e-07	2.0532e-10	2.4333e-10	-2.509e-11	3.2598e-07	-3.2638e-07	9.4231e-10	1.8137e-10	-4.712e-11	3.259e-07	-3.2694e-07	2.1324e-09	1.4838e-10	-6.189e-11	3.2614e-07	-3.284e-07	4.197e-09	1.2094e-10	-7.214e-11	3.2482e-07	-3.29e-07	7.523e-09	8.385e-11	-8.582e-11	3.248e-07	-3.322e-07	1.24346e-08	3.539e-11	-1.0157e-10	3.2462e-07	-3.3704e-07
0.415	-5.3692e-10	4.9595e-10	7.9e-13	3.2606e-07	-3.26e-07	2.098e-10	2.4789e-10	-2.664e-11	3.26e-07	-3.2636e-07	9.591e-10	1.8279e-10	-4.629e-11	3.259e-07	-3.2696e-07	2.1179e-09	1.526e-10	-6.251e-11	3.2574e-07	-3.2804e-07	4.197e-09	1.2504e-10	-7.198e-11	3.2486e-07	-3.2912e-07	7.4324e-09	9.015e-11	-8.688e-11	3.2476e-07	-3.3218e-07	1.24154e-08	3.966e-11	-1.0296e-10	3.2464e-07	-3.3686e-07
0.42	-5.4673e-10	5.0355e-10	1.94e-12	3.2608e-07	-3.2594e-07	1.9527e-10	2.5451e-10	-2.723e-11	3.2594e-07	-3.264e-07	9.465e-10	1.9016e-10	-4.865e-11	3.2596e-07	-3.2702e-07	2.1197e-09	1.5501e-10	-6.046e-11	3.258e-07	-3.28e-07	4.2231e-09	1.2964e-10	-7.431e-11	3.2492e-07	-3.2914e-07	7.49e-09	9.334e-11	-8.868e-11	3.247e-07	-3.3192e-07	1.2378e-08	4.624e-11	-1.0114e-10	3.2468e-07	-3.3696e-07
0.425	-5.4695e-10	5.0848e-10	3.36e-12	3.2602e-07	-3.26e-07	1.9485e-10	2.5744e-10	-2.406e-11	3.2596e-07	-3.263e-07	9.4273e-10	1.9066e-10	-4.822e-11	3.258e-07	-3.2704e-07	2.1196e-09	1.6031e-10	-6.097e-11	3.2572e-07	-3.2808e-07	4.1426e-09	1.3309e-10	-7.418e-11	3.2486e-07	-3.2916e-07	7.4446e-09	9.852e-11	-8.746e-11	3.247e-07	-3.3212e-07	1.2368e-08	5.049e-11	-9.988e-11	3.246e-07	-3.3686e-07
0.43	-5.5233e-10	5.1645e-10	9.5e-13	3.2612e-07	-3.2606e-07	1.8993e-10	2.6542e-10	-2.535e-11	3.26e-07	-3.2646e-07	9.35e-10	1.9711e-10	-4.687e-11	3.259e-07	-3.2692e-07	2.109e-09	1.644e-10	-6.293e-11	3.2584e-07	-3.2802e-07	4.1327e-09	1.3687e-10	-7.23e-11	3.248e-07	-3.2904e-07	7.4206e-09	1.0431e-10	-8.612e-11	3.247e-07	-3.3192e-07	1.24536e-08	5.642e-11	-1.0018e-10	3.2462e-07	-3.37e-07
0.435	-5.6329e-10	5.2093e-10	2.19e-12	3.2602e-07	-3.2604e-07	1.8006e-10	2.6917e-10	-2.751e-11	3.26e-07	-3.2642e-07	9.0723e-10	2.0118e-10	-4.841e-11	3.2594e-07	-3.2696e-07	2.1217e-09	1.6674e-10	-6.27e-11	3.2578e-07	-3.2806e-07	4.1615e-09	1.4158e-10	-7.248e-11	3.2478e-07	-3.2904e-07	7.3989e-09	1.0738e-10	-8.782e-11	3.2474e-07	-3.3224e-07	1.23842e-08	6.262e-11	-1.012e-10	3.2466e-07	-3.3704e-07
0.44	-5.6589e-10	5.2687e-10	3.94e-12	3.2608e-07	-3.2602e-07	1.7151e-10	2.7472e-10	-2.613e-11	3.26e-07	-3.2644e-07	9.1065e-10	2.0402e-10	-4.886e-11	3.2594e-07	-3.2692e-07	2.1049e-09	1.7216e-10	-6.054e-11	3.2584e-07	-3.281e-07	4.1174e-09	1.4626e-10	-7.48e-11	3.2488e-07	-3.2902e-07	7.4107e-09	1.1334e-10	-8.916e-11	3.247e-07	-3.3224e-07	1.24408e-08	6.952e-11	-1.027e-10	3.2458e-07	-3.3686e-07
0.445	-5.6857e-10	5.3497e-10	1.99e-12	3.2608e-07	-3.2612e-07	1.7822e-10	2.7994e-10	-2.421e-11	3.2604e-07	-3.2648e-07	9.2594e-10	2.0877e-10	-4.706e-11	3.2596e-07	-3.2708e-07	2.1264e-09	1.7578e-10	-6.126e-11	3.2584e-07	-3.2806e-07	4.1651e-09	1.4924e-10	-7.266e-11	3.2474e-07	-3.2908e-07	7.434e-09	1.1584e-10	-8.702e-11	3.2468e-07	-3.3218e-07	1.24544e-08	7.29e-11	-1.0241e-10	3.246e-07	-3.3694e-07
0.45	-5.7936e-10	5.3985e-10	1.69e-12	3.2604e-07	-3.2598e-07	1.7822e-10	2.8617e-10	-2.769e-11	3.2624e-07	-3.2672e-07	9.2916e-10	2.1312e-10	-4.788e-11	3.2594e-07	-3.27e-07	2.112e-09	1.8117e-10	-6.336e-11	3.2574e-07	-3.2798e-07	4.1306e-09	1.5392e-10	-7.296e-11	3.2484e-07	-3.29e-07	7.342e-09	1.245e-10	-8.741e-11	3.2476e-07	-3.321e-07	1.2309e-08	7.803e-11	-1.0201e-10	3.2464e-07	-3.3696e-07
0.455	-5.8555e-10	5.4772e-10	2.98e-12	3.2606e-07	-3.2604e-07	1.5919e-10	2.8913e-10	-2.592e-11	3.26e-07	-3.2636e-07	9.1638e-10	2.172e-10	-4.978e-11	3.2588e-07	-3.27e-07	2.0534e-09	1.8347e-10	-6.143e-11	3.2614e-07	-3.284e-07	4.1039e-09	1.589e-10	-7.456e-11	3.2488e-07	-3.2908e-07	7.4512e-09	1.2702e-10	-8.917e-11	3.2468e-07	-3.3206e-07	1.24484e-08	8.41e-11	-1.0176e-10	3.2464e-07	-3.3692e-07
0.46	-5.8571e-10	5.5293e-10	2e-12	3.2612e-07	-3.26e-07	1.5907e-10	2.9548e-10	-2.386e-11	3.2602e-07	-3.2654e-07	8.7904e-10	2.2052e-10	-4.808e-11	3.2592e-07	-3.2692e-07	2.1139e-09	1.8882e-10	-6.184e-11	3.2586e-07	-3.2804e-07	4.1099e-09	1.6109e-10	-7.504e-11	3.248e-07	-3.2896e-07	7.3159e-09	1.323e-10	-8.848e-11	3.2476e-07	-3.3216e-07	1.2398e-08	8.835e-11	-1.0086e-10	3.2464e-07	-3.3704e-07
0.465	-5.9443e-10	5.5988e-10	9.8e-13	3.263e-07	-3.2632e-07	1.58e-10	3.0229e-10	-2.519e-11	3.2598e-07	-3.2654e-07	8.9336e-10	2.2573e-10	-4.674e-11	3.2588e-07	-3.2696e-07	2.097e-09	1.9256e-10	-6.267e-11	3.2582e-07	-3.28e-07	4.1177e-09	1.6429e-10	-7.322e-11	3.2486e-07	-3.291e-07	7.3471e-09	1.351e-10	-8.675e-11	3.2474e-07	-3.323e-07	1.2389e-08	9.411e-11	-1.0031e-10	3.2468e-07	-3.3692e-07
0.47	-6.0323e-10	5.6486e-10	1.92e-12	3.2596e-07	-3.2598e-07	1.4185e-10	3.0767e-10	-2.71e-11	3.2602e-07	-3.2644e-07	9.3344e-10	2.3082e-10	-4.982e-11	3.2592e-07	-3.2702e-07	2.0832e-09	1.9533e-10	-6.217e-11	3.2582e-07	-3.2806e-07	4.1115e-09	1.6964e-10	-7.397e-11	3.2486e-07	-3.2906e-07	7.3139e-09	1.4143e-10	-8.833e-11	3.2472e-07	-3.3214e-07	1.2455e-08	9.887e-11	-1.0235e-10	3.246e-07	-3.3708e-07
0.475	-6.0269e-10	5.714e-10	3.03e-12	3.2608e-07	-3.2596e-07	1.4306e-10	3.1057e-10	-2.482e-11	3.2602e-07	-3.2652e-07	9.1137e-10	2.3398e-10	-4.95e-11	3.2592e-07	-3.2696e-07	2.1066e-09	1.9895e-10	-6.057e-11	3.2586e-07	-3.2798e-07	4.2309e-09	1.7201e-10	-7.501e-11	3.2482e-07	-3.2922e-07	7.389e-09	1.4518e-10	-8.863e-11	3.2462e-07	-3.3224e-07	1.23624e-08	1.0376e-10	-1.0364e-10	3.246e-07	-3.3706e-07
0.48	-6.0846e-10	5.7836e-10	1.2e-12	3.2602e-07	-3.2594e-07	1.4416e-10	3.1891e-10	-2.501e-11	3.2598e-07	-3.265e-07	9.1116e-10	2.3987e-10	-4.727e-11	3.2592e-07	-3.2702e-07	2.0957e-09	2.0389e-10	-6.199e-11	3.2582e-07	-3.2798e-07	4.1193e-09	1.7593e-10	-7.57e-11	3.2482e-07	-3.2914e-07	7.3877e-09	1.4747e-10	-8.712e-11	3.247e-07	-3.321e-07	1.25324e-08	1.0916e-10	-1.0337e-10	3.2468e-07	-3.3684e-07
0.485	-6.2047e-10	5.8304e-10	1.2e-12	3.2604e-07	-3.2604e-07	1.4252e-10	3.2292e-10	-2.69e-11	3.26e-07	-3.2644e-07	9.1046e-10	2.4207e-10	-4.718e-11	3.2594e-07	-3.2708e-07	2.0742e-09	2.0797e-10	-6.442e-11	3.2576e-07	-3.2802e-07	4.1731e-09	1.8029e-10	-7.335e-11	3.242e-07	-3.2842e-07	7.401e-09	1.5305e-10	-8.621e-11	3.247e-07	-3.3218e-07	1.2346e-08	1.1277e-10	-1.0175e-10	3.2456e-07	-3.3706e-07
0.49	-6.2463e-10	5.8967e-10	2.83e-12	3.2606e-07	-3.2608e-07	1.2943e-10	3.2877e-10	-2.551e-11	3.2606e-07	-3.265e-07	9.097e-10	2.4881e-10	-4.98e-11	3.2596e-07	-3.271e-07	2.0672e-09	2.1079e-10	-6.281e-11	3.2582e-07	-3.28e-07	4.2081e-09	1.846e-10	-7.517e-11	3.2488e-07	-3.2904e-07	7.3281e-09	1.5678e-10	-8.912e-11	3.247e-07	-3.3212e-07	1.24072e-08	1.1822e-10	-1.021e-10	3.2462e-07	-3.3722e-07
0.495	-6.2492e-10	5.9673e-10	1.64e-12	3.2602e-07	-3.2596e-07	1.3143e-10	3.3339e-10	-2.432e-11	3.2602e-07	-3.2642e-07	8.8554e-10	2.5069e-10	-4.757e-11	3.2594e-07	-3.2702e-07	2.0791e-09	2.1407e-10	-6.132e-11	3.2608e-07	-3.2836e-07	4.1079e-09	1.8831e-10	-7.685e-11	3.2474e-07	-3.2906e-07	7.3526e-09	1.6168e-10	-8.933e-11	3.247e-07	-3.3212e-07	1.24676e-08	1.2449e-10	-1.0222e-10	3.2466e-07	-3.37e-07
0.5	-6.3368e-10	6.0201e-10	4.3e-13	3.2614e-07	-3.2604e-07	1.3068e-10	3.4095e-10	-2.578e-11	3.2586e-07	-3.2648e-07	8.8788e-10	2.5676e-10	-4.711e-11	3.259e-07	-3.27e-07	2.0658e-09	2.1917e-10	-6.319e-11	3.258e-07	-3.2804e-07	4.0933e-09	1.908e-10	-7.497e-11	3.2484e-07	-3.29e-07	7.3475e-09	1.6396e-10	-8.765e-11	3.2472e-07	-3.3212e-07	1.2375e-08	1.2883e-10	-1.0208e-10	3.2386e-07	-3.3628e-07
0.505	-6.4038e-10	6.076e-10	2.04e-12	3.261e-07	-3.2602e-07	1.1684e-10	3.4472e-10	-2.536e-11	3.2602e-07	-3.2642e-07	8.8452e-10	2.6114e-10	-4.967e-11	3.2588e-07	-3.2692e-07	2.0727e-09	2.2122e-10	-6.367e-11	3.2584e-07	-3.281e-07	4.0767e-09	1.9672e-10	-7.466e-11	3.2488e-07	-3.2906e-07	7.3567e-09	1.6925e-10	-8.865e-11	3.2474e-07	-3.3224e-07	1.2435e-08	1.3415e-10	-1.0386e-10	3.2468e-07	-3.3652e-07
0.51	-6.41e-10	6.1493e-10	2.52e-12	3.26e-07	-3.2604e-07	1.1965e-10	3.5064e-10	-2.321e-11	3.26e-07	-3.2642e-07	8.8321e-10	2.6436e-10	-4.893e-11	3.259e-07	-3.2696e-07	2.0712e-09	2.2578e-10	-6.199e-11	3.2578e-07	-3.2808e-07	4.1037e-09	2.0008e-10	-7.676e-11	3.2488e-07	-3.2918e-07	7.3483e-09	1.7333e-10	-9.024e-11	3.2476e-07	-3.3216e-07	1.23898e-08	1.3771e-10	-1.0465e-10	3.2464e-07	-3.3712e-07
0.515	-6.4783e-10	6.2204e-10	-3e-14	3.2616e-07	-3.261e-07	1.1777e-10	3.5652e-10	-2.519e-11	3.2602e-07	-3.2646e-07	8.7758e-10	2.6916e-10	-4.629e-11	3.2584e-07	-3.2702e-07	2.0883e-09	2.2981e-10	-6.36e-11	3.2576e-07	-3.2812e-07	4.0657e-09	2.0285e-10	-7.651e-11	3.2482e-07	-3.2898e-07	7.3252e-09	1.7583e-10	-8.921e-11	3.2478e-07	-3.3206e-07	1.23032e-08	1.4234e-10	-1.0271e-10	3.2464e-07	-3.37e-07
0.52	-6.5933e-10	6.2623e-10	1.44e-12	3.2604e-07	-3.2596e-07	9.831e-11	3.6273e-10	-2.679e-11	3.2598e-07	-3.2642e-07	8.8124e-10	2.7553e-10	-4.797e-11	3.2596e-07	-3.271e-07	2.0189e-09	2.3294e-10	-6.508e-11	3.2582e-07	-3.2798e-07	4.1217e-09	2.0732e-10	-7.466e-11	3.248e-07	-3.2908e-07	7.3728e-09	1.8132e-10	-8.778e-11	3.2466e-07	-3.3216e-07	1.25252e-08	1.4751e-10	-1.0185e-10	3.247e-07	-3.3734e-07
0.525	-6.6075e-10	6.3315e-10	2.25e-12	3.261e-07	-3.2612e-07	1.0665e-10	3.6656e-10	-2.363e-11	3.2602e-07	-3.2644e-07	8.7156e-10	2.7855e-10	-4.802e-11	3.2586e-07	-3.2704e-07	2.047e-09	2.3686e-10	-6.377e-11	3.2578e-07	-3.281e-07	4.1005e-09	2.1091e-10	-7.623e-11	3.2482e-07	-3.2904e-07	7.2924e-09	1.8395e-10	-8.998e-11	3.2466e-07	-3.323e-07	1.2352e-08	1.506e-10	-1.0251e-10	3.2468e-07	-3.3704e-07
0.53	-6.6368e-10	6.3979e-10	5e-13	3.2612e-07	-3.2606e-07	9.61e-11	3.7455e-10	-2.33e-11	3.2606e-07	-3.2646e-07	8.5314e-10	2.8382e-10	-4.799e-11	3.259e-07	-3.2696e-07	2.0568e-09	2.4109e-10	-6.296e-11	3.2578e-07	-3.28e-07	4.0693e-09	2.1517e-10	-7.783e-11	3.248e-07	-3.2906e-07	7.3503e-09	1.8871e-10	-9.079e-11	3.247e-07	-3.321e-07	1.22946e-08	1.574e-10	-1.0382e-10	3.2462e-07	-3.37e-07
0.535	-6.7581e-10	6.4572e-10	5.4e-13	3.2602e-07	-3.2594e-07	9.569e-11	3.7925e-10	-2.518e-11	3.26e-07	-3.2644e-07	8.5469e-10	2.8807e-10	-4.678e-11	3.2586e-07	-3.2696e-07	2.0616e-09	2.4649e-10	-6.471e-11	3.2582e-07	-3.2804e-07	4.1046e-09	2.1762e-10	-7.614e-11	3.2474e-07	-3.2906e-07	7.3317e-09	1.9191e-10	-8.864e-11	3.2482e-07	-3.3212e-07	1.23272e-08	1.6145e-10	-1.0403e-10	3.2474e-07	-3.3692e-07
0.54	-6.7958e-10	6.507e-10	2.59e-12	3.2608e-07	-3.26e-07	7.824e-11	3.8561e-10	-2.453e-11	3.2602e-07	-3.2638e-07	8.5242e-10	2.9369e-10	-4.961e-11	3.2592e-07	-3.2704e-07	2.0515e-09	2.483e-10	-6.548e-11	3.2582e-07	-3.2806e-07	4.1501e-09	2.2275e-10	-7.422e-11	3.2488e-07	-3.2906e-07	7.3417e-09	1.9639e-10	-8.944e-11	3.2474e-07	-3.3216e-07	1.23316e-08	1.6535e-10	-1.0491e-10	3.246e-07	-3.3688e-07
0.545	-6.8076e-10	6.5903e-10	1.4e-12	3.26e-07	-3.26e-07	7.765e-11	3.9125e-10	-2.292e-11	3.26e-07	-3.2636e-07	8.4405e-10	2.9577e-10	-4.655e-11	3.2584e-07	-3.2696e-07	2.0457e-09	2.5278e-10	-6.282e-11	3.2576e-07	-3.2804e-07	4.0761e-09	2.2673e-10	-7.696e-11	3.2482e-07	-3.2912e-07	7.3107e-09	2.014e-10	-9.109e-11	3.2476e-07	-3.3224e-07	1.22828e-08	1.6876e-10	-1.0326e-10	3.2468e-07	-3.3716e-07
0.55	-6.8858e-10	6.6407e-10	-6e-14	3.2606e-07	-3.2604e-07	7.213e-11	3.9804e-10	-2.571e-11	3.2592e-07	-3.2638e-07	8.4985e-10	3.0289e-10	-4.638e-11	3.2596e-07	-3.2696e-07	2.0674e-09	2.5724e-10	-6.333e-11	3.259e-07	-3.2816e-07	4.1043e-09	2.2891e-10	-7.675e-11	3.2486e-07	-3.29e-07	7.4292e-09	2.0253e-10	-9.042e-11	3.248e-07	-3.3224e-07	1.22834e-08	1.737e-10	-1.033e-10	3.247e-07	-3.3706e-07
0.555	-6.9801e-10	6.6902e-10	1.65e-12	3.2612e-07	-3.2608e-07	6.501e-11	4.0275e-10	-2.587e-11	3.26e-07	-3.2648e-07	8.4067e-10	3.0639e-10	-4.785e-11	3.2598e-07	-3.2696e-07	2.0478e-09	2.6142e-10	-6.537e-11	3.2612e-07	-3.284e-07	4.1139e-09	2.3355e-10	-7.518e-11	3.248e-07	-3.2908e-07	7.3141e-09	2.0837e-10	-8.932e-11	3.2478e-07	-3.3228e-07	1.23782e-08	1.7781e-10	-1.0225e-10	3.2464e-07	-3.371e-07
0.56	-6.9976e-10	6.7735e-10	2.52e-12	3.2604e-07	-3.2602e-07	5.777e-11	4.0875e-10	-2.207e-11	3.2602e-07	-3.264e-07	8.2664e-10	3.1058e-10	-4.672e-11	3.259e-07	-3.2692e-07	2.0337e-09	2.6473e-10	-6.473e-11	3.257e-07	-3.2804e-07	4.0966e-09	2.3718e-10	-7.561e-11	3.2482e-07	-3.29e-07	7.3194e-09	2.1222e-10	-9.043e-11	3.247e-07	-3.3226e-07	1.24432e-08	1.8318e-10	-1.0304e-10	3.2464e-07	-3.3712e-07
0.565	-7.0375e-10	6.8249e-10	2.8e-13	3.2608e-07	-3.2602e-07	6.077e-11	4.1566e-10	-2.424e-11	3.2612e-07	-3.2642e-07	8.2305e-10	3.1614e-10	-4.536e-11	3.2588e-07	-3.2698e-07	1.9959e-09	2.6833e-10	-6.371e-11	3.2574e-07	-3.2834e-07	4.1056e-09	2.4087e-10	-7.808e-11	3.2478e-07	-3.29e-07	7.3208e-09	2.161e-10	-9.168e-11	3.2464e-07	-3.3216e-07	1.23866e-08	1.8597e-10	-1.0491e-10	3.2466e-07	-3.3638e-07
0.57	-7.1647e-10	6.8889e-10	8.5e-13	3.2604e-07	-3.261e-07	4.396e-11	4.215e-10	-2.538e-11	3.26e-07	-3.2642e-07	8.2806e-10	3.2007e-10	-4.665e-11	3.2588e-07	-3.2706e-07	2.0362e-09	2.7422e-10	-6.602e-11	3.2578e-07	-3.2806e-07	4.0674e-09	2.4229e-10	-7.57e-11	3.2576e-07	-3.3002e-07	7.2836e-09	2.1917e-10	-8.93e-11	3.248e-07	-3.3216e-07	1.23948e-08	1.9114e-10	-1.0566e-10	3.2474e-07	-3.371e-07
0.575	-7.1961e-10	6.9363e-10	4.38e-12	3.2604e-07	-3.2602e-07	4.023e-11	4.2535e-10	-2.454e-11	3.2584e-07	-3.2648e-07	8.1902e-10	3.2642e-10	-4.821e-11	3.259e-07	-3.2694e-07	2.0383e-09	2.768e-10	-6.579e-11	3.258e-07	-3.2808e-07	4.087e-09	2.4775e-10	-7.572e-11	3.2574e-07	-3.3002e-07	7.321e-09	2.218e-10	-9.02e-11	3.2478e-07	-3.3224e-07	1.24656e-08	1.94e-10	-1.0481e-10	3.2466e-07	-3.3698e-07
0.58	-7.2091e-10	7.013e-10	1.56e-12	3.2604e-07	-3.2602e-07	4.236e-11	4.3184e-10	-2.29e-11	3.2604e-07	-3.264e-07	8.2565e-10	3.3029e-10	-4.573e-11	3.2576e-07	-3.27e-07	2.0079e-09	2.8116e-10	-6.285e-11	3.2584e-07	-3.2804e-07	4.0806e-09	2.5164e-10	-7.702e-11	3.2576e-07	-3.3008e-07	7.3147e-09	2.2825e-10	-9.131e-11	3.248e-07	-3.3216e-07	1.23706e-08	1.9809e-10	-1.0387e-10	3.2464e-07	-3.3706e-07
0.585	-7.2919e-10	7.0864e-10	4.9e-13	3.2602e-07	-3.2602e-07	3.297e-11	4.3848e-10	-2.6e-11	3.26e-07	-3.2642e-07	8.1748e-10	3.3545e-10	-4.607e-11	3.259e-07	-3.2704e-07	2.0262e-09	2.8522e-10	-6.417e-11	3.2584e-07	-3.2812e-07	4.0864e-09	2.5463e-10	-7.815e-11	3.2576e-07	-3.3e-07	7.2956e-09	2.2848e-10	-9.04e-11	3.2478e-07	-3.3232e-07	1.23394e-08	2.0261e-10	-1.0424e-10	3.247e-07	-3.3706e-07
0.59	-7.3701e-10	7.1119e-10	2.78e-12	3.2606e-07	-3.2602e-07	2.143e-11	4.4483e-10	-2.48e-11	3.2598e-07	-3.2646e-07	8.0994e-10	3.4113e-10	-4.871e-11	3.2588e-07	-3.2704e-07	2.0131e-09	2.8829e-10	-6.588e-11	3.2576e-07	-3.2798e-07	4.0503e-09	2.5822e-10	-7.558e-11	3.2576e-07	-3.2988e-07	7.2908e-09	2.3384e-10	-8.912e-11	3.2478e-07	-3.3222e-07	1.23494e-08	2.0699e-10	-1.0399e-10	3.2458e-07	-3.3722e-07
0.595	-7.39e-10	7.1889e-10	2.44e-12	3.261e-07	-3.2604e-07	2.515e-11	4.4996e-10	-2.312e-11	3.2606e-07	-3.2658e-07	7.9924e-10	3.431e-10	-4.653e-11	3.2588e-07	-3.2692e-07	2.0122e-09	2.9359e-10	-6.347e-11	3.2578e-07	-3.2802e-07	4.071e-09	2.6268e-10	-7.687e-11	3.257e-07	-3.2994e-07	7.3079e-09	2.363e-10	-9.017e-11	3.2478e-07	-3.3224e-07	1.23356e-08	2.1146e-10	-1.0545e-10	3.247e-07	-3.3714e-07
0.6	-7.4461e-10	7.2384e-10	1.9e-13	3.26e-07	-3.2596e-07	1.993e-11	4.5739e-10	-2.51e-11	3.2596e-07	-3.265e-07	8.014e-10	3.5029e-10	-4.472e-11	3.2594e-07	-3.2704e-07	2.0092e-09	2.9631e-10	-6.253e-11	3.257e-07	-3.2802e-07	4.0583e-09	2.6625e-10	-7.921e-11	3.2578e-07	-3.299e-07	7.4783e-09	2.4151e-10	-9.151e-11	3.2482e-07	-3.3228e-07	1.24464e-08	2.1447e-10	-1.0583e-10	3.2464e-07	-3.3712e-07
0.605	-7.558e-10	7.3164e-10	1.43e-12	3.261e-07	-3.2608e-07	1.203e-11	4.6266e-10	-2.525e-11	3.26e-07	-3.2644e-07	7.987e-10	3.5457e-10	-4.674e-11	3.259e-07	-3.269e-07	2.0102e-09	3.0256e-10	-6.461e-11	3.2576e-07	-3.2798e-07	4.044e-09	2.6904e-10	-7.885e-11	3.257e-07	-3.2994e-07	7.3392e-09	2.4275e-10	-9.008e-11	3.2488e-07	-3.3224e-07	1.23124e-08	2.1811e-10	-1.0632e-10	3.2462e-07	-3.3718e-07
0.61	-7.5729e-10	7.3678e-10	4.09e-12	3.26e-07	-3.2602e-07	1.171e-11	4.6792e-10	-2.357e-11	3.26e-07	-3.2644e-07	7.889e-10	3.6033e-10	-4.768e-11	3.2582e-07	-3.2694e-07	2.0043e-09	3.0574e-10	-6.532e-11	3.2572e-07	-3.2802e-07	4.0312e-09	2.7339e-10	-7.704e-11	3.2576e-07	-3.2998e-07	7.2674e-09	2.4774e-10	-8.955e-11	3.2472e-07	-3.3222e-07	1.22752e-08	2.2193e-10	-1.0488e-10	3.2466e-07	-3.3702e-07
0.615	-7.6062e-10	7.4239e-10	2.09e-12	3.2608e-07	-3.261e-07	8.94e-12	4.7413e-10	-2.352e-11	3.26e-07	-3.2646e-07	7.8944e-10	3.6404e-10	-4.562e-11	3.2584e-07	-3.27e-07	1.9914e-09	3.0957e-10	-6.476e-11	3.2578e-07	-3.2798e-07	4.0645e-09	2.7745e-10	-7.943e-11	3.2576e-07	-3.3002e-07	7.4044e-09	2.5184e-10	-9.224e-11	3.248e-07	-3.323e-07	1.2308e-08	2.2647e-10	-1.0303e-10	3.2466e-07	-3.3712e-07
0.62	-7.715e-10	7.5016e-10	1.87e-12	3.26e-07	-3.2602e-07	7.2e-13	4.8159e-10	-2.558e-11	3.2594e-07	-3.2638e-07	7.88e-10	3.711e-10	-4.646e-11	3.2588e-07	-3.27e-07	1.9895e-09	3.1373e-10	-6.383e-11	3.2584e-07	-3.281e-07	4.0524e-09	2.8039e-10	-7.956e-11	3.2574e-07	-3.2992e-07	7.3517e-09	2.5363e-10	-9.104e-11	3.2476e-07	-3.3232e-07	1.23074e-08	2.2994e-10	-1.0294e-10	3.2468e-07	-3.3704e-07
0.625	-7.767e-10	7.5421e-10	4.04e-12	3.2608e-07	-3.2596e-07	-1.134e-11	4.8718e-10	-2.477e-11	3.26e-07	-3.2652e-07	8.292e-10	3.7568e-10	-4.778e-11	3.259e-07	-3.2694e-07	1.9854e-09	3.1848e-10	-6.644e-11	3.2582e-07	-3.2808e-07	4.0227e-09	2.8427e-10	-7.779e-11	3.2576e-07	-3.2994e-07	7.3158e-09	2.5717e-10	-8.955e-11	3.2476e-07	-3.3228e-07	1.22774e-08	2.3493e-10	-1.0621e-10	3.2464e-07	-3.3694e-07
0.63	-7.7729e-10	7.6352e-10	2.09e-12	3.2594e-07	-3.2602e-07	1.376e-11	4.938e-10	-2.327e-11	3.2632e-07	-3.2654e-07	7.7033e-10	3.7979e-10	-4.615e-11	3.2588e-07	-3.27e-07	1.9865e-09	3.2191e-10	-6.562e-11	3.2572e-07	-3.28e-07	4.0251e-09	2.8821e-10	-7.816e-11	3.2574e-07	-3.3e-07	7.2203e-09	2.6029e-10	-9.105e-11	3.2476e-07	-3.3228e-07	1.2356e-08	2.3796e-10	-1.0657e-10	3.2466e-07	-3.3716e-07
0.635	-7.8501e-10	7.6666e-10	7.3e-13	3.2602e-07	-3.2608e-07	-1.592e-11	5.0137e-10	-2.574e-11	3.2608e-07	-3.2654e-07	7.6989e-10	3.8593e-10	-4.484e-11	3.2584e-07	-3.27e-07	1.9963e-09	3.2537e-10	-6.361e-11	3.2578e-07	-3.28e-07	4.0203e-09	2.9332e-10	-8.013e-11	3.2566e-07	-3.3008e-07	7.2438e-09	2.6462e-10	-9.335e-11	3.2482e-07	-3.3234e-07	1.2266e-08	2.4175e-10	-1.0614e-10	3.2468e-07	-3.372e-07
0.64	-7.9589e-10	7.7405e-10	2.23e-12	3.2608e-07	-3.2602e-07	-3.046e-11	5.0613e-10	-2.534e-11	3.2602e-07	-3.2648e-07	7.4357e-10	3.9034e-10	-4.689e-11	3.259e-07	-3.2692e-07	1.9869e-09	3.3105e-10	-6.604e-11	3.2566e-07	-3.28e-07	4.0104e-09	2.9529e-10	-7.887e-11	3.2572e-07	-3.2994e-07	7.2683e-09	2.6711e-10	-9.125e-11	3.2476e-07	-3.3222e-07	1.23282e-08	2.4412e-10	-1.054e-10	3.2462e-07	-3.3716e-07
0.645	-7.9536e-10	7.7906e-10	3.81e-12	3.2606e-07	-3.2604e-07	-3.35e-11	5.1298e-10	-2.298e-11	3.2606e-07	-3.265e-07	7.5304e-10	3.9538e-10	-4.63e-11	3.2592e-07	-3.2704e-07	1.9747e-09	3.3514e-10	-6.674e-11	3.2578e-07	-3.2804e-07	4.0088e-09	2.9997e-10	-7.753e-11	3.2574e-07	-3.3002e-07	7.267e-09	2.7083e-10	-9.082e-11	3.248e-07	-3.3224e-07	1.23326e-08	2.4748e-10	-1.0475e-10	3.246e-07	-3.3706e-07
0.65	-8.0059e-10	7.8605e-10	1.44e-12	3.2608e-07	-3.2608e-07	-3.135e-11	5.2007e-10	-2.462e-11	3.2602e-07	-3.265e-07	7.698e-10	4.0136e-10	-4.487e-11	3.2582e-07	-3.2708e-07	1.9496e-09	3.393e-10	-6.488e-11	3.2574e-07	-3.2804e-07	4.0129e-09	3.0393e-10	-7.955e-11	3.258e-07	-3.2994e-07	7.2479e-09	2.7614e-10	-9.331e-11	3.2418e-07	-3.3224e-07	1.24004e-08	2.5172e-10	-1.0498e-10	3.2454e-07	-3.3722e-07
0.655	-8.1187e-10	7.9422e-10	2.17e-12	3.2606e-07	-3.2604e-07	-4.491e-11	5.2466e-10	-2.639e-11	3.2596e-07	-3.2652e-07	7.5564e-10	4.0607e-10	-4.694e-11	3.2582e-07	-3.2702e-07	2.0088e-09	3.4444e-10	-6.429e-11	3.2578e-07	-3.2806e-07	3.9853e-09	3.0829e-10	-8.019e-11	3.2576e-07	-3.2996e-07	7.2661e-09	2.7728e-10	-9.331e-11	3.2484e-07	-3.3222e-07	1.23452e-08	2.5619e-10	-1.0506e-10	3.247e-07	-3.371e-07
0.66	-8.1333e-10	7.9643e-10	4.59e-12	3.26e-07	-3.2602e-07	-5.369e-11	5.3132e-10	-2.447e-11	3.26e-07	-3.2642e-07	7.2893e-10	4.1171e-10	-4.724e-11	3.2612e-07	-3.271e-07	1.9562e-09	3.4957e-10	-6.724e-11	3.2572e-07	-3.2804e-07	3.9619e-09	3.1027e-10	-7.856e-11	3.2574e-07	-3.2994e-07	7.2761e-09	2.8268e-10	-9.22e-11	3.2482e-07	-3.3222e-07	1.24226e-08	2.5926e-10	-1.0695e-10	3.2474e-07	-3.3712e-07
0.665	-8.1528e-10	8.0556e-10	1.91e-12	3.2608e-07	-3.2618e-07	-4.884e-11	5.3755e-10	-2.335e-11	3.26e-07	-3.2654e-07	7.3398e-10	4.1603e-10	-4.568e-11	3.2582e-07	-3.2696e-07	1.9732e-09	3.5368e-10	-6.733e-11	3.2572e-07	-3.2804e-07	4.0045e-09	3.1571e-10	-7.764e-11	3.2576e-07	-3.3e-07	7.3049e-09	2.8608e-10	-9.329e-11	3.2476e-07	-3.322e-07	1.23294e-08	2.6267e-10	-1.0796e-10	3.2462e-07	-3.3716e-07
0.67	-8.2823e-10	8.1221e-10	-4e-14	3.2602e-07	-3.2596e-07	-5.288e-11	5.4591e-10	-2.553e-11	3.2602e-07	-3.265e-07	7.4686e-10	4.2303e-10	-4.553e-11	3.2588e-07	-3.2708e-07	1.9513e-09	3.5725e-10	-6.476e-11	3.2576e-07	-3.2808e-07	3.9709e-09	3.1929e-10	-8.049e-11	3.2572e-07	-3.3e-07	7.2693e-09	2.902e-10	-9.433e-11	3.2432e-07	-3.3158e-07	1.2269e-08	2.6589e-10	-1.0678e-10	3.2468e-07	-3.3698e-07
0.675	-8.3499e-10	8.1546e-10	2.89e-12	3.2604e-07	-3.2602e-07	-7.096e-11	5.5107e-10	-2.376e-11	3.2608e-07	-3.2648e-07	7.3253e-10	4.2717e-10	-4.741e-11	3.259e-07	-3.269e-07	1.9562e-09	3.6337e-10	-6.65e-11	3.2576e-07	-3.28e-07	3.9502e-09	3.2281e-10	-7.927e-11	3.258e-07	-3.2998e-07	7.242e-09	2.9234e-10	-9.287e-11	3.247e-07	-3.3234e-07	1.22266e-08	2.6933e-10	-1.0494e-10	3.247e-07	-3.3692e-07
0.68	-8.3481e-10	8.258e-10	2.48e-12	3.2602e-07	-3.2612e-07	-7.783e-11	5.5695e-10	-2.275e-11	3.2594e-07	-3.2648e-07	7.1745e-10	4.3209e-10	-4.688e-11	3.2596e-07	-3.2698e-07	1.972e-09	3.6671e-10	-6.705e-11	3.258e-07	-3.2812e-07	3.9383e-09	3.2667e-10	-7.819e-11	3.2576e-07	-3.3006e-07	7.2475e-09	2.9627e-10	-9.152e-11	3.2482e-07	-3.3222e-07	1.2267e-08	2.7209e-10	-1.0613e-10	3.2458e-07	-3.3694e-07
0.685	-8.412e-10	8.2727e-10	6.7e-13	3.2604e-07	-3.2598e-07	-8.025e-11	5.6459e-10	-2.374e-11	3.26e-07	-3.265e-07	7.2648e-10	4.382e-10	-4.593e-11	3.259e-07	-3.27e-07	1.9439e-09	3.7033e-10	-6.612e-11	3.2588e-07	-3.281e-07	3.9669e-09	3.3083e-10	-7.968e-11	3.2576e-07	-3.3022e-07	7.2585e-09	3.0064e-10	-9.345e-11	3.2476e-07	-3.3242e-07	1.22414e-08	2.7693e-10	-1.0749e-10	3.2462e-07	-3.37e-07
0.69	-8.5262e-10	8.3595e-10	1.25e-12	3.2606e-07	-3.2602e-07	-8.56e-11	5.7017e-10	-2.558e-11	3.2604e-07	-3.2666e-07	7.2624e-10	4.448e-10	-4.756e-11	3.2584e-07	-3.2698e-07	1.952e-09	3.7643e-10	-6.473e-11	3.2582e-07	-3.2804e-07	3.9316e-09	3.3524e-10	-8.033e-11	3.2578e-07	-3.2992e-07	7.2669e-09	3.031e-10	-9.375e-11	3.248e-07	-3.3216e-07	1.2356e-08	2.8148e-10	-1.0744e-10	3.2462e-07	-3.3714e-07
0.695	-8.5361e-10	8.4025e-10	3.06e-12	3.2602e-07	-3.2602e-07	-9.121e-11	5.7591e-10	-2.323e-11	3.2596e-07	-3.2648e-07	7.0499e-10	4.4948e-10	-4.741e-11	3.2594e-07	-3.2698e-07	1.9471e-09	3.8169e-10	-6.668e-11	3.2588e-07	-3.2818e-07	3.9602e-09	3.3764e-10	-7.885e-11	3.2582e-07	-3.2992e-07	7.3076e-09	3.0657e-10	-9.138e-11	3.2474e-07	-3.3236e-07	1.23014e-08	2.8318e-10	-1.0695e-10	3.2462e-07	-3.372e-07
0.7	-8.558e-10	8.5015e-10	1.38e-12	3.2612e-07	-3.2612e-07	-8.886e-11	5.8287e-10	-2.354e-11	3.2596e-07	-3.2648e-07	7.0698e-10	4.5407e-10	-4.534e-11	3.2596e-07	-3.2702e-07	1.9264e-09	3.8443e-10	-6.704e-11	3.2582e-07	-3.281e-07	3.9659e-09	3.4289e-10	-7.859e-11	3.2576e-07	-3.3002e-07	7.2264e-09	3.1163e-10	-9.198e-11	3.248e-07	-3.3218e-07	1.2322e-08	2.8581e-10	-1.0683e-10	3.2464e-07	-3.372e-07
0.705	-8.6694e-10	8.5373e-10	1.28e-12	3.2606e-07	-3.2604e-07	-1.003e-10	5.8888e-10	-2.63e-11	3.2604e-07	-3.2654e-07	7.1511e-10	4.6134e-10	-4.61e-11	3.2586e-07	-3.2702e-07	1.9462e-09	3.8992e-10	-6.427e-11	3.2608e-07	-3.2842e-07	3.9764e-09	3.4726e-10	-8.019e-11	3.2576e-07	-3.3e-07	7.247e-09	3.1527e-10	-9.439e-11	3.2392e-07	-3.3144e-07	1.21948e-08	2.8976e-10	-1.065e-10	3.2462e-07	-3.3706e-07
0.71	-8.7406e-10	8.602e-10	2.35e-12	3.2606e-07	-3.2604e-07	-1.1247e-10	5.958e-10	-2.336e-11	3.26e-07	-3.2648e-07	6.9201e-10	4.6654e-10	-4.82e-11	3.2586e-07	-3.271e-07	1.9251e-09	3.9501e-10	-6.473e-11	3.259e-07	-3.281e-07	3.9554e-09	3.4998e-10	-8.089e-11	3.2578e-07	-3.2994e-07	7.2501e-09	3.179e-10	-9.386e-11	3.2464e-07	-3.322e-07	1.23188e-08	2.9375e-10	-1.0506e-10	3.2462e-07	-3.3704e-07
0.715	-8.7519e-10	8.6908e-10	4.5e-13	3.2602e-07	-3.2606e-07	-1.1426e-10	6.0149e-10	-2.279e-11	3.259e-07	-3.2638e-07	6.8728e-10	4.7031e-10	-4.626e-11	3.2588e-07	-3.2704e-07	1.9253e-09	4.0058e-10	-6.713e-11	3.258e-07	-3.2812e-07	3.9434e-09	3.5489e-10	-7.86e-11	3.258e-07	-3.3002e-07	7.1972e-09	3.2097e-10	-9.155e-11	3.2476e-07	-3.3222e-07	1.21464e-08	2.9691e-10	-1.0622e-10	3.2462e-07	-3.3704e-07
0.72	-8.8535e-10	8.7305e-10	-4.2e-13	3.2612e-07	-3.2608e-07	-1.1851e-10	6.0921e-10	-2.341e-11	3.2594e-07	-3.2652e-07	6.8291e-10	4.7708e-10	-4.526e-11	3.2584e-07	-3.2692e-07	1.9405e-09	4.0409e-10	-6.612e-11	3.2572e-07	-3.2814e-07	3.9085e-09	3.5849e-10	-8.02e-11	3.2588e-07	-3.299e-07	7.2381e-09	3.2643e-10	-9.366e-11	3.2482e-07	-3.3224e-07	1.2299e-08	3.008e-10	-1.0903e-10	3.2468e-07	-3.3706e-07
0.725	-8.9423e-10	8.8048e-10	1.46e-12	3.2598e-07	-3.2604e-07	-1.2968e-10	6.1508e-10	-2.445e-11	3.2602e-07	-3.266e-07	6.8421e-10	4.8235e-10	-4.7e-11	3.2594e-07	-3.2698e-07	1.896e-09	4.101e-10	-6.527e-11	3.2576e-07	-3.2806e-07	3.8952e-09	3.6336e-10	-8.233e-11	3.257e-07	-3.3002e-07	7.2546e-09	3.2736e-10	-9.383e-11	3.2474e-07	-3.3236e-07	1.23422e-08	3.0376e-10	-1.0974e-10	3.2468e-07	-3.371e-07
0.73	-8.9238e-10	8.8545e-10	3.46e-12	3.26e-07	-3.2602e-07	-1.3461e-10	6.2153e-10	-2.211e-11	3.26e-07	-3.2644e-07	6.7141e-10	4.8863e-10	-4.71e-11	3.2594e-07	-3.2702e-07	1.8987e-09	4.137e-10	-6.573e-11	3.2586e-07	-3.2804e-07	3.9764e-09	3.6598e-10	-8.089e-11	3.2588e-07	-3.3034e-07	7.22e-09	3.3309e-10	-9.221e-11	3.2484e-07	-3.3234e-07	1.22074e-08	3.073e-10	-1.0786e-10	3.2464e-07	-3.37e-07
0.735	-8.9984e-10	8.9422e-10	-2.7e-13	3.2594e-07	-3.2602e-07	-1.3667e-10	6.2888e-10	-2.163e-11	3.2608e-07	-3.2648e-07	6.7189e-10	4.9404e-10	-4.519e-11	3.259e-07	-3.2696e-07	1.9124e-09	4.1817e-10	-6.712e-11	3.2576e-07	-3.2802e-07	3.9477e-09	3.7181e-10	-8.042e-11	3.2572e-07	-3.3008e-07	7.2376e-09	3.3571e-10	-9.302e-11	3.2488e-07	-3.3224e-07	1.21868e-08	3.1039e-10	-1.0637e-10	3.2468e-07	-3.371e-07
0.74	-9.0953e-10	9.0017e-10	1.7e-13	3.2606e-07	-3.26e-07	-1.4034e-10	6.3511e-10	-2.563e-11	3.26e-07	-3.2638e-07	6.6613e-10	5.0065e-10	-4.637e-11	3.259e-07	-3.2692e-07	1.8815e-09	4.2243e-10	-6.517e-11	3.2582e-07	-3.2806e-07	3.9402e-09	3.7564e-10	-8.234e-11	3.2578e-07	-3.2994e-07	7.1552e-09	3.4066e-10	-9.621e-11	3.2416e-07	-3.3234e-07	1.22812e-08	3.1228e-10	-1.0592e-10	3.2468e-07	-3.371e-07
0.745	-9.1634e-10	9.0525e-10	1.88e-12	3.2634e-07	-3.2624e-07	-1.5333e-10	6.4028e-10	-2.278e-11	3.26e-07	-3.2642e-07	6.6075e-10	5.064e-10	-4.755e-11	3.259e-07	-3.2698e-07	1.8575e-09	4.2727e-10	-6.543e-11	3.2572e-07	-3.2806e-07	3.989e-09	3.7876e-10	-8.217e-11	3.2576e-07	-3.2998e-07	7.2242e-09	3.4285e-10	-9.446e-11	3.2478e-07	-3.3234e-07	1.22824e-08	3.189e-10	-1.0723e-10	3.2404e-07	-3.3686e-07
0.75	-9.1757e-10	9.1433e-10	1.09e-12	3.2602e-07	-3.2604e-07	-1.3572e-10	6.4754e-10	-2.218e-11	3.2628e-07	-3.267e-07	6.6378e-10	5.116e-10	-4.444e-11	3.26e-07	-3.2708e-07	1.9229e-09	4.336e-10	-6.725e-11	3.2574e-07	-3.2806e-07	3.9528e-09	3.8422e-10	-8.061e-11	3.2564e-07	-3.2998e-07	7.0559e-09	3.4508e-10	-9.258e-11	3.2474e-07	-3.3218e-07	1.22652e-08	3.2157e-10	-1.0784e-10	3.2464e-07	-3.3716e-07
0.755	-9.2641e-10	9.2002e-10	1.3e-13	3.26e-07	-3.2612e-07	-1.6831e-10	6.5417e-10	-2.422e-11	3.26e-07	-3.2642e-07	6.5598e-10	5.175e-10	-4.553e-11	3.2588e-07	-3.2704e-07	1.8869e-09	4.3676e-10	-6.608e-11	3.2574e-07	-3.2808e-07	3.9616e-09	3.8864e-10	-8.046e-11	3.2582e-07	-3.299e-07	7.1765e-09	3.5192e-10	-9.445e-11	3.2476e-07	-3.3216e-07	1.22634e-08	3.242e-10	-1.0878e-10	3.2466e-07	-3.3716e-07
0.76	-9.3613e-10	9.2717e-10	1.75e-12	3.26e-07	-3.26e-07	-1.7288e-10	6.6038e-10	-2.305e-11	3.2594e-07	-3.2638e-07	6.5411e-10	5.2369e-10	-4.709e-11	3.2594e-07	-3.2698e-07	1.8651e-09	4.4207e-10	-6.504e-11	3.2582e-07	-3.2802e-07	3.9313e-09	3.9432e-10	-8.21e-11	3.2572e-07	-3.299e-07	7.2063e-09	3.5263e-10	-9.565e-11	3.2478e-07	-3.323e-07	1.22908e-08	3.2715e-10	-1.0905e-10	3.2396e-07	-3.3692e-07
0.765	-9.3652e-10	9.326e-10	2.49e-12	3.2606e-07	-3.2602e-07	-1.8036e-10	6.6619e-10	-2.199e-11	3.2592e-07	-3.265e-07	6.3105e-10	5.2814e-10	-4.648e-11	3.2594e-07	-3.2698e-07	1.8644e-09	4.4881e-10	-6.785e-11	3.2578e-07	-3.2798e-07	3.9427e-09	3.9698e-10	-8.148e-11	3.2574e-07	-3.3014e-07	7.2094e-09	3.5918e-10	-9.392e-11	3.2482e-07	-3.323e-07	1.22352e-08	3.3028e-10	-1.0778e-10	3.247e-07	-3.3708e-07
0.77	-9.4411e-10	9.4001e-10	8e-13	3.2602e-07	-3.2602e-07	-1.7671e-10	6.7386e-10	-2.277e-11	3.2594e-07	-3.265e-07	6.3529e-10	5.336e-10	-4.42e-11	3.2584e-07	-3.2704e-07	1.8642e-09	4.519e-10	-6.823e-11	3.2572e-07	-3.2802e-07	3.9258e-09	4.0176e-10	-8.006e-11	3.2574e-07	-3.2988e-07	7.2468e-09	3.6152e-10	-9.425e-11	3.2486e-07	-3.322e-07	1.22438e-08	3.3527e-10	-1.069e-10	3.2462e-07	-3.3708e-07
0.775	-9.5486e-10	9.463e-10	9.4e-13	3.2606e-07	-3.2608e-07	-1.9589e-10	6.8176e-10	-2.461e-11	3.2588e-07	-3.2632e-07	6.3866e-10	5.4086e-10	-4.633e-11	3.2598e-07	-3.2704e-07	1.8854e-09	4.5726e-10	-6.64e-11	3.2576e-07	-3.28e-07	3.9344e-09	4.0735e-10	-8.167e-11	3.258e-07	-3.3006e-07	7.1748e-09	3.6737e-10	-9.622e-11	3.2476e-07	-3.3224e-07	1.22464e-08	3.3713e-10	-1.0698e-10	3.2464e-07	-3.3716e-07
0.78	-9.5889e-10	9.5373e-10	3.28e-12	3.2612e-07	-3.2606e-07	-2.0195e-10	6.8663e-10	-2.306e-11	3.2598e-07	-3.2648e-07	6.2331e-10	5.4611e-10	-4.75e-11	3.259e-07	-3.2708e-07	1.8696e-09	4.6289e-10	-6.57e-11	3.2582e-07	-3.2818e-07	3.9144e-09	4.1013e-10	-8.282e-11	3.2564e-07	-3.2984e-07	7.1877e-09	3.6915e-10	-9.574e-11	3.2472e-07	-3.323e-07	1.22522e-08	3.4164e-10	-1.0841e-10	3.2462e-07	-3.3718e-07
0.785	-9.6155e-10	9.613e-10	1.2e-12	3.26e-07	-3.2604e-07	-2.0199e-10	6.9453e-10	-2.24e-11	3.2598e-07	-3.2632e-07	6.1255e-10	5.5242e-10	-4.494e-11	3.2586e-07	-3.2698e-07	1.837e-09	4.6956e-10	-6.817e-11	3.2582e-07	-3.2806e-07	3.911e-09	4.1472e-10	-7.966e-11	3.2572e-07	-3.2994e-07	7.164e-09	3.7328e-10	-9.466e-11	3.248e-07	-3.3224e-07	1.22666e-08	3.457e-10	-1.0982e-10	3.2464e-07	-3.3698e-07
0.79	-9.7403e-10	9.6717e-10	-2e-14	3.2602e-07	-3.2604e-07	-2.0683e-10	7.0117e-10	-2.497e-11	3.2598e-07	-3.2638e-07	6.0688e-10	5.5885e-10	-4.628e-11	3.2596e-07	-3.27e-07	1.8425e-09	4.7343e-10	-6.741e-11	3.2568e-07	-3.2804e-07	3.9411e-09	4.1919e-10	-8.061e-11	3.2572e-07	-3.3e-07	7.1062e-09	3.7835e-10	-9.561e-11	3.2482e-07	-3.3218e-07	1.22716e-08	3.4897e-10	-1.0931e-10	3.24e-07	-3.3652e-07
0.795	-9.8031e-10	9.7378e-10	2.56e-12	3.2592e-07	-3.2594e-07	-2.1999e-10	7.0724e-10	-2.268e-11	3.2592e-07	-3.2632e-07	6.1976e-10	5.6432e-10	-4.752e-11	3.2588e-07	-3.2706e-07	1.8449e-09	4.7805e-10	-6.548e-11	3.2584e-07	-3.2804e-07	3.8928e-09	4.2359e-10	-8.216e-11	3.257e-07	-3.299e-07	7.2384e-09	3.8136e-10	-9.72e-11	3.2468e-07	-3.3222e-07	1.22368e-08	3.5062e-10	-1.0807e-10	3.2464e-07	-3.3698e-07
0.8	-9.8147e-10	9.8225e-10	2.11e-12	3.2606e-07	-3.2604e-07	-2.1899e-10	7.1421e-10	-2.202e-11	3.2596e-07	-3.264e-07	5.9367e-10	5.6829e-10	-4.557e-11	3.2588e-07	-3.2696e-07	1.8106e-09	4.8378e-10	-6.656e-11	3.2578e-07	-3.28e-07	3.8765e-09	4.2831e-10	-8.26e-11	3.2572e-07	-3.2996e-07	7.1953e-09	3.8522e-10	-9.456e-11	3.248e-07	-3.3216e-07	1.2188e-08	3.5487e-10	-1.0752e-10	3.2458e-07	-3.3692e-07
0.805	-9.9055e-10	9.8867e-10	1.8e-13	3.2608e-07	-3.2616e-07	-2.3607e-10	7.2159e-10	-2.411e-11	3.2588e-07	-3.2636e-07	5.9161e-10	5.7524e-10	-4.392e-11	3.2588e-07	-3.2704e-07	1.8368e-09	4.8886e-10	-6.684e-11	3.2588e-07	-3.2804e-07	3.8909e-09	4.3145e-10	-8.09e-11	3.2572e-07	-3.2994e-07	7.1514e-09	3.9044e-10	-9.509e-11	3.2486e-07	-3.3222e-07	1.21902e-08	3.5928e-10	-1.0765e-10	3.2466e-07	-3.3714e-07
0.81	-1.001e-09	9.9526e-10	2.21e-12	3.2616e-07	-3.2614e-07	-2.356e-10	7.2836e-10	-2.565e-11	3.2596e-07	-3.2638e-07	6.0971e-10	5.8169e-10	-4.631e-11	3.2582e-07	-3.2702e-07	1.8556e-09	4.9408e-10	-6.613e-11	3.2584e-07	-3.2806e-07	3.9002e-09	4.3729e-10	-8.196e-11	3.2574e-07	-3.3008e-07	7.1421e-09	3.9373e-10	-9.65e-11	3.2488e-07	-3.3222e-07	1.21946e-08	3.6345e-10	-1.0844e-10	3.246e-07	-3.373e-07
0.815	-1.0027e-09	1.00138e-09	3.76e-12	3.2608e-07	-3.2608e-07	-2.3707e-10	7.3408e-10	-2.288e-11	3.2588e-07	-3.264e-07	5.5703e-10	5.8654e-10	-4.621e-11	3.2592e-07	-3.2706e-07	1.852e-09	4.9892e-10	-6.468e-11	3.2584e-07	-3.2806e-07	3.8768e-09	4.4158e-10	-8.279e-11	3.2578e-07	-3.3002e-07	7.1657e-09	3.9819e-10	-9.617e-11	3.2474e-07	-3.3218e-07	1.22434e-08	3.6595e-10	-1.1039e-10	3.2454e-07	-3.3722e-07
0.82	-1.0093e-09	1.01146e-09	2.6e-13	3.261e-07	-3.2616e-07	-2.4515e-10	7.4269e-10	-2.293e-11	3.2596e-07	-3.2644e-07	5.7241e-10	5.9318e-10	-4.429e-11	3.2586e-07	-3.2704e-07	1.8358e-09	5.0541e-10	-6.717e-11	3.2582e-07	-3.2808e-07	3.8639e-09	4.4542e-10	-8.167e-11	3.257e-07	-3.299e-07	7.0876e-09	4.0143e-10	-9.444e-11	3.2482e-07	-3.3212e-07	1.22124e-08	3.7054e-10	-1.1085e-10	3.246e-07	-3.3712e-07
0.825	-1.02215e-09	1.016e-09	7.6e-13	3.2608e-07	-3.2602e-07	-2.5453e-10	7.486e-10	-2.357e-11	3.259e-07	-3.264e-07	5.7433e-10	5.9973e-10	-4.521e-11	3.26e-07	-3.271e-07	1.7903e-09	5.0961e-10	-6.695e-11	3.2582e-07	-3.2804e-07	3.8484e-09	4.5129e-10	-8.149e-11	3.257e-07	-3.2994e-07	7.1696e-09	4.0618e-10	-9.504e-11	3.248e-07	-3.3212e-07	1.2238e-08	3.7484e-10	-1.1052e-10	3.2458e-07	-3.371e-07
0.83	-1.02464e-09	1.02449e-09	3.92e-12	3.2608e-07	-3.26e-07	-2.6156e-10	7.5542e-10	-2.157e-11	3.2596e-07	-3.2642e-07	5.7684e-10	6.058e-10	-4.654e-11	3.2586e-07	-3.2704e-07	1.8282e-09	5.1398e-10	-6.426e-11	3.2588e-07	-3.2818e-07	3.8541e-09	4.5593e-10	-8.387e-11	3.2572e-07	-3.2994e-07	7.1183e-09	4.1057e-10	-9.626e-11	3.2396e-07	-3.3144e-07	1.22114e-08	3.7736e-10	-1.0852e-10	3.2454e-07	-3.3712e-07
0.835	-1.02775e-09	1.03233e-09	2.51e-12	3.2606e-07	-3.2608e-07	-2.6683e-10	7.6412e-10	-2.232e-11	3.259e-07	-3.2646e-07	5.6715e-10	6.108e-10	-4.441e-11	3.2588e-07	-3.2706e-07	1.8016e-09	5.1971e-10	-6.595e-11	3.2574e-07	-3.281e-07	3.8466e-09	4.606e-10	-8.35e-11	3.2564e-07	-3.2998e-07	7.0913e-09	4.1343e-10	-9.595e-11	3.247e-07	-3.3218e-07	1.21534e-08	3.8192e-10	-1.0828e-10	3.2458e-07	-3.3704e-07
0.84	-1.03876e-09	1.03964e-09	9.2e-13	3.2608e-07	-3.2608e-07	-2.7302e-10	7.6961e-10	-2.515e-11	3.2592e-07	-3.2644e-07	5.5236e-10	6.1672e-10	-4.431e-11	3.26e-07	-3.2696e-07	1.8027e-09	5.2524e-10	-6.777e-11	3.2582e-07	-3.2804e-07	3.8218e-09	4.6403e-10	-8.144e-11	3.2582e-07	-3.2996e-07	7.1339e-09	4.1899e-10	-9.536e-11	3.2476e-07	-3.3214e-07	1.23068e-08	3.8533e-10	-1.0862e-10	3.2466e-07	-3.3694e-07
0.845	-1.04771e-09	1.04539e-09	2.39e-12	3.26e-07	-3.2604e-07	-2.8449e-10	7.7665e-10	-2.355e-11	3.2588e-07	-3.2634e-07	5.493e-10	6.2378e-10	-4.641e-11	3.2596e-07	-3.2702e-07	1.7999e-09	5.2979e-10	-6.57e-11	3.2576e-07	-3.2806e-07	3.8854e-09	4.7039e-10	-8.332e-11	3.2576e-07	-3.2994e-07	7.1094e-09	4.2248e-10	-9.652e-11	3.2476e-07	-3.3216e-07	1.22026e-08	3.9018e-10	-1.108e-10	3.2468e-07	-3.371e-07
0.85	-1.0501e-09	1.05289e-09	3.15e-12	3.2606e-07	-3.2608e-07	-2.7886e-10	7.8421e-10	-2.128e-11	3.2596e-07	-3.2638e-07	5.4015e-10	6.2831e-10	-4.51e-11	3.2584e-07	-3.2704e-07	1.8003e-09	5.3453e-10	-6.485e-11	3.2578e-07	-3.2812e-07	3.823e-09	4.7391e-10	-8.404e-11	3.2562e-07	-3.3002e-07	7.1596e-09	4.2659e-10	-9.694e-11	3.248e-07	-3.3226e-07	1.2165e-08	3.9326e-10	-1.1083e-10	3.2462e-07	-3.37e-07
0.855	-1.05635e-09	1.0619e-09	9.8e-13	3.2602e-07	-3.26e-07	-2.8866e-10	7.9104e-10	-2.436e-11	3.2584e-07	-3.263e-07	5.4938e-10	6.3525e-10	-4.245e-11	3.2584e-07	-3.2698e-07	1.7938e-09	5.4105e-10	-6.629e-11	3.2588e-07	-3.2804e-07	3.8101e-09	4.7909e-10	-8.381e-11	3.257e-07	-3.2996e-07	7.1388e-09	4.305e-10	-9.559e-11	3.2464e-07	-3.3198e-07	1.22044e-08	3.9514e-10	-1.1003e-10	3.2462e-07	-3.3704e-07
0.86	-1.06938e-09	1.06734e-09	2.23e-12	3.261e-07	-3.2602e-07	-3.0959e-10	7.9854e-10	-2.421e-11	3.2594e-07	-3.2642e-07	5.3316e-10	6.4135e-10	-4.431e-11	3.2596e-07	-3.2704e-07	1.7799e-09	5.4601e-10	-6.711e-11	3.2578e-07	-3.2812e-07	3.822e-09	4.8484e-10	-8.258e-11	3.257e-07	-3.2994e-07	7.1042e-09	4.3552e-10	-9.604e-11	3.2472e-07	-3.3234e-07	1.20866e-08	3.9994e-10	-1.1014e-10	3.247e-07	-3.3718e-07
0.865	-1.07215e-09	1.07545e-09	4.16e-12	3.2602e-07	-3.2596e-07	-3.1102e-10	8.04e-10	-2.161e-11	3.2588e-07	-3.2644e-07	5.2449e-10	6.4795e-10	-4.646e-11	3.259e-07	-3.2702e-07	1.7831e-09	5.5156e-10	-6.647e-11	3.2576e-07	-3.2806e-07	3.8127e-09	4.8954e-10	-8.349e-11	3.257e-07	-3.2984e-07	7.1463e-09	4.3935e-10	-9.748e-11	3.2468e-07	-3.3212e-07	1.21684e-08	4.052e-10	-1.0935e-10	3.2458e-07	-3.3704e-07
0.87	-1.07748e-09	1.08406e-09	1.47e-12	3.2606e-07	-3.2604e-07	-3.095e-10	8.1395e-10	-2.301e-11	3.2592e-07	-3.2638e-07	5.2116e-10	6.5301e-10	-4.402e-11	3.2588e-07	-3.2704e-07	1.7856e-09	5.5614e-10	-6.521e-11	3.2582e-07	-3.2816e-07	3.8143e-09	4.9414e-10	-8.414e-11	3.257e-07	-3.2992e-07	7.2279e-09	4.4337e-10	-9.575e-11	3.2472e-07	-3.3216e-07	1.22774e-08	4.0868e-10	-1.0897e-10	3.2448e-07	-3.3718e-07
0.875	-1.08914e-09	1.09054e-09	9.3e-13	3.261e-07	-3.2606e-07	-3.1487e-10	8.1943e-10	-2.523e-11	3.2596e-07	-3.2646e-07	5.1084e-10	6.591e-10	-4.392e-11	3.2588e-07	-3.2704e-07	1.7246e-09	5.6224e-10	-6.776e-11	3.2578e-07	-3.281e-07	3.7853e-09	4.9768e-10	-8.264e-11	3.26e-07	-3.2994e-07	7.0479e-09	4.4811e-10	-9.529e-11	3.2426e-07	-3.3144e-07	1.23716e-08	4.1366e-10	-1.1124e-10	3.2462e-07	-3.3706e-07
0.88	-1.0947e-09	1.09843e-09	3.51e-12	3.261e-07	-3.261e-07	-3.3182e-10	8.2701e-10	-2.24e-11	3.2606e-07	-3.2638e-07	5.037e-10	6.6608e-10	-4.625e-11	3.2622e-07	-3.2734e-07	1.7681e-09	5.6768e-10	-6.714e-11	3.2582e-07	-3.28e-07	3.7665e-09	5.0485e-10	-8.344e-11	3.2572e-07	-3.2996e-07	7.041e-09	4.5221e-10	-9.781e-11	3.2476e-07	-3.3216e-07	1.21704e-08	4.1767e-10	-1.1225e-10	3.2462e-07	-3.3716e-07
0.885	-1.09928e-09	1.1008e-09	3.08e-12	3.26e-07	-3.2608e-07	-3.1931e-10	8.3348e-10	-2.255e-11	3.2592e-07	-3.2632e-07	5.0638e-10	6.7023e-10	-4.525e-11	3.259e-07	-3.2702e-07	1.7533e-09	5.7155e-10	-6.597e-11	3.2578e-07	-3.2814e-07	3.8018e-09	5.0888e-10	-8.394e-11	3.2568e-07	-3.2994e-07	7.0516e-09	4.5657e-10	-9.852e-11	3.2476e-07	-3.3214e-07	1.21264e-08	4.2064e-10	-1.1027e-10	3.2468e-07	-3.371e-07
0.89	-1.10049e-09	1.1077e-09	1.99e-12	3.261e-07	-3.2602e-07	-3.2996e-10	8.4213e-10	-2.46e-11	3.2584e-07	-3.2636e-07	5.0229e-10	6.7728e-10	-4.286e-11	3.2586e-07	-3.2704e-07	1.7437e-09	5.792e-10	-6.644e-11	3.261e-07	-3.283e-07	3.7577e-09	5.1304e-10	-8.292e-11	3.2572e-07	-3.2988e-07	7.0203e-09	4.6042e-10	-9.689e-11	3.2482e-07	-3.3208e-07	1.21436e-08	4.252e-10	-1.1018e-10	3.247e-07	-3.3724e-07
0.895	-1.11254e-09	1.1174e-09	6.4e-13	3.2596e-07	-3.2602e-07	-3.4524e-10	8.4902e-10	-2.33e-11	3.26e-07	-3.2642e-07	5.0892e-10	6.8296e-10	-4.462e-11	3.2594e-07	-3.2708e-07	1.7488e-09	5.8388e-10	-6.811e-11	3.2578e-07	-3.281e-07	3.7841e-09	5.1807e-10	-8.21e-11	3.2574e-07	-3.2994e-07	7.0257e-09	4.6648e-10	-9.831e-11	3.2482e-07	-3.323e-07	1.21588e-08	4.2886e-10	-1.0975e-10	3.247e-07	-3.3706e-07
0.9	-1.11999e-09	1.1216e-09	3.15e-12	3.261e-07	-3.2606e-07	-3.5451e-10	8.5514e-10	-2.178e-11	3.259e-07	-3.2642e-07	4.9174e-10	6.9121e-10	-4.622e-11	3.2588e-07	-3.2698e-07	1.7436e-09	5.8876e-10	-6.56e-11	3.258e-07	-3.2804e-07	3.8028e-09	5.2408e-10	-8.38e-11	3.2576e-07	-3.2994e-07	6.9425e-09	4.7052e-10	-9.85e-11	3.2474e-07	-3.3158e-07	1.20564e-08	4.3453e-10	-1.1008e-10	3.2468e-07	-3.3718e-07
