101 -0
104.18 -0
107.361 -0
110.541 -0
113.721 -0
116.902 -0
120.082 -0
123.262 -0
126.443 -0
129.623 -0
132.803 3.55432787954347e-07
135.983 6.55006227670425e-07
139.164 4.46667152036894e-07
142.344 -0
145.524 -0
148.705 -0
151.885 -0
155.065 8.56933785908224e-07
158.246 7.74517854750941e-07
161.426 3.74883656273196e-07
164.606 3.7428457785188e-07
167.787 3.07332576526342e-07
170.967 4.97239171630866e-07
174.147 4.81916148420864e-07
177.328 4.77286587502729e-07
180.508 4.17609308933925e-07
183.688 4.08754066781861e-07
186.868 3.33096707038677e-07
190.049 2.30243188955309e-07
193.229 9.02560439583048e-09
196.409 -0
199.59 -0
202.77 1.05260212683853e-07
205.95 6.26744281645609e-07
209.131 4.98038234479091e-07
212.311 5.08998260690908e-07
215.491 5.51896969096108e-07
218.672 5.23022310085e-07
221.852 3.84873348365823e-07
225.032 1.77315012900769e-07
228.213 1.83980136268566e-07
231.393 1.31184335423556e-07
234.573 2.83880747184359e-07
237.753 3.97985481434084e-07
240.934 1.67331029471613e-07
244.114 1.68552602792837e-07
247.294 7.1035039848334e-07
250.475 9.56769257386544e-07
253.655 8.41934401929271e-07
256.835 6.88853318276105e-07
260.016 1.86865054839047e-07
263.196 4.41666274347498e-08
264.196 2.46699733454092e-07
272.598 2.23350384606788e-07
281.001 1.56888081107999e-07
289.403 1.79503549179396e-07
297.806 2.46734857472064e-07
306.208 3.0379770941388e-07
314.611 4.05214343986821e-07
323.013 3.19945980876585e-07
331.415 4.33277566069465e-07
339.818 4.57065928861909e-07
348.22 4.25142297438763e-07
356.623 4.48861569176166e-07
365.025 3.9093070008481e-07
373.428 2.20540599277344e-07
381.83 -0
390.232 -0
398.635 2.15496447057649e-07
407.037 2.93630633177126e-07
415.44 3.26019801691784e-07
423.842 3.52709330099446e-07
432.245 3.70995234889142e-07
440.647 2.93158694538641e-07
449.049 2.38098776751499e-07
457.452 2.10868634882668e-07
465.854 2.0968369193924e-07
474.257 2.40625277695237e-07
482.659 2.54098724081507e-07
491.062 3.29935090210666e-07
499.464 3.63363140408779e-07
507.867 4.46986244570266e-07
516.269 4.35581870230155e-07
524.671 3.77089509286018e-07
533.074 2.50441036388049e-07
541.476 2.11477867647752e-07
549.879 6.56871170187885e-08
558.281 -0
566.684 -0
575.086 2.50968912703048e-07
583.488 2.90003403862506e-07
591.891 2.90948248963351e-07
600.293 3.16126961276304e-07
608.696 3.3849417093374e-07
617.098 2.99004443485444e-07
625.501 3.10700001348616e-07
633.903 2.8576502873961e-07
642.305 6.7398679837516e-08
650.708 -0
659.11 -0
667.513 5.70238220865633e-08
675.915 1.16609480561402e-07
684.318 2.28819919893199e-07
692.72 2.62724489121665e-07
693.72 2.79435283654015e-07
715.867 2.87302425752986e-07
738.014 -0
760.161 1.81573094433757e-07
782.307 2.85982161651807e-07
804.454 2.41191075748171e-07
826.601 1.95164036621095e-07
848.748 -0
870.895 -0
893.042 2.38225120707284e-07
915.189 1.01249483408855e-07
937.335 1.83064565558603e-07
959.482 2.75387755746693e-07
981.629 2.09278404505744e-07
1003.776 3.32930649222973e-07
1025.923 2.71934044543911e-07
1048.07 -0
1070.217 1.86431746258919e-07
1092.364 1.95272487865546e-07
1114.51 1.93125296123087e-07
1136.657 1.78429293540186e-07
1158.804 -0
1180.951 -0
1203.098 -0
1225.245 -0
1247.392 1.74570713625883e-07
1269.538 2.00515388951497e-07
1291.685 1.83431683069202e-07
1313.832 1.76983276363616e-07
1335.979 2.01640120355474e-07
1358.126 1.23446565021996e-07
1380.273 1.19045147482793e-07
1402.42 1.565489993518e-07
1424.566 1.10799193977393e-07
1446.713 1.80850146834334e-07
1468.86 1.33303683064648e-07
1491.007 1.86627321958362e-07
1513.154 1.38831337883383e-07
1535.301 1.6800926144588e-07
1557.448 1.62230386441628e-07
1579.595 1.51682254635142e-07
1601.741 1.17358110441716e-07
1623.888 1.06417907138789e-07
1646.035 -0
1668.182 -0
1690.329 1.20845253642623e-07
1712.476 2.12630087215836e-07
1734.623 8.46043598594659e-08
1756.769 1.39012114781662e-07
1778.916 1.51656421719062e-07
1801.063 6.42802013683063e-08
1823.21 -0
1824.21 1.34389806372358e-07
1882.531 1.62540165797873e-07
1940.853 1.6409584406072e-07
1999.174 1.8418704609334e-07
2057.495 1.6034631274847e-07
2115.817 1.46452744202524e-07
2174.138 1.08642201154064e-07
2232.46 4.94193026331817e-08
2290.781 6.54262066554458e-08
2349.102 1.20859613771144e-07
2407.424 1.05881004623245e-07
2465.745 8.99658290118748e-08
2524.066 8.79085453757364e-08
2582.388 8.60820911770271e-08
2640.709 4.59128488413603e-08
2699.031 8.45474962930045e-08
2757.352 1.39833593184575e-07
2815.673 1.25976388385483e-07
2873.995 9.31062169445602e-08
2932.316 8.4658316552927e-08
2990.637 9.82963692375074e-08
3048.959 1.43707746990493e-07
3107.28 1.36328127055729e-07
3165.602 9.35044733727168e-08
3223.923 7.47746500070178e-08
3282.244 8.51980955507334e-08
3340.566 7.12769879853912e-08
3398.887 8.53885005186787e-08
3457.208 9.38553005684703e-08
3515.53 1.08927231245872e-07
3573.851 9.91673911821779e-08
3632.173 1.09655573798355e-07
3690.494 8.42015544046522e-08
3748.815 5.09094354272212e-08
3807.137 8.81088825049433e-08
3865.458 8.08180826740681e-08
3923.779 9.7026842739697e-08
3982.101 8.89385376728845e-08
4040.422 1.03115863816772e-07
4098.744 8.61751252799646e-08
4157.065 4.80232637234414e-08
4215.386 7.55208639100037e-08
4273.708 8.38272493410556e-08
4332.029 3.65570385937059e-08
4390.35 6.09190079808536e-08
4448.672 7.09192563977457e-08
4506.993 6.83481082578004e-08
4565.315 7.58308131839432e-08
4623.636 8.58736584321315e-08
4681.957 8.58183665365171e-08
4740.279 8.62480715756712e-08
4798.6 1.14028459978752e-07
4799.6 6.74362095937131e-08
4953.131 6.53122989256962e-08
5106.663 6.39458189896533e-08
5260.194 9.18061126961952e-08
5413.725 8.25982223973597e-08
5567.257 5.99273433776578e-08
5720.788 5.76529105671093e-08
5874.32 6.01616330967046e-08
6027.851 8.06808282364658e-08
6181.382 6.54588725946453e-08
6334.914 4.99192266090932e-08
6488.445 7.7492435982708e-08
6641.976 8.13750920227664e-08
6795.508 6.54033640121447e-08
6949.039 6.3618356987618e-08
7102.571 7.47458105303133e-08
7256.102 6.86806998887613e-08
7409.633 5.87994050232347e-08
7563.165 6.39825023103434e-08
7716.696 5.48433631244009e-08
7870.227 5.78327611823515e-08
8023.759 7.24547216126044e-08
8177.29 6.96940795486101e-08
8330.822 6.29497778145729e-08
8484.353 7.52097724388979e-08
8637.884 7.19544445488359e-08
8791.416 6.16323713204863e-08
8944.947 5.3911517151554e-08
9098.478 5.10656821028614e-08
9252.01 5.65739146005816e-08
9405.541 6.13678254200098e-08
9559.073 8.40609575284597e-08
9712.604 7.09144775526627e-08
9866.135 6.76804181019156e-08
10019.667 6.42100390118555e-08
10173.198 4.23117056153082e-08
10326.729 2.06409733660504e-08
10480.261 3.94059614297126e-08
10633.792 2.81737508538373e-08
10787.324 1.64414382925461e-08
10940.855 5.06588608050211e-08
11094.386 6.29968118092455e-08
11247.918 6.64137377846594e-08
11401.449 5.67687276473016e-08
11554.98 3.72200725869147e-08
11708.512 4.89018317131659e-08
11862.043 4.97967575812633e-08
12015.575 4.84466924254329e-08
12169.106 3.39497846826751e-08
12322.637 5.01690912707416e-08
12476.169 6.92594828876162e-08
12629.7 6.64766751331435e-08
12630.7 5.68345666463817e-08
13034.822 4.07597538734681e-08
13438.943 4.11735056805126e-08
13843.065 4.40286782533782e-08
14247.186 4.08944573514052e-08
14651.308 4.1513843031784e-08
15055.429 4.59626826786253e-08
15459.551 4.75851159709367e-08
15863.673 4.63394902513957e-08
16267.794 4.74990838248108e-08
16671.916 4.72224023132019e-08
17076.037 3.73231098265204e-08
17480.159 2.89503256849781e-08
17884.28 2.12928189329267e-08
18288.402 3.36351878877167e-08
18692.524 3.92410365391538e-08
19096.645 4.21961578309341e-08
19500.767 5.01492678611204e-08
19904.888 6.19402117482981e-08
20309.01 6.40009343532421e-08
20713.131 4.98960085665667e-08
21117.253 3.90539813704979e-08
21521.375 3.76849311014482e-08
21925.496 2.71022412043119e-08
22329.618 2.24358081000641e-08
22733.739 3.1666472287042e-08
23137.861 4.466576587188e-08
23541.982 3.51920051418159e-08
23946.104 2.76909109638614e-08
24350.225 2.2442727871843e-08
24754.347 3.50918604777803e-08
25158.469 3.71560714757413e-08
25562.59 4.23598539392394e-08
25966.712 3.74643677115456e-08
26370.833 3.70073895223305e-08
26774.955 3.9586745255728e-08
27179.076 4.27250611699691e-08
27583.198 4.62535006682575e-08
27987.32 4.22444276906055e-08
28391.441 3.22844987207313e-08
28795.563 2.87844996016954e-08
29199.684 3.07593963691617e-08
29603.806 3.23012249887957e-08
30007.927 4.1913918053229e-08
30412.049 3.57094768801785e-08
30816.171 4.12542425310331e-08
31220.292 3.97769256609419e-08
31624.414 4.12283468290253e-08
32028.535 4.38351376911263e-08
32432.657 3.07567581774673e-08
32836.778 3.14924369433948e-08
33240.9 3.14788512618567e-08
33241.9 3.41376917479946e-08
34305.559 3.31225411134547e-08
35369.218 3.36409736114147e-08
36432.876 2.94328815861495e-08
37496.535 2.48104316311668e-08
38560.194 2.59978050758579e-08
39623.853 3.04915336721261e-08
40687.512 3.06599196683357e-08
41751.171 2.73383344746749e-08
42814.829 2.26914254303162e-08
43878.488 2.19132972821048e-08
44942.147 2.80356118842143e-08
46005.806 3.26587620805076e-08
47069.465 3.18832387482828e-08
48133.124 3.43459778936399e-08
49196.782 3.72888698563097e-08
50260.441 3.92961516056e-08
51324.1 3.5940586580593e-08
52387.759 3.77249730534562e-08
53451.418 4.15665919754278e-08
54515.076 4.01527551244108e-08
55578.735 3.59273726264571e-08
56642.394 2.08407105588077e-08
57706.053 1.7745243703652e-08
58769.712 2.66203753570963e-08
59833.371 3.00113118835149e-08
60897.029 2.73621801742113e-08
61960.688 2.76642274837958e-08
63024.347 2.30981376790511e-08
64088.006 2.39557858431069e-08
65151.665 2.94131394476958e-08
66215.324 3.29873918332444e-08
67278.982 3.41062799848488e-08
68342.641 2.87376685670846e-08
69406.3 2.473538512816e-08
70469.959 2.22786177707685e-08
71533.618 2.81709690106961e-08
72597.276 3.12376166157423e-08
73660.935 2.98474922434281e-08
74724.594 2.181567989241e-08
75788.253 2.02085622237704e-08
76851.912 2.28623324168314e-08
77915.571 2.02352228209328e-08
78979.229 1.74237834641848e-08
80042.888 1.90905637169362e-08
81106.547 2.76721154003069e-08
82170.206 3.05766665723718e-08
83233.865 1.77891313021406e-08
84297.524 1.21512910090903e-08
85361.182 2.47961119213477e-08
86424.841 2.8355621666659e-08
87488.5 2.65381549459792e-08
87489.5 1.53465917872341e-08
90289.039 1.62148437064808e-08
93088.578 2.01597592262532e-08
95888.118 2.16028397217009e-08
98687.657 1.86681501915616e-08
101487.196 1.88068507796361e-08
104286.735 1.99224407226198e-08
107086.275 2.19612167759075e-08
109885.814 1.92220308288172e-08
112685.353 2.53583166532323e-08
115484.892 2.92335198919374e-08
118284.431 3.06805544698935e-08
121083.971 2.46360477930369e-08
123883.51 2.11642010754836e-08
126683.049 3.05129429232793e-08
129482.588 3.45930102530367e-08
132282.127 3.19159947863841e-08
135081.667 3.18636937844704e-08
137881.206 3.54972155644693e-08
140680.745 3.77244887324017e-08
143480.284 3.80864328097828e-08
146279.824 3.46724669472941e-08
149079.363 2.55432748523931e-08
151878.902 2.41704016904498e-08
154678.441 2.9277977629722e-08
157477.98 2.90796863970986e-08
160277.52 3.31707154067816e-08
163077.059 4.26075607871936e-08
165876.598 3.75840315371196e-08
168676.137 3.60961736339671e-08
171475.676 3.29457076176305e-08
174275.216 2.90976435523411e-08
177074.755 2.74617395714328e-08
179874.294 2.2688402377532e-08
182673.833 2.01513049223518e-08
185473.373 1.84336340915051e-08
188272.912 1.75536053064207e-08
191072.451 1.8053433312722e-08
193871.99 2.66567207070337e-08
196671.529 2.5879591651564e-08
199471.069 2.17114369029136e-08
202270.608 2.21379191136543e-08
205070.147 2.67541146835398e-08
207869.686 3.25687995471494e-08
210669.225 3.19122168160643e-08
213468.765 2.94886218695873e-08
216268.304 2.40121051762585e-08
219067.843 1.76018591836459e-08
221867.382 9.31247691644387e-09
224666.922 5.36045524392286e-09
227466.461 -0
230266 -0
230267 2.02846691916038e-08
237635.294 2.76782593819138e-08
245003.588 -0
252371.882 1.72876823057257e-07
259740.176 3.23145355192861e-07
267108.471 1.61178242749572e-08
274476.765 1.04822272983512e-08
281845.059 2.71641142196005e-08
289213.353 1.64606746397497e-08
296581.647 2.37879555123701e-08
303949.941 1.86614144312402e-08
311318.235 1.51620134898139e-08
318686.529 1.93906997601427e-08
326054.824 -0
333423.118 8.88109816542977e-09
340791.412 1.41967433111401e-08
348159.706 2.66790662826269e-08
355528 1.69533819163965e-08
362896.294 1.98711463192238e-08
370264.588 2.57540971206758e-08
377632.882 2.06001487296937e-08
385001.176 2.15448411762445e-08
392369.471 1.86828149648199e-08
399737.765 2.25811581482261e-08
407106.059 2.44039071190639e-08
414474.353 1.14833958087275e-08
421842.647 1.68148334054429e-08
429210.941 9.97541419525525e-09
436579.235 1.07401510395385e-08
443947.529 1.18741003207822e-08
451315.824 1.81733126210936e-08
458684.118 4.73946289286033e-09
466052.412 -0
473420.706 1.03684314900616e-08
480789 1.35262163318498e-08
488157.294 2.33418647881269e-08
495525.588 1.8765194908263e-08
502893.882 1.56042555265383e-08
510262.176 1.49165889823378e-08
517630.471 1.80325308943143e-08
524998.765 1.53791111913368e-08
532367.059 1.41259470408217e-08
539735.353 1.15332272072651e-08
547103.647 2.19986485059787e-08
554471.941 2.35304679805672e-08
561840.235 1.61198472659514e-08
569208.529 7.46716634722302e-09
576576.824 1.5775174691169e-08
583945.118 -0
591313.412 1.33399782359605e-08
598681.706 2.19379096625795e-08
606050 7.86127834367923e-09
606051 -0
625444.118 1.80895198145226e-09
644837.235 1.36056929044389e-08
664230.353 1.46245218808001e-08
683623.471 1.89094403091049e-08
703016.588 1.52104930120098e-08
722409.706 1.7439883000158e-08
741802.824 2.60805672886864e-08
761195.941 1.17593224004787e-08
780589.059 1.20405412097671e-08
799982.176 6.43588584133529e-09
819375.294 1.49208108558583e-08
838768.412 3.18958540511144e-09
858161.529 1.35235727751841e-08
877554.647 1.97663216957152e-08
896947.765 -0
916340.882 1.39217668686414e-08
935734 1.51206071968522e-08
955127.118 1.86948966014792e-08
974520.235 -0
993913.353 5.97135210969844e-09
1013306.471 1.02028928352649e-08
1032699.588 1.85253658217186e-08
1052092.706 1.59207385091019e-08
1071485.824 1.00424233368645e-08
1090878.941 2.66519046726496e-08
1110272.059 2.37874290452415e-08
1129665.176 -0
1149058.294 -0
1168451.412 1.67213289589464e-08
1187844.529 -0
1207237.647 2.6462078946175e-08
1226630.765 2.5048327326095e-08
1246023.882 2.42158943388181e-08
1265417 2.22162503273145e-08
1284810.118 1.41717588741977e-08
1304203.235 3.49860252628775e-08
1323596.353 2.16300996989935e-08
1342989.471 1.33808708178392e-08
1362382.588 1.9641575611236e-08
1381775.706 1.46789068110674e-08
1401168.824 2.15691265498536e-08
1420561.941 2.79772342385215e-08
1439955.059 9.35216540283586e-09
1459348.176 2.41697208652334e-08
1478741.294 9.70848415987275e-09
1498134.412 2.77370818479522e-08
1517527.529 2.63113889328424e-08
1536920.647 7.03451615052521e-09
1556313.765 2.03095076264099e-08
1575706.882 2.27970152626347e-08
1595100 1.87595594983917e-08
1595100 2.43244453383505e-08
1646141.765 -0
1697183.529 -0
1748225.294 1.82748595429897e-08
1799267.059 1.50965140469481e-08
1850308.824 2.18915325626051e-08
1901350.588 -0
1952392.353 1.55711550752762e-08
2003434.118 -0
2054475.882 -0
2105517.647 1.15871266980214e-08
2156559.412 1.70573380999498e-08
2207601.176 2.23177509887556e-08
2258642.941 -0
2309684.706 1.45378988433852e-08
2360726.471 1.29796011491263e-08
2411768.235 2.42390763709862e-08
2462810 1.34902031597563e-08
2513851.765 -0
2564893.529 1.0549792511898e-08
2615935.294 7.59263871636205e-09
2666977.059 -0
2718018.824 -0
2769060.588 7.91833341614888e-09
2820102.353 8.63589896394695e-09
2871144.118 4.72515234360757e-09
2922185.882 1.44920022972155e-08
2973227.647 1.68507397746954e-08
3024269.412 -0
3075311.176 1.82793614249103e-08
3126352.941 9.52607664021238e-09
3177394.706 1.67076338094896e-08
3228436.471 1.33959187599806e-08
3279478.235 -0
3330520 2.27853641594775e-08
3381561.765 1.20900644415321e-08
3432603.529 1.50247395022376e-08
3483645.294 -0
3534687.059 1.8986642741467e-08
3585728.824 1.64880446378581e-08
3636770.588 7.90278830793296e-10
3687812.353 8.66139845965419e-09
3738854.118 -0
3789895.882 1.38905828851778e-09
3840937.647 3.82932753163008e-09
3891979.412 1.67753234162832e-08
3943021.176 1.35734501678571e-08
3994062.941 -0
4045104.706 1.49908227945767e-08
4096146.471 9.55712367242362e-09
4147188.235 1.2238667689712e-08
4198230 1.68450118238961e-08
4198230 -0
4332570.588 2.10284909855748e-08
4466911.176 1.33233017991037e-08
4601251.765 2.01460787090194e-09
4735592.353 1.14187428617383e-08
4869932.941 -0
5004273.529 -0
5138614.118 -0
5272954.706 -0
5407295.294 1.60425635458956e-08
5541635.882 1.3980806657704e-08
5675976.471 1.51375542795261e-08
5810317.059 3.71965934940285e-09
5944657.647 6.1542341485111e-09
6078998.235 1.81874160975852e-08
6213338.824 1.40615356996489e-08
6347679.412 -0
6482020 1.55358926792637e-08
6616360.588 1.72712541443868e-08
6750701.176 -0
6885041.765 6.31388533744477e-09
7019382.353 -0
7153722.941 -0
7288063.529 1.64728332347201e-08
7422404.118 1.86821097371282e-08
7556744.706 -0
7691085.294 2.13265465860744e-08
7825425.882 1.61088741766767e-08
7959766.471 2.00654797301061e-08
8094107.059 1.54160140519039e-08
8228447.647 1.23170719991238e-08
8362788.235 1.70043255419084e-08
8497128.824 1.25053788627454e-08
8631469.412 2.18483337289666e-08
8765810 1.04460086485748e-08
8900150.588 9.15154226794041e-09
9034491.176 1.10714096820053e-08
9168831.765 8.15360154786215e-09
9303172.353 1.05868675285044e-08
9437512.941 1.29364106231056e-08
9571853.529 2.27116784273466e-08
9706194.118 2.55850507966664e-08
9840534.706 1.47812757396004e-08
9974875.294 -0
10109215.882 6.72564018389328e-09
10243556.471 3.73583704676744e-09
10377897.059 1.05592327075456e-08
10512237.647 8.65158701338084e-09
10646578.235 -0
10780918.824 -0
10915259.412 -0
11049600 1.07202353654619e-08
11049600 1.51296098333665e-08
11403174.51 1.47843761276119e-08
11756749.02 2.15292357282835e-08
12110323.529 -0
12463898.039 7.54461821337568e-09
12817472.549 1.77212769880841e-08
13171047.059 2.20660149991225e-08
13524621.569 1.91203996680064e-08
13878196.078 1.93420330404097e-08
14231770.588 7.82331827459422e-09
14585345.098 1.91068528683899e-08
14938919.608 -0
15292494.118 2.03822719146051e-08
15646068.627 1.92910261647352e-08
15999643.137 9.0621127979517e-09
16353217.647 -0
16706792.157 1.02003257610725e-08
17060366.667 1.50720479795315e-08
17413941.176 -0
17767515.686 1.88518411095362e-08
18121090.196 1.93539433774309e-08
18474664.706 1.21164675913114e-08
18828239.216 1.71557288086662e-08
19181813.725 1.52834542672885e-08
19535388.235 1.17742977496962e-08
19888962.745 1.51867370122881e-08
20242537.255 1.30696093758918e-08
20596111.765 1.53148592054645e-08
20949686.275 2.16165405006699e-08
21303260.784 2.15705933574462e-08
21656835.294 1.75545474413897e-08
22010409.804 -0
22363984.314 -0
22717558.824 2.22933369723153e-08
23071133.333 1.8149224481721e-08
23424707.843 2.10143687753808e-08
23778282.353 1.40808615648511e-08
24131856.863 -0
24485431.373 2.55609259570619e-08
24839005.882 1.32999059854572e-08
25192580.392 2.30704100676169e-08
25546154.902 4.37599566904493e-09
25899729.412 1.27399486276476e-08
26253303.922 1.79524428955393e-08
26606878.431 -0
26960452.941 6.5369614887117e-09
27314027.451 2.35449723499519e-08
27667601.961 1.6026446534438e-08
28021176.471 1.99880771142524e-08
28374750.98 9.88013660245647e-09
28728325.49 2.17808730201615e-08
29081900 1.58148072716647e-08
29081900 2.36763613029811e-08
30012498.039 1.32203017360762e-08
30943096.078 3.22291064199056e-08
31873694.118 1.99023834637462e-08
32804292.157 2.51517781501726e-08
33734890.196 2.26625245976546e-08
34665488.235 2.79219846642158e-08
35596086.275 3.05625130078009e-08
36526684.314 1.86359244819918e-08
37457282.353 2.45086917722162e-08
38387880.392 2.86699986784775e-08
39318478.431 3.06210978150294e-08
40249076.471 3.17470731453342e-08
41179674.51 2.31835236581047e-08
42110272.549 3.03377179763228e-08
43040870.588 2.86841872797679e-08
43971468.627 2.06260364103237e-08
44902066.667 3.53627053296393e-08
45832664.706 3.01794564372803e-08
46763262.745 3.29246652854649e-08
47693860.784 2.73495611770994e-08
48624458.824 2.62681020071645e-08
49555056.863 1.99567974049019e-08
50485654.902 -0
51416252.941 1.70984118142154e-08
52346850.98 1.80182971301425e-08
53277449.02 1.54248025139254e-08
54208047.059 1.13727998904184e-08
55138645.098 1.65957923958424e-08
56069243.137 2.9329514509954e-08
56999841.176 2.4879664116543e-08
57930439.216 1.57384170867117e-08
58861037.255 7.05113592613275e-09
59791635.294 -0
60722233.333 -0
61652831.373 1.98509985621001e-08
62583429.412 -0
63514027.451 -0
64444625.49 6.04792015422658e-09
65375223.529 -0
66305821.569 4.62239723814387e-09
67236419.608 -0
68167017.647 -0
69097615.686 -0
70028213.725 -0
70958811.765 -0
71889409.804 1.73812671183665e-09
72820007.843 4.9585801293213e-09
73750605.882 9.63611048269477e-09
74681203.922 -0
75611801.961 -0
76542400 -0
76542400 5.54022769054667e-09
78991686.275 -0
81440972.549 9.0174239628843e-09
83890258.824 -0
86339545.098 1.20685571137771e-08
88788831.373 -0
91238117.647 4.24607087609239e-09
93687403.922 -0
96136690.196 7.69278192856518e-08
98585976.471 -0
101035262.745 4.94560131932407e-09
103484549.02 -0
105933835.294 -0
108383121.569 8.82828089033511e-09
110832407.843 -0
113281694.118 1.04721064689729e-08
115730980.392 -0
118180266.667 -0
120629552.941 -0
123078839.216 -0
125528125.49 -0
127977411.765 -0
130426698.039 -0
132875984.314 -0
135325270.588 -0
137774556.863 4.69216130998402e-09
140223843.137 7.76779181595388e-09
142673129.412 -0
145122415.686 -0
147571701.961 -0
150020988.235 3.9122708008654e-09
152470274.51 6.91486418665696e-09
154919560.784 3.00998023380802e-09
157368847.059 5.31218311068595e-09
159818133.333 -0
162267419.608 -0
164716705.882 -0
167165992.157 -0
169615278.431 -0
172064564.706 6.11624395712761e-09
174513850.98 -0
176963137.255 6.60747547366436e-09
179412423.529 5.11985360593201e-09
181861709.804 -0
184310996.078 6.94781612015063e-09
186760282.353 -0
189209568.627 6.49065444994201e-09
191658854.902 4.56442870396723e-09
194108141.176 -0
196557427.451 -0
199006713.725 -0
201456000 7.85631994153363e-09
