"Frequency"	"Magnitude"
1.010000000000E+02	1.668316E+01
1.041800000000E+02	1.671917E+01
1.073610000000E+02	1.675546E+01
1.105410000000E+02	1.675515E+01
1.137210000000E+02	1.678483E+01
1.169020000000E+02	1.679677E+01
1.200820000000E+02	1.681910E+01
1.232620000000E+02	1.683626E+01
1.264430000000E+02	1.683399E+01
1.296230000000E+02	1.687435E+01
1.328030000000E+02	1.683815E+01
1.359830000000E+02	1.687631E+01
1.391640000000E+02	1.687191E+01
1.423440000000E+02	1.688235E+01
1.455240000000E+02	1.686912E+01
1.487050000000E+02	1.691575E+01
1.518850000000E+02	1.687693E+01
1.550650000000E+02	1.690396E+01
1.582460000000E+02	1.692901E+01
1.614260000000E+02	1.693276E+01
1.646060000000E+02	1.694046E+01
1.677870000000E+02	1.695099E+01
1.709670000000E+02	1.695843E+01
1.741470000000E+02	1.696142E+01
1.773280000000E+02	1.695823E+01
1.805080000000E+02	1.696951E+01
1.836880000000E+02	1.698219E+01
1.868680000000E+02	1.699557E+01
1.900490000000E+02	1.697725E+01
1.932290000000E+02	1.699134E+01
1.964090000000E+02	1.699206E+01
1.995900000000E+02	1.699347E+01
2.027700000000E+02	1.699186E+01
2.059500000000E+02	1.702865E+01
2.091310000000E+02	1.699724E+01
2.123110000000E+02	1.702220E+01
2.154910000000E+02	1.700627E+01
2.186720000000E+02	1.702268E+01
2.218520000000E+02	1.700405E+01
2.250320000000E+02	1.701751E+01
2.282130000000E+02	1.702769E+01
2.313930000000E+02	1.702996E+01
2.345730000000E+02	1.703374E+01
2.377530000000E+02	1.700977E+01
2.409340000000E+02	1.701297E+01
2.441140000000E+02	1.705553E+01
2.472940000000E+02	1.703319E+01
2.504750000000E+02	1.704604E+01
2.536550000000E+02	1.704247E+01
2.568350000000E+02	1.704560E+01
2.600160000000E+02	1.702854E+01
2.631960000000E+02	1.705017E+01
2.641960000000E+02	1.707179E+01
2.725980000000E+02	1.709185E+01
2.810010000000E+02	1.707297E+01
2.894030000000E+02	1.706513E+01
2.978060000000E+02	1.705673E+01
3.062080000000E+02	1.706643E+01
3.146110000000E+02	1.704303E+01
3.230130000000E+02	1.707799E+01
3.314150000000E+02	1.705341E+01
3.398180000000E+02	1.705953E+01
3.482200000000E+02	1.706499E+01
3.566230000000E+02	1.704968E+01
3.650250000000E+02	1.707551E+01
3.734280000000E+02	1.709027E+01
3.818300000000E+02	1.705879E+01
3.902320000000E+02	1.711306E+01
3.986350000000E+02	1.708180E+01
4.070370000000E+02	1.707062E+01
4.154400000000E+02	1.710173E+01
4.238420000000E+02	1.709780E+01
4.322450000000E+02	1.706567E+01
4.406470000000E+02	1.706892E+01
4.490490000000E+02	1.709169E+01
4.574520000000E+02	1.707344E+01
4.658540000000E+02	1.708705E+01
4.742570000000E+02	1.710235E+01
4.826590000000E+02	1.708994E+01
4.910620000000E+02	1.710209E+01
4.994640000000E+02	1.707191E+01
5.078670000000E+02	1.709264E+01
5.162690000000E+02	1.709763E+01
5.246710000000E+02	1.711777E+01
5.330740000000E+02	1.708378E+01
5.414760000000E+02	1.711306E+01
5.498790000000E+02	1.708727E+01
5.582810000000E+02	1.709280E+01
5.666840000000E+02	1.709878E+01
5.750860000000E+02	1.711957E+01
5.834880000000E+02	1.709408E+01
5.918910000000E+02	1.710326E+01
6.002930000000E+02	1.711041E+01
6.086960000000E+02	1.709441E+01
6.170980000000E+02	1.708913E+01
6.255010000000E+02	1.710508E+01
6.339030000000E+02	1.709015E+01
6.423050000000E+02	1.708454E+01
6.507080000000E+02	1.710275E+01
6.591100000000E+02	1.710924E+01
6.675130000000E+02	1.710159E+01
6.759150000000E+02	1.710855E+01
6.843180000000E+02	1.709684E+01
6.927200000000E+02	1.710604E+01
6.937200000000E+02	1.712714E+01
7.158670000000E+02	1.708970E+01
7.380140000000E+02	1.711538E+01
7.601610000000E+02	1.709973E+01
7.823070000000E+02	1.708270E+01
8.044540000000E+02	1.711099E+01
8.266010000000E+02	1.711001E+01
8.487480000000E+02	1.710817E+01
8.708950000000E+02	1.710859E+01
8.930420000000E+02	1.711269E+01
9.151890000000E+02	1.710852E+01
9.373350000000E+02	1.712379E+01
9.594820000000E+02	1.710537E+01
9.816290000000E+02	1.712936E+01
1.003776000000E+03	1.709087E+01
1.025923000000E+03	1.709543E+01
1.048070000000E+03	1.710937E+01
1.070217000000E+03	1.712527E+01
1.092364000000E+03	1.710550E+01
1.114510000000E+03	1.711574E+01
1.136657000000E+03	1.711338E+01
1.158804000000E+03	1.711435E+01
1.180951000000E+03	1.710860E+01
1.203098000000E+03	1.712574E+01
1.225245000000E+03	1.711172E+01
1.247392000000E+03	1.709854E+01
1.269538000000E+03	1.712176E+01
1.291685000000E+03	1.710438E+01
1.313832000000E+03	1.709994E+01
1.335979000000E+03	1.714349E+01
1.358126000000E+03	1.709043E+01
1.380273000000E+03	1.709414E+01
1.402420000000E+03	1.711048E+01
1.424566000000E+03	1.713359E+01
1.446713000000E+03	1.711514E+01
1.468860000000E+03	1.712457E+01
1.491007000000E+03	1.710992E+01
1.513154000000E+03	1.712922E+01
1.535301000000E+03	1.711126E+01
1.557448000000E+03	1.712241E+01
1.579595000000E+03	1.713597E+01
1.601741000000E+03	1.711581E+01
1.623888000000E+03	1.711422E+01
1.646035000000E+03	1.709862E+01
1.668182000000E+03	1.711269E+01
1.690329000000E+03	1.711683E+01
1.712476000000E+03	1.713178E+01
1.734623000000E+03	1.712179E+01
1.756769000000E+03	1.710939E+01
1.778916000000E+03	1.711439E+01
1.801063000000E+03	1.711184E+01
1.823210000000E+03	1.711536E+01
1.824210000000E+03	1.713985E+01
1.882531000000E+03	1.709129E+01
1.940853000000E+03	1.713311E+01
1.999174000000E+03	1.710332E+01
2.057495000000E+03	1.713020E+01
2.115817000000E+03	1.711872E+01
2.174138000000E+03	1.713802E+01
2.232460000000E+03	1.711090E+01
2.290781000000E+03	1.711496E+01
2.349102000000E+03	1.714950E+01
2.407424000000E+03	1.712333E+01
2.465745000000E+03	1.711535E+01
2.524066000000E+03	1.711156E+01
2.582388000000E+03	1.709629E+01
2.640709000000E+03	1.710373E+01
2.699031000000E+03	1.712529E+01
2.757352000000E+03	1.711508E+01
2.815673000000E+03	1.711675E+01
2.873995000000E+03	1.711079E+01
2.932316000000E+03	1.711811E+01
2.990637000000E+03	1.712124E+01
3.048959000000E+03	1.711219E+01
3.107280000000E+03	1.713167E+01
3.165602000000E+03	1.714645E+01
3.223923000000E+03	1.712491E+01
3.282244000000E+03	1.713688E+01
3.340566000000E+03	1.710254E+01
3.398887000000E+03	1.712433E+01
3.457208000000E+03	1.710457E+01
3.515530000000E+03	1.711639E+01
3.573851000000E+03	1.712574E+01
3.632173000000E+03	1.714052E+01
3.690494000000E+03	1.710846E+01
3.748815000000E+03	1.710489E+01
3.807137000000E+03	1.714102E+01
3.865458000000E+03	1.714516E+01
3.923779000000E+03	1.708194E+01
3.982101000000E+03	1.710994E+01
4.040422000000E+03	1.710350E+01
4.098744000000E+03	1.709781E+01
4.157065000000E+03	1.711993E+01
4.215386000000E+03	1.709410E+01
4.273708000000E+03	1.711652E+01
4.332029000000E+03	1.711293E+01
4.390350000000E+03	1.713110E+01
4.448672000000E+03	1.712651E+01
4.506993000000E+03	1.713518E+01
4.565315000000E+03	1.712225E+01
4.623636000000E+03	1.712885E+01
4.681957000000E+03	1.713037E+01
4.740279000000E+03	1.713587E+01
4.798600000000E+03	1.714163E+01
4.799600000000E+03	1.712522E+01
4.953131000000E+03	1.712761E+01
5.106663000000E+03	1.708983E+01
5.260194000000E+03	1.710980E+01
5.413725000000E+03	1.709465E+01
5.567257000000E+03	1.713325E+01
5.720788000000E+03	1.711159E+01
5.874320000000E+03	1.711685E+01
6.027851000000E+03	1.712496E+01
6.181382000000E+03	1.711355E+01
6.334914000000E+03	1.710282E+01
6.488445000000E+03	1.710997E+01
6.641976000000E+03	1.706900E+01
6.795508000000E+03	1.713154E+01
6.949039000000E+03	1.711750E+01
7.102571000000E+03	1.712385E+01
7.256102000000E+03	1.711075E+01
7.409633000000E+03	1.711490E+01
7.563165000000E+03	1.708665E+01
7.716696000000E+03	1.709608E+01
7.870227000000E+03	1.711545E+01
8.023759000000E+03	1.714534E+01
8.177290000000E+03	1.711852E+01
8.330822000000E+03	1.711360E+01
8.484353000000E+03	1.711851E+01
8.637884000000E+03	1.709304E+01
8.791416000000E+03	1.711181E+01
8.944947000000E+03	1.708002E+01
9.098478000000E+03	1.712297E+01
9.252010000000E+03	1.710006E+01
9.405541000000E+03	1.710767E+01
9.559073000000E+03	1.711829E+01
9.712604000000E+03	1.714107E+01
9.866135000000E+03	1.711719E+01
1.001966700000E+04	1.711762E+01
1.017319800000E+04	1.708530E+01
1.032672900000E+04	1.709183E+01
1.048026100000E+04	1.711776E+01
1.063379200000E+04	1.713015E+01
1.078732400000E+04	1.710200E+01
1.094085500000E+04	1.709555E+01
1.109438600000E+04	1.708146E+01
1.124791800000E+04	1.714086E+01
1.140144900000E+04	1.712920E+01
1.155498000000E+04	1.712688E+01
1.170851200000E+04	1.709699E+01
1.186204300000E+04	1.713530E+01
1.201557500000E+04	1.712128E+01
1.216910600000E+04	1.713822E+01
1.232263700000E+04	1.713593E+01
1.247616900000E+04	1.713128E+01
1.262970000000E+04	1.713368E+01
1.263070000000E+04	1.708374E+01
1.303482200000E+04	1.709975E+01
1.343894300000E+04	1.707515E+01
1.384306500000E+04	1.708064E+01
1.424718600000E+04	1.709076E+01
1.465130800000E+04	1.718984E+01
1.505542900000E+04	1.712451E+01
1.545955100000E+04	1.712697E+01
1.586367300000E+04	1.710663E+01
1.626779400000E+04	1.711433E+01
1.667191600000E+04	1.710684E+01
1.707603700000E+04	1.710525E+01
1.748015900000E+04	1.712939E+01
1.788428000000E+04	1.710132E+01
1.828840200000E+04	1.714605E+01
1.869252400000E+04	1.711040E+01
1.909664500000E+04	1.713284E+01
1.950076700000E+04	1.711010E+01
1.990488800000E+04	1.716764E+01
2.030901000000E+04	1.711682E+01
2.071313100000E+04	1.712927E+01
2.111725300000E+04	1.712427E+01
2.152137500000E+04	1.711722E+01
2.192549600000E+04	1.712674E+01
2.232961800000E+04	1.712982E+01
2.273373900000E+04	1.713347E+01
2.313786100000E+04	1.713241E+01
2.354198200000E+04	1.713317E+01
2.394610400000E+04	1.711512E+01
2.435022500000E+04	1.716733E+01
2.475434700000E+04	1.711771E+01
2.515846900000E+04	1.718451E+01
2.556259000000E+04	1.710448E+01
2.596671200000E+04	1.711986E+01
2.637083300000E+04	1.712002E+01
2.677495500000E+04	1.714193E+01
2.717907600000E+04	1.710438E+01
2.758319800000E+04	1.709981E+01
2.798732000000E+04	1.711817E+01
2.839144100000E+04	1.713474E+01
2.879556300000E+04	1.708784E+01
2.919968400000E+04	1.714733E+01
2.960380600000E+04	1.714569E+01
3.000792700000E+04	1.714581E+01
3.041204900000E+04	1.712474E+01
3.081617100000E+04	1.709775E+01
3.122029200000E+04	1.710835E+01
3.162441400000E+04	1.714183E+01
3.202853500000E+04	1.710722E+01
3.243265700000E+04	1.710901E+01
3.283677800000E+04	1.713956E+01
3.324090000000E+04	1.711160E+01
3.324190000000E+04	1.712492E+01
3.430555900000E+04	1.712793E+01
3.536921800000E+04	1.712915E+01
3.643287600000E+04	1.711401E+01
3.749653500000E+04	1.711225E+01
3.856019400000E+04	1.714702E+01
3.962385300000E+04	1.712120E+01
4.068751200000E+04	1.714003E+01
4.175117100000E+04	1.711076E+01
4.281482900000E+04	1.710698E+01
4.387848800000E+04	1.711639E+01
4.494214700000E+04	1.715200E+01
4.600580600000E+04	1.712938E+01
4.706946500000E+04	1.712175E+01
4.813312400000E+04	1.708878E+01
4.919678200000E+04	1.713238E+01
5.026044100000E+04	1.710731E+01
5.132410000000E+04	1.708483E+01
5.238775900000E+04	1.711613E+01
5.345141800000E+04	1.712996E+01
5.451507600000E+04	1.709331E+01
5.557873500000E+04	1.712157E+01
5.664239400000E+04	1.715169E+01
5.770605300000E+04	1.710786E+01
5.876971200000E+04	1.714115E+01
5.983337100000E+04	1.708262E+01
6.089702900000E+04	1.711674E+01
6.196068800000E+04	1.709786E+01
6.302434700000E+04	1.712155E+01
6.408800600000E+04	1.718842E+01
6.515166500000E+04	1.710464E+01
6.621532400000E+04	1.710890E+01
6.727898200000E+04	1.711238E+01
6.834264100000E+04	1.713057E+01
6.940630000000E+04	1.714377E+01
7.046995900000E+04	1.713305E+01
7.153361800000E+04	1.713797E+01
7.259727600000E+04	1.713603E+01
7.366093500000E+04	1.714879E+01
7.472459400000E+04	1.712356E+01
7.578825300000E+04	1.708813E+01
7.685191200000E+04	1.712474E+01
7.791557100000E+04	1.712480E+01
7.897922900000E+04	1.707437E+01
8.004288800000E+04	1.710809E+01
8.110654700000E+04	1.711740E+01
8.217020600000E+04	1.715500E+01
8.323386500000E+04	1.713403E+01
8.429752400000E+04	1.715310E+01
8.536118200000E+04	1.713752E+01
8.642484100000E+04	1.712062E+01
8.748850000000E+04	1.711556E+01
8.748950000000E+04	1.712183E+01
9.028903900000E+04	1.707111E+01
9.308857800000E+04	1.716528E+01
9.588811800000E+04	1.718208E+01
9.868765700000E+04	1.713302E+01
1.014871960000E+05	1.706945E+01
1.042867350000E+05	1.711251E+01
1.070862750000E+05	1.707394E+01
1.098858140000E+05	1.711801E+01
1.126853530000E+05	1.719670E+01
1.154848920000E+05	1.713963E+01
1.182844310000E+05	1.709794E+01
1.210839710000E+05	1.707059E+01
1.238835100000E+05	1.705520E+01
1.266830490000E+05	1.714516E+01
1.294825880000E+05	1.710619E+01
1.322821270000E+05	1.712071E+01
1.350816670000E+05	1.709214E+01
1.378812060000E+05	1.711717E+01
1.406807450000E+05	1.709223E+01
1.434802840000E+05	1.717393E+01
1.462798240000E+05	1.706923E+01
1.490793630000E+05	1.712735E+01
1.518789020000E+05	1.708365E+01
1.546784410000E+05	1.709244E+01
1.574779800000E+05	1.710033E+01
1.602775200000E+05	1.712392E+01
1.630770590000E+05	1.716447E+01
1.658765980000E+05	1.715741E+01
1.686761370000E+05	1.710705E+01
1.714756760000E+05	1.706466E+01
1.742752160000E+05	1.722178E+01
1.770747550000E+05	1.712706E+01
1.798742940000E+05	1.709203E+01
1.826738330000E+05	1.714414E+01
1.854733730000E+05	1.721710E+01
1.882729120000E+05	1.708741E+01
1.910724510000E+05	1.714148E+01
1.938719900000E+05	1.708733E+01
1.966715290000E+05	1.713882E+01
1.994710690000E+05	1.717842E+01
2.022706080000E+05	1.711506E+01
2.050701470000E+05	1.711722E+01
2.078696860000E+05	1.711363E+01
2.106692250000E+05	1.709885E+01
2.134687650000E+05	1.721895E+01
2.162683040000E+05	1.713227E+01
2.190678430000E+05	1.713704E+01
2.218673820000E+05	1.716617E+01
2.246669220000E+05	1.720903E+01
2.274664610000E+05	1.712195E+01
2.302660000000E+05	1.711117E+01
2.302670000000E+05	1.714168E+01
2.376352940000E+05	1.708695E+01
2.450035880000E+05	1.716303E+01
2.523718820000E+05	1.714643E+01
2.597401760000E+05	1.713368E+01
2.671084710000E+05	1.706757E+01
2.744767650000E+05	1.703353E+01
2.818450590000E+05	1.713145E+01
2.892133530000E+05	1.712541E+01
2.965816470000E+05	1.702451E+01
3.039499410000E+05	1.713620E+01
3.113182350000E+05	1.709625E+01
3.186865290000E+05	1.715484E+01
3.260548240000E+05	1.715932E+01
3.334231180000E+05	1.709931E+01
3.407914120000E+05	1.708900E+01
3.481597060000E+05	1.701325E+01
3.555280000000E+05	1.709318E+01
3.628962940000E+05	1.707446E+01
3.702645880000E+05	1.706410E+01
3.776328820000E+05	1.710032E+01
3.850011760000E+05	1.708645E+01
3.923694710000E+05	1.707709E+01
3.997377650000E+05	1.706828E+01
4.071060590000E+05	1.714901E+01
4.144743530000E+05	1.713604E+01
4.218426470000E+05	1.712625E+01
4.292109410000E+05	1.709359E+01
4.365792350000E+05	1.715512E+01
4.439475290000E+05	1.708002E+01
4.513158240000E+05	1.716088E+01
4.586841180000E+05	1.705091E+01
4.660524120000E+05	1.704486E+01
4.734207060000E+05	1.715141E+01
4.807890000000E+05	1.708411E+01
4.881572940000E+05	1.710280E+01
4.955255880000E+05	1.700990E+01
5.028938820000E+05	1.712590E+01
5.102621760000E+05	1.710262E+01
5.176304710000E+05	1.715773E+01
5.249987650000E+05	1.706167E+01
5.323670590000E+05	1.713597E+01
5.397353530000E+05	1.712332E+01
5.471036470000E+05	1.710972E+01
5.544719410000E+05	1.713127E+01
5.618402350000E+05	1.710866E+01
5.692085290000E+05	1.710314E+01
5.765768240000E+05	1.712886E+01
5.839451180000E+05	1.710049E+01
5.913134120000E+05	1.703953E+01
5.986817060000E+05	1.712074E+01
6.060500000000E+05	1.713379E+01
6.060510000000E+05	1.710994E+01
6.254441180000E+05	1.713925E+01
6.448372350000E+05	1.712452E+01
6.642303530000E+05	1.710341E+01
6.836234710000E+05	1.708072E+01
7.030165880000E+05	1.714888E+01
7.224097060000E+05	1.705431E+01
7.418028240000E+05	1.713744E+01
7.611959410000E+05	1.709033E+01
7.805890590000E+05	1.711060E+01
7.999821760000E+05	1.721109E+01
8.193752940000E+05	1.713029E+01
8.387684120000E+05	1.716092E+01
8.581615290000E+05	1.710002E+01
8.775546470000E+05	1.713656E+01
8.969477650000E+05	1.710409E+01
9.163408820000E+05	1.709872E+01
9.357340000000E+05	1.714194E+01
9.551271180000E+05	1.718874E+01
9.745202350000E+05	1.716753E+01
9.939133530000E+05	1.711793E+01
1.013306471000E+06	1.722549E+01
1.032699588000E+06	1.717686E+01
1.052092706000E+06	1.718535E+01
1.071485824000E+06	1.717659E+01
1.090878941000E+06	1.717442E+01
1.110272059000E+06	1.714976E+01
1.129665176000E+06	1.717863E+01
1.149058294000E+06	1.720023E+01
1.168451412000E+06	1.712265E+01
1.187844529000E+06	1.709633E+01
1.207237647000E+06	1.716794E+01
1.226630765000E+06	1.709374E+01
1.246023882000E+06	1.715505E+01
1.265417000000E+06	1.711542E+01
1.284810118000E+06	1.716488E+01
1.304203235000E+06	1.710232E+01
1.323596353000E+06	1.714041E+01
1.342989471000E+06	1.710540E+01
1.362382588000E+06	1.718422E+01
1.381775706000E+06	1.721463E+01
1.401168824000E+06	1.717097E+01
1.420561941000E+06	1.710911E+01
1.439955059000E+06	1.710495E+01
1.459348176000E+06	1.714622E+01
1.478741294000E+06	1.717477E+01
1.498134412000E+06	1.712356E+01
1.517527529000E+06	1.714342E+01
1.536920647000E+06	1.715132E+01
1.556313765000E+06	1.717005E+01
1.575706882000E+06	1.716474E+01
1.595100000000E+06	1.713627E+01
1.595100000000E+06	1.714898E+01
1.646141765000E+06	1.716287E+01
1.697183529000E+06	1.713813E+01
1.748225294000E+06	1.717224E+01
1.799267059000E+06	1.713061E+01
1.850308824000E+06	1.705022E+01
1.901350588000E+06	1.717188E+01
1.952392353000E+06	1.716338E+01
2.003434118000E+06	1.711906E+01
2.054475882000E+06	1.707780E+01
2.105517647000E+06	1.711720E+01
2.156559412000E+06	1.719022E+01
2.207601176000E+06	1.712525E+01
2.258642941000E+06	1.716232E+01
2.309684706000E+06	1.713391E+01
2.360726471000E+06	1.722120E+01
2.411768235000E+06	1.714813E+01
2.462810000000E+06	1.712735E+01
2.513851765000E+06	1.718022E+01
2.564893529000E+06	1.717047E+01
2.615935294000E+06	1.723473E+01
2.666977059000E+06	1.718938E+01
2.718018824000E+06	1.714209E+01
2.769060588000E+06	1.713153E+01
2.820102353000E+06	1.715332E+01
2.871144118000E+06	1.708648E+01
2.922185882000E+06	1.719747E+01
2.973227647000E+06	1.712531E+01
3.024269412000E+06	1.722798E+01
3.075311176000E+06	1.718836E+01
3.126352941000E+06	1.716441E+01
3.177394706000E+06	1.718117E+01
3.228436471000E+06	1.715924E+01
3.279478235000E+06	1.715708E+01
3.330520000000E+06	1.719726E+01
3.381561765000E+06	1.713836E+01
3.432603529000E+06	1.717958E+01
3.483645294000E+06	1.720219E+01
3.534687059000E+06	1.720782E+01
3.585728824000E+06	1.718896E+01
3.636770588000E+06	1.712403E+01
3.687812353000E+06	1.715528E+01
3.738854118000E+06	1.717867E+01
3.789895882000E+06	1.718048E+01
3.840937647000E+06	1.712651E+01
3.891979412000E+06	1.718610E+01
3.943021176000E+06	1.714076E+01
3.994062941000E+06	1.718325E+01
4.045104706000E+06	1.722829E+01
4.096146471000E+06	1.717525E+01
4.147188235000E+06	1.720528E+01
4.198230000000E+06	1.715666E+01
4.198230000000E+06	1.717784E+01
4.332570588000E+06	1.716286E+01
4.466911176000E+06	1.719341E+01
4.601251765000E+06	1.716343E+01
4.735592353000E+06	1.716813E+01
4.869932941000E+06	1.717542E+01
5.004273529000E+06	1.722403E+01
5.138614118000E+06	1.713945E+01
5.272954706000E+06	1.714683E+01
5.407295294000E+06	1.717223E+01
5.541635882000E+06	1.720782E+01
5.675976471000E+06	1.718226E+01
5.810317059000E+06	1.720513E+01
5.944657647000E+06	1.718851E+01
6.078998235000E+06	1.716326E+01
6.213338824000E+06	1.720761E+01
6.347679412000E+06	1.721782E+01
6.482020000000E+06	1.718661E+01
6.616360588000E+06	1.714632E+01
6.750701176000E+06	1.722133E+01
6.885041765000E+06	1.714831E+01
7.019382353000E+06	1.727991E+01
7.153722941000E+06	1.728168E+01
7.288063529000E+06	1.731845E+01
7.422404118000E+06	1.732804E+01
7.556744706000E+06	1.730458E+01
7.691085294000E+06	1.722068E+01
7.825425882000E+06	1.726000E+01
7.959766471000E+06	1.726605E+01
8.094107059000E+06	1.735291E+01
8.228447647000E+06	1.730243E+01
8.362788235000E+06	1.731058E+01
8.497128824000E+06	1.730050E+01
8.631469412000E+06	1.727562E+01
8.765810000000E+06	1.735061E+01
8.900150588000E+06	1.736129E+01
9.034491176000E+06	1.733314E+01
9.168831765000E+06	1.733950E+01
9.303172353000E+06	1.735199E+01
9.437512941000E+06	1.733778E+01
9.571853529000E+06	1.737805E+01
9.706194118000E+06	1.733374E+01
9.840534706000E+06	1.735442E+01
9.974875294000E+06	1.738014E+01
1.010921588200E+07	1.738246E+01
1.024355647100E+07	1.739859E+01
1.037789705900E+07	1.733322E+01
1.051223764700E+07	1.738054E+01
1.064657823500E+07	1.735794E+01
1.078091882400E+07	1.742731E+01
1.091525941200E+07	1.747264E+01
1.104960000000E+07	1.741147E+01
1.104960000000E+07	1.745568E+01
1.140317451000E+07	1.744883E+01
1.175674902000E+07	1.744158E+01
1.211032352900E+07	1.747921E+01
1.246389803900E+07	1.745145E+01
1.281747254900E+07	1.749700E+01
1.317104705900E+07	1.760668E+01
1.352462156900E+07	1.753867E+01
1.387819607800E+07	1.765387E+01
1.423177058800E+07	1.763153E+01
1.458534509800E+07	1.762459E+01
1.493891960800E+07	1.772297E+01
1.529249411800E+07	1.771982E+01
1.564606862700E+07	1.770663E+01
1.599964313700E+07	1.773564E+01
1.635321764700E+07	1.774106E+01
1.670679215700E+07	1.782642E+01
1.706036666700E+07	1.786289E+01
1.741394117600E+07	1.792177E+01
1.776751568600E+07	1.788844E+01
1.812109019600E+07	1.794996E+01
1.847466470600E+07	1.798286E+01
1.882823921600E+07	1.807773E+01
1.918181372500E+07	1.812657E+01
1.953538823500E+07	1.821062E+01
1.988896274500E+07	1.818806E+01
2.024253725500E+07	1.818937E+01
2.059611176500E+07	1.825359E+01
2.094968627500E+07	1.834149E+01
2.130326078400E+07	1.836397E+01
2.165683529400E+07	1.832764E+01
2.201040980400E+07	1.840733E+01
2.236398431400E+07	1.852552E+01
2.271755882400E+07	1.849207E+01
2.307113333300E+07	1.854921E+01
2.342470784300E+07	1.859875E+01
2.377828235300E+07	1.861844E+01
2.413185686300E+07	1.873715E+01
2.448543137300E+07	1.872231E+01
2.483900588200E+07	1.881229E+01
2.519258039200E+07	1.880672E+01
2.554615490200E+07	1.886648E+01
2.589972941200E+07	1.897157E+01
2.625330392200E+07	1.898611E+01
2.660687843100E+07	1.901499E+01
2.696045294100E+07	1.906020E+01
2.731402745100E+07	1.912149E+01
2.766760196100E+07	1.917335E+01
2.802117647100E+07	1.925288E+01
2.837475098000E+07	1.927664E+01
2.872832549000E+07	1.930995E+01
2.908190000000E+07	1.945196E+01
2.908190000000E+07	1.938698E+01
3.001249803900E+07	1.949948E+01
3.094309607800E+07	1.968340E+01
3.187369411800E+07	1.975438E+01
3.280429215700E+07	1.989271E+01
3.373489019600E+07	2.000639E+01
3.466548823500E+07	2.015897E+01
3.559608627500E+07	2.027136E+01
3.652668431400E+07	2.036266E+01
3.745728235300E+07	2.037195E+01
3.838788039200E+07	2.049937E+01
3.931847843100E+07	2.054280E+01
4.024907647100E+07	2.068018E+01
4.117967451000E+07	2.059395E+01
4.211027254900E+07	2.055782E+01
4.304087058800E+07	2.048941E+01
4.397146862700E+07	2.055973E+01
4.490206666700E+07	2.031745E+01
4.583266470600E+07	2.025881E+01
4.676326274500E+07	2.006972E+01
4.769386078400E+07	1.984373E+01
4.862445882400E+07	1.968317E+01
4.955505686300E+07	1.936885E+01
5.048565490200E+07	1.910105E+01
5.141625294100E+07	1.886490E+01
5.234685098000E+07	1.857618E+01
5.327744902000E+07	1.820860E+01
5.420804705900E+07	1.792524E+01
5.513864509800E+07	1.757884E+01
5.606924313700E+07	1.723159E+01
5.699984117600E+07	1.694895E+01
5.793043921600E+07	1.652163E+01
5.886103725500E+07	1.623245E+01
5.979163529400E+07	1.589190E+01
6.072223333300E+07	1.549869E+01
6.165283137300E+07	1.524025E+01
6.258342941200E+07	1.476042E+01
6.351402745100E+07	1.448088E+01
6.444462549000E+07	1.412261E+01
6.537522352900E+07	1.379402E+01
6.630582156900E+07	1.355213E+01
6.723641960800E+07	1.320896E+01
6.816701764700E+07	1.286574E+01
6.909761568600E+07	1.254516E+01
7.002821372500E+07	1.219917E+01
7.095881176500E+07	1.190450E+01
7.188940980400E+07	1.160703E+01
7.282000784300E+07	1.134387E+01
7.375060588200E+07	1.116019E+01
7.468120392200E+07	1.081527E+01
7.561180196100E+07	1.052227E+01
7.654240000000E+07	1.033476E+01
7.654240000000E+07	1.029787E+01
7.899168627500E+07	9.652270E+00
8.144097254900E+07	9.032180E+00
8.389025882400E+07	8.436261E+00
8.633954509800E+07	7.862864E+00
8.878883137300E+07	7.393472E+00
9.123811764700E+07	6.876492E+00
9.368740392200E+07	6.267173E+00
9.613669019600E+07	5.968026E+00
9.858597647100E+07	5.481678E+00
1.010352627450E+08	4.988005E+00
1.034845490200E+08	4.659803E+00
1.059338352940E+08	4.183402E+00
1.083831215690E+08	3.763743E+00
1.108324078430E+08	3.258024E+00
1.132816941180E+08	2.837418E+00
1.157309803920E+08	2.359418E+00
1.181802666670E+08	1.900800E+00
1.206295529410E+08	1.268377E+00
1.230788392160E+08	8.037986E-01
1.255281254900E+08	3.817789E-01
1.279774117650E+08	-3.396039E-01
1.304266980390E+08	-7.733268E-01
1.328759843140E+08	-1.213212E+00
1.353252705880E+08	-1.792223E+00
1.377745568630E+08	-2.204979E+00
1.402238431370E+08	-2.832916E+00
1.426731294120E+08	-3.235092E+00
1.451224156860E+08	-3.583424E+00
1.475717019610E+08	-4.095310E+00
1.500209882350E+08	-4.375835E+00
1.524702745100E+08	-4.785427E+00
1.549195607840E+08	-5.107135E+00
1.573688470590E+08	-5.346389E+00
1.598181333330E+08	-5.627825E+00
1.622674196080E+08	-5.911276E+00
1.647167058820E+08	-6.067224E+00
1.671659921570E+08	-6.290555E+00
1.696152784310E+08	-6.499168E+00
1.720645647060E+08	-6.602968E+00
1.745138509800E+08	-6.831154E+00
1.769631372550E+08	-6.933112E+00
1.794124235290E+08	-6.968986E+00
1.818617098040E+08	-7.135372E+00
1.843109960780E+08	-7.354112E+00
1.867602823530E+08	-7.226809E+00
1.892095686270E+08	-7.178241E+00
1.916588549020E+08	-7.171282E+00
1.941081411760E+08	-7.376239E+00
1.965574274510E+08	-7.341341E+00
1.990067137250E+08	-7.790416E+00
2.014560000000E+08	-7.686951E+00
