101 2.93718111438978e-06
104.18 3.15490990513517e-06
107.361 3.62093304886738e-06
110.541 2.8861259724196e-06
113.721 2.2133549048763e-06
116.902 1.21156402247549e-06
120.082 2.01258549239825e-06
123.262 2.1134766287824e-06
126.443 2.03926940447744e-06
129.623 2.08089419392822e-06
132.803 2.06018107087731e-06
135.983 1.62130607290171e-06
139.164 1.35446205693844e-06
142.344 1.46881609869195e-06
145.524 1.78225662385303e-06
148.705 6.99721884751364e-07
151.885 1.37462992182441e-06
155.065 2.23198530065411e-06
158.246 2.11600156942168e-06
161.426 1.91558615396801e-06
164.606 1.85193305482435e-06
167.787 2.07259748152337e-06
170.967 1.85955727940537e-06
174.147 1.40462372788843e-06
177.328 1.46130584562406e-06
180.508 2.04912827815821e-06
183.688 2.32050686696328e-06
186.868 2.22747684288354e-06
190.049 1.86121027644204e-06
193.229 1.66737968228378e-06
196.409 1.87326494758312e-06
199.59 2.18393910299407e-06
202.77 1.89583697448985e-06
205.95 1.79703468405252e-06
209.131 1.80194746280644e-06
212.311 1.9355742890609e-06
215.491 2.21161375151449e-06
218.672 2.55693814335662e-06
221.852 2.80640263504415e-06
225.032 2.63508706434949e-06
228.213 2.35433030156555e-06
231.393 2.13602500438436e-06
234.573 2.03795077353393e-06
237.753 1.90088894033627e-06
240.934 1.92778535247936e-06
244.114 1.8703944173488e-06
247.294 1.99208744564926e-06
250.475 2.33586024663699e-06
253.655 2.56723124345665e-06
256.835 2.52293928268538e-06
260.016 2.38830729223606e-06
263.196 2.15146815626516e-06
264.196 1.91661536074781e-06
272.598 1.66902090308553e-06
281.001 1.44786500843276e-06
289.403 1.35572690911488e-06
297.806 1.4346237782738e-06
306.208 1.63076081573853e-06
314.611 1.90391167083527e-06
323.013 1.79168372830009e-06
331.415 1.82807761232315e-06
339.818 1.91689899567635e-06
348.22 1.91322575141197e-06
356.623 1.82351132301907e-06
365.025 1.6963485086317e-06
373.428 1.60701810955107e-06
381.83 1.63966770678398e-06
390.232 1.67755055754785e-06
398.635 1.72174046189199e-06
407.037 1.67512304064513e-06
415.44 1.60468587937297e-06
423.842 1.56738049820999e-06
432.245 1.53905948569713e-06
440.647 1.47406210583925e-06
449.049 1.36738909387915e-06
457.452 1.32693960130339e-06
465.854 1.35617440306291e-06
474.257 1.51316063083568e-06
482.659 1.62962099420566e-06
491.062 1.61203223262167e-06
499.464 1.60308096118709e-06
507.867 1.35387955010214e-06
516.269 1.15512747026638e-06
524.671 1.05551114505767e-06
533.074 1.55884812595236e-06
541.476 1.88842299885778e-06
549.879 1.95571183809946e-06
558.281 1.7936121080285e-06
566.684 1.62337869929778e-06
575.086 1.34555968364072e-06
583.488 1.20982307186505e-06
591.891 1.22046591750364e-06
600.293 1.22351242788243e-06
608.696 1.12971271189518e-06
617.098 1.12455359113436e-06
625.501 1.07168598038259e-06
633.903 1.0538082124931e-06
642.305 1.14621249436844e-06
650.708 1.12465829208875e-06
659.11 1.06407303612825e-06
667.513 1.03760028841341e-06
675.915 1.09556899753463e-06
684.318 1.21471264234731e-06
692.72 1.15323347186554e-06
693.72 1.10495516127946e-06
715.867 1.1172260771424e-06
738.014 1.06765609902662e-06
760.161 1.13672584001475e-06
782.307 1.26171635460263e-06
804.454 1.05437803065777e-06
826.601 1.06955049162908e-06
848.748 1.29214625419748e-06
870.895 9.4106632213225e-07
893.042 8.54147896731778e-07
915.189 8.56837704382901e-07
937.335 8.03129521292892e-07
959.482 8.93088832322474e-07
981.629 1.21883421747184e-06
1003.776 9.86186090255201e-07
1025.923 9.2423135460766e-07
1048.07 8.48412758500195e-07
1070.217 9.51154179753351e-07
1092.364 1.3445351316893e-06
1114.51 1.00764195381909e-06
1136.657 1.01697383993121e-06
1158.804 8.38773250418395e-07
1180.951 8.56567948713673e-07
1203.098 8.32433618160631e-07
1225.245 9.85911151559308e-07
1247.392 8.57907696197423e-07
1269.538 7.30563396295674e-07
1291.685 7.78782497260333e-07
1313.832 1.07857085160419e-06
1335.979 8.74826712995058e-07
1358.126 7.08362763042009e-07
1380.273 8.29960375244337e-07
1402.42 6.99109123716205e-07
1424.566 1.08700184774496e-06
1446.713 1.27945897007241e-06
1468.86 7.24834369887983e-07
1491.007 6.21549086613077e-07
1513.154 8.34728988782108e-07
1535.301 9.13463564336619e-07
1557.448 9.79150576926894e-07
1579.595 8.08982879184374e-07
1601.741 9.18822096686317e-07
1623.888 7.57126193383903e-07
1646.035 8.5567628610658e-07
1668.182 1.07591556958423e-06
1690.329 8.86207677663425e-07
1712.476 8.1302260834847e-07
1734.623 6.29609808465561e-07
1756.769 6.86867629395912e-07
1778.916 7.35804173944264e-07
1801.063 9.04125088365077e-07
1823.21 1.00847000672751e-06
1824.21 6.01396390163002e-07
1882.531 7.87776088786706e-07
1940.853 7.12972185888762e-07
1999.174 7.12605738647459e-07
2057.495 7.20432085361563e-07
2115.817 6.82927498491253e-07
2174.138 6.9610488098645e-07
2232.46 8.08598376936491e-07
2290.781 8.00321048846674e-07
2349.102 5.68797747793642e-07
2407.424 7.31646183819306e-07
2465.745 6.81875233372147e-07
2524.066 5.61962664809982e-07
2582.388 6.15978471707609e-07
2640.709 7.11959194897883e-07
2699.031 6.92766160969841e-07
2757.352 8.5543786769074e-07
2815.673 9.55126218906155e-07
2873.995 7.57526852719808e-07
2932.316 6.93636250106329e-07
2990.637 9.25743747534089e-07
3048.959 9.90339540679857e-07
3107.28 8.290479655936e-07
3165.602 6.28804556258563e-07
3223.923 7.20818212576826e-07
3282.244 7.16608221709086e-07
3340.566 5.53233911995032e-07
3398.887 5.7387504349444e-07
3457.208 6.30144439461081e-07
3515.53 6.05442500837276e-07
3573.851 7.1301135844255e-07
3632.173 9.21410144346791e-07
3690.494 8.25367386785499e-07
3748.815 8.49964655988496e-07
3807.137 8.16634543865481e-07
3865.458 8.22590940718946e-07
3923.779 5.67456505253473e-07
3982.101 7.59234548111978e-07
4040.422 6.72909151677141e-07
4098.744 5.36172804929558e-07
4157.065 6.39254377711794e-07
4215.386 5.89513700284957e-07
4273.708 6.48619580347655e-07
4332.029 5.18990603665102e-07
4390.35 5.78772575420126e-07
4448.672 6.17226061519267e-07
4506.993 4.55967578277735e-07
4565.315 5.85895787155803e-07
4623.636 6.2465431256919e-07
4681.957 5.74546553601255e-07
4740.279 5.41294609085445e-07
4798.6 5.76193579636031e-07
4799.6 5.75483354042899e-07
4953.131 6.37079083945946e-07
5106.663 4.95578632478978e-07
5260.194 4.30456629910435e-07
5413.725 3.88653417583109e-07
5567.257 3.52954458246441e-07
5720.788 4.33126361746365e-07
5874.32 5.30624979139829e-07
6027.851 4.70519866559083e-07
6181.382 5.8306747723465e-07
6334.914 6.23911155214947e-07
6488.445 5.74071277632615e-07
6641.976 5.2898422814966e-07
6795.508 5.87791708598061e-07
6949.039 6.02853224992511e-07
7102.571 5.27226774532459e-07
7256.102 5.94588350895261e-07
7409.633 5.82022749778988e-07
7563.165 5.03048719640195e-07
7716.696 3.90940382068599e-07
7870.227 5.82594623901488e-07
8023.759 6.03414122764107e-07
8177.29 5.51613706768276e-07
8330.822 5.19235698859415e-07
8484.353 5.40759042722639e-07
8637.884 4.96868565260538e-07
8791.416 5.36757371237882e-07
8944.947 5.58674271954756e-07
9098.478 4.76229059008068e-07
9252.01 4.34589427372212e-07
9405.541 5.03551257307737e-07
9559.073 5.46450819384731e-07
9712.604 3.61367636174378e-07
9866.135 4.40141240387943e-07
10019.667 5.75876344482123e-07
10173.198 5.77538899967641e-07
10326.729 5.00175401075131e-07
10480.261 4.3867702407641e-07
10633.792 4.59591786468603e-07
10787.324 5.7039464015287e-07
10940.855 5.74919055826923e-07
11094.386 4.08223449166105e-07
11247.918 3.59464543494724e-07
11401.449 3.94464719723291e-07
11554.98 4.85489685683737e-07
11708.512 3.84959134393547e-07
11862.043 3.28667720267142e-07
12015.575 4.84935035362703e-07
12169.106 6.23656272321713e-07
12322.637 6.06225595490466e-07
12476.169 4.54514032830244e-07
12629.7 4.48117778377125e-07
12630.7 5.59521087398292e-07
13034.822 5.44786628494095e-07
13438.943 4.77372029966863e-07
13843.065 4.39777956272985e-07
14247.186 4.03509814756146e-07
14651.308 3.25851930721501e-07
15055.429 3.4045102154206e-07
15459.551 4.13028466458563e-07
15863.673 4.67484081978806e-07
16267.794 4.25665970418645e-07
16671.916 3.51470190576642e-07
17076.037 3.77915138734611e-07
17480.159 3.64543337808962e-07
17884.28 4.12312891416416e-07
18288.402 3.95751940621286e-07
18692.524 3.68409451942303e-07
19096.645 3.6037526005948e-07
19500.767 3.04067164165116e-07
19904.888 2.91323784686416e-07
20309.01 3.46024206902308e-07
20713.131 2.94212895692762e-07
21117.253 3.32948148267814e-07
21521.375 4.14745863852547e-07
21925.496 3.69439006066386e-07
22329.618 2.90098936429949e-07
22733.739 2.4538108840014e-07
23137.861 3.70929280431802e-07
23541.982 3.46355015889714e-07
23946.104 2.54688208118309e-07
24350.225 2.25027939582679e-07
24754.347 2.81548555175854e-07
25158.469 3.19773395433053e-07
25562.59 3.46639043016602e-07
25966.712 3.85262883651797e-07
26370.833 4.18770796598634e-07
26774.955 3.97962847729534e-07
27179.076 3.4118278759853e-07
27583.198 3.42464154513061e-07
27987.32 3.42878737309719e-07
28391.441 3.13611051696721e-07
28795.563 3.53132958723843e-07
29199.684 3.12649906830167e-07
29603.806 3.35128526946179e-07
30007.927 3.56497466059686e-07
30412.049 3.47673499122631e-07
30816.171 2.54195205929105e-07
31220.292 2.24115870915265e-07
31624.414 2.43894100738936e-07
32028.535 2.44209566014294e-07
32432.657 2.31867478927787e-07
32836.778 2.29898181052012e-07
33240.9 2.55524497601486e-07
33241.9 2.04294672560132e-07
34305.559 2.07786493479207e-07
35369.218 2.33378908350827e-07
36432.876 3.03653594094106e-07
37496.535 2.97342431337632e-07
38560.194 2.91042247666954e-07
39623.853 2.44694776649416e-07
40687.512 1.94159053516676e-07
41751.171 1.73704901977925e-07
42814.829 2.19913141740786e-07
43878.488 1.82381306129604e-07
44942.147 2.23690051334072e-07
46005.806 2.54965335703596e-07
47069.465 2.57515544797334e-07
48133.124 1.91702662986099e-07
49196.782 2.16917412638065e-07
50260.441 2.36831535666314e-07
51324.1 2.43438805171828e-07
52387.759 2.5282363894506e-07
53451.418 2.37626542649892e-07
54515.076 1.96906436356636e-07
55578.735 1.76075808081241e-07
56642.394 2.01555559133183e-07
57706.053 2.30475870851831e-07
58769.712 2.55649755344605e-07
59833.371 2.17128719499817e-07
60897.029 2.02216955554137e-07
61960.688 2.118653142647e-07
63024.347 2.5031461062431e-07
64088.006 2.50049909274461e-07
65151.665 2.23456694227047e-07
66215.324 2.1506427720327e-07
67278.982 1.9222290561059e-07
68342.641 1.68240487028829e-07
69406.3 1.84647010283849e-07
70469.959 2.00844992730297e-07
71533.618 2.05021889329185e-07
72597.276 1.93532872954212e-07
73660.935 1.82588084819763e-07
74724.594 1.68937327814312e-07
75788.253 1.71557310213945e-07
76851.912 1.76435088640708e-07
77915.571 1.56273093432358e-07
78979.229 1.32158694378392e-07
80042.888 1.51041548040703e-07
81106.547 1.73906269611902e-07
82170.206 1.94383114847166e-07
83233.865 1.63168275323452e-07
84297.524 1.47221032032441e-07
85361.182 1.62916639455665e-07
86424.841 1.87632433910585e-07
87488.5 1.91885603034459e-07
87489.5 1.60288820879132e-07
90289.039 1.75162552452658e-07
93088.578 2.15976536070712e-07
95888.118 2.06954897088246e-07
98687.657 1.82322120394557e-07
101487.196 1.64213232270037e-07
104286.735 1.4320324453195e-07
107086.275 1.52748253655417e-07
109885.814 1.23479247852092e-07
112685.353 1.26394183208514e-07
115484.892 1.31478976199695e-07
118284.431 1.38323800552354e-07
121083.971 1.27930003512714e-07
123883.51 1.23682342350137e-07
126683.049 1.49367034913785e-07
129482.588 1.65863253651727e-07
132282.127 1.82719747394151e-07
135081.667 1.72704881764175e-07
137881.206 1.66875671203981e-07
140680.745 1.62853979170932e-07
143480.284 1.51535756092006e-07
146279.824 1.49093556336361e-07
149079.363 1.5386794441556e-07
151878.902 1.49506023727495e-07
154678.441 1.46314585727488e-07
157477.98 1.35225568047668e-07
160277.52 1.44474052501146e-07
163077.059 1.41715482630593e-07
165876.598 1.38326247277722e-07
168676.137 1.25733536878871e-07
171475.676 1.23050649092311e-07
174275.216 1.20309362437672e-07
177074.755 1.27538161447943e-07
179874.294 1.43124857503117e-07
182673.833 1.49808306559708e-07
185473.373 1.43972191003028e-07
188272.912 1.26298110085809e-07
191072.451 1.14046835725887e-07
193871.99 1.05421742920413e-07
196671.529 1.07925531003158e-07
199471.069 1.08675381396943e-07
202270.608 1.15512465565278e-07
205070.147 1.02673765082585e-07
207869.686 9.19996634626192e-08
210669.225 1.11556523832439e-07
213468.765 1.19957613732299e-07
216268.304 1.31513258139617e-07
219067.843 1.35814270303589e-07
221867.382 1.39041314393376e-07
224666.922 1.18729081486712e-07
227466.461 1.10237905209279e-07
230266 1.11512190500649e-07
230267 1.14045664048356e-07
237635.294 1.68099812043604e-07
245003.588 2.18840601782393e-07
252371.882 7.86261959064249e-08
259740.176 9.81050020195892e-08
267108.471 1.09392822308787e-07
274476.765 9.46480103954415e-08
281845.059 1.02774095827235e-07
289213.353 1.08217759653992e-07
296581.647 1.25351053167488e-07
303949.941 1.25053839009234e-07
311318.235 1.05225904566811e-07
318686.529 8.24879270991822e-08
326054.824 7.17408199237505e-08
333423.118 9.10591941319321e-08
340791.412 1.00699698080923e-07
348159.706 1.17191850440955e-07
355528 1.16463802579072e-07
362896.294 7.87203568697926e-08
370264.588 5.43468275093634e-08
377632.882 7.02678209998517e-08
385001.176 9.64765136208891e-08
392369.471 7.36563573198261e-08
399737.765 8.36646144969903e-08
407106.059 9.63602132682494e-08
414474.353 8.46383696273002e-08
421842.647 9.44290687491813e-08
429210.941 7.95589444159536e-08
436579.235 6.73992426386566e-08
443947.529 8.33222728069578e-08
451315.824 6.81748916261112e-08
458684.118 8.11074306113663e-08
466052.412 6.18558283866573e-08
473420.706 6.64423273085192e-08
480789 8.57781371799365e-08
488157.294 7.31056709714541e-08
495525.588 7.88973002744707e-08
502893.882 8.93620281547241e-08
510262.176 7.3707307389189e-08
517630.471 6.39201273062249e-08
524998.765 5.63704709078388e-08
532367.059 6.15785347509114e-08
539735.353 3.65172493925638e-08
547103.647 5.46735184747424e-08
554471.941 7.20668141787973e-08
561840.235 8.02291414057112e-08
569208.529 8.29644629892148e-08
576576.824 7.06156378718907e-08
583945.118 5.81988296046682e-08
591313.412 8.49911005411837e-08
598681.706 9.43504443648995e-08
606050 5.52557632698418e-08
606051 4.17399836255658e-08
625444.118 6.93944383394202e-08
644837.235 6.79324346520158e-08
664230.353 6.86959159599324e-08
683623.471 6.4696416625909e-08
703016.588 8.52398554620941e-08
722409.706 6.0662881772856e-08
741802.824 6.01110537425522e-08
761195.941 6.6240388666134e-08
780589.059 6.21459358595975e-08
799982.176 6.23547919175808e-08
819375.294 6.96896157633295e-08
838768.412 6.25156625732272e-08
858161.529 4.87137909028973e-08
877554.647 6.89773009113897e-08
896947.765 6.05897685760492e-08
916340.882 6.48596201221068e-08
935734 8.0886492520207e-08
955127.118 6.3476810421999e-08
974520.235 4.33064439206904e-08
993913.353 7.90346812978961e-08
1013306.471 6.89805670850682e-08
1032699.588 6.28213172187188e-08
1052092.706 6.02207784514822e-08
1071485.824 6.97221666962294e-08
1090878.941 5.22341991259979e-08
1110272.059 6.91071244132991e-08
1129665.176 5.77383940528406e-08
1149058.294 5.24266760257791e-08
1168451.412 3.62693020280236e-08
1187844.529 4.93625390984834e-08
1207237.647 4.74801219695064e-08
1226630.765 6.57980815290841e-08
1246023.882 6.34651719783063e-08
1265417 4.04255592657418e-08
1284810.118 6.4074717713201e-08
1304203.235 7.36361052211909e-08
1323596.353 5.17627929269741e-08
1342989.471 5.19577748401113e-08
1362382.588 3.72274419493201e-08
1381775.706 6.78511176681947e-08
1401168.824 3.91120460069209e-08
1420561.941 4.26698829324349e-08
1439955.059 3.99937805131148e-08
1459348.176 6.38242503676487e-08
1478741.294 4.51068578228012e-08
1498134.412 5.73545790871322e-08
1517527.529 5.07887122636044e-08
1536920.647 4.04895932306562e-08
1556313.765 3.90633042113951e-08
1575706.882 3.48780588194828e-08
1595100 3.28713239632358e-08
1595100 1.26259335578047e-08
1646141.765 5.25911579792421e-08
1697183.529 3.61957974302335e-08
1748225.294 3.94819725118338e-08
1799267.059 4.6281173783248e-08
1850308.824 8.51548828297591e-09
1901350.588 5.13193745738245e-08
1952392.353 4.25124025134725e-08
2003434.118 5.49972875917777e-08
2054475.882 5.08373044714263e-08
2105517.647 2.92344997486737e-08
2156559.412 4.98783865542211e-08
2207601.176 5.40452742342335e-08
2258642.941 5.0307272221328e-08
2309684.706 4.22607611967023e-08
2360726.471 4.52603551232124e-08
2411768.235 4.15530953775901e-08
2462810 4.59526676075894e-08
2513851.765 3.47203323032528e-08
2564893.529 4.74564633653742e-08
2615935.294 3.9957475483968e-08
2666977.059 4.66399320627979e-08
2718018.824 3.83378306379273e-08
2769060.588 4.26415469148717e-08
2820102.353 5.59246977290034e-08
2871144.118 4.10114530472062e-08
2922185.882 4.08998041301911e-08
2973227.647 4.25627707964778e-08
3024269.412 3.48271335830398e-08
3075311.176 5.34972506320241e-08
3126352.941 3.44052507578247e-08
3177394.706 2.81748811186897e-08
3228436.471 4.75875677256319e-08
3279478.235 2.27570556451488e-08
3330520 4.0708742534845e-08
3381561.765 3.53043861022607e-08
3432603.529 3.67798253491775e-08
3483645.294 4.35891867300653e-08
3534687.059 3.47660379980233e-08
3585728.824 4.44646739702789e-08
3636770.588 2.76220530174859e-08
3687812.353 4.34005402043246e-08
3738854.118 3.15772684488589e-08
3789895.882 3.49508591093266e-08
3840937.647 4.51446532382297e-08
3891979.412 3.86803986081219e-08
3943021.176 2.11432701873126e-08
3994062.941 3.21217729231e-08
4045104.706 5.14469197397211e-08
4096146.471 1.8118658972355e-08
4147188.235 4.02350079227816e-08
4198230 3.92323501646753e-08
4198230 2.83351783638925e-08
4332570.588 3.6500568442701e-08
4466911.176 3.75870919827751e-08
4601251.765 5.48963351015712e-08
4735592.353 3.51408659204921e-08
4869932.941 3.22083061957626e-08
5004273.529 3.51375787342042e-08
5138614.118 3.09468878299709e-08
5272954.706 3.60704781834466e-08
5407295.294 3.40275728010903e-08
5541635.882 3.13186617409349e-08
5675976.471 3.21556777825177e-08
5810317.059 2.90025252981581e-08
5944657.647 9.98125830030963e-09
6078998.235 2.07563407948535e-08
6213338.824 2.88178157511027e-08
6347679.412 3.92557281337858e-08
6482020 5.07845157598839e-08
6616360.588 3.2268073070185e-08
6750701.176 3.82694191046167e-08
6885041.765 3.41615385604337e-08
7019382.353 3.42438781144966e-08
7153722.941 2.41047701947872e-08
7288063.529 3.02036917437339e-08
7422404.118 1.47169926779522e-08
7556744.706 3.94969373720799e-08
7691085.294 2.58922987155641e-08
7825425.882 3.18195545172839e-08
7959766.471 3.84091641185473e-08
8094107.059 4.13844930673012e-08
8228447.647 3.85704035804916e-08
8362788.235 2.14766926232882e-08
8497128.824 1.8522809384324e-08
8631469.412 3.16450068832667e-08
8765810 3.76186319975993e-08
8900150.588 1.93143843100654e-08
9034491.176 3.56929489862031e-08
9168831.765 2.33411223976205e-08
9303172.353 2.82069856353634e-08
9437512.941 2.75147416897942e-08
9571853.529 2.28182678420778e-08
9706194.118 3.35029501394056e-08
9840534.706 1.58960017454673e-08
9974875.294 2.25455352396411e-08
10109215.882 1.97609940147529e-08
10243556.471 2.58834509386133e-08
10377897.059 3.58848102279279e-08
10512237.647 4.04227808217099e-09
10646578.235 3.80318195305444e-08
10780918.824 2.90647403144515e-08
10915259.412 3.28019440164741e-08
11049600 1.99940784284248e-08
11049600 2.6166229181829e-08
11403174.51 2.45809110774682e-08
11756749.02 2.5534697276175e-08
12110323.529 2.2033917662876e-08
12463898.039 2.68885811690241e-08
12817472.549 3.12206258128485e-08
13171047.059 3.02494614286321e-08
13524621.569 1.43129529675885e-08
13878196.078 2.92700212957951e-08
14231770.588 2.49088133138313e-08
14585345.098 2.54770172587589e-08
14938919.608 2.3894007906335e-08
15292494.118 1.83080857898034e-08
15646068.627 2.82258358572691e-08
15999643.137 1.49016977400832e-08
16353217.647 3.6717334482409e-08
16706792.157 1.96873245075836e-08
17060366.667 2.93541996241884e-08
17413941.176 2.52845889172061e-08
17767515.686 3.71884963281497e-08
18121090.196 6.12446189756293e-09
18474664.706 1.86801525954822e-08
18828239.216 1.67560660186662e-08
19181813.725 1.76168206666697e-08
19535388.235 4.15416504685117e-08
19888962.745 1.02215269742099e-08
20242537.255 2.80632457371292e-08
20596111.765 3.62621208147345e-08
20949686.275 2.20524331174589e-08
21303260.784 3.71597393747144e-08
21656835.294 2.57263213878918e-08
22010409.804 1.65904251084534e-08
22363984.314 1.37796071857111e-08
22717558.824 4.11579509031183e-08
23071133.333 2.70495606809852e-08
23424707.843 1.04004788019831e-08
23778282.353 3.39856669218657e-08
24131856.863 3.1215574594207e-08
24485431.373 3.97968479443486e-08
24839005.882 1.98600996668194e-08
25192580.392 4.49760267227164e-08
25546154.902 2.66902171310838e-08
25899729.412 4.02527348278549e-08
26253303.922 3.36678986877693e-08
26606878.431 2.49511245520938e-08
26960452.941 2.91437212100051e-08
27314027.451 2.28498658247155e-08
27667601.961 3.46605609591752e-08
28021176.471 3.70239301733082e-08
28374750.98 3.12548059976062e-08
28728325.49 1.88234680170154e-08
29081900 4.63260734788305e-08
29081900 3.65325034612905e-08
30012498.039 3.68717036462705e-08
30943096.078 2.02259032550836e-08
31873694.118 7.57916034821801e-09
32804292.157 1.9500608604741e-08
33734890.196 3.60206079842734e-08
34665488.235 4.06013225613711e-08
35596086.275 3.35553557814472e-08
36526684.314 3.14668726735403e-08
37457282.353 4.00955405135546e-08
38387880.392 4.21873189732092e-08
39318478.431 3.65112945940403e-08
40249076.471 4.25503956344709e-08
41179674.51 4.67281062443397e-08
42110272.549 3.70092646303112e-08
43040870.588 3.1104541221984e-08
43971468.627 3.43003224181581e-08
44902066.667 3.43886849965799e-08
45832664.706 2.97484714101145e-08
46763262.745 3.77889882665731e-08
47693860.784 2.99806299120265e-08
48624458.824 3.5336046504711e-08
49555056.863 5.61512819866697e-08
50485654.902 2.88456905514498e-08
51416252.941 8.99599641883543e-09
52346850.98 4.96621078391635e-08
53277449.02 3.24837570936799e-08
54208047.059 3.91059945277447e-08
55138645.098 1.77666581253848e-08
56069243.137 4.30412932193365e-08
56999841.176 1.52816374434941e-08
57930439.216 -0
58861037.255 -0
59791635.294 2.29742033579665e-08
60722233.333 2.1110191547679e-08
61652831.373 1.29721365747667e-08
62583429.412 -0
63514027.451 1.25574499294562e-08
64444625.49 1.10053998297336e-08
65375223.529 1.50694744523756e-08
66305821.569 -0
67236419.608 -0
68167017.647 -0
69097615.686 -0
70028213.725 -0
70958811.765 1.20194572632669e-08
71889409.804 7.12745390588392e-09
72820007.843 1.58880971369765e-08
73750605.882 1.84855136097837e-08
74681203.922 -0
75611801.961 -0
76542400 -0
76542400 -0
78991686.275 1.1059734214433e-08
81440972.549 2.63397618561749e-09
83890258.824 1.05333029071939e-08
86339545.098 1.0085385830443e-08
88788831.373 -0
91238117.647 7.30098350267277e-09
93687403.922 -0
96136690.196 -0
98585976.471 -0
101035262.745 8.57670064414632e-09
103484549.02 9.13384320912068e-09
105933835.294 2.99745459253347e-09
108383121.569 -0
110832407.843 -0
113281694.118 -0
115730980.392 4.32804356464904e-09
118180266.667 8.95748088620517e-09
120629552.941 -0
123078839.216 9.11991842507377e-09
125528125.49 -0
127977411.765 9.40930975324859e-09
130426698.039 4.42549338641422e-09
132875984.314 -0
135325270.588 2.73539665935308e-09
137774556.863 7.35571326733853e-09
140223843.137 -0
142673129.412 1.78289213165014e-09
145122415.686 -0
147571701.961 -0
150020988.235 -0
152470274.51 4.95554282383262e-09
154919560.784 -0
157368847.059 7.62601042638672e-09
159818133.333 -0
162267419.608 4.03216737847228e-09
164716705.882 -0
167165992.157 -0
169615278.431 5.93694592577623e-09
172064564.706 -0
174513850.98 5.70917427248459e-09
176963137.255 -0
179412423.529 -0
181861709.804 5.97491290045177e-09
184310996.078 -0
186760282.353 -0
189209568.627 4.87964790963488e-09
191658854.902 4.62196573514993e-09
194108141.176 5.03843343557668e-09
196557427.451 1.87454362470309e-09
199006713.725 5.76419195567176e-09
201456000 7.41080074290518e-09
