101 4.99607802154102e-06
104.18 5.03176583274033e-06
107.361 4.51225884319317e-06
110.541 4.31022718193403e-06
113.721 3.92395945766824e-06
116.902 4.18747626624433e-06
120.082 4.60649838845002e-06
123.262 5.01201083718131e-06
126.443 4.94392224548377e-06
129.623 4.53730369976518e-06
132.803 3.3555105891524e-06
135.983 4.11382205592423e-06
139.164 4.53377653881794e-06
142.344 5.01609952363507e-06
145.524 4.78255781278418e-06
148.705 4.46642340256709e-06
151.885 3.5694828242534e-06
155.065 2.99840020542022e-06
158.246 3.96744629595663e-06
161.426 4.06420991115316e-06
164.606 3.61498969262741e-06
167.787 3.98383551986567e-06
170.967 4.39965685336391e-06
174.147 4.55326488806326e-06
177.328 4.54931946417664e-06
180.508 4.12775858378378e-06
183.688 3.65807074718842e-06
186.868 3.55000477386732e-06
190.049 3.70448075039847e-06
193.229 4.00486228535354e-06
196.409 3.50630304272808e-06
199.59 3.88848590713368e-06
202.77 3.97946817017551e-06
205.95 3.95201392639229e-06
209.131 3.78670554205227e-06
212.311 4.38985354352654e-06
215.491 4.60537253370156e-06
218.672 4.26087130270099e-06
221.852 3.74658433878298e-06
225.032 3.90860680084653e-06
228.213 3.83072138614577e-06
231.393 3.6150299985604e-06
234.573 3.48794520120545e-06
237.753 3.92278070181152e-06
240.934 4.5813823476408e-06
244.114 4.5702579372335e-06
247.294 3.75161949218708e-06
250.475 3.84442371416055e-06
253.655 3.8688141373479e-06
256.835 3.72528433698892e-06
260.016 4.04908960853525e-06
263.196 4.43183608750224e-06
264.196 3.30311534207388e-06
272.598 3.33005157751553e-06
281.001 3.25910788623648e-06
289.403 2.78440779736441e-06
297.806 2.42422601723967e-06
306.208 2.26873951879613e-06
314.611 2.15462606810619e-06
323.013 2.08679218179616e-06
331.415 2.48239286347379e-06
339.818 2.70371592993394e-06
348.22 2.77450984430611e-06
356.623 2.25701447934096e-06
365.025 2.12832504239178e-06
373.428 1.85039401664645e-06
381.83 1.72276640037032e-06
390.232 1.88298169587008e-06
398.635 2.03222197892164e-06
407.037 2.3942373770961e-06
415.44 2.56108295324029e-06
423.842 1.82248569263728e-06
432.245 1.72985396287899e-06
440.647 1.853477546311e-06
449.049 1.97374746932874e-06
457.452 2.24518907327e-06
465.854 2.64878729987022e-06
474.257 2.60280152308138e-06
482.659 2.54555399317521e-06
491.062 2.31359242042465e-06
499.464 1.94305389167547e-06
507.867 1.96009870945694e-06
516.269 2.06872897507756e-06
524.671 2.07704796220832e-06
533.074 1.95883001176031e-06
541.476 2.00302582680874e-06
549.879 2.15174847148267e-06
558.281 2.16093449183694e-06
566.684 2.21523584264069e-06
575.086 2.03796955328617e-06
583.488 1.88086915662154e-06
591.891 1.8944560370485e-06
600.293 1.99650447494124e-06
608.696 2.03230163170982e-06
617.098 2.20803667638126e-06
625.501 2.3083557877568e-06
633.903 2.35558572135251e-06
642.305 2.25552584333366e-06
650.708 1.96962995698355e-06
659.11 1.76008241514981e-06
667.513 1.74856847538724e-06
675.915 1.80458813270322e-06
684.318 1.85343980759219e-06
692.72 1.77261957897479e-06
693.72 1.85840637462094e-06
715.867 1.93249676716236e-06
738.014 1.47421408241149e-06
760.161 1.09367233950011e-06
782.307 1.86105760690246e-06
804.454 1.59385403839594e-06
826.601 1.81912248333874e-06
848.748 1.67274639535929e-06
870.895 1.5704581096123e-06
893.042 1.23565932711559e-06
915.189 1.51786011117195e-06
937.335 1.67923273556575e-06
959.482 1.26622501143182e-06
981.629 1.21969802207794e-06
1003.776 1.60918928828182e-06
1025.923 1.30262181911496e-06
1048.07 1.64246232415528e-06
1070.217 1.4754779653483e-06
1092.364 1.45739918369874e-06
1114.51 1.68448540745124e-06
1136.657 1.5179046634094e-06
1158.804 1.68868427456816e-06
1180.951 1.08479935560268e-06
1203.098 1.11398994500581e-06
1225.245 1.30462172056079e-06
1247.392 1.15455527334842e-06
1269.538 1.34890210017277e-06
1291.685 1.68338014218789e-06
1313.832 1.40125764806645e-06
1335.979 8.98342446840513e-07
1358.126 1.49984680284147e-06
1380.273 1.42918112637928e-06
1402.42 1.18004793036649e-06
1424.566 1.60972248343938e-06
1446.713 1.64844387152865e-06
1468.86 1.8707029921052e-06
1491.007 1.55707993466177e-06
1513.154 1.20553988533146e-06
1535.301 1.34420505309614e-06
1557.448 1.43046788766751e-06
1579.595 1.05869615757778e-06
1601.741 1.11204763613068e-06
1623.888 1.49605749519353e-06
1646.035 1.09271139055296e-06
1668.182 1.41314307524609e-06
1690.329 1.29506813959229e-06
1712.476 1.26794298791389e-06
1734.623 1.09212389697887e-06
1756.769 1.20361859074625e-06
1778.916 1.39086965947761e-06
1801.063 1.04165456377396e-06
1823.21 1.06788047672527e-06
1824.21 1.08228615990691e-06
1882.531 8.70355225353735e-07
1940.853 1.02928425156609e-06
1999.174 1.19953159350513e-06
2057.495 1.22374861720018e-06
2115.817 1.08115515040386e-06
2174.138 9.86314560565604e-07
2232.46 1.09281942838417e-06
2290.781 9.07180196655946e-07
2349.102 1.22438698842919e-06
2407.424 1.17166437422832e-06
2465.745 1.26545813904799e-06
2524.066 1.24359943239523e-06
2582.388 8.90074245074479e-07
2640.709 7.32374740759845e-07
2699.031 9.96041127576889e-07
2757.352 1.37676370307119e-06
2815.673 1.06265092050906e-06
2873.995 9.32704811036305e-07
2932.316 8.96104596095354e-07
2990.637 7.84990597006945e-07
3048.959 9.23322162991776e-07
3107.28 9.46053107695848e-07
3165.602 8.94269590369758e-07
3223.923 8.63924803676962e-07
3282.244 9.65023179324863e-07
3340.566 1.09558667091778e-06
3398.887 1.24255019983846e-06
3457.208 1.12719898253417e-06
3515.53 1.03272150499877e-06
3573.851 9.27910803704234e-07
3632.173 1.0402226723566e-06
3690.494 1.03686519322675e-06
3748.815 8.58677624786576e-07
3807.137 8.25276794382358e-07
3865.458 7.27734511195896e-07
3923.779 7.22546399456282e-07
3982.101 9.89397660149977e-07
4040.422 7.53887978671949e-07
4098.744 8.48719020578729e-07
4157.065 7.59961527337134e-07
4215.386 8.53991421040567e-07
4273.708 9.19423972256313e-07
4332.029 8.70564122031826e-07
4390.35 8.28380323463858e-07
4448.672 6.8341878641592e-07
4506.993 8.06170869698863e-07
4565.315 7.64280184171772e-07
4623.636 7.83451228896222e-07
4681.957 9.04939556320202e-07
4740.279 8.01287118021256e-07
4798.6 7.55194217987027e-07
4799.6 5.03651234426087e-07
4953.131 6.56385914736518e-07
5106.663 8.99322154017504e-07
5260.194 7.72632098247767e-07
5413.725 5.99030087441872e-07
5567.257 7.0419958221962e-07
5720.788 8.08156212788388e-07
5874.32 6.82371048046018e-07
6027.851 6.18624916197692e-07
6181.382 7.08743278110905e-07
6334.914 6.78685259801294e-07
6488.445 6.84892520381633e-07
6641.976 6.0842511979102e-07
6795.508 6.42321987431076e-07
6949.039 7.78120452211995e-07
7102.571 7.34413684341938e-07
7256.102 7.35203216739044e-07
7409.633 8.8778711727907e-07
7563.165 7.94214750681609e-07
7716.696 5.92264853300929e-07
7870.227 6.69853095645006e-07
8023.759 5.61401393884246e-07
8177.29 4.75336923078344e-07
8330.822 5.13629758189338e-07
8484.353 4.93806299922039e-07
8637.884 5.69237672291272e-07
8791.416 5.72122369602677e-07
8944.947 5.81715912695257e-07
9098.478 4.74222287019243e-07
9252.01 5.49054691291836e-07
9405.541 5.64170230383672e-07
9559.073 4.99850107254248e-07
9712.604 4.91719879973932e-07
9866.135 5.31207001138857e-07
10019.667 5.93557520317162e-07
10173.198 5.08192034806234e-07
10326.729 5.55958251796216e-07
10480.261 5.86258777485851e-07
10633.792 7.36251604690304e-07
10787.324 5.28868434944338e-07
10940.855 4.19876389575119e-07
11094.386 3.17183934487786e-07
11247.918 3.85737287006883e-07
11401.449 4.68709644450117e-07
11554.98 4.10608777439217e-07
11708.512 5.05254078525221e-07
11862.043 4.19471133620827e-07
12015.575 3.53628346324683e-07
12169.106 3.99892475701936e-07
12322.637 5.01642579118888e-07
12476.169 6.32445031979306e-07
12629.7 5.0152237127132e-07
12630.7 5.20911380893044e-07
13034.822 4.48549029155854e-07
13438.943 4.44318169665504e-07
13843.065 5.383609662206e-07
14247.186 4.83517836049413e-07
14651.308 4.94900485263007e-07
15055.429 5.12136652013143e-07
15459.551 5.07204580364137e-07
15863.673 4.5839370971484e-07
16267.794 5.05917329762614e-07
16671.916 5.65039458397546e-07
17076.037 5.16672204299001e-07
17480.159 4.16383529183723e-07
17884.28 4.10021943110033e-07
18288.402 4.46163661590046e-07
18692.524 4.64724248465052e-07
19096.645 4.28726643552816e-07
19500.767 3.79978095433615e-07
19904.888 3.97710111803464e-07
20309.01 3.62841800151365e-07
20713.131 2.65124840463865e-07
21117.253 2.47836979767875e-07
21521.375 3.1476707295311e-07
21925.496 3.74669452793751e-07
22329.618 3.67167361527674e-07
22733.739 3.59212314577796e-07
23137.861 3.95953188846864e-07
23541.982 3.97056944382113e-07
23946.104 4.42380104850939e-07
24350.225 5.11143581266837e-07
24754.347 4.79233374911901e-07
25158.469 4.0829822790655e-07
25562.59 3.6461112347698e-07
25966.712 3.88920187255742e-07
26370.833 3.52111038178469e-07
26774.955 3.45173819438668e-07
27179.076 3.48895702306571e-07
27583.198 2.74285833591807e-07
27987.32 2.71483718705634e-07
28391.441 3.41291332524132e-07
28795.563 3.85711830928444e-07
29199.684 3.97675812951857e-07
29603.806 3.53125135235811e-07
30007.927 2.96601124591479e-07
30412.049 3.33440231776304e-07
30816.171 3.55593868361734e-07
31220.292 3.23438376511592e-07
31624.414 2.26897010523153e-07
32028.535 2.4821827694352e-07
32432.657 3.10478737764391e-07
32836.778 2.79756240092549e-07
33240.9 2.53973754345609e-07
33241.9 1.98576736752363e-07
34305.559 2.11280342697397e-07
35369.218 2.25696022623223e-07
36432.876 2.34305149423476e-07
37496.535 2.67587583009853e-07
38560.194 2.97523008293848e-07
39623.853 3.14097002344491e-07
40687.512 3.16640374128228e-07
41751.171 2.86342927009372e-07
42814.829 2.69769115333052e-07
43878.488 2.8331076348093e-07
44942.147 2.85071490798589e-07
46005.806 2.70050484327653e-07
47069.465 2.33252888535354e-07
48133.124 2.52970810248452e-07
49196.782 3.15914228704387e-07
50260.441 3.28180266114052e-07
51324.1 2.70829490819637e-07
52387.759 2.38933203582025e-07
53451.418 2.07562364702563e-07
54515.076 2.39671636437543e-07
55578.735 2.71876268936135e-07
56642.394 3.05708877082736e-07
57706.053 3.00763485435945e-07
58769.712 2.94815396488476e-07
59833.371 2.30054525186725e-07
60897.029 2.16710915239835e-07
61960.688 2.2232446537486e-07
63024.347 3.22599508635088e-07
64088.006 3.3178831618349e-07
65151.665 2.12439199491986e-07
66215.324 1.77582381639889e-07
67278.982 1.61096145085502e-07
68342.641 1.80353573329833e-07
69406.3 2.03349039295493e-07
70469.959 2.24675968509807e-07
71533.618 2.37068545296687e-07
72597.276 2.35368856267148e-07
73660.935 2.30442360351654e-07
74724.594 2.04786588832203e-07
75788.253 1.76614435648216e-07
76851.912 1.52246492963935e-07
77915.571 1.77508462513142e-07
78979.229 1.99920130717555e-07
80042.888 1.84309251941624e-07
81106.547 1.8993420620846e-07
82170.206 2.25117371970002e-07
83233.865 2.4730596691217e-07
84297.524 2.39025888044052e-07
85361.182 1.91205376638501e-07
86424.841 1.84892300871616e-07
87488.5 2.11848955878827e-07
87489.5 2.34237878205917e-07
90289.039 2.4070787484988e-07
93088.578 2.41920826307795e-07
95888.118 2.53075130785198e-07
98687.657 2.29948601812327e-07
101487.196 2.16617462939376e-07
104286.735 1.65129712862438e-07
107086.275 1.64793201670609e-07
109885.814 1.70429208925401e-07
112685.353 1.47713366159935e-07
115484.892 1.52201939791942e-07
118284.431 1.36255815521121e-07
121083.971 1.4486031743202e-07
123883.51 1.5947364323574e-07
126683.049 2.14327671544105e-07
129482.588 2.39191075320208e-07
132282.127 2.31793048199547e-07
135081.667 1.60785111725179e-07
137881.206 8.81542246397755e-08
140680.745 1.14359969126439e-07
143480.284 1.39673888777697e-07
146279.824 1.9382132306453e-07
149079.363 2.45580982700208e-07
151878.902 2.40027812828034e-07
154678.441 1.75105448320547e-07
157477.98 1.63300877266561e-07
160277.52 2.03213380062853e-07
163077.059 1.78342014799586e-07
165876.598 1.72616202280552e-07
168676.137 1.39061381781808e-07
171475.676 1.33291495964648e-07
174275.216 1.91305399767099e-07
177074.755 1.8368468480165e-07
179874.294 1.80760944318201e-07
182673.833 1.74506780890715e-07
185473.373 1.69663722272234e-07
188272.912 1.40274817629049e-07
191072.451 1.42543886703962e-07
193871.99 1.81649087528261e-07
196671.529 1.98711109514676e-07
199471.069 1.92421627769592e-07
202270.608 1.82162871484497e-07
205070.147 1.56791839003972e-07
207869.686 1.29629553062864e-07
210669.225 1.3173604903932e-07
213468.765 1.28635064290797e-07
216268.304 1.00764231367185e-07
219067.843 1.17409953905225e-07
221867.382 1.25445490578512e-07
224666.922 1.0715739425818e-07
227466.461 1.08223242293021e-07
230266 1.36309274917531e-07
230267 9.57285433446133e-08
237635.294 1.15172342653627e-07
245003.588 1.41403037270804e-07
252371.882 -0
259740.176 8.67566594084282e-08
267108.471 1.07458272994648e-07
274476.765 8.81089275562153e-08
281845.059 1.29704243009255e-07
289213.353 1.46275628561985e-07
296581.647 1.06648052210457e-07
303949.941 1.4125516336821e-07
311318.235 1.04957425282323e-07
318686.529 1.36201173699517e-07
326054.824 9.10591578761823e-08
333423.118 1.43026278024424e-07
340791.412 1.43134351496129e-07
348159.706 1.13620995296385e-07
355528 7.91073819888309e-08
362896.294 1.01902366963081e-07
370264.588 1.33890706288189e-07
377632.882 1.04479369851653e-07
385001.176 7.98615258607454e-08
392369.471 9.66872765455952e-08
399737.765 7.39868807613046e-08
407106.059 1.07634930067219e-07
414474.353 8.82014959262256e-08
421842.647 7.54588017671968e-08
429210.941 8.96421774530935e-08
436579.235 1.10824949718227e-07
443947.529 1.22653761970532e-07
451315.824 1.34898166405506e-07
458684.118 8.21726663788726e-08
466052.412 8.01241620519834e-08
473420.706 9.61231077055226e-08
480789 1.05683164824778e-07
488157.294 9.19165432762585e-08
495525.588 1.10164199295958e-07
502893.882 1.16302366074833e-07
510262.176 9.23824814307296e-08
517630.471 1.10196452335759e-07
524998.765 8.63230241670419e-08
532367.059 1.19776250799944e-07
539735.353 9.6421617637675e-08
547103.647 8.62832048153591e-08
554471.941 9.31979167718866e-08
561840.235 7.36473145144478e-08
569208.529 8.36630983818505e-08
576576.824 9.08156106435452e-08
583945.118 8.2977827710715e-08
591313.412 9.8688034935986e-08
598681.706 1.18104652588658e-07
606050 1.08071733162656e-07
606051 7.07044220238678e-08
625444.118 7.98553283508821e-08
644837.235 9.21095764668495e-08
664230.353 7.77355089453829e-08
683623.471 6.8296437214059e-08
703016.588 1.04281620118669e-07
722409.706 8.91742382637615e-08
741802.824 7.45322435232397e-08
761195.941 9.55831002969013e-08
780589.059 8.02630124925298e-08
799982.176 8.27448077837123e-08
819375.294 1.03434591342773e-07
838768.412 8.79282046177949e-08
858161.529 8.4276202884408e-08
877554.647 8.11329849629748e-08
896947.765 7.43224739354194e-08
916340.882 8.81445994997567e-08
935734 1.08662823664754e-07
955127.118 9.80800928451885e-08
974520.235 7.9173713735207e-08
993913.353 5.15420061630395e-08
1013306.471 4.64733309755229e-08
1032699.588 7.13309922424832e-08
1052092.706 5.20528413834826e-08
1071485.824 7.02918269231722e-08
1090878.941 8.46298083351103e-08
1110272.059 6.30548223229968e-08
1129665.176 6.7051892506681e-08
1149058.294 6.10342361479678e-08
1168451.412 4.46228323592755e-08
1187844.529 8.80140444208781e-08
1207237.647 9.18836720178466e-08
1226630.765 7.01800884796429e-08
1246023.882 7.0119997571409e-08
1265417 9.64986914491673e-08
1284810.118 5.4198633637732e-08
1304203.235 6.34230157988273e-08
1323596.353 6.75709657341672e-08
1342989.471 7.71064987301278e-08
1362382.588 7.38312070124233e-08
1381775.706 9.66553336296921e-08
1401168.824 6.81480285331241e-08
1420561.941 6.66887956161865e-08
1439955.059 6.75572231889448e-08
1459348.176 5.53329252091727e-08
1478741.294 7.02646519993545e-08
1498134.412 6.34343508234513e-08
1517527.529 7.31289131342399e-08
1536920.647 7.15699482339934e-08
1556313.765 7.81472143755873e-08
1575706.882 5.01376323632449e-08
1595100 6.6473730262439e-08
1595100 6.54788343162239e-08
1646141.765 7.35416112138699e-08
1697183.529 6.57924303223653e-08
1748225.294 5.61818332756595e-08
1799267.059 8.21511453779678e-08
1850308.824 6.3491293298687e-08
1901350.588 3.65330765351181e-08
1952392.353 6.30731459642842e-08
2003434.118 5.73473188302601e-08
2054475.882 6.71951768117921e-08
2105517.647 7.68989453360181e-08
2156559.412 6.57438861778766e-08
2207601.176 5.59773358220057e-08
2258642.941 5.21157269128389e-08
2309684.706 5.65935736594951e-08
2360726.471 4.96952922008232e-08
2411768.235 7.43966097196774e-08
2462810 4.29123748561123e-08
2513851.765 5.92994434958246e-08
2564893.529 5.5617755379224e-08
2615935.294 4.71966875291053e-08
2666977.059 5.57247683112635e-08
2718018.824 7.15767079065474e-08
2769060.588 5.79358518830266e-08
2820102.353 4.54386515068735e-08
2871144.118 4.59960981869539e-08
2922185.882 6.22415992946518e-08
2973227.647 7.28065435559916e-08
3024269.412 6.28060488982805e-08
3075311.176 6.65476814545931e-08
3126352.941 6.0920535494778e-08
3177394.706 7.55907980819491e-08
3228436.471 6.78099991073654e-08
3279478.235 5.46944585167684e-08
3330520 4.99444835752298e-08
3381561.765 8.34726821592789e-08
3432603.529 6.80597159614643e-08
3483645.294 6.10938366407603e-08
3534687.059 6.10821493807078e-08
3585728.824 6.60527413628178e-08
3636770.588 4.16911308620898e-08
3687812.353 6.05684159580222e-08
3738854.118 4.53873424130296e-08
3789895.882 5.23504596912768e-08
3840937.647 5.02527257359837e-08
3891979.412 5.97901199315213e-08
3943021.176 5.17295300152853e-08
3994062.941 8.92602229624999e-08
4045104.706 4.58158845433328e-08
4096146.471 5.79028173164933e-08
4147188.235 6.23962000552886e-08
4198230 7.30944231145797e-08
4198230 6.85194925612449e-08
4332570.588 5.55128284942066e-08
4466911.176 6.09443635270949e-08
4601251.765 6.77356842986952e-08
4735592.353 5.79495301371935e-08
4869932.941 7.80186066716703e-08
5004273.529 6.30777922962876e-08
5138614.118 5.67444452199226e-08
5272954.706 5.86757561390094e-08
5407295.294 6.67385073549739e-08
5541635.882 5.87430211027591e-08
5675976.471 5.16055646487857e-08
5810317.059 5.93787288056927e-08
5944657.647 7.24890485497168e-08
6078998.235 4.39624373584257e-08
6213338.824 6.12206621511137e-08
6347679.412 4.92113894680937e-08
6482020 5.46943554264103e-08
6616360.588 7.91281558765936e-08
6750701.176 5.21803061442878e-08
6885041.765 5.59587244969603e-08
7019382.353 5.04972523410928e-08
7153722.941 5.40354423369967e-08
7288063.529 5.074545792383e-08
7422404.118 4.70193108405057e-08
7556744.706 6.2110626242569e-08
7691085.294 6.55694697960606e-08
7825425.882 7.75492713170169e-08
7959766.471 5.04347808360808e-08
8094107.059 4.0286025787619e-08
8228447.647 4.28052389426248e-08
8362788.235 5.24137917138991e-08
8497128.824 4.74903581928848e-08
8631469.412 7.26495753822003e-08
8765810 5.18565141188299e-08
8900150.588 6.26896117327265e-08
9034491.176 5.95932068253463e-08
9168831.765 3.7800177973667e-08
9303172.353 5.77899765916859e-08
9437512.941 6.7118606176503e-08
9571853.529 3.41339319754874e-08
9706194.118 4.85945846385798e-08
9840534.706 5.60802097252926e-08
9974875.294 6.56077003255868e-08
10109215.882 4.49281121278204e-08
10243556.471 6.04589601291413e-08
10377897.059 5.61629968175301e-08
10512237.647 5.00885563030679e-08
10646578.235 5.5385740289645e-08
10780918.824 3.93520139010648e-08
10915259.412 7.1104737756743e-08
11049600 5.2669453298336e-08
11049600 6.60864436175892e-08
11403174.51 5.45329369399082e-08
11756749.02 6.90261648364119e-08
12110323.529 5.36159450941369e-08
12463898.039 4.62344281292805e-08
12817472.549 6.4900531519439e-08
13171047.059 6.63453993051756e-08
13524621.569 6.34631695388751e-08
13878196.078 5.33224062153285e-08
14231770.588 4.53068795063012e-08
14585345.098 5.41745794199374e-08
14938919.608 4.52715895671965e-08
15292494.118 4.08713756713179e-08
15646068.627 4.8398205302324e-08
15999643.137 8.02897588637928e-08
16353217.647 5.485717695913e-08
16706792.157 4.54576935566918e-08
17060366.667 4.47722038039317e-08
17413941.176 4.83164978628791e-08
17767515.686 5.2887478114791e-08
18121090.196 4.90615988131899e-08
18474664.706 6.93721735908894e-08
18828239.216 5.79509253977329e-08
19181813.725 5.30985320694414e-08
19535388.235 5.29985035957667e-08
19888962.745 5.54114539933081e-08
20242537.255 5.29024798750011e-08
20596111.765 6.61596744287024e-08
20949686.275 5.35158291952951e-08
21303260.784 6.3720958184121e-08
21656835.294 6.83993011210378e-08
22010409.804 5.80914052382209e-08
22363984.314 7.13483493686182e-08
22717558.824 3.79546961277574e-08
23071133.333 6.34146575295862e-08
23424707.843 6.05164740000605e-08
23778282.353 6.3867088260183e-08
24131856.863 7.28110015331097e-08
24485431.373 7.25634767135754e-08
24839005.882 5.04809319636633e-08
25192580.392 5.45823595840863e-08
25546154.902 5.25818749539031e-08
25899729.412 6.59863413680437e-08
26253303.922 5.80692339278064e-08
26606878.431 8.03716163327054e-08
26960452.941 8.42940113125998e-08
27314027.451 6.40303354718894e-08
27667601.961 4.18103466372679e-08
28021176.471 5.40898361582775e-08
28374750.98 7.38169887869107e-08
28728325.49 6.99374906884112e-08
29081900 7.35670335949228e-08
29081900 5.25871621490112e-08
30012498.039 7.75070896160132e-08
30943096.078 7.40915297726731e-08
31873694.118 6.5427805630695e-08
32804292.157 5.4306034573735e-08
33734890.196 8.0186242709226e-08
34665488.235 5.31254788104983e-08
35596086.275 7.79871129376098e-08
36526684.314 7.26919386036003e-08
37457282.353 6.91309481725623e-08
38387880.392 5.31397106935294e-08
39318478.431 6.76397286821916e-08
40249076.471 7.59112939594946e-08
41179674.51 6.81841499121013e-08
42110272.549 6.9422804876585e-08
43040870.588 6.50757876812936e-08
43971468.627 7.95368743810473e-08
44902066.667 8.42166970879107e-08
45832664.706 7.31560778632261e-08
46763262.745 8.56293605325726e-08
47693860.784 7.50991443448059e-08
48624458.824 5.37193637993834e-08
49555056.863 7.38972859370681e-08
50485654.902 4.18543646344428e-08
51416252.941 6.01858991579581e-08
52346850.98 8.42380272751653e-08
53277449.02 4.47552325862172e-08
54208047.059 5.31885705060025e-08
55138645.098 5.47665081241738e-08
56069243.137 5.6413092905814e-08
56999841.176 5.42973088212851e-08
57930439.216 3.31019903300889e-08
58861037.255 6.13446924352808e-08
59791635.294 4.51465307427415e-08
60722233.333 5.80040385194436e-08
61652831.373 4.87340274724294e-08
62583429.412 3.7357365125141e-08
63514027.451 2.93524078914831e-08
64444625.49 2.85736487585765e-08
65375223.529 3.18080437809039e-08
66305821.569 3.21329547047015e-08
67236419.608 2.93717490254036e-08
68167017.647 3.78127501905905e-08
69097615.686 1.55407310519937e-08
70028213.725 2.89703886105037e-08
70958811.765 8.10124218518988e-09
71889409.804 2.63211358191169e-08
72820007.843 1.66024506431581e-08
73750605.882 2.97142463367321e-08
74681203.922 1.54857415589083e-08
75611801.961 3.29243766781013e-08
76542400 2.73931303251308e-08
76542400 -0
78991686.275 2.21730380006823e-08
81440972.549 7.16618072356538e-09
83890258.824 1.28003200182495e-08
86339545.098 -0
88788831.373 -0
91238117.647 1.21802584465807e-08
93687403.922 -0
96136690.196 -0
98585976.471 2.93181962324032e-08
101035262.745 -0
103484549.02 -0
105933835.294 4.375345839588e-09
108383121.569 1.45593442616074e-08
110832407.843 9.88289710681539e-09
113281694.118 8.5406013129463e-09
115730980.392 -0
118180266.667 7.89319722786654e-09
120629552.941 2.97661086472518e-09
123078839.216 7.8971280459298e-09
125528125.49 8.02567712680812e-09
127977411.765 3.44169923083061e-09
130426698.039 6.96395648589938e-09
132875984.314 9.25563460166293e-09
135325270.588 9.93487397806333e-10
137774556.863 8.49323025088217e-09
140223843.137 5.74241463319116e-09
142673129.412 -0
145122415.686 8.44769677503868e-09
147571701.961 1.9835962591213e-09
150020988.235 -0
152470274.51 -0
154919560.784 4.79808333238127e-09
157368847.059 4.23473301078687e-09
159818133.333 3.62814620767962e-09
162267419.608 -0
164716705.882 4.71831746868002e-09
167165992.157 4.08110088064287e-09
169615278.431 6.34808857351691e-09
172064564.706 -0
174513850.98 -0
176963137.255 3.72968307307739e-09
179412423.529 8.81933801849498e-09
181861709.804 7.45052281631967e-09
184310996.078 3.84581046555443e-09
186760282.353 -0
189209568.627 5.35286987254762e-09
191658854.902 -0
194108141.176 3.85205993939282e-09
196557427.451 8.91002271292139e-09
199006713.725 -0
201456000 9.45582401212031e-09
