101 -0
104.18 -0
107.361 -0
110.541 -0
113.721 6.68552097225788e-07
116.902 6.72196788082924e-07
120.082 5.21878360088067e-07
123.262 2.69858839647324e-07
126.443 4.48866110117984e-07
129.623 3.72829090595302e-07
132.803 2.88145358328101e-07
135.983 4.08045896171889e-07
139.164 3.16661391732099e-07
142.344 -0
145.524 -0
148.705 -0
151.885 -0
155.065 5.214998649904e-07
158.246 9.21849786537373e-07
161.426 8.39896536033457e-07
164.606 5.71843661986692e-07
167.787 5.53408111530225e-07
170.967 8.04987090722578e-07
174.147 9.12596964648886e-07
177.328 8.852204866464e-07
180.508 6.0416695888798e-07
183.688 4.08718837833161e-07
186.868 3.92129908031063e-07
190.049 1.64953740199245e-07
193.229 9.1005898510591e-08
196.409 -0
199.59 -0
202.77 -0
205.95 2.73541397658801e-07
209.131 4.41975596435278e-07
212.311 5.35197357118512e-07
215.491 3.52785984781709e-07
218.672 3.91253856545964e-07
221.852 5.37642819501972e-07
225.032 6.17553897252313e-07
228.213 5.95459644369893e-07
231.393 4.8278171979145e-07
234.573 2.06538013156586e-07
237.753 -0
240.934 -0
244.114 -0
247.294 -0
250.475 -0
253.655 -0
256.835 -0
260.016 -0
263.196 -0
264.196 3.27493926261374e-07
272.598 3.17542296425783e-07
281.001 3.01088334940097e-07
289.403 3.39693062316792e-07
297.806 3.24079941028321e-07
306.208 2.49817442167996e-07
314.611 -0
323.013 -0
331.415 -0
339.818 -0
348.22 -0
356.623 2.76844448431389e-07
365.025 2.93388555919978e-07
373.428 2.25341178220404e-07
381.83 7.42278552975903e-08
390.232 1.28167342795269e-07
398.635 7.78750431155579e-08
407.037 1.49670792379408e-07
415.44 2.46758721794367e-07
423.842 2.98889802710564e-07
432.245 2.47836253679138e-07
440.647 3.43561864211498e-07
449.049 3.27800607579303e-07
457.452 2.81951975319823e-07
465.854 2.61371180851753e-07
474.257 2.8894214689247e-07
482.659 3.25285725613944e-07
491.062 3.84180256237303e-07
499.464 3.93027319062187e-07
507.867 2.51823643303821e-07
516.269 5.92540905706941e-08
524.671 -0
533.074 1.78302919622114e-07
541.476 2.14469809735543e-07
549.879 -0
558.281 -0
566.684 -0
575.086 -0
583.488 2.98534155367589e-07
591.891 3.75703178490308e-07
600.293 3.89784043164866e-07
608.696 3.82769821738339e-07
617.098 2.66165565258919e-07
625.501 2.43603027990725e-07
633.903 2.44747063798526e-07
642.305 3.10207748284404e-07
650.708 3.2896944467169e-07
659.11 2.81290350859268e-07
667.513 2.18361160907864e-07
675.915 2.01448713049848e-07
684.318 2.18628331477327e-07
692.72 2.34773823799844e-07
693.72 1.76533120455058e-07
715.867 2.90640082417412e-07
738.014 2.50306130757858e-07
760.161 1.80362566560137e-07
782.307 1.84127837843304e-07
804.454 1.77740293664886e-07
826.601 2.44098546073732e-07
848.748 3.86568699371535e-07
870.895 3.23248137989919e-07
893.042 1.11599577019091e-07
915.189 1.04522819735166e-07
937.335 2.09112669329359e-07
959.482 1.52159939927039e-07
981.629 2.26100840640742e-07
1003.776 -0
1025.923 -0
1048.07 -0
1070.217 1.43560510340692e-07
1092.364 2.50437144875815e-07
1114.51 1.10363191952752e-07
1136.657 -0
1158.804 1.14542706017668e-07
1180.951 -0
1203.098 9.82925608711056e-08
1225.245 -0
1247.392 1.24192591996463e-07
1269.538 1.27451231603347e-07
1291.685 1.69588763044489e-07
1313.832 7.19923835309681e-08
1335.979 1.10401367339585e-07
1358.126 1.54920993385822e-07
1380.273 1.19072883425447e-07
1402.42 1.2750277255609e-07
1424.566 1.13601210439194e-07
1446.713 1.25744487010167e-07
1468.86 -0
1491.007 1.31497237801978e-07
1513.154 5.9424964653923e-08
1535.301 1.07666680307965e-07
1557.448 1.8344434721746e-07
1579.595 9.34907828235489e-08
1601.741 -0
1623.888 1.54027753074178e-07
1646.035 1.53410444160918e-07
1668.182 1.22903669169842e-07
1690.329 5.47345048287641e-08
1712.476 1.63686917784868e-07
1734.623 2.0041697662763e-07
1756.769 1.90815445733594e-07
1778.916 1.25450318914501e-07
1801.063 1.02409646538681e-07
1823.21 1.52746316773139e-07
1824.21 1.46991102366211e-07
1882.531 1.38031317624335e-07
1940.853 1.13745219770855e-07
1999.174 1.33460562043474e-07
2057.495 1.00451413726189e-07
2115.817 1.38140224702293e-07
2174.138 1.45761886256284e-07
2232.46 1.03098608151871e-07
2290.781 5.30426335669516e-08
2349.102 7.64843725112522e-08
2407.424 9.78991968889939e-08
2465.745 1.34548669263869e-07
2524.066 1.07635110803729e-07
2582.388 6.61151438881441e-08
2640.709 8.1168384948821e-08
2699.031 7.50067425148859e-08
2757.352 7.70901802830296e-08
2815.673 1.15866424100211e-07
2873.995 1.45040584385164e-07
2932.316 1.25956579643413e-07
2990.637 1.03661036713887e-07
3048.959 8.52576981339814e-08
3107.28 5.92471175798317e-08
3165.602 9.45755211367291e-08
3223.923 1.04586018715371e-07
3282.244 9.85242419965721e-08
3340.566 8.6924687051642e-08
3398.887 5.91002569758922e-08
3457.208 6.16119590280588e-08
3515.53 9.74925725615193e-08
3573.851 1.10493406428995e-07
3632.173 8.64576980007587e-08
3690.494 7.82826568122288e-08
3748.815 1.05127099351394e-07
3807.137 1.09176956670577e-07
3865.458 8.0900827152604e-08
3923.779 7.34696317439526e-08
3982.101 6.89517436108624e-08
4040.422 8.80633354030217e-08
4098.744 9.87226398180762e-08
4157.065 9.72288848770873e-08
4215.386 1.08261201626649e-07
4273.708 1.10692499243654e-07
4332.029 9.11527494056427e-08
4390.35 9.37586039751078e-08
4448.672 8.15208155401018e-08
4506.993 7.49703429737113e-08
4565.315 7.27129389268842e-08
4623.636 9.21625405875402e-08
4681.957 7.29579625998828e-08
4740.279 6.55261556139875e-08
4798.6 7.29393950955703e-08
4799.6 7.99041814291392e-08
4953.131 6.51075932060178e-08
5106.663 5.90852133032013e-08
5260.194 7.5695760924886e-08
5413.725 7.89544331539908e-08
5567.257 4.42564159016069e-08
5720.788 4.46679220390215e-08
5874.32 8.56438241670904e-08
6027.851 8.80655832586102e-08
6181.382 5.623369733521e-08
6334.914 6.79482609375104e-08
6488.445 4.67028439523419e-08
6641.976 4.82890547320125e-08
6795.508 3.80478058439971e-08
6949.039 8.55973807621968e-08
7102.571 8.06296272759877e-08
7256.102 5.74259370536285e-08
7409.633 5.84509356593571e-08
7563.165 6.24868736797969e-08
7716.696 6.79138950625989e-08
7870.227 6.16774791594955e-08
8023.759 4.23500393635791e-08
8177.29 6.28612660052445e-08
8330.822 6.60098471444163e-08
8484.353 5.54966756616791e-08
8637.884 7.28507429886614e-08
8791.416 8.58100444340783e-08
8944.947 8.24234525585431e-08
9098.478 6.34958303016505e-08
9252.01 5.57641200382361e-08
9405.541 5.22602193865229e-08
9559.073 7.09425390326566e-08
9712.604 6.12325248327317e-08
9866.135 4.84212619393919e-08
10019.667 6.25806602482588e-08
10173.198 7.67031385189987e-08
10326.729 5.62173228237667e-08
10480.261 6.52194334081951e-08
10633.792 5.62285252368155e-08
10787.324 4.70464977997566e-08
10940.855 4.82003144104642e-08
11094.386 5.65990448929096e-08
11247.918 5.38270594057664e-08
11401.449 6.51530133408816e-08
11554.98 7.66496924475258e-08
11708.512 7.13434833575646e-08
11862.043 6.96384667052829e-08
12015.575 6.8172784059051e-08
12169.106 8.65704596152781e-08
12322.637 8.16418069700157e-08
12476.169 9.2996345383252e-08
12629.7 4.98169280511645e-08
12630.7 4.67396666126493e-08
13034.822 3.65055038129526e-08
13438.943 3.9297987718555e-08
13843.065 4.01649183141171e-08
14247.186 3.91714065390407e-08
14651.308 3.98829454381093e-08
15055.429 5.27256991163664e-08
15459.551 5.33262356438564e-08
15863.673 4.30821336385839e-08
16267.794 3.84879425046338e-08
16671.916 3.46315794690337e-08
17076.037 4.28631785171282e-08
17480.159 4.54238831497264e-08
17884.28 4.4899872331373e-08
18288.402 1.51333276569134e-08
18692.524 2.56428439594519e-08
19096.645 5.28953446430099e-08
19500.767 6.36846495494707e-08
19904.888 6.01991366147256e-08
20309.01 6.00192011164261e-08
20713.131 6.37682390111033e-08
21117.253 6.41321852294813e-08
21521.375 5.93581474352157e-08
21925.496 5.57041174881741e-08
22329.618 5.41957534810616e-08
22733.739 4.20254605228033e-08
23137.861 3.5536129130174e-08
23541.982 3.29824531602411e-08
23946.104 2.53879816787393e-08
24350.225 3.21805046386737e-08
24754.347 4.13915273878906e-08
25158.469 5.19849885091187e-08
25562.59 5.50153661141421e-08
25966.712 4.55355328227232e-08
26370.833 3.65199149577693e-08
26774.955 3.17004825096275e-08
27179.076 3.83484899056273e-08
27583.198 4.33664707669128e-08
27987.32 3.27608269528106e-08
28391.441 2.92534682456064e-08
28795.563 3.41942979268693e-08
29199.684 3.48739333587179e-08
29603.806 4.92611754716998e-08
30007.927 5.55805912393661e-08
30412.049 4.46928650627983e-08
30816.171 2.14587030980439e-08
31220.292 1.54326915898038e-08
31624.414 2.19166743654415e-08
32028.535 2.68158906422591e-08
32432.657 2.90615102545945e-08
32836.778 4.53133049453778e-08
33240.9 5.55759746042829e-08
33241.9 4.51104911654872e-08
34305.559 5.08875867741437e-08
35369.218 5.14434267114002e-08
36432.876 3.66468550246266e-08
37496.535 3.07970249011167e-08
38560.194 3.08800012367875e-08
39623.853 3.93070098270817e-08
40687.512 3.87163935275278e-08
41751.171 3.75803312690881e-08
42814.829 3.14970907989103e-08
43878.488 3.24606423747036e-08
44942.147 3.03768023575639e-08
46005.806 2.16123728882879e-08
47069.465 1.87277934749399e-08
48133.124 1.7320420148475e-08
49196.782 1.70478916468372e-08
50260.441 1.54146854531385e-08
51324.1 2.70777368939707e-08
52387.759 2.62318586983233e-08
53451.418 2.43145971490934e-08
54515.076 3.56835113860351e-08
55578.735 3.32216180616477e-08
56642.394 2.54504146238661e-08
57706.053 2.23643300324423e-08
58769.712 2.52440765179557e-08
59833.371 3.37897700601824e-08
60897.029 3.23951532429282e-08
61960.688 2.63762864271584e-08
63024.347 1.27202377023388e-08
64088.006 2.4021305137415e-08
65151.665 2.47027804469618e-08
66215.324 2.10933789837096e-08
67278.982 2.33190765909866e-08
68342.641 2.7845693248463e-08
69406.3 2.79873942941461e-08
70469.959 2.65092931208944e-08
71533.618 2.20118903511625e-08
72597.276 2.03877070176124e-08
73660.935 2.18420982206312e-08
74724.594 3.33763056931755e-08
75788.253 3.66299354008153e-08
76851.912 3.32807187693716e-08
77915.571 2.79019387745816e-08
78979.229 2.31586234416297e-08
80042.888 2.10103958870294e-08
81106.547 1.95529956673651e-08
82170.206 1.6712030748407e-08
83233.865 1.57589085613947e-08
84297.524 1.79975864618565e-08
85361.182 2.54770468003672e-08
86424.841 2.76656405826307e-08
87488.5 2.96427831204562e-08
87489.5 3.17240532682443e-08
90289.039 2.84539374636886e-08
93088.578 6.48401249601664e-09
95888.118 -0
98687.657 1.53938041117457e-08
101487.196 1.85171182151948e-08
104286.735 2.65839038602234e-08
107086.275 2.86705118100113e-08
109885.814 2.85015282296932e-08
112685.353 2.74788173005754e-08
115484.892 2.64871016126718e-08
118284.431 2.36211601052383e-08
121083.971 2.10261646686004e-08
123883.51 1.8917410633961e-08
126683.049 1.78555275483336e-08
129482.588 1.87879563001834e-08
132282.127 2.59759350563729e-08
135081.667 2.9605163957418e-08
137881.206 3.15508674042838e-08
140680.745 3.40280862700917e-08
143480.284 3.28832895578119e-08
146279.824 2.85199585973893e-08
149079.363 2.65810904877885e-08
151878.902 1.64757834868846e-08
154678.441 1.06031929154901e-08
157477.98 1.4217404590589e-08
160277.52 1.72540672018078e-08
163077.059 1.92915988528686e-08
165876.598 2.15098885799997e-08
168676.137 2.34333066462567e-08
171475.676 2.56107560477859e-08
174275.216 2.30202021614472e-08
177074.755 2.2106907368818e-08
179874.294 2.73553417277778e-08
182673.833 3.31251074909652e-08
185473.373 3.52037529556083e-08
188272.912 3.780695369944e-08
191072.451 3.24961455642358e-08
193871.99 2.03749069775251e-08
196671.529 1.93414271907142e-08
199471.069 2.06260662087175e-08
202270.608 2.22919881801781e-08
205070.147 2.41278583310662e-08
207869.686 2.15456231634293e-08
210669.225 2.08948488818106e-08
213468.765 2.06382164166068e-08
216268.304 1.78651366517891e-08
219067.843 1.44264471769421e-08
221867.382 1.64454106863131e-08
224666.922 2.03521971162305e-08
227466.461 1.94564041571304e-08
230266 1.16885229436058e-08
230267 2.15435165695483e-08
237635.294 4.50442925269119e-09
245003.588 -0
252371.882 -0
259740.176 6.82638531980865e-08
267108.471 2.20860696203738e-08
274476.765 2.09449367720698e-08
281845.059 1.71438817027504e-08
289213.353 1.52568792098778e-08
296581.647 2.50177132863258e-08
303949.941 2.39225637948925e-08
311318.235 1.87491025378816e-08
318686.529 2.49605247768151e-08
326054.824 2.27452394369745e-08
333423.118 2.60101225963758e-08
340791.412 1.34793225599212e-08
348159.706 2.27732973847069e-08
355528 1.88461939984205e-08
362896.294 7.28899157315332e-09
370264.588 1.37174948778376e-08
377632.882 2.54570736565164e-08
385001.176 2.09425703270062e-08
392369.471 -0
399737.765 2.07556740398379e-08
407106.059 1.67245914109493e-08
414474.353 1.39782881158746e-08
421842.647 1.51837233575957e-09
429210.941 1.42193858489845e-08
436579.235 2.16148802894557e-08
443947.529 1.47853740517073e-08
451315.824 -0
458684.118 -0
466052.412 -0
473420.706 1.42077985643625e-08
480789 2.59335246938379e-08
488157.294 1.9619708873518e-08
495525.588 1.92007028605856e-08
502893.882 -0
510262.176 -0
517630.471 2.04012098674564e-08
524998.765 2.01664727722004e-08
532367.059 1.77463893888532e-08
539735.353 -0
547103.647 -0
554471.941 1.7488370486835e-08
561840.235 2.15169637416319e-08
569208.529 1.53075973325503e-08
576576.824 7.21089454142134e-09
583945.118 6.231044900753e-09
591313.412 1.57100464730217e-08
598681.706 8.85549516379519e-09
606050 1.23445655131519e-08
606051 -0
625444.118 1.09183025159454e-08
644837.235 2.19228811522687e-08
664230.353 -0
683623.471 1.137974264401e-08
703016.588 1.95646584632316e-08
722409.706 1.14285107707697e-08
741802.824 2.09215954502901e-08
761195.941 4.29884809110534e-09
780589.059 2.08085915138411e-08
799982.176 1.22416196957306e-08
819375.294 2.09519581847234e-08
838768.412 1.44902497575163e-08
858161.529 2.38885906784034e-08
877554.647 1.02609398375441e-08
896947.765 -0
916340.882 2.10930232413113e-08
935734 8.29167208046777e-10
955127.118 1.70289797414173e-08
974520.235 1.02993487671794e-08
993913.353 1.46247591686838e-08
1013306.471 -0
1032699.588 -0
1052092.706 -0
1071485.824 1.9046005597353e-08
1090878.941 -0
1110272.059 2.13765704265301e-08
1129665.176 -0
1149058.294 1.00923088879007e-08
1168451.412 2.55292234159032e-08
1187844.529 -0
1207237.647 -0
1226630.765 1.12891933661223e-08
1246023.882 1.90695209701345e-08
1265417 2.55685047687345e-08
1284810.118 -0
1304203.235 1.62528634767785e-08
1323596.353 1.21633882174335e-08
1342989.471 1.6945967888132e-08
1362382.588 2.16417552195403e-08
1381775.706 -0
1401168.824 -0
1420561.941 1.04977593952233e-08
1439955.059 2.17133427398109e-08
1459348.176 9.39960989428817e-09
1478741.294 1.58588888255609e-08
1498134.412 1.6373014247792e-08
1517527.529 1.58819706233198e-09
1536920.647 6.26786885098914e-09
1556313.765 -0
1575706.882 7.43072611889982e-09
1595100 -0
1595100 1.39683049586233e-08
1646141.765 2.78326545860703e-08
1697183.529 -0
1748225.294 1.96200083684768e-08
1799267.059 1.68681481977869e-08
1850308.824 5.39580241803757e-09
1901350.588 -0
1952392.353 9.32669325486798e-09
2003434.118 1.88974724739924e-08
2054475.882 1.3864320984354e-08
2105517.647 1.15467629669098e-08
2156559.412 1.69155438671064e-08
2207601.176 1.22789654498415e-08
2258642.941 1.4934457261501e-08
2309684.706 -0
2360726.471 7.94560777682865e-09
2411768.235 3.23279747935129e-09
2462810 3.86423329866353e-09
2513851.765 1.86773601801111e-08
2564893.529 2.07525131679828e-08
2615935.294 1.53141563367232e-08
2666977.059 1.11422981632696e-08
2718018.824 1.66966209626828e-08
2769060.588 2.19770132197735e-08
2820102.353 4.33411675707982e-09
2871144.118 -0
2922185.882 1.81966191313964e-08
2973227.647 -0
3024269.412 -0
3075311.176 8.38412466030294e-09
3126352.941 -0
3177394.706 -0
3228436.471 1.11399444663607e-08
3279478.235 1.91019634482741e-08
3330520 2.26621819506397e-08
3381561.765 9.13630141289133e-09
3432603.529 5.80433249034719e-09
3483645.294 1.7479978042961e-08
3534687.059 1.22980660493266e-08
3585728.824 2.31404058714622e-08
3636770.588 1.33446388566608e-08
3687812.353 -0
3738854.118 2.03029592447013e-08
3789895.882 1.16257085193807e-08
3840937.647 9.07727067658555e-09
3891979.412 1.40707839469164e-08
3943021.176 9.19443140134288e-09
3994062.941 8.4276510615414e-09
4045104.706 1.36318756647389e-08
4096146.471 1.60123788058364e-08
4147188.235 8.43586272334964e-09
4198230 7.31946305407712e-09
4198230 -0
4332570.588 2.16065419371426e-08
4466911.176 1.50430067014543e-08
4601251.765 1.75185584176752e-08
4735592.353 1.03887900896928e-08
4869932.941 1.98127948569782e-08
5004273.529 1.58457180424744e-08
5138614.118 1.32343350632399e-08
5272954.706 7.04573798680451e-09
5407295.294 -0
5541635.882 1.22615334448347e-08
5675976.471 5.92162542266902e-09
5810317.059 8.98988003490591e-09
5944657.647 1.56933911716971e-08
6078998.235 2.33941233729221e-08
6213338.824 -0
6347679.412 1.77200756234758e-08
6482020 1.82257487377474e-08
6616360.588 1.31345783282753e-08
6750701.176 1.40686849148845e-08
6885041.765 -0
7019382.353 -0
7153722.941 2.25696119065415e-08
7288063.529 -0
7422404.118 8.8494380470796e-09
7556744.706 2.85355898860616e-08
7691085.294 1.55263668983571e-08
7825425.882 8.93715784853328e-09
7959766.471 1.27182673984156e-08
8094107.059 -0
8228447.647 -0
8362788.235 1.95678296815845e-08
8497128.824 1.38331390609037e-08
8631469.412 9.51195689050366e-09
8765810 1.90648236874066e-08
8900150.588 2.32062478337473e-08
9034491.176 1.23164222948062e-08
9168831.765 2.54904609061978e-08
9303172.353 1.62260676611433e-08
9437512.941 1.2078643790778e-08
9571853.529 1.50368641701387e-08
9706194.118 7.67873725171007e-09
9840534.706 1.21990844965965e-08
9974875.294 1.69739198012952e-08
10109215.882 2.05665402852667e-08
10243556.471 1.40187371456669e-08
10377897.059 1.67322219924462e-08
10512237.647 1.58624722485872e-08
10646578.235 -0
10780918.824 1.97774638824699e-08
10915259.412 2.06617615498268e-08
11049600 1.22581152253884e-08
11049600 -0
11403174.51 1.99312347489061e-08
11756749.02 1.17179447134896e-08
12110323.529 -0
12463898.039 1.38838149920258e-08
12817472.549 9.05455653593261e-09
13171047.059 -0
13524621.569 1.10917166413184e-08
13878196.078 -0
14231770.588 1.05221143905823e-08
14585345.098 3.78651328046001e-09
14938919.608 2.3474876262626e-08
15292494.118 1.46108906375074e-08
15646068.627 -0
15999643.137 1.33224654161308e-08
16353217.647 1.61902476382049e-08
16706792.157 -0
17060366.667 -0
17413941.176 1.65902147142615e-08
17767515.686 5.80772902012482e-09
18121090.196 3.49145988905787e-09
18474664.706 1.43721994696984e-08
18828239.216 1.69460385252247e-08
19181813.725 1.72898089809575e-08
19535388.235 3.68606781446029e-09
19888962.745 2.5213692037516e-08
20242537.255 1.60487436107597e-08
20596111.765 1.31939653380816e-08
20949686.275 2.41282250633983e-08
21303260.784 1.38038434233839e-08
21656835.294 9.5703734981661e-09
22010409.804 1.7506522052678e-08
22363984.314 1.9290417428962e-08
22717558.824 -0
23071133.333 -0
23424707.843 1.4145269379068e-08
23778282.353 1.44039041432523e-08
24131856.863 1.31610226381387e-08
24485431.373 8.81883262267178e-09
24839005.882 1.7700439353855e-08
25192580.392 1.83931367853991e-08
25546154.902 1.3757564959247e-08
25899729.412 1.80032783558551e-08
26253303.922 1.27946147582801e-08
26606878.431 3.11319561293328e-08
26960452.941 1.56257971832064e-08
27314027.451 -0
27667601.961 1.95953160476477e-08
28021176.471 2.04063463858771e-08
28374750.98 2.51445656693052e-08
28728325.49 1.67565118630818e-08
29081900 2.04047720839023e-08
29081900 1.50776195396886e-08
30012498.039 1.20131445324028e-08
30943096.078 3.61842696381549e-08
31873694.118 2.64203675608346e-08
32804292.157 2.78998453092486e-08
33734890.196 3.30749104325393e-08
34665488.235 2.65349788224166e-08
35596086.275 2.04787486660465e-08
36526684.314 1.98441132525694e-08
37457282.353 2.44462755054016e-08
38387880.392 2.6055118768647e-08
39318478.431 2.96000043490048e-08
40249076.471 1.29429422678501e-08
41179674.51 2.22616563853614e-08
42110272.549 3.11893046818296e-08
43040870.588 3.48399456675452e-08
43971468.627 -0
44902066.667 2.11356398189125e-08
45832664.706 1.52337385465847e-08
46763262.745 3.25230437817434e-08
47693860.784 1.81595129837807e-08
48624458.824 -0
49555056.863 -0
50485654.902 1.97470240711328e-08
51416252.941 2.07269407745017e-08
52346850.98 3.11670347004892e-08
53277449.02 2.14111005210685e-08
54208047.059 2.31776794445281e-08
55138645.098 -0
56069243.137 1.76628452505903e-08
56999841.176 2.54536422093499e-08
57930439.216 2.28814634327593e-08
58861037.255 1.3960668068094e-08
59791635.294 -0
60722233.333 1.84655766822377e-08
61652831.373 1.43230555935352e-08
62583429.412 1.54037061413122e-08
63514027.451 -0
64444625.49 -0
65375223.529 -0
66305821.569 -0
67236419.608 9.06057308853585e-09
68167017.647 -0
69097615.686 -0
70028213.725 -0
70958811.765 -0
71889409.804 -0
72820007.843 -0
73750605.882 -0
74681203.922 5.8934329508021e-09
75611801.961 1.24676091053738e-08
76542400 -0
76542400 2.67565805193788e-09
78991686.275 -0
81440972.549 -0
83890258.824 -0
86339545.098 -0
88788831.373 8.55867655378447e-09
91238117.647 -0
93687403.922 -0
96136690.196 -0
98585976.471 -0
101035262.745 1.98230239596284e-08
103484549.02 -0
105933835.294 -0
108383121.569 7.05728224366859e-09
110832407.843 -0
113281694.118 -0
115730980.392 4.46870485166564e-09
118180266.667 -0
120629552.941 6.14206198426066e-09
123078839.216 -0
125528125.49 -0
127977411.765 -0
130426698.039 5.70364388137093e-09
132875984.314 -0
135325270.588 8.08568620909815e-09
137774556.863 5.28709249371675e-09
140223843.137 -0
142673129.412 -0
145122415.686 3.8982510667221e-09
147571701.961 5.98422757743011e-09
150020988.235 -0
152470274.51 1.28389331156798e-09
154919560.784 4.85197352354019e-09
157368847.059 -0
159818133.333 4.59400405224027e-09
162267419.608 3.41462535058592e-09
164716705.882 1.07165926046249e-09
167165992.157 -0
169615278.431 -0
172064564.706 5.6526102633088e-09
174513850.98 -0
176963137.255 -0
179412423.529 6.81167457912546e-09
181861709.804 -0
184310996.078 6.0624039828253e-09
186760282.353 3.78070402786307e-09
189209568.627 8.19879608689935e-09
191658854.902 7.22284916195202e-09
194108141.176 -0
196557427.451 -0
199006713.725 -0
201456000 1.53773552167497e-09
