vg	id_vd = 0V	ig_vd = 0V	is_vd = 0V	iavdd_vd = 0V	ignd_vd = 0V	id_vd = 0.15V	ig_vd = 0.15V	is_vd = 0.15V	iavdd_vd = 0.15V	ignd_vd = 0.15V	id_vd = 0.3V	ig_vd = 0.3V	is_vd = 0.3V	iavdd_vd = 0.3V	ignd_vd = 0.3V	id_vd = 0.45V	ig_vd = 0.45V	is_vd = 0.45V	iavdd_vd = 0.45V	ignd_vd = 0.45V	id_vd = 0.6V	ig_vd = 0.6V	is_vd = 0.6V	iavdd_vd = 0.6V	ignd_vd = 0.6V	id_vd = 0.75V	ig_vd = 0.75V	is_vd = 0.75V	iavdd_vd = 0.75V	ignd_vd = 0.75V	id_vd = 0.9V	ig_vd = 0.9V	is_vd = 0.9V	iavdd_vd = 0.9V	ignd_vd = 0.9V
-0.3	9.642e-11	-3.6968e-09	-1.46e-12	3.2586e-07	-3.2222e-07	2.2353e-09	-4.0296e-09	-8.9e-13	3.2544e-07	-3.2344e-07	3.4946e-09	-4.6198e-09	-5e-13	3.2542e-07	-3.2404e-07	5.6793e-09	-5.6001e-09	9e-14	3.2528e-07	-3.2512e-07	9.3941e-09	-7.1005e-09	-9.8e-13	3.253e-07	-3.274e-07	1.53992e-08	-9.2551e-09	-1.18e-12	3.2524e-07	-3.3114e-07	2.68524e-08	-1.2223e-08	-7.6e-13	3.2516e-07	-3.398e-07
-0.295	8.432e-11	-3.3351e-09	-6.1e-13	3.2578e-07	-3.2252e-07	1.9208e-09	-3.6543e-09	-5.5e-13	3.2542e-07	-3.2366e-07	3.1778e-09	-4.2314e-09	-4.6e-13	3.2536e-07	-3.2424e-07	5.3253e-09	-5.1973e-09	5.2e-13	3.2524e-07	-3.2528e-07	8.9419e-09	-6.6793e-09	-4.7e-13	3.253e-07	-3.2738e-07	1.50024e-08	-8.8058e-09	6.7e-13	3.2518e-07	-3.3134e-07	2.65906e-08	-1.1744e-08	-1.05e-12	3.2516e-07	-3.3976e-07
-0.29	8.644e-11	-2.9937e-09	-1.46e-12	3.2578e-07	-3.2284e-07	1.8149e-09	-3.3112e-09	-3.1e-13	3.2544e-07	-3.24e-07	3.0574e-09	-3.8773e-09	5.1e-13	3.2528e-07	-3.2444e-07	5.2078e-09	-4.826e-09	-6.5e-13	3.2522e-07	-3.2558e-07	8.7921e-09	-6.2906e-09	2.2e-13	3.2524e-07	-3.2774e-07	1.48072e-08	-8.3908e-09	7.4e-13	3.2526e-07	-3.3148e-07	2.60904e-08	-1.12874e-08	-5.6e-13	3.2516e-07	-3.4008e-07
-0.285	7.939e-11	-2.6954e-09	-6.5e-13	3.2584e-07	-3.2316e-07	1.7215e-09	-3.0089e-09	1e-13	3.2548e-07	-3.2416e-07	2.9502e-09	-3.5617e-09	2e-14	3.2528e-07	-3.247e-07	5.0822e-09	-4.4955e-09	-1.9e-13	3.2528e-07	-3.2578e-07	8.6811e-09	-5.9368e-09	-8.6e-13	3.253e-07	-3.28e-07	1.45084e-08	-8.0149e-09	-1.24e-12	3.2528e-07	-3.3168e-07	2.55916e-08	-1.08834e-08	-1.65e-12	3.2518e-07	-3.3996e-07
-0.28	6.11e-11	-2.4226e-09	-8.9e-13	3.2576e-07	-3.2342e-07	1.6536e-09	-2.7283e-09	-1.15e-12	3.2542e-07	-3.243e-07	2.8729e-09	-3.272e-09	3e-13	3.2536e-07	-3.2496e-07	4.9718e-09	-4.1893e-09	-6.4e-13	3.2524e-07	-3.2602e-07	8.5548e-09	-5.6207e-09	-6.9e-13	3.2528e-07	-3.2818e-07	1.44772e-08	-7.6618e-09	-1.36e-12	3.2522e-07	-3.3214e-07	2.55708e-08	-1.04986e-08	-3.2e-13	3.2518e-07	-3.3996e-07
-0.275	5.14e-11	-2.1835e-09	-2.5e-13	3.2578e-07	-3.2358e-07	1.5916e-09	-2.4791e-09	-1e-12	3.2542e-07	-3.246e-07	2.7954e-09	-3.012e-09	-2.3e-13	3.2534e-07	-3.2512e-07	4.8856e-09	-3.9168e-09	-6.5e-13	3.252e-07	-3.2614e-07	8.4597e-09	-5.3163e-09	6e-13	3.2522e-07	-3.2836e-07	1.42088e-08	-7.3416e-09	-2.8e-13	3.2522e-07	-3.323e-07	2.4609e-08	-1.01464e-08	-1.19e-12	3.2514e-07	-3.401e-07
-0.27	5.057e-11	-1.9608e-09	-4.4e-13	3.257e-07	-3.2384e-07	1.529e-09	-2.2492e-09	5.3e-13	3.2542e-07	-3.2466e-07	2.7256e-09	-2.775e-09	2.4e-13	3.2536e-07	-3.2532e-07	4.8089e-09	-3.662e-09	-1.38e-12	3.2528e-07	-3.264e-07	8.3017e-09	-5.0438e-09	3.7e-13	3.2526e-07	-3.2848e-07	1.42056e-08	-7.0462e-09	-6.7e-13	3.2522e-07	-3.3216e-07	2.47522e-08	-9.818e-09	2.2e-13	3.2518e-07	-3.3984e-07
-0.265	3.99e-11	-1.7645e-09	2.7e-13	3.2572e-07	-3.2394e-07	1.4771e-09	-2.0529e-09	-6.2e-13	3.2544e-07	-3.2488e-07	2.6514e-09	-2.5508e-09	-7e-13	3.2546e-07	-3.2546e-07	4.7397e-09	-3.4331e-09	-1.3e-12	3.2516e-07	-3.265e-07	8.314e-09	-4.7969e-09	1.5e-13	3.2528e-07	-3.286e-07	1.39488e-08	-6.7683e-09	-1.67e-12	3.2528e-07	-3.323e-07	2.40358e-08	-9.5277e-09	-4.7e-13	3.2512e-07	-3.3984e-07
-0.26	2.639e-11	-1.5905e-09	8.6e-13	3.2572e-07	-3.2418e-07	1.4398e-09	-1.8715e-09	-1.26e-12	3.2536e-07	-3.2496e-07	2.5964e-09	-2.359e-09	-2.26e-12	3.2534e-07	-3.256e-07	4.6466e-09	-3.2279e-09	-1.15e-12	3.2522e-07	-3.2672e-07	8.1329e-09	-4.5689e-09	-3.4e-13	3.2532e-07	-3.2884e-07	1.38736e-08	-6.5173e-09	-1.7e-13	3.2524e-07	-3.327e-07	2.386e-08	-9.243e-09	-5.6e-13	3.2514e-07	-3.3996e-07
-0.255	2.837e-11	-1.4293e-09	-1.08e-12	3.2572e-07	-3.2436e-07	1.3994e-09	-1.7048e-09	-6.1e-13	3.2548e-07	-3.2512e-07	2.5502e-09	-2.1922e-09	-1.5e-12	3.2534e-07	-3.257e-07	4.5764e-09	-3.0374e-09	-2.06e-12	3.2524e-07	-3.2684e-07	8.0836e-09	-4.3604e-09	-2.1e-13	3.2528e-07	-3.2902e-07	1.37396e-08	-6.2833e-09	1e-12	3.2524e-07	-3.3276e-07	2.36248e-08	-8.9759e-09	-3.6e-13	3.2512e-07	-3.3974e-07
-0.25	2.501e-11	-1.2862e-09	-2.5e-13	3.2572e-07	-3.2446e-07	1.3551e-09	-1.5602e-09	3.8e-13	3.2552e-07	-3.253e-07	2.5002e-09	-2.0349e-09	-7.5e-13	3.2536e-07	-3.2584e-07	4.5463e-09	-2.8646e-09	-1.97e-12	3.2516e-07	-3.2678e-07	7.9596e-09	-4.1685e-09	-3.2e-13	3.2522e-07	-3.2904e-07	1.35932e-08	-6.0749e-09	0	3.2522e-07	-3.328e-07	2.35528e-08	-8.7336e-09	2.4e-13	3.2518e-07	-3.3956e-07
-0.245	1.186e-11	-1.1596e-09	2e-14	3.2578e-07	-3.2474e-07	1.3168e-09	-1.4272e-09	-1.08e-12	3.2546e-07	-3.2538e-07	2.4553e-09	-1.8917e-09	-1.89e-12	3.2542e-07	-3.2594e-07	4.4497e-09	-2.7013e-09	-6e-13	3.2528e-07	-3.2706e-07	7.9091e-09	-3.9911e-09	-5e-13	3.2526e-07	-3.2912e-07	1.34926e-08	-5.8681e-09	-1.87e-12	3.2524e-07	-3.3264e-07	2.32072e-08	-8.5002e-09	-1.89e-12	3.251e-07	-3.3946e-07
-0.24	2.96e-12	-1.0455e-09	3e-13	3.2572e-07	-3.2466e-07	1.2898e-09	-1.3063e-09	-7.9e-13	3.2544e-07	-3.254e-07	2.4154e-09	-1.7605e-09	-1.66e-12	3.2538e-07	-3.2602e-07	4.3767e-09	-2.5458e-09	1.5e-13	3.2528e-07	-3.271e-07	7.7788e-09	-3.813e-09	-1e-12	3.2528e-07	-3.2928e-07	1.32444e-08	-5.6819e-09	-8.6e-13	3.2526e-07	-3.327e-07	2.29922e-08	-8.2813e-09	-1.87e-12	3.251e-07	-3.3984e-07
-0.235	5e-13	-9.3919e-10	-4.1e-13	3.257e-07	-3.2478e-07	1.253e-09	-1.196e-09	-5.7e-13	3.2542e-07	-3.2554e-07	2.3783e-09	-1.6406e-09	1e-14	3.254e-07	-3.2614e-07	4.3146e-09	-2.4128e-09	-7.3e-13	3.253e-07	-3.2718e-07	7.6799e-09	-3.6615e-09	-3.1e-13	3.2536e-07	-3.293e-07	1.32464e-08	-5.5039e-09	-1.3e-13	3.2526e-07	-3.3278e-07	2.24708e-08	-8.0756e-09	4.7e-13	3.2506e-07	-3.3966e-07
-0.23	-7.78e-12	-8.4671e-10	-4.5e-13	3.2574e-07	-3.2486e-07	1.2216e-09	-1.1005e-09	-7.6e-13	3.254e-07	-3.256e-07	2.3261e-09	-1.535e-09	-1.4e-13	3.254e-07	-3.2618e-07	4.2784e-09	-2.2894e-09	9e-14	3.2522e-07	-3.2726e-07	7.6978e-09	-3.5362e-09	-1.03e-12	3.2524e-07	-3.2942e-07	1.30248e-08	-5.3465e-09	-8.1e-13	3.252e-07	-3.3302e-07	2.2241e-08	-7.8828e-09	1.14e-12	3.2518e-07	-3.399e-07
-0.225	-1.888e-11	-7.6505e-10	-1.05e-12	3.257e-07	-3.2488e-07	1.1959e-09	-1.0106e-09	-1.77e-12	3.2542e-07	-3.2562e-07	2.3005e-09	-1.4356e-09	-6e-13	3.2536e-07	-3.2626e-07	4.2237e-09	-2.1902e-09	1.05e-12	3.2526e-07	-3.272e-07	7.5219e-09	-3.4037e-09	-9.3e-13	3.2528e-07	-3.2938e-07	1.3e-08	-5.189e-09	-1e-13	3.2518e-07	-3.3292e-07	2.22006e-08	-7.6963e-09	-1.7e-13	3.2512e-07	-3.3978e-07
-0.22	-1.909e-11	-6.8757e-10	-2.06e-12	3.2564e-07	-3.2498e-07	1.1798e-09	-9.3022e-10	1.1e-13	3.2542e-07	-3.2566e-07	2.2598e-09	-1.3444e-09	-1.42e-12	3.2538e-07	-3.2626e-07	4.1855e-09	-2.0887e-09	2.2e-13	3.2512e-07	-3.2728e-07	7.4326e-09	-3.2817e-09	9e-14	3.253e-07	-3.294e-07	1.27984e-08	-5.0461e-09	3.6e-13	3.2518e-07	-3.3294e-07	2.18854e-08	-7.5279e-09	-1.25e-12	3.2518e-07	-3.394e-07
-0.215	-2.382e-11	-6.204e-10	1.6e-13	3.2572e-07	-3.2506e-07	1.1379e-09	-8.5656e-10	9e-14	3.2542e-07	-3.2572e-07	2.218e-09	-1.2622e-09	3.8e-13	3.253e-07	-3.2626e-07	4.1457e-09	-1.9908e-09	1.8e-13	3.2522e-07	-3.2736e-07	7.4277e-09	-3.1698e-09	-6.3e-13	3.2522e-07	-3.294e-07	1.27234e-08	-4.9087e-09	1.4e-13	3.2518e-07	-3.33e-07	2.18016e-08	-7.3611e-09	-5e-13	3.2516e-07	-3.393e-07
-0.21	-3.263e-11	-5.6176e-10	-8.4e-13	3.2566e-07	-3.2506e-07	1.1203e-09	-7.9224e-10	-1.12e-12	3.2538e-07	-3.2566e-07	2.1837e-09	-1.1888e-09	5.6e-13	3.254e-07	-3.2642e-07	4.0907e-09	-1.9025e-09	-3.1e-13	3.2522e-07	-3.2746e-07	7.2882e-09	-3.0612e-09	-1.42e-12	3.2524e-07	-3.2948e-07	1.2614e-08	-4.7902e-09	-1.15e-12	3.2516e-07	-3.3322e-07	2.13852e-08	-7.2056e-09	-9.9e-13	3.2518e-07	-3.3926e-07
-0.205	-3.347e-11	-5.0597e-10	-1.17e-12	3.2568e-07	-3.2508e-07	1.1024e-09	-7.296e-10	-1.24e-12	3.2546e-07	-3.2576e-07	2.156e-09	-1.1174e-09	-8.6e-13	3.2536e-07	-3.2636e-07	4.0318e-09	-1.8217e-09	2.2e-13	3.2522e-07	-3.2744e-07	7.2455e-09	-2.9608e-09	-1.13e-12	3.2524e-07	-3.295e-07	1.26242e-08	-4.6581e-09	-1.57e-12	3.2518e-07	-3.3326e-07	2.12596e-08	-7.054e-09	-1.33e-12	3.2512e-07	-3.3976e-07
-0.2	-3.78e-11	-4.547e-10	-1e-12	3.2566e-07	-3.2512e-07	1.0694e-09	-6.7643e-10	-3.2e-13	3.2542e-07	-3.2584e-07	2.1294e-09	-1.0542e-09	-1.1e-13	3.2536e-07	-3.2642e-07	3.9943e-09	-1.7464e-09	-1.67e-12	3.2528e-07	-3.2746e-07	7.2175e-09	-2.8693e-09	5.1e-13	3.2522e-07	-3.2964e-07	1.24598e-08	-4.542e-09	-1.2e-13	3.2522e-07	-3.3304e-07	2.10406e-08	-6.9148e-09	-7.4e-13	3.2512e-07	-3.3962e-07
-0.195	-4.83e-11	-4.1194e-10	3.4e-13	3.2566e-07	-3.2524e-07	1.0483e-09	-6.2812e-10	-1.61e-12	3.2542e-07	-3.258e-07	2.088e-09	-9.961e-10	-9.6e-13	3.253e-07	-3.2648e-07	3.9583e-09	-1.6734e-09	-1.19e-12	3.2522e-07	-3.2752e-07	7.1236e-09	-2.7797e-09	-2.4e-13	3.2522e-07	-3.2954e-07	1.2283e-08	-4.4184e-09	-4e-13	3.2524e-07	-3.3324e-07	2.0797e-08	-6.7763e-09	4.4e-13	3.2518e-07	-3.3912e-07
-0.19	-5.181e-11	-3.7333e-10	-6.9e-13	3.2562e-07	-3.2524e-07	1.04e-09	-5.8139e-10	-1.1e-12	3.2542e-07	-3.2584e-07	2.0647e-09	-9.4389e-10	-6.5e-13	3.2536e-07	-3.2638e-07	3.911e-09	-1.6071e-09	-1.54e-12	3.253e-07	-3.2756e-07	7.1089e-09	-2.6972e-09	-1.03e-12	3.2532e-07	-3.297e-07	1.2242e-08	-4.3282e-09	-1.39e-12	3.2522e-07	-3.3312e-07	2.10132e-08	-6.6447e-09	-6.2e-13	3.251e-07	-3.393e-07
-0.185	-4.986e-11	-3.356e-10	-3.1e-13	3.2564e-07	-3.2526e-07	1.013e-09	-5.3939e-10	-6.8e-13	3.254e-07	-3.2588e-07	2.0345e-09	-8.938e-10	-9e-13	3.2544e-07	-3.2648e-07	3.8718e-09	-1.5462e-09	-1.07e-12	3.2524e-07	-3.2756e-07	6.9623e-09	-2.6168e-09	-4.9e-13	3.2522e-07	-3.297e-07	1.21106e-08	-4.2289e-09	-3.9e-13	3.2518e-07	-3.3298e-07	2.08698e-08	-6.5173e-09	-1.08e-12	3.2506e-07	-3.3916e-07
-0.18	-5.973e-11	-3.0432e-10	6.2e-13	3.2566e-07	-3.253e-07	9.955e-10	-5.0382e-10	-5.1e-13	3.2544e-07	-3.2588e-07	2.0088e-09	-8.4763e-10	4.7e-13	3.2536e-07	-3.2654e-07	3.8357e-09	-1.4887e-09	-2.16e-12	3.252e-07	-3.2758e-07	6.9338e-09	-2.5439e-09	3.5e-13	3.2522e-07	-3.2958e-07	1.2084e-08	-4.1353e-09	-6e-13	3.2518e-07	-3.3294e-07	2.0492e-08	-6.3934e-09	-1.13e-12	3.251e-07	-3.3896e-07
-0.175	-6.705e-11	-2.7605e-10	-1.2e-13	3.2566e-07	-3.2534e-07	9.7432e-10	-4.6925e-10	-7.2e-13	3.2546e-07	-3.2596e-07	1.9763e-09	-8.0742e-10	-3.7e-13	3.2532e-07	-3.2648e-07	3.7868e-09	-1.4327e-09	-1.09e-12	3.2526e-07	-3.2768e-07	6.9185e-09	-2.4719e-09	-4.7e-13	3.2522e-07	-3.2974e-07	1.19914e-08	-4.038e-09	-1.57e-12	3.2522e-07	-3.3312e-07	2.03132e-08	-6.2741e-09	-3.5e-13	3.2516e-07	-3.395e-07
-0.17	-6.473e-11	-2.4854e-10	2e-14	3.2566e-07	-3.2532e-07	9.6278e-10	-4.3534e-10	-9.1e-13	3.2548e-07	-3.2602e-07	1.9577e-09	-7.6775e-10	-1.13e-12	3.2542e-07	-3.266e-07	3.7424e-09	-1.3818e-09	-5.2e-13	3.253e-07	-3.2764e-07	6.7789e-09	-2.4072e-09	-9.1e-13	3.2526e-07	-3.297e-07	1.1961e-08	-3.9504e-09	-1.48e-12	3.2528e-07	-3.3304e-07	2.01844e-08	-6.1617e-09	1.3e-13	3.2512e-07	-3.3944e-07
-0.165	-6.812e-11	-2.2497e-10	-2e-13	3.2566e-07	-3.2534e-07	9.4239e-10	-4.0906e-10	-5.4e-13	3.254e-07	-3.26e-07	1.9389e-09	-7.3108e-10	-3.3e-13	3.2544e-07	-3.2664e-07	3.731e-09	-1.3355e-09	-1.2e-13	3.2528e-07	-3.2768e-07	6.8018e-09	-2.3381e-09	-8e-14	3.2522e-07	-3.2974e-07	1.19072e-08	-3.8649e-09	7.6e-13	3.2522e-07	-3.331e-07	1.98532e-08	-6.0482e-09	1.5e-13	3.2512e-07	-3.3942e-07
-0.16	-7.542e-11	-2.0506e-10	6.5e-13	3.256e-07	-3.2534e-07	9.2542e-10	-3.8155e-10	-1.55e-12	3.2536e-07	-3.2596e-07	1.9115e-09	-6.9793e-10	-4.8e-13	3.2542e-07	-3.2664e-07	3.6904e-09	-1.2898e-09	-2e-14	3.2522e-07	-3.2758e-07	6.7144e-09	-2.2789e-09	2.8e-13	3.2528e-07	-3.298e-07	1.16928e-08	-3.7838e-09	4.4e-13	3.253e-07	-3.3312e-07	1.9937e-08	-5.9439e-09	-9.1e-13	3.251e-07	-3.3908e-07
-0.155	-7.566e-11	-1.8596e-10	-5.5e-13	3.2564e-07	-3.2536e-07	9.1734e-10	-3.5708e-10	-5.7e-13	3.2542e-07	-3.2596e-07	1.8838e-09	-6.6711e-10	-7e-13	3.2546e-07	-3.2666e-07	3.6311e-09	-1.2365e-09	1e-13	3.2528e-07	-3.2764e-07	6.7442e-09	-2.2185e-09	-5.3e-13	3.253e-07	-3.2978e-07	1.16708e-08	-3.7035e-09	-1e-12	3.2524e-07	-3.3316e-07	1.97394e-08	-5.8353e-09	-8.6e-13	3.2514e-07	-3.3916e-07
-0.15	-7.425e-11	-1.6643e-10	-1.7e-13	3.256e-07	-3.2536e-07	9.0128e-10	-3.3368e-10	-9e-14	3.2542e-07	-3.26e-07	1.8744e-09	-6.37e-10	-9.9e-13	3.254e-07	-3.2662e-07	3.5904e-09	-1.1977e-09	5.9e-13	3.2524e-07	-3.2768e-07	6.7119e-09	-2.1616e-09	2e-14	3.254e-07	-3.2988e-07	1.14666e-08	-3.6277e-09	-1.8e-13	3.2524e-07	-3.3308e-07	1.9745e-08	-5.7326e-09	-1.06e-12	3.251e-07	-3.3878e-07
-0.145	-8.577e-11	-1.5139e-10	1.7e-13	3.2566e-07	-3.2542e-07	8.6539e-10	-3.1567e-10	-4.9e-13	3.2546e-07	-3.26e-07	1.8458e-09	-6.0235e-10	-8e-13	3.254e-07	-3.2668e-07	3.5716e-09	-1.1684e-09	-2.8e-13	3.2524e-07	-3.277e-07	6.5307e-09	-2.1069e-09	-5e-13	3.2534e-07	-3.2972e-07	1.14274e-08	-3.5546e-09	-3.5e-13	3.2524e-07	-3.331e-07	1.96006e-08	-5.6327e-09	2.7e-13	3.2506e-07	-3.393e-07
-0.14	-8.815e-11	-1.3826e-10	7.7e-13	3.257e-07	-3.254e-07	8.5638e-10	-2.9362e-10	-1.17e-12	3.254e-07	-3.2596e-07	1.817e-09	-5.7896e-10	-4.8e-13	3.2542e-07	-3.2662e-07	3.5449e-09	-1.1305e-09	-8.9e-13	3.2522e-07	-3.2764e-07	6.5891e-09	-2.0562e-09	-1.04e-12	3.2522e-07	-3.2988e-07	1.1456e-08	-3.4793e-09	-5e-13	3.2528e-07	-3.3306e-07	1.9393e-08	-5.5343e-09	-1.06e-12	3.251e-07	-3.388e-07
-0.135	-8.563e-11	-1.2483e-10	-4.7e-13	3.2564e-07	-3.2538e-07	8.5554e-10	-2.7454e-10	-4.8e-13	3.2542e-07	-3.2598e-07	1.8076e-09	-5.6072e-10	-1.48e-12	3.2536e-07	-3.2662e-07	3.5132e-09	-1.0942e-09	4.2e-13	3.2524e-07	-3.2764e-07	6.4811e-09	-2.0021e-09	-1.17e-12	3.2522e-07	-3.2974e-07	1.12684e-08	-3.4099e-09	-9.8e-13	3.2524e-07	-3.3306e-07	1.93306e-08	-5.4316e-09	-7.4e-13	3.2518e-07	-3.391e-07
-0.13	-9.366e-11	-1.1351e-10	3.1e-13	3.256e-07	-3.254e-07	8.3412e-10	-2.5958e-10	-7.9e-13	3.2542e-07	-3.2602e-07	1.7962e-09	-5.363e-10	-1.34e-12	3.254e-07	-3.2664e-07	3.4742e-09	-1.062e-09	-2.6e-13	3.2528e-07	-3.2768e-07	6.4019e-09	-1.9553e-09	-1.23e-12	3.2528e-07	-3.2966e-07	1.1244e-08	-3.3419e-09	-6.3e-13	3.2518e-07	-3.3318e-07	1.91142e-08	-5.3394e-09	4.4e-13	3.2506e-07	-3.39e-07
-0.125	-9.658e-11	-1.0193e-10	-3.1e-13	3.256e-07	-3.2534e-07	8.2654e-10	-2.4344e-10	-1.51e-12	3.2542e-07	-3.26e-07	1.7678e-09	-5.1621e-10	-3.3e-13	3.254e-07	-3.2666e-07	3.4481e-09	-1.0276e-09	-5.9e-13	3.2524e-07	-3.2768e-07	6.3112e-09	-1.9075e-09	-1.08e-12	3.2534e-07	-3.297e-07	1.11898e-08	-3.2761e-09	6.6e-13	3.2516e-07	-3.3292e-07	1.904e-08	-5.2481e-09	-9.7e-13	3.2506e-07	-3.3856e-07
-0.12	-9.354e-11	-9.48e-11	-1.88e-12	3.2564e-07	-3.2546e-07	8.1615e-10	-2.2851e-10	-1.36e-12	3.2546e-07	-3.2602e-07	1.7539e-09	-4.965e-10	-3.5e-13	3.254e-07	-3.2668e-07	3.4182e-09	-9.96e-10	3.1e-13	3.2524e-07	-3.2768e-07	6.2937e-09	-1.863e-09	-1.46e-12	3.2524e-07	-3.2972e-07	1.10818e-08	-3.1975e-09	-4e-14	3.2518e-07	-3.3308e-07	1.8828e-08	-5.1667e-09	-1.77e-12	3.2512e-07	-3.3902e-07
-0.115	-9.737e-11	-8.23e-11	-3.1e-13	3.2554e-07	-3.2542e-07	7.9899e-10	-2.1505e-10	7e-14	3.2546e-07	-3.2596e-07	1.7367e-09	-4.7614e-10	-1.37e-12	3.2542e-07	-3.267e-07	3.3903e-09	-9.6854e-10	-6.4e-13	3.253e-07	-3.2766e-07	6.2293e-09	-1.8152e-09	-8.3e-13	3.253e-07	-3.297e-07	1.0969e-08	-3.1458e-09	-1.53e-12	3.252e-07	-3.33e-07	1.88156e-08	-5.0769e-09	-4e-14	3.2512e-07	-3.3864e-07
-0.11	-1.0559e-10	-7.78e-11	9e-13	3.2564e-07	-3.2548e-07	7.9114e-10	-2.039e-10	-9.6e-13	3.254e-07	-3.26e-07	1.7228e-09	-4.5764e-10	-7.4e-13	3.2542e-07	-3.267e-07	3.3727e-09	-9.3838e-10	-1.68e-12	3.2528e-07	-3.2768e-07	6.2542e-09	-1.7739e-09	-1.2e-13	3.2528e-07	-3.296e-07	1.09532e-08	-3.0828e-09	-9.4e-13	3.2528e-07	-3.333e-07	1.86176e-08	-4.9927e-09	-6.7e-13	3.2516e-07	-3.3858e-07
-0.105	-1.0356e-10	-6.958e-11	-2.8e-13	3.2566e-07	-3.2546e-07	7.855e-10	-1.8995e-10	-1.34e-12	3.254e-07	-3.2604e-07	1.7017e-09	-4.4104e-10	1.7e-13	3.2538e-07	-3.2676e-07	3.3394e-09	-9.0992e-10	-6.3e-13	3.2524e-07	-3.2764e-07	6.1183e-09	-1.7332e-09	4e-13	3.2528e-07	-3.297e-07	1.08736e-08	-3.0205e-09	4e-14	3.251e-07	-3.3312e-07	1.85756e-08	-4.9084e-09	3.1e-13	3.251e-07	-3.3876e-07
-0.1	-9.69e-11	-6.44e-11	-2.7e-13	3.256e-07	-3.2548e-07	7.6953e-10	-1.7888e-10	-1.17e-12	3.2542e-07	-3.2608e-07	1.6832e-09	-4.2483e-10	-9.5e-13	3.2544e-07	-3.2668e-07	3.3257e-09	-8.8384e-10	6.5e-13	3.2522e-07	-3.277e-07	6.1424e-09	-1.6899e-09	-7.3e-13	3.2522e-07	-3.2962e-07	1.08076e-08	-2.9603e-09	-2e-14	3.2522e-07	-3.3286e-07	1.83814e-08	-4.825e-09	-3.3e-13	3.2516e-07	-3.3884e-07
-0.095	-1.0429e-10	-5.674e-11	-3.5e-13	3.256e-07	-3.2538e-07	7.5423e-10	-1.6851e-10	-1.47e-12	3.2548e-07	-3.2604e-07	1.6735e-09	-4.0915e-10	-6.6e-13	3.2542e-07	-3.2672e-07	3.2858e-09	-8.5914e-10	1.1e-13	3.2522e-07	-3.277e-07	6.115e-09	-1.6501e-09	-2.3e-13	3.253e-07	-3.2974e-07	1.07048e-08	-2.9018e-09	-4.6e-13	3.2518e-07	-3.3298e-07	1.81386e-08	-4.7482e-09	-5.9e-13	3.2516e-07	-3.3856e-07
-0.09	-1.1041e-10	-5.358e-11	-5e-14	3.2566e-07	-3.2548e-07	7.4228e-10	-1.5842e-10	-2.26e-12	3.2542e-07	-3.26e-07	1.6612e-09	-3.9416e-10	-4.4e-13	3.2536e-07	-3.266e-07	3.2809e-09	-8.335e-10	-2.1e-13	3.2524e-07	-3.277e-07	6.0349e-09	-1.6128e-09	1.5e-13	3.2532e-07	-3.297e-07	1.06492e-08	-2.8494e-09	1.5e-13	3.252e-07	-3.3304e-07	1.80616e-08	-4.6653e-09	-1.83e-12	3.2518e-07	-3.3842e-07
-0.085	-1.0668e-10	-4.761e-11	-1.71e-12	3.2562e-07	-3.2548e-07	7.3274e-10	-1.4732e-10	8e-14	3.2546e-07	-3.2602e-07	1.64e-09	-3.8101e-10	1.6e-13	3.2534e-07	-3.2668e-07	3.2259e-09	-8.0818e-10	1.3e-13	3.2522e-07	-3.2766e-07	6.0247e-09	-1.5758e-09	-5.1e-13	3.2524e-07	-3.2964e-07	1.06558e-08	-2.7932e-09	-9e-14	3.2526e-07	-3.3294e-07	1.79884e-08	-4.5855e-09	-2.07e-12	3.2516e-07	-3.3868e-07
-0.08	-1.0827e-10	-4.125e-11	-1.9e-13	3.2564e-07	-3.254e-07	7.218e-10	-1.4085e-10	1.1e-13	3.254e-07	-3.2596e-07	1.6346e-09	-3.6716e-10	-1.12e-12	3.2546e-07	-3.2668e-07	3.2203e-09	-7.8699e-10	6.3e-13	3.2518e-07	-3.2764e-07	5.9068e-09	-1.5382e-09	-3.9e-13	3.2528e-07	-3.2966e-07	1.05502e-08	-2.7399e-09	-1.06e-12	3.2534e-07	-3.3332e-07	1.78296e-08	-4.5089e-09	1e-14	3.2524e-07	-3.3882e-07
-0.075	-1.2315e-10	-4.104e-11	-8e-14	3.256e-07	-3.2542e-07	7.1671e-10	-1.3337e-10	-1.34e-12	3.2538e-07	-3.2602e-07	1.6188e-09	-3.5294e-10	-7e-14	3.2544e-07	-3.2666e-07	3.1868e-09	-7.6435e-10	7e-14	3.252e-07	-3.2764e-07	5.8771e-09	-1.4928e-09	6.6e-13	3.2524e-07	-3.2966e-07	1.06068e-08	-2.6819e-09	-1.47e-12	3.2524e-07	-3.3322e-07	1.78958e-08	-4.4308e-09	9e-14	3.2514e-07	-3.3838e-07
-0.07	-1.1898e-10	-3.557e-11	-1.24e-12	3.2564e-07	-3.2548e-07	6.9232e-10	-1.2428e-10	-7.8e-13	3.254e-07	-3.26e-07	1.5972e-09	-3.4132e-10	2.3e-13	3.2534e-07	-3.2656e-07	3.1623e-09	-7.4051e-10	-1.8e-13	3.2522e-07	-3.277e-07	5.8385e-09	-1.4676e-09	2.6e-13	3.2532e-07	-3.2982e-07	1.03924e-08	-2.6306e-09	-2e-14	3.2526e-07	-3.3302e-07	1.77182e-08	-4.3578e-09	2.1e-13	3.2516e-07	-3.3844e-07
-0.065	-1.1112e-10	-3.243e-11	-3.5e-13	3.256e-07	-3.2542e-07	6.8257e-10	-1.1748e-10	-3.5e-13	3.2548e-07	-3.2606e-07	1.593e-09	-3.312e-10	-5e-13	3.2542e-07	-3.2662e-07	3.1471e-09	-7.1917e-10	-1.9e-13	3.2528e-07	-3.2766e-07	5.9121e-09	-1.4335e-09	-1.16e-12	3.2528e-07	-3.2976e-07	1.04418e-08	-2.5779e-09	4e-13	3.2518e-07	-3.3306e-07	1.7575e-08	-4.282e-09	-7.6e-13	3.251e-07	-3.3824e-07
-0.06	-1.184e-10	-2.805e-11	-2e-13	3.256e-07	-3.254e-07	6.7e-10	-1.0991e-10	-1.05e-12	3.2548e-07	-3.2602e-07	1.5905e-09	-3.1666e-10	-6.4e-13	3.254e-07	-3.2668e-07	3.1045e-09	-7.0047e-10	-4.9e-13	3.2524e-07	-3.2766e-07	5.8958e-09	-1.3976e-09	-9e-13	3.2532e-07	-3.298e-07	1.02524e-08	-2.5159e-09	-1.09e-12	3.252e-07	-3.328e-07	1.75972e-08	-4.1994e-09	-9.6e-13	3.2514e-07	-3.3836e-07
-0.055	-1.2202e-10	-2.827e-11	-9.6e-13	3.2558e-07	-3.2546e-07	6.6657e-10	-1.0309e-10	-1.74e-12	3.2542e-07	-3.2596e-07	1.5684e-09	-3.0691e-10	-1.18e-12	3.2532e-07	-3.2656e-07	3.0929e-09	-6.7899e-10	-1.67e-12	3.2524e-07	-3.2764e-07	5.9283e-09	-1.3657e-09	-4.3e-13	3.2528e-07	-3.2982e-07	1.02052e-08	-2.4788e-09	-2.9e-13	3.2514e-07	-3.3292e-07	1.74842e-08	-4.1246e-09	-1.3e-12	3.2526e-07	-3.3872e-07
-0.05	-1.1414e-10	-2.322e-11	-8.8e-13	3.256e-07	-3.2542e-07	6.6198e-10	-9.647e-11	-5.4e-13	3.2542e-07	-3.2598e-07	1.5483e-09	-2.9703e-10	-1.22e-12	3.2542e-07	-3.2664e-07	3.0711e-09	-6.5751e-10	-1.16e-12	3.252e-07	-3.2762e-07	5.8717e-09	-1.3341e-09	-1.52e-12	3.2524e-07	-3.2984e-07	1.02038e-08	-2.4306e-09	-4.7e-13	3.2522e-07	-3.331e-07	1.74256e-08	-4.0675e-09	-3.7e-13	3.2528e-07	-3.3868e-07
-0.045	-1.152e-10	-2.087e-11	-1.63e-12	3.2564e-07	-3.2544e-07	6.4218e-10	-9.31e-11	8e-14	3.2544e-07	-3.26e-07	1.5462e-09	-2.8593e-10	-1.5e-12	3.254e-07	-3.2668e-07	3.0452e-09	-6.4155e-10	-2.2e-13	3.253e-07	-3.2762e-07	5.8073e-09	-1.3012e-09	-6.5e-13	3.253e-07	-3.297e-07	1.00836e-08	-2.3798e-09	-8.1e-13	3.2518e-07	-3.3304e-07	1.71926e-08	-3.9975e-09	2e-13	3.2524e-07	-3.386e-07
-0.04	-1.2633e-10	-2.068e-11	-1.33e-12	3.2558e-07	-3.2546e-07	6.3855e-10	-8.667e-11	-5.9e-13	3.2542e-07	-3.2608e-07	1.5332e-09	-2.7469e-10	-9.1e-13	3.2536e-07	-3.2666e-07	3.0483e-09	-6.2268e-10	-1.6e-12	3.2524e-07	-3.2764e-07	5.7628e-09	-1.2706e-09	-8.7e-13	3.2522e-07	-3.2982e-07	1.00668e-08	-2.3314e-09	-6e-13	3.2516e-07	-3.3294e-07	1.70752e-08	-3.9285e-09	3.2e-13	3.2522e-07	-3.3858e-07
-0.035	-1.2266e-10	-1.68e-11	-1.39e-12	3.2558e-07	-3.2546e-07	6.3721e-10	-8.026e-11	3.3e-13	3.2544e-07	-3.26e-07	1.5189e-09	-2.6679e-10	-1.45e-12	3.254e-07	-3.2668e-07	3.0287e-09	-6.0323e-10	-2.6e-13	3.252e-07	-3.2768e-07	5.7865e-09	-1.241e-09	-2.2e-13	3.2522e-07	-3.2984e-07	1.00874e-08	-2.2851e-09	1.5e-13	3.2516e-07	-3.3288e-07	1.713e-08	-3.8627e-09	2.1e-13	3.2518e-07	-3.382e-07
-0.03	-1.2083e-10	-1.562e-11	-8.5e-13	3.256e-07	-3.255e-07	6.2232e-10	-7.695e-11	6.2e-13	3.2546e-07	-3.2602e-07	1.5157e-09	-2.5754e-10	-7.5e-13	3.254e-07	-3.2668e-07	2.998e-09	-5.8608e-10	-4.2e-13	3.2524e-07	-3.2776e-07	5.7212e-09	-1.2127e-09	-1.5e-12	3.2522e-07	-3.2968e-07	9.9322e-09	-2.2409e-09	6e-13	3.2514e-07	-3.3288e-07	1.6808e-08	-3.7974e-09	-9.2e-13	3.2522e-07	-3.3848e-07
-0.025	-1.2716e-10	-1.352e-11	-5.6e-13	3.2562e-07	-3.2546e-07	6.1967e-10	-7.373e-11	-4.9e-13	3.2548e-07	-3.2596e-07	1.5127e-09	-2.4733e-10	-1.71e-12	3.2544e-07	-3.266e-07	2.9655e-09	-5.7101e-10	-9.3e-13	3.2532e-07	-3.2774e-07	5.7106e-09	-1.1819e-09	-1.44e-12	3.253e-07	-3.2976e-07	9.8582e-09	-2.1941e-09	3.9e-13	3.2524e-07	-3.3284e-07	1.68112e-08	-3.7315e-09	-1.2e-12	3.2518e-07	-3.3848e-07
-0.02	-1.326e-10	-1.382e-11	-1.11e-12	3.2564e-07	-3.2538e-07	6.1908e-10	-6.644e-11	-9.2e-13	3.2548e-07	-3.2602e-07	1.4888e-09	-2.3779e-10	-4.9e-13	3.2542e-07	-3.2672e-07	2.9576e-09	-5.5251e-10	-9.3e-13	3.2516e-07	-3.2756e-07	5.663e-09	-1.1521e-09	-2.3e-13	3.2528e-07	-3.297e-07	9.8704e-09	-2.1513e-09	3.3e-13	3.252e-07	-3.328e-07	1.67748e-08	-3.6668e-09	-1.2e-12	3.2518e-07	-3.3838e-07
-0.015	-1.2266e-10	-9.77e-12	-1.17e-12	3.2556e-07	-3.2548e-07	6.0537e-10	-6.317e-11	3.1e-13	3.2552e-07	-3.2594e-07	1.4732e-09	-2.3217e-10	2.9e-13	3.2542e-07	-3.267e-07	2.9538e-09	-5.364e-10	-8.2e-13	3.2522e-07	-3.2762e-07	5.587e-09	-1.1254e-09	-3.5e-13	3.2524e-07	-3.2966e-07	9.7162e-09	-2.1074e-09	-4.4e-13	3.2514e-07	-3.3298e-07	1.66614e-08	-3.5917e-09	-5.4e-13	3.2518e-07	-3.3842e-07
-0.01	-1.2526e-10	-8.57e-12	-1.32e-12	3.2554e-07	-3.2548e-07	5.9677e-10	-5.986e-11	-1.9e-13	3.255e-07	-3.2602e-07	1.4772e-09	-2.2187e-10	-1.29e-12	3.2536e-07	-3.2666e-07	2.9123e-09	-5.2225e-10	-5.5e-13	3.2524e-07	-3.2764e-07	5.6008e-09	-1.0988e-09	-1.21e-12	3.2522e-07	-3.2972e-07	9.8072e-09	-2.0625e-09	-9e-13	3.2522e-07	-3.3292e-07	1.64224e-08	-3.5368e-09	-8.1e-13	3.2514e-07	-3.3792e-07
-0.005	-1.3279e-10	-9.51e-12	-1.27e-12	3.2554e-07	-3.254e-07	5.9863e-10	-5.604e-11	0	3.2538e-07	-3.2604e-07	1.4672e-09	-2.1353e-10	-9.9e-13	3.2534e-07	-3.2656e-07	2.9087e-09	-5.0637e-10	-1.19e-12	3.2528e-07	-3.277e-07	5.5733e-09	-1.0709e-09	-9.3e-13	3.2524e-07	-3.297e-07	9.6602e-09	-2.0221e-09	-7.4e-13	3.2524e-07	-3.3274e-07	1.6526e-08	-3.4783e-09	-1.3e-13	3.2508e-07	-3.3796e-07
0	-1.2439e-10	-5.92e-12	-1.77e-12	3.2558e-07	-3.2548e-07	5.8923e-10	-5.061e-11	3e-14	3.2548e-07	-3.26e-07	1.4528e-09	-2.0574e-10	-5.3e-13	3.2536e-07	-3.2664e-07	2.8965e-09	-4.9094e-10	-6.7e-13	3.253e-07	-3.2772e-07	5.4971e-09	-1.0458e-09	2.7e-13	3.2522e-07	-3.297e-07	9.7054e-09	-1.9808e-09	-3.5e-13	3.252e-07	-3.3282e-07	1.65432e-08	-3.4169e-09	-3.1e-13	3.2508e-07	-3.3794e-07
0.005	-1.2299e-10	-5.02e-12	-3.9e-13	3.2558e-07	-3.2542e-07	5.8069e-10	-5.045e-11	6e-14	3.2548e-07	-3.2596e-07	1.442e-09	-1.9835e-10	-2.7e-13	3.2534e-07	-3.2656e-07	2.8741e-09	-4.7517e-10	1e-13	3.253e-07	-3.2774e-07	5.5071e-09	-1.0213e-09	-3.8e-13	3.2528e-07	-3.2976e-07	9.674e-09	-1.9373e-09	-1.86e-12	3.2522e-07	-3.3282e-07	1.61952e-08	-3.356e-09	-9.6e-13	3.2514e-07	-3.384e-07
0.01	-1.3569e-10	-4.07e-12	-5.7e-13	3.2562e-07	-3.2542e-07	5.8044e-10	-4.643e-11	-4.8e-13	3.2544e-07	-3.2596e-07	1.4478e-09	-1.8893e-10	-1.44e-12	3.2534e-07	-3.266e-07	2.8556e-09	-4.6381e-10	5.9e-13	3.2528e-07	-3.2762e-07	5.4627e-09	-9.9591e-10	-6e-13	3.2524e-07	-3.2976e-07	9.4796e-09	-1.8979e-09	-5.8e-13	3.2516e-07	-3.3274e-07	1.62384e-08	-3.2956e-09	-7.6e-13	3.2516e-07	-3.3786e-07
0.015	-1.3402e-10	-4.5e-12	-7.1e-13	3.2552e-07	-3.2546e-07	5.7653e-10	-4.172e-11	-5.5e-13	3.254e-07	-3.2596e-07	1.4307e-09	-1.8224e-10	2.9e-13	3.2538e-07	-3.266e-07	2.8492e-09	-4.479e-10	1.9e-13	3.2524e-07	-3.2766e-07	5.4498e-09	-9.6848e-10	-1.64e-12	3.2518e-07	-3.2964e-07	9.4178e-09	-1.8577e-09	-2.7e-13	3.2516e-07	-3.3268e-07	1.64162e-08	-3.2349e-09	-9.2e-13	3.251e-07	-3.3814e-07
0.02	-1.2943e-10	-8.6e-13	-1.14e-12	3.2558e-07	-3.254e-07	5.6518e-10	-3.947e-11	4.2e-13	3.254e-07	-3.2594e-07	1.4195e-09	-1.7595e-10	7e-14	3.2534e-07	-3.2658e-07	2.8308e-09	-4.3526e-10	9.8e-13	3.2526e-07	-3.277e-07	5.4556e-09	-9.4469e-10	1e-13	3.2526e-07	-3.2972e-07	9.3325e-09	-1.8197e-09	-6e-13	3.2512e-07	-3.3276e-07	1.62682e-08	-3.1785e-09	-7.2e-13	3.2514e-07	-3.3784e-07
0.025	-1.3063e-10	4.2e-13	9e-14	3.2554e-07	-3.2536e-07	5.5833e-10	-3.874e-11	1.9e-13	3.2538e-07	-3.2594e-07	1.4139e-09	-1.6947e-10	-5.3e-13	3.2536e-07	-3.2662e-07	2.8277e-09	-4.2255e-10	8.5e-13	3.2526e-07	-3.2762e-07	5.356e-09	-9.2143e-10	-7.9e-13	3.2522e-07	-3.297e-07	9.4163e-09	-1.7795e-09	-1.21e-12	3.2518e-07	-3.3288e-07	1.6129e-08	-3.1196e-09	-7e-13	3.251e-07	-3.3782e-07
0.03	-1.3926e-10	-1.02e-12	-9.1e-13	3.2566e-07	-3.2546e-07	5.6373e-10	-3.297e-11	-9.9e-13	3.2552e-07	-3.26e-07	1.4056e-09	-1.6054e-10	1.6e-13	3.254e-07	-3.2662e-07	2.8053e-09	-4.1055e-10	-4.8e-13	3.2528e-07	-3.2764e-07	5.347e-09	-8.9711e-10	-5.1e-13	3.253e-07	-3.2966e-07	9.3862e-09	-1.7414e-09	-4e-14	3.2518e-07	-3.328e-07	1.57462e-08	-3.0672e-09	-4e-13	3.2518e-07	-3.3792e-07
0.035	-1.3217e-10	2.18e-12	-1.27e-12	3.2556e-07	-3.2538e-07	5.5225e-10	-3.205e-11	8.2e-13	3.2544e-07	-3.2602e-07	1.3911e-09	-1.5452e-10	6.1e-13	3.254e-07	-3.2658e-07	2.8028e-09	-3.9669e-10	-3.9e-13	3.253e-07	-3.2772e-07	5.3796e-09	-8.7352e-10	-1.03e-12	3.2522e-07	-3.2968e-07	9.3179e-09	-1.7063e-09	4.9e-13	3.252e-07	-3.3284e-07	1.59016e-08	-3.0106e-09	-4.8e-13	3.2514e-07	-3.3816e-07
0.04	-1.3098e-10	2.87e-12	1.4e-13	3.256e-07	-3.255e-07	5.4502e-10	-2.943e-11	-1.7e-13	3.2534e-07	-3.2588e-07	1.3828e-09	-1.4981e-10	-4.7e-13	3.2534e-07	-3.266e-07	2.786e-09	-3.8342e-10	-5.3e-13	3.2524e-07	-3.276e-07	5.3292e-09	-8.5204e-10	4e-14	3.2522e-07	-3.2984e-07	9.1834e-09	-1.6671e-09	-3.2e-13	3.2522e-07	-3.3288e-07	1.59468e-08	-2.9546e-09	-1.46e-12	3.2518e-07	-3.3782e-07
0.045	-1.3912e-10	3.8e-12	-2.8e-13	3.256e-07	-3.2546e-07	5.4584e-10	-2.922e-11	-3.4e-13	3.2538e-07	-3.2592e-07	1.3851e-09	-1.4161e-10	-1.27e-12	3.2536e-07	-3.2658e-07	2.7642e-09	-3.7409e-10	-6.2e-13	3.2526e-07	-3.2766e-07	5.2669e-09	-8.3142e-10	-6.5e-13	3.2522e-07	-3.2962e-07	9.1929e-09	-1.6322e-09	-1.9e-13	3.2516e-07	-3.3268e-07	1.58042e-08	-2.8989e-09	-1.03e-12	3.2512e-07	-3.3784e-07
0.05	-1.3563e-10	3.74e-12	-5.1e-13	3.2564e-07	-3.2548e-07	5.4642e-10	-2.397e-11	-4.3e-13	3.2542e-07	-3.2592e-07	1.3717e-09	-1.3456e-10	-5e-13	3.2538e-07	-3.2666e-07	2.764e-09	-3.6141e-10	-1.41e-12	3.2528e-07	-3.2772e-07	5.2619e-09	-7.9928e-10	-1.62e-12	3.2524e-07	-3.298e-07	9.1672e-09	-1.5962e-09	2e-13	3.2522e-07	-3.3298e-07	1.54284e-08	-2.8445e-09	2e-14	3.251e-07	-3.381e-07
0.055	-1.3419e-10	8.1e-12	-1.27e-12	3.2564e-07	-3.2546e-07	5.3533e-10	-2.502e-11	-2.3e-13	3.254e-07	-3.2594e-07	1.3573e-09	-1.2917e-10	-9e-13	3.2534e-07	-3.2664e-07	2.7497e-09	-3.4894e-10	-6.3e-13	3.2524e-07	-3.2766e-07	5.2523e-09	-7.8579e-10	-9.6e-13	3.253e-07	-3.2972e-07	9.1514e-09	-1.5635e-09	3.7e-13	3.2526e-07	-3.3272e-07	1.56924e-08	-2.7905e-09	-4.3e-13	3.2516e-07	-3.3812e-07
0.06	-1.3859e-10	7.68e-12	-8.3e-13	3.2566e-07	-3.2552e-07	5.325e-10	-2.233e-11	-1.72e-12	3.2542e-07	-3.2588e-07	1.3565e-09	-1.2403e-10	-7.4e-13	3.2532e-07	-3.266e-07	2.733e-09	-3.3876e-10	-2e-14	3.253e-07	-3.2762e-07	5.2002e-09	-7.6722e-10	-1.08e-12	3.2526e-07	-3.296e-07	9.1373e-09	-1.5268e-09	-1.1e-12	3.252e-07	-3.3298e-07	1.57816e-08	-2.7401e-09	-5.6e-13	3.2512e-07	-3.3832e-07
0.065	-1.418e-10	8.83e-12	-7.3e-13	3.256e-07	-3.2544e-07	5.3509e-10	-2.014e-11	-1.04e-12	3.2538e-07	-3.2596e-07	1.3517e-09	-1.1707e-10	-1.14e-12	3.2534e-07	-3.2656e-07	2.7151e-09	-3.2903e-10	-6e-13	3.252e-07	-3.2758e-07	5.1644e-09	-7.4618e-10	-2.27e-12	3.252e-07	-3.2964e-07	9.1917e-09	-1.493e-09	-7.6e-13	3.253e-07	-3.3272e-07	1.56922e-08	-2.6896e-09	-4.4e-13	3.251e-07	-3.3838e-07
0.07	-1.3923e-10	1.135e-11	-1.31e-12	3.2566e-07	-3.255e-07	5.2048e-10	-1.839e-11	1.15e-12	3.2538e-07	-3.2592e-07	1.3363e-09	-1.1085e-10	-2.3e-13	3.2536e-07	-3.2662e-07	2.7139e-09	-3.1821e-10	-9.6e-13	3.2528e-07	-3.2768e-07	5.2148e-09	-7.2414e-10	-1.7e-12	3.2518e-07	-3.2966e-07	9.055e-09	-1.4609e-09	-5.3e-13	3.252e-07	-3.3272e-07	1.5638e-08	-2.6399e-09	-1.6e-13	3.251e-07	-3.3812e-07
0.075	-1.4179e-10	1.28e-11	4.3e-13	3.257e-07	-3.255e-07	5.2026e-10	-1.8e-11	-4.8e-13	3.2548e-07	-3.2602e-07	1.3246e-09	-1.0871e-10	1e-13	3.253e-07	-3.266e-07	2.7084e-09	-3.0678e-10	-1.07e-12	3.2526e-07	-3.2762e-07	5.1323e-09	-7.0587e-10	-9.9e-13	3.2522e-07	-3.2956e-07	8.8396e-09	-1.4278e-09	-1.09e-12	3.2526e-07	-3.3264e-07	1.55264e-08	-2.5882e-09	-8.4e-13	3.2512e-07	-3.3804e-07
0.08	-1.4859e-10	1.359e-11	-5.3e-13	3.2564e-07	-3.255e-07	5.1937e-10	-1.462e-11	-1.24e-12	3.2546e-07	-3.259e-07	1.3288e-09	-1.0088e-10	-6.8e-13	3.2528e-07	-3.2656e-07	2.6797e-09	-2.9962e-10	-9.1e-13	3.2528e-07	-3.2768e-07	5.0325e-09	-6.8801e-10	-8.5e-13	3.2528e-07	-3.295e-07	8.8474e-09	-1.3948e-09	-1.53e-12	3.2528e-07	-3.3298e-07	1.53194e-08	-2.5378e-09	-1.87e-12	3.2508e-07	-3.384e-07
0.085	-1.4408e-10	1.508e-11	-9e-13	3.2564e-07	-3.2544e-07	5.1999e-10	-1.328e-11	-1.15e-12	3.2554e-07	-3.2602e-07	1.3185e-09	-9.557e-11	-1.12e-12	3.2542e-07	-3.2668e-07	2.674e-09	-2.8889e-10	-1.58e-12	3.2534e-07	-3.2774e-07	4.9745e-09	-6.6708e-10	3e-14	3.2522e-07	-3.2954e-07	8.9785e-09	-1.3628e-09	-9.9e-13	3.253e-07	-3.3266e-07	1.5446e-08	-2.4973e-09	1.5e-13	3.2512e-07	-3.382e-07
0.09	-1.4737e-10	1.955e-11	1.1e-13	3.2554e-07	-3.2546e-07	5.073e-10	-1.276e-11	-3.1e-13	3.254e-07	-3.26e-07	1.3074e-09	-9.068e-11	-1.13e-12	3.2536e-07	-3.2654e-07	2.6857e-09	-2.7806e-10	-1.19e-12	3.253e-07	-3.2776e-07	5.0087e-09	-6.4824e-10	9.8e-13	3.2534e-07	-3.2964e-07	8.8246e-09	-1.3335e-09	-1.01e-12	3.2522e-07	-3.329e-07	1.51398e-08	-2.4391e-09	6.4e-13	3.2514e-07	-3.3818e-07
0.095	-1.5375e-10	1.932e-11	4.4e-13	3.255e-07	-3.254e-07	5.1119e-10	-1.23e-11	-9.1e-13	3.2548e-07	-3.2598e-07	1.3053e-09	-8.682e-11	-8.7e-13	3.2532e-07	-3.2662e-07	2.6564e-09	-2.7028e-10	-1.08e-12	3.2528e-07	-3.2772e-07	4.9598e-09	-6.3224e-10	3.1e-13	3.2528e-07	-3.2964e-07	8.7805e-09	-1.3006e-09	-1.52e-12	3.2522e-07	-3.326e-07	1.53278e-08	-2.3951e-09	1.7e-13	3.2516e-07	-3.382e-07
0.1	-1.4895e-10	2.172e-11	-7.6e-13	3.2552e-07	-3.2536e-07	5.1064e-10	-8.52e-12	-1.05e-12	3.2546e-07	-3.2604e-07	1.3026e-09	-8.09e-11	-1.45e-12	3.2536e-07	-3.2656e-07	2.6461e-09	-2.6239e-10	-1.3e-12	3.2524e-07	-3.2768e-07	4.9282e-09	-6.1416e-10	-1.03e-12	3.2522e-07	-3.2956e-07	8.7009e-09	-1.2717e-09	-6.1e-13	3.2524e-07	-3.3278e-07	1.53158e-08	-2.3475e-09	-6.7e-13	3.251e-07	-3.3812e-07
0.105	-1.4716e-10	2.518e-11	-9e-14	3.2554e-07	-3.254e-07	5.0408e-10	-9.37e-12	-4e-13	3.255e-07	-3.2598e-07	1.2905e-09	-7.618e-11	-4.5e-13	3.2542e-07	-3.2668e-07	2.655e-09	-2.5306e-10	-1.03e-12	3.2528e-07	-3.277e-07	5.071e-09	-5.9519e-10	-2.7e-13	3.252e-07	-3.297e-07	8.6994e-09	-1.2425e-09	-1.9e-13	3.2526e-07	-3.3284e-07	1.51292e-08	-2.3025e-09	-1.55e-12	3.251e-07	-3.3796e-07
0.11	-1.588e-10	2.75e-11	6.1e-13	3.2564e-07	-3.255e-07	4.991e-10	-8.54e-12	-1.03e-12	3.254e-07	-3.2594e-07	1.2761e-09	-7.36e-11	1.7e-13	3.2538e-07	-3.2656e-07	2.6507e-09	-2.4344e-10	-9.8e-13	3.2524e-07	-3.2764e-07	5.0634e-09	-5.7942e-10	-5.4e-13	3.2528e-07	-3.2974e-07	8.7429e-09	-1.2136e-09	-7.1e-13	3.2526e-07	-3.3262e-07	1.51146e-08	-2.2558e-09	-4.4e-13	3.2518e-07	-3.3782e-07
0.115	-1.6152e-10	2.89e-11	-4e-13	3.255e-07	-3.2546e-07	5.0224e-10	-6.03e-12	-6.9e-13	3.254e-07	-3.2594e-07	1.2791e-09	-6.906e-11	-8.8e-13	3.2538e-07	-3.2666e-07	2.6261e-09	-2.3725e-10	2.1e-13	3.2518e-07	-3.2758e-07	4.9787e-09	-5.6449e-10	-1.9e-13	3.2534e-07	-3.297e-07	8.7635e-09	-1.1736e-09	-7.6e-13	3.2522e-07	-3.3284e-07	1.50778e-08	-2.198e-09	-1.26e-12	3.2512e-07	-3.3822e-07
0.12	-1.5343e-10	3.342e-11	-1.4e-13	3.2556e-07	-3.254e-07	4.958e-10	-4.52e-12	-5.1e-13	3.255e-07	-3.2602e-07	1.2798e-09	-6.373e-11	3.7e-13	3.254e-07	-3.2656e-07	2.6203e-09	-2.2886e-10	-4e-14	3.2518e-07	-3.2768e-07	4.954e-09	-5.4599e-10	-1.62e-12	3.2524e-07	-3.2964e-07	8.6202e-09	-1.1445e-09	4.9e-13	3.2526e-07	-3.328e-07	1.5027e-08	-2.1664e-09	-8.5e-13	3.2522e-07	-3.3784e-07
0.125	-1.6116e-10	3.764e-11	2.6e-13	3.2564e-07	-3.2548e-07	4.857e-10	-5.72e-12	-9e-13	3.2546e-07	-3.2594e-07	1.2677e-09	-6.157e-11	7.4e-13	3.2544e-07	-3.2672e-07	2.6221e-09	-2.1978e-10	-1.06e-12	3.2524e-07	-3.2766e-07	4.9355e-09	-5.3063e-10	-4e-14	3.2528e-07	-3.2978e-07	8.5337e-09	-1.1299e-09	4.7e-13	3.2524e-07	-3.3256e-07	1.50804e-08	-2.111e-09	1.03e-12	3.2512e-07	-3.3772e-07
0.13	-1.7485e-10	4.023e-11	3e-14	3.2558e-07	-3.2546e-07	4.8837e-10	-2.77e-12	-2.06e-12	3.2546e-07	-3.2594e-07	1.2583e-09	-5.769e-11	-8.2e-13	3.2544e-07	-3.2656e-07	2.6257e-09	-2.1224e-10	-1.1e-13	3.2528e-07	-3.277e-07	4.9328e-09	-5.1605e-10	4e-14	3.2524e-07	-3.2966e-07	8.6393e-09	-1.1027e-09	-2.3e-13	3.2524e-07	-3.3258e-07	1.48364e-08	-2.0694e-09	1.7e-13	3.2504e-07	-3.381e-07
0.135	-1.7195e-10	4.459e-11	-2.1e-13	3.256e-07	-3.2546e-07	4.8821e-10	-1.54e-12	-7e-14	3.2546e-07	-3.2596e-07	1.2598e-09	-5.362e-11	-6.3e-13	3.2542e-07	-3.2668e-07	2.6072e-09	-2.0696e-10	-7e-14	3.2534e-07	-3.277e-07	4.9253e-09	-5.0252e-10	1.9e-13	3.2524e-07	-3.2964e-07	8.4789e-09	-1.0748e-09	-7.4e-13	3.2516e-07	-3.326e-07	1.4633e-08	-2.0405e-09	-1.06e-12	3.251e-07	-3.3766e-07
0.14	-1.7313e-10	4.953e-11	2.4e-13	3.2564e-07	-3.2556e-07	4.7658e-10	-2.17e-12	2.7e-13	3.2552e-07	-3.2596e-07	1.2581e-09	-4.903e-11	-3e-13	3.254e-07	-3.2662e-07	2.6518e-09	-1.9794e-10	-4.2e-13	3.253e-07	-3.277e-07	4.96e-09	-4.8449e-10	3.1e-13	3.2524e-07	-3.296e-07	8.4628e-09	-1.0492e-09	1.2e-13	3.2528e-07	-3.3274e-07	1.47226e-08	-1.9986e-09	-7e-13	3.251e-07	-3.3802e-07
0.145	-1.8518e-10	5.35e-11	8.4e-13	3.2564e-07	-3.2554e-07	4.7669e-10	-2.81e-12	-1.49e-12	3.2548e-07	-3.259e-07	1.2498e-09	-4.855e-11	4.9e-13	3.2542e-07	-3.266e-07	2.6015e-09	-1.9023e-10	-2.8e-13	3.2532e-07	-3.2774e-07	4.9058e-09	-4.7212e-10	-1.9e-13	3.2524e-07	-3.2964e-07	8.5041e-09	-1.025e-09	3.9e-13	3.2526e-07	-3.3282e-07	1.46438e-08	-1.9551e-09	-1.28e-12	3.2506e-07	-3.3772e-07
0.15	-1.8654e-10	5.779e-11	-2e-13	3.256e-07	-3.2546e-07	4.8176e-10	1.28e-12	-1.39e-12	3.2546e-07	-3.2594e-07	1.2487e-09	-4.314e-11	-1.54e-12	3.2536e-07	-3.2656e-07	2.586e-09	-1.8516e-10	4e-14	3.2528e-07	-3.2768e-07	4.9361e-09	-4.5899e-10	-1.24e-12	3.2522e-07	-3.2968e-07	8.6004e-09	-1e-09	-8.8e-13	3.2524e-07	-3.3284e-07	1.4697e-08	-1.9148e-09	-1.36e-12	3.2506e-07	-3.377e-07
0.155	-1.8812e-10	6.292e-11	-3.9e-13	3.2562e-07	-3.2552e-07	4.7882e-10	1.45e-12	-1.15e-12	3.2538e-07	-3.259e-07	1.238e-09	-4.032e-11	-8.6e-13	3.2534e-07	-3.266e-07	2.5756e-09	-1.7801e-10	-1.4e-13	3.253e-07	-3.2764e-07	4.8599e-09	-4.4447e-10	-1.21e-12	3.2524e-07	-3.2976e-07	8.4999e-09	-9.7316e-10	6e-14	3.2518e-07	-3.326e-07	1.47714e-08	-1.8709e-09	-3.9e-13	3.2516e-07	-3.3816e-07
0.16	-1.9393e-10	6.909e-11	1.8e-13	3.2558e-07	-3.2538e-07	4.741e-10	1.71e-12	-1.22e-12	3.2542e-07	-3.2594e-07	1.2302e-09	-3.806e-11	-2e-13	3.254e-07	-3.2652e-07	2.581e-09	-1.7014e-10	-7.2e-13	3.2528e-07	-3.2764e-07	4.8694e-09	-4.2958e-10	-1.13e-12	3.2528e-07	-3.2976e-07	8.3039e-09	-9.4932e-10	-1.4e-13	3.252e-07	-3.326e-07	1.45458e-08	-1.8256e-09	1.4e-13	3.2514e-07	-3.3776e-07
0.165	-2.0534e-10	7.413e-11	-2.6e-13	3.256e-07	-3.2544e-07	4.783e-10	3.39e-12	-1.3e-12	3.2554e-07	-3.259e-07	1.2207e-09	-3.702e-11	-5e-13	3.2534e-07	-3.2656e-07	2.5693e-09	-1.6415e-10	9.7e-13	3.2536e-07	-3.2772e-07	4.8379e-09	-4.1773e-10	-1.19e-12	3.253e-07	-3.2964e-07	8.2787e-09	-9.2772e-10	6e-14	3.2514e-07	-3.3258e-07	1.4725e-08	-1.7994e-09	-2.4e-13	3.2512e-07	-3.3776e-07
0.17	-2.0641e-10	8.091e-11	-1.15e-12	3.2558e-07	-3.2546e-07	4.7242e-10	4.72e-12	-6.1e-13	3.2556e-07	-3.2596e-07	1.2269e-09	-3.213e-11	-1.03e-12	3.2532e-07	-3.2656e-07	2.5613e-09	-1.5895e-10	-4.2e-13	3.253e-07	-3.2774e-07	4.7262e-09	-4.0562e-10	-1.32e-12	3.253e-07	-3.2958e-07	8.2496e-09	-9.0212e-10	-1.5e-13	3.2522e-07	-3.3276e-07	1.43474e-08	-1.7624e-09	-1.35e-12	3.2516e-07	-3.3764e-07
0.175	-2.0841e-10	8.878e-11	-4e-13	3.2558e-07	-3.254e-07	4.6131e-10	3.75e-12	-7.4e-13	3.2548e-07	-3.2596e-07	1.2176e-09	-2.99e-11	5e-14	3.253e-07	-3.2656e-07	2.5631e-09	-1.5199e-10	-1.1e-12	3.253e-07	-3.2772e-07	4.7548e-09	-3.9186e-10	-6.9e-13	3.2528e-07	-3.2958e-07	8.4401e-09	-8.792e-10	6e-14	3.2518e-07	-3.326e-07	1.44398e-08	-1.7105e-09	-9.9e-13	3.2516e-07	-3.3772e-07
0.18	-2.2245e-10	9.329e-11	-3.7e-13	3.2552e-07	-3.2546e-07	4.5944e-10	4.7e-12	-1.48e-12	3.2548e-07	-3.2592e-07	1.2096e-09	-3.006e-11	-8.3e-13	3.2532e-07	-3.2646e-07	2.5606e-09	-1.4446e-10	-4.7e-13	3.254e-07	-3.2776e-07	4.6815e-09	-3.7943e-10	-3.9e-13	3.2528e-07	-3.296e-07	8.2952e-09	-8.581e-10	-1.4e-13	3.2518e-07	-3.3258e-07	1.44278e-08	-1.685e-09	2.9e-13	3.252e-07	-3.3776e-07
0.185	-2.2829e-10	1.0035e-10	-1.04e-12	3.255e-07	-3.2542e-07	4.6247e-10	6.78e-12	-6.9e-13	3.2542e-07	-3.26e-07	1.2084e-09	-2.663e-11	-2.31e-12	3.2536e-07	-3.2652e-07	2.5535e-09	-1.408e-10	-6.1e-13	3.254e-07	-3.278e-07	4.7032e-09	-3.6912e-10	-4.1e-13	3.2518e-07	-3.2954e-07	8.2271e-09	-8.3479e-10	-9e-13	3.2518e-07	-3.3252e-07	1.43724e-08	-1.6494e-09	-1.2e-13	3.2522e-07	-3.3778e-07
0.19	-2.3159e-10	1.1009e-10	-6.1e-13	3.2548e-07	-3.254e-07	4.5632e-10	7.39e-12	-1e-12	3.2544e-07	-3.2594e-07	1.21e-09	-2.33e-11	-1.24e-12	3.2532e-07	-3.2638e-07	2.5411e-09	-1.3445e-10	-1.86e-12	3.254e-07	-3.278e-07	4.6615e-09	-3.5668e-10	-1.32e-12	3.2524e-07	-3.295e-07	8.2851e-09	-8.1251e-10	-9.5e-13	3.2516e-07	-3.3266e-07	1.44798e-08	-1.6133e-09	-9e-13	3.2522e-07	-3.38e-07
0.195	-2.4964e-10	1.1736e-10	-3.3e-13	3.2554e-07	-3.2538e-07	4.515e-10	7.85e-12	-1.21e-12	3.2542e-07	-3.2594e-07	1.2046e-09	-2.166e-11	-4.5e-13	3.2536e-07	-3.2652e-07	2.5399e-09	-1.2857e-10	-1.31e-12	3.2536e-07	-3.278e-07	4.6715e-09	-3.447e-10	-2.9e-13	3.2518e-07	-3.2958e-07	8.2903e-09	-7.9168e-10	-1.03e-12	3.252e-07	-3.3264e-07	1.42736e-08	-1.5801e-09	-2.2e-13	3.2512e-07	-3.381e-07
0.2	-2.5814e-10	1.254e-10	-1.05e-12	3.2558e-07	-3.2536e-07	4.5834e-10	9.96e-12	-9.8e-13	3.2542e-07	-3.2596e-07	1.1996e-09	-2.048e-11	-1.8e-12	3.2536e-07	-3.2654e-07	2.5222e-09	-1.2205e-10	-8.9e-13	3.2538e-07	-3.277e-07	4.6481e-09	-3.3503e-10	-3.7e-13	3.2518e-07	-3.2956e-07	8.143e-09	-7.7247e-10	-1.04e-12	3.2518e-07	-3.3252e-07	1.4119e-08	-1.5447e-09	-6e-13	3.2512e-07	-3.3802e-07
0.205	-2.5725e-10	1.3325e-10	-1.74e-12	3.2558e-07	-3.2544e-07	4.5212e-10	1.172e-11	-3.2e-13	3.2544e-07	-3.2584e-07	1.1985e-09	-1.811e-11	-1.17e-12	3.2536e-07	-3.265e-07	2.5077e-09	-1.1843e-10	3e-14	3.2534e-07	-3.2782e-07	4.6276e-09	-3.2612e-10	-1.12e-12	3.2522e-07	-3.2958e-07	8.0765e-09	-7.5128e-10	-1.25e-12	3.2516e-07	-3.3268e-07	1.41262e-08	-1.5105e-09	-1.27e-12	3.2516e-07	-3.3766e-07
0.21	-2.6867e-10	1.4157e-10	-1.11e-12	3.2562e-07	-3.2542e-07	4.4658e-10	1.115e-11	2e-14	3.2542e-07	-3.2586e-07	1.1919e-09	-1.478e-11	2e-13	3.2534e-07	-3.265e-07	2.5107e-09	-1.1197e-10	-2.05e-12	3.2526e-07	-3.2762e-07	4.637e-09	-3.1294e-10	-9.1e-13	3.2528e-07	-3.296e-07	8.1072e-09	-7.3028e-10	-3.8e-13	3.2516e-07	-3.3274e-07	1.41938e-08	-1.4761e-09	-1.33e-12	3.2514e-07	-3.3788e-07
0.215	-2.8142e-10	1.5019e-10	-4.4e-13	3.256e-07	-3.2542e-07	4.5019e-10	1.209e-11	-6.4e-13	3.254e-07	-3.2586e-07	1.1873e-09	-1.605e-11	3.7e-13	3.2536e-07	-3.2654e-07	2.507e-09	-1.0654e-10	-5.1e-13	3.253e-07	-3.277e-07	4.6257e-09	-3.0383e-10	8e-14	3.2522e-07	-3.2954e-07	8.2074e-09	-7.1125e-10	-2.5e-13	3.2514e-07	-3.3274e-07	1.41406e-08	-1.4441e-09	2.1e-13	3.252e-07	-3.3772e-07
0.22	-2.8151e-10	1.5786e-10	-8.1e-13	3.2556e-07	-3.255e-07	4.4821e-10	1.538e-11	-2.2e-13	3.2536e-07	-3.2594e-07	1.1879e-09	-1.378e-11	-6.2e-13	3.254e-07	-3.2654e-07	2.4925e-09	-1.0166e-10	-6.4e-13	3.2534e-07	-3.2774e-07	4.636e-09	-2.9386e-10	2.2e-13	3.2526e-07	-3.2964e-07	8.1811e-09	-6.921e-10	-1.09e-12	3.2512e-07	-3.3254e-07	1.40858e-08	-1.4115e-09	4.6e-13	3.2518e-07	-3.3764e-07
0.225	-2.8584e-10	1.6992e-10	-7.7e-13	3.2556e-07	-3.2548e-07	4.4448e-10	1.536e-11	5.7e-13	3.2536e-07	-3.2586e-07	1.1854e-09	-1.16e-11	-8.9e-13	3.2524e-07	-3.264e-07	2.5688e-09	-9.781e-11	-9.2e-13	3.2534e-07	-3.2778e-07	4.6451e-09	-2.8475e-10	1e-13	3.2528e-07	-3.2954e-07	8.016e-09	-6.7209e-10	-1.04e-12	3.2522e-07	-3.3278e-07	1.40492e-08	-1.3807e-09	-7.5e-13	3.2522e-07	-3.376e-07
0.23	-3.002e-10	1.7758e-10	-8.3e-13	3.2564e-07	-3.2556e-07	4.4232e-10	1.639e-11	-1.11e-12	3.254e-07	-3.259e-07	1.1828e-09	-1.003e-11	6.5e-13	3.2534e-07	-3.2648e-07	2.5711e-09	-9.148e-11	-1.17e-12	3.2534e-07	-3.278e-07	4.6709e-09	-2.7377e-10	3.6e-13	3.2524e-07	-3.2962e-07	8.0806e-09	-6.5319e-10	-2.5e-13	3.2516e-07	-3.3258e-07	1.40846e-08	-1.3502e-09	-8.3e-13	3.2528e-07	-3.38e-07
0.235	-3.1494e-10	1.8782e-10	-2.71e-12	3.2558e-07	-3.2548e-07	4.401e-10	1.879e-11	-9.9e-13	3.254e-07	-3.259e-07	1.1768e-09	-1.096e-11	-9.6e-13	3.2536e-07	-3.2652e-07	2.5602e-09	-8.709e-11	-4.7e-13	3.2526e-07	-3.2774e-07	4.615e-09	-2.6677e-10	7.5e-13	3.2524e-07	-3.2952e-07	8.0338e-09	-6.3016e-10	-1e-12	3.251e-07	-3.3252e-07	1.39348e-08	-1.3198e-09	-4.4e-13	3.2524e-07	-3.3764e-07
0.24	-3.2144e-10	1.9955e-10	-1.27e-12	3.256e-07	-3.2546e-07	4.3916e-10	2.265e-11	7.5e-13	3.2542e-07	-3.2592e-07	1.1831e-09	-8.01e-12	-8.7e-13	3.2532e-07	-3.2648e-07	2.5501e-09	-8.39e-11	-4.7e-13	3.2528e-07	-3.2778e-07	4.5701e-09	-2.5769e-10	-1e-14	3.2522e-07	-3.2958e-07	8.1165e-09	-6.1807e-10	-1.68e-12	3.252e-07	-3.3266e-07	1.39016e-08	-1.2765e-09	-3.3e-13	3.2516e-07	-3.3756e-07
0.245	-3.3804e-10	2.0657e-10	-2.9e-13	3.2558e-07	-3.2542e-07	4.2895e-10	2.124e-11	-2.3e-13	3.255e-07	-3.2594e-07	1.167e-09	-6.42e-12	2.2e-13	3.2528e-07	-3.2648e-07	2.5426e-09	-7.813e-11	-6.1e-13	3.2526e-07	-3.2782e-07	4.5959e-09	-2.4746e-10	-5.9e-13	3.2524e-07	-3.2958e-07	8.0815e-09	-5.9957e-10	-1.04e-12	3.2512e-07	-3.3266e-07	1.38002e-08	-1.246e-09	-8.9e-13	3.2518e-07	-3.3802e-07
0.25	-3.4703e-10	2.2211e-10	-1.19e-12	3.256e-07	-3.2546e-07	4.3362e-10	2.592e-11	5.1e-13	3.254e-07	-3.259e-07	1.1621e-09	-6.05e-12	3.8e-13	3.2536e-07	-3.2652e-07	2.5513e-09	-7.414e-11	5e-13	3.2528e-07	-3.2774e-07	4.6194e-09	-2.3895e-10	-5.8e-13	3.2522e-07	-3.2956e-07	8.034e-09	-5.8358e-10	-3e-14	3.251e-07	-3.3248e-07	1.38336e-08	-1.2287e-09	-2.8e-13	3.2522e-07	-3.38e-07
0.255	-3.4659e-10	2.2659e-10	-9.3e-13	3.2558e-07	-3.2558e-07	4.2884e-10	2.826e-11	4.7e-13	3.2548e-07	-3.2588e-07	1.1658e-09	-5.75e-12	4.1e-13	3.2534e-07	-3.2648e-07	2.5326e-09	-7.025e-11	4.2e-13	3.2524e-07	-3.2772e-07	4.5835e-09	-2.3301e-10	-1.36e-12	3.2524e-07	-3.2958e-07	7.9e-09	-5.6813e-10	-5.5e-13	3.2516e-07	-3.3264e-07	1.3869e-08	-1.1996e-09	5.2e-13	3.2522e-07	-3.3764e-07
0.26	-3.6192e-10	2.4595e-10	-1.14e-12	3.2558e-07	-3.2548e-07	4.2321e-10	2.914e-11	6.7e-13	3.2546e-07	-3.2594e-07	1.1709e-09	-2.74e-12	-6.1e-13	3.2534e-07	-3.266e-07	2.5311e-09	-6.809e-11	6.8e-13	3.2534e-07	-3.277e-07	4.5456e-09	-2.2353e-10	-1.8e-12	3.2528e-07	-3.2964e-07	7.8975e-09	-5.4959e-10	-1.2e-13	3.2522e-07	-3.3268e-07	1.38578e-08	-1.1725e-09	-2.8e-13	3.2512e-07	-3.3762e-07
0.265	-3.8766e-10	2.5176e-10	9.2e-13	3.2562e-07	-3.2554e-07	4.1786e-10	3.135e-11	-5.9e-13	3.255e-07	-3.259e-07	1.1636e-09	-2.72e-12	7.7e-13	3.2532e-07	-3.265e-07	2.5302e-09	-6.211e-11	0	3.253e-07	-3.2776e-07	4.5944e-09	-2.1444e-10	-1.5e-12	3.253e-07	-3.2958e-07	7.8648e-09	-5.3461e-10	3.3e-13	3.2514e-07	-3.3264e-07	1.3741e-08	-1.1451e-09	-1.35e-12	3.2518e-07	-3.3758e-07
0.27	-3.9154e-10	2.7018e-10	-7.8e-13	3.2558e-07	-3.2546e-07	4.2114e-10	3.698e-11	-3.7e-13	3.2544e-07	-3.2588e-07	1.1569e-09	-2.27e-12	3.6e-13	3.2536e-07	-3.2644e-07	2.5248e-09	-5.844e-11	4.5e-13	3.2532e-07	-3.2778e-07	4.5421e-09	-2.0856e-10	-8.1e-13	3.2536e-07	-3.296e-07	7.9745e-09	-5.199e-10	7.9e-13	3.2526e-07	-3.325e-07	1.38354e-08	-1.1171e-09	-8.1e-13	3.2522e-07	-3.3756e-07
0.275	-4.008e-10	2.8145e-10	-1.04e-12	3.2558e-07	-3.2548e-07	4.0986e-10	3.828e-11	5.9e-13	3.2542e-07	-3.2586e-07	1.1603e-09	-6.9e-13	-3.2e-13	3.2534e-07	-3.2644e-07	2.5235e-09	-5.638e-11	-1.8e-13	3.2534e-07	-3.279e-07	4.5665e-09	-2.0271e-10	-8.2e-13	3.2528e-07	-3.2962e-07	7.8471e-09	-5.031e-10	-5.6e-13	3.2528e-07	-3.3276e-07	1.36796e-08	-1.0891e-09	-1.4e-13	3.2518e-07	-3.3758e-07
0.28	-4.2636e-10	2.9502e-10	-6.9e-13	3.2548e-07	-3.254e-07	4.0479e-10	4.106e-11	-3.1e-13	3.2546e-07	-3.259e-07	1.1574e-09	1.18e-12	-1e-13	3.253e-07	-3.2654e-07	2.5163e-09	-5.175e-11	-9.1e-13	3.2538e-07	-3.2794e-07	4.5428e-09	-1.9326e-10	-7.6e-13	3.2522e-07	-3.2966e-07	7.8365e-09	-4.8146e-10	-3.4e-13	3.253e-07	-3.3274e-07	1.37122e-08	-1.0625e-09	-1e-12	3.252e-07	-3.3758e-07
0.285	-4.4061e-10	3.1077e-10	-1.41e-12	3.2558e-07	-3.2546e-07	4.1074e-10	4.586e-11	0	3.2542e-07	-3.259e-07	1.1486e-09	5.9e-13	-2.1e-13	3.2534e-07	-3.2644e-07	2.5052e-09	-4.738e-11	-7.6e-13	3.2536e-07	-3.2788e-07	4.5688e-09	-1.8594e-10	-8.9e-13	3.2526e-07	-3.2968e-07	7.8126e-09	-4.7425e-10	-1.7e-13	3.2524e-07	-3.3274e-07	1.34604e-08	-1.0377e-09	-1e-12	3.251e-07	-3.3776e-07
0.29	-4.4174e-10	3.2582e-10	-5e-13	3.2556e-07	-3.2546e-07	4.0123e-10	4.989e-11	-5e-14	3.2536e-07	-3.2576e-07	1.1446e-09	1.17e-12	-1.18e-12	3.253e-07	-3.2646e-07	2.5157e-09	-4.482e-11	-5.1e-13	3.2534e-07	-3.278e-07	4.5193e-09	-1.8067e-10	-3.3e-13	3.253e-07	-3.2968e-07	7.7907e-09	-4.6036e-10	-3.2e-13	3.252e-07	-3.3246e-07	1.35654e-08	-1.0124e-09	3.2e-13	3.2524e-07	-3.3752e-07
0.295	-4.6291e-10	3.4477e-10	-9.4e-13	3.2558e-07	-3.2548e-07	3.9249e-10	5.329e-11	1.1e-13	3.2544e-07	-3.2582e-07	1.151e-09	4.13e-12	-1.05e-12	3.2536e-07	-3.2644e-07	2.5031e-09	-4.329e-11	3.3e-13	3.2528e-07	-3.2774e-07	4.5203e-09	-1.7487e-10	-1.1e-12	3.2534e-07	-3.2964e-07	7.8294e-09	-4.4572e-10	-9.4e-13	3.2518e-07	-3.3246e-07	1.34104e-08	-9.8863e-10	-8.1e-13	3.2518e-07	-3.3766e-07
0.3	-4.8696e-10	3.5751e-10	-2.7e-13	3.2564e-07	-3.2546e-07	3.8781e-10	5.758e-11	-6.8e-13	3.2542e-07	-3.2582e-07	1.1476e-09	4.59e-12	-4.4e-13	3.253e-07	-3.2648e-07	2.5018e-09	-3.862e-11	-8.4e-13	3.2534e-07	-3.2782e-07	4.5193e-09	-1.6587e-10	-1.4e-12	3.253e-07	-3.2958e-07	7.772e-09	-4.317e-10	2.8e-13	3.2516e-07	-3.3262e-07	1.34818e-08	-9.6305e-10	-2.2e-13	3.2516e-07	-3.3752e-07
0.305	-5.0059e-10	3.7634e-10	-6.4e-13	3.2562e-07	-3.255e-07	3.8401e-10	6.425e-11	-4.2e-13	3.2542e-07	-3.2588e-07	1.1398e-09	4.1e-12	-1.33e-12	3.2536e-07	-3.2648e-07	2.4832e-09	-3.501e-11	-1e-13	3.2534e-07	-3.278e-07	4.5661e-09	-1.6098e-10	-4.2e-13	3.2526e-07	-3.297e-07	7.7668e-09	-4.1952e-10	-2.6e-13	3.2522e-07	-3.3248e-07	1.34218e-08	-9.3764e-10	-1.8e-13	3.2518e-07	-3.375e-07
0.31	-5.1408e-10	3.9671e-10	-8e-13	3.2568e-07	-3.2552e-07	3.7052e-10	6.841e-11	-4.1e-13	3.2538e-07	-3.2578e-07	1.1445e-09	4.58e-12	-8.8e-13	3.2536e-07	-3.2652e-07	2.4841e-09	-3.41e-11	-2.7e-13	3.2536e-07	-3.2788e-07	4.5666e-09	-1.5538e-10	-1.22e-12	3.2536e-07	-3.2966e-07	7.847e-09	-4.0652e-10	-1.62e-12	3.252e-07	-3.326e-07	1.34762e-08	-9.137e-10	-8.9e-13	3.252e-07	-3.3762e-07
0.315	-5.4116e-10	4.1675e-10	-7.4e-13	3.2562e-07	-3.255e-07	3.6696e-10	7.337e-11	-8.9e-13	3.254e-07	-3.2584e-07	1.1416e-09	7.21e-12	-1.09e-12	3.254e-07	-3.2648e-07	2.4828e-09	-3.154e-11	-1.52e-12	3.2536e-07	-3.278e-07	4.5059e-09	-1.4767e-10	-1.71e-12	3.2528e-07	-3.2966e-07	7.7973e-09	-3.9261e-10	-7.9e-13	3.2516e-07	-3.3252e-07	1.33934e-08	-8.9127e-10	1.3e-13	3.2518e-07	-3.3784e-07
0.32	-5.6381e-10	4.3396e-10	-2.13e-12	3.2564e-07	-3.255e-07	3.6552e-10	8.134e-11	-4e-13	3.2542e-07	-3.258e-07	1.1352e-09	6.75e-12	6.4e-13	3.2536e-07	-3.2648e-07	2.4871e-09	-2.787e-11	-9.3e-13	3.2534e-07	-3.2778e-07	4.5379e-09	-1.4087e-10	7e-14	3.2522e-07	-3.296e-07	7.7006e-09	-3.8079e-10	2e-14	3.2518e-07	-3.3248e-07	1.33614e-08	-8.6945e-10	3.1e-13	3.2516e-07	-3.3758e-07
0.325	-5.755e-10	4.5938e-10	-1.7e-13	3.2558e-07	-3.255e-07	3.5762e-10	8.785e-11	7e-13	3.2542e-07	-3.2584e-07	1.1355e-09	6.82e-12	-1.06e-12	3.2534e-07	-3.264e-07	2.4783e-09	-2.605e-11	-1.15e-12	3.2534e-07	-3.2776e-07	4.5378e-09	-1.3852e-10	4.3e-13	3.252e-07	-3.296e-07	7.8687e-09	-3.6981e-10	-1.04e-12	3.2518e-07	-3.325e-07	1.34904e-08	-8.4812e-10	-3.9e-13	3.2516e-07	-3.379e-07
0.33	-6.0009e-10	4.7908e-10	1.82e-12	3.2566e-07	-3.2552e-07	3.4555e-10	9.216e-11	2e-14	3.2538e-07	-3.2588e-07	1.1444e-09	8.81e-12	-9.3e-13	3.253e-07	-3.2654e-07	2.4807e-09	-2.522e-11	-1e-12	3.2528e-07	-3.277e-07	4.5162e-09	-1.3169e-10	-3.2e-13	3.2522e-07	-3.2964e-07	7.7843e-09	-3.5633e-10	-1.32e-12	3.2518e-07	-3.3258e-07	1.32946e-08	-8.2416e-10	-1.63e-12	3.2522e-07	-3.3788e-07
0.335	-6.2767e-10	5.049e-10	-5.4e-13	3.2568e-07	-3.2552e-07	3.4336e-10	9.996e-11	-8.9e-13	3.254e-07	-3.2582e-07	1.1369e-09	1.083e-11	-3e-13	3.2534e-07	-3.2652e-07	2.48e-09	-2.217e-11	-1.87e-12	3.2524e-07	-3.2778e-07	4.5111e-09	-1.2581e-10	-2.5e-13	3.253e-07	-3.2968e-07	7.8048e-09	-3.4518e-10	-9.9e-13	3.2514e-07	-3.3264e-07	1.3366e-08	-8.038e-10	-1.5e-12	3.252e-07	-3.3744e-07
0.34	-6.4537e-10	5.2611e-10	-5.5e-13	3.2562e-07	-3.255e-07	3.359e-10	1.0795e-10	-1.02e-12	3.2546e-07	-3.259e-07	1.1219e-09	1.002e-11	-1e-12	3.253e-07	-3.2646e-07	2.4749e-09	-1.88e-11	-3.1e-13	3.253e-07	-3.2776e-07	4.5049e-09	-1.2099e-10	8.6e-13	3.2524e-07	-3.2966e-07	7.7738e-09	-3.3529e-10	-1.33e-12	3.252e-07	-3.327e-07	1.33586e-08	-7.8082e-10	-6e-14	3.2518e-07	-3.3772e-07
0.345	-6.7797e-10	5.5529e-10	-2.9e-13	3.2562e-07	-3.2548e-07	3.1853e-10	1.1577e-10	-3.3e-13	3.254e-07	-3.2588e-07	1.1249e-09	1.156e-11	-1.21e-12	3.2542e-07	-3.2654e-07	2.4576e-09	-1.828e-11	2.2e-13	3.2536e-07	-3.277e-07	4.5219e-09	-1.1692e-10	-9.2e-13	3.2528e-07	-3.2962e-07	7.704e-09	-3.2397e-10	-1.59e-12	3.252e-07	-3.328e-07	1.312e-08	-7.6191e-10	4e-14	3.2508e-07	-3.3736e-07
0.35	-7.0739e-10	5.8186e-10	5.5e-13	3.2566e-07	-3.2548e-07	3.1303e-10	1.2224e-10	-1.66e-12	3.254e-07	-3.2584e-07	1.1339e-09	1.343e-11	-5.4e-13	3.2528e-07	-3.2644e-07	2.4539e-09	-1.728e-11	-9.9e-13	3.253e-07	-3.2774e-07	4.5279e-09	-1.1142e-10	-1e-13	3.2524e-07	-3.2966e-07	7.7583e-09	-3.1201e-10	-5.5e-13	3.252e-07	-3.3262e-07	1.31734e-08	-7.4133e-10	-1.12e-12	3.2512e-07	-3.374e-07
0.355	-7.3151e-10	6.1085e-10	6.5e-13	3.2564e-07	-3.255e-07	3.0961e-10	1.3315e-10	-1.24e-12	3.254e-07	-3.2584e-07	1.1236e-09	1.362e-11	3.5e-13	3.2534e-07	-3.2646e-07	2.473e-09	-1.324e-11	-2.6e-13	3.2534e-07	-3.2778e-07	4.4793e-09	-1.0318e-10	-2.4e-13	3.252e-07	-3.2964e-07	7.7561e-09	-3.0236e-10	-7e-14	3.2518e-07	-3.3256e-07	1.312e-08	-7.2131e-10	-3.7e-13	3.251e-07	-3.377e-07
0.36	-7.6268e-10	6.4426e-10	2e-14	3.2556e-07	-3.254e-07	2.9002e-10	1.4076e-10	2e-13	3.254e-07	-3.2578e-07	1.1176e-09	1.341e-11	-5.8e-13	3.2536e-07	-3.265e-07	2.3928e-09	-1.242e-11	3.7e-13	3.253e-07	-3.2762e-07	4.4829e-09	-1.0251e-10	-3.5e-13	3.2524e-07	-3.2958e-07	7.6418e-09	-2.9428e-10	-9e-13	3.2516e-07	-3.3258e-07	1.30726e-08	-7.022e-10	-4.5e-13	3.2516e-07	-3.3748e-07
0.365	-7.9549e-10	6.714e-10	-1e-14	3.2558e-07	-3.255e-07	2.8165e-10	1.488e-10	-1.27e-12	3.2538e-07	-3.2584e-07	1.1246e-09	1.641e-11	2.8e-13	3.254e-07	-3.2652e-07	2.3794e-09	-1.299e-11	2.7e-13	3.253e-07	-3.2762e-07	4.5262e-09	-9.699e-11	-9.7e-13	3.2526e-07	-3.2964e-07	7.7976e-09	-2.8243e-10	-8.4e-13	3.2522e-07	-3.3278e-07	1.30466e-08	-6.8143e-10	-5.3e-13	3.2516e-07	-3.3752e-07
0.37	-8.3049e-10	7.0525e-10	7.2e-13	3.2558e-07	-3.2544e-07	2.798e-10	1.5855e-10	-7.6e-13	3.254e-07	-3.2586e-07	1.1213e-09	1.779e-11	-3e-14	3.2542e-07	-3.265e-07	2.388e-09	-1.025e-11	-5.9e-13	3.2528e-07	-3.2764e-07	4.5072e-09	-9.221e-11	-6e-14	3.2522e-07	-3.2952e-07	7.7328e-09	-2.7268e-10	-3.1e-13	3.2524e-07	-3.328e-07	1.29762e-08	-6.6293e-10	-1.24e-12	3.2514e-07	-3.3736e-07
0.375	-8.5957e-10	7.4098e-10	-3.5e-13	3.2558e-07	-3.2554e-07	2.7479e-10	1.6804e-10	-5.8e-13	3.254e-07	-3.2584e-07	1.1099e-09	1.791e-11	4.1e-13	3.2538e-07	-3.265e-07	2.3809e-09	-7.59e-12	-7.5e-13	3.2528e-07	-3.2768e-07	4.4632e-09	-8.787e-11	-9.7e-13	3.2524e-07	-3.2966e-07	7.62e-09	-2.6562e-10	-3e-14	3.2512e-07	-3.3268e-07	1.31796e-08	-6.4269e-10	-9.8e-13	3.251e-07	-3.374e-07
0.38	-9.051e-10	7.8068e-10	-6.2e-13	3.2558e-07	-3.2546e-07	2.5196e-10	1.7543e-10	-1.06e-12	3.2542e-07	-3.259e-07	1.1107e-09	1.852e-11	-3.1e-13	3.254e-07	-3.2648e-07	2.3671e-09	-7.57e-12	-2.2e-13	3.2534e-07	-3.2762e-07	4.4733e-09	-8.472e-11	-1.8e-13	3.2524e-07	-3.2962e-07	7.6944e-09	-2.5606e-10	-1.68e-12	3.2518e-07	-3.3264e-07	1.30404e-08	-6.2704e-10	1.25e-12	3.2506e-07	-3.3742e-07
0.385	-9.3849e-10	8.1461e-10	9e-14	3.2558e-07	-3.2548e-07	2.463e-10	1.8565e-10	-1.89e-12	3.2546e-07	-3.2594e-07	1.1138e-09	2.263e-11	-7.2e-13	3.2538e-07	-3.2648e-07	2.3647e-09	-6.58e-12	-7.3e-13	3.2528e-07	-3.2762e-07	4.5194e-09	-7.959e-11	-1.8e-13	3.2528e-07	-3.2964e-07	7.7297e-09	-2.4447e-10	-5.1e-13	3.2522e-07	-3.3264e-07	1.30396e-08	-6.0874e-10	-3.1e-13	3.251e-07	-3.3746e-07
0.39	-9.6945e-10	8.5645e-10	2.7e-13	3.2562e-07	-3.255e-07	2.3295e-10	2.0061e-10	-1.35e-12	3.2546e-07	-3.259e-07	1.1056e-09	2.315e-11	-5.6e-13	3.254e-07	-3.266e-07	2.3609e-09	-3.61e-12	-6.8e-13	3.2532e-07	-3.2768e-07	4.4478e-09	-7.426e-11	-4.3e-13	3.2522e-07	-3.2966e-07	7.7579e-09	-2.3784e-10	2.2e-13	3.2512e-07	-3.3274e-07	1.29952e-08	-5.9247e-10	-2.03e-12	3.2514e-07	-3.3764e-07
0.395	-1.0201e-09	8.9645e-10	-4.5e-13	3.2554e-07	-3.2542e-07	2.1784e-10	2.0851e-10	-1.4e-12	3.2546e-07	-3.2588e-07	1.0983e-09	2.498e-11	-5.4e-13	3.2536e-07	-3.2654e-07	2.3707e-09	-3.03e-12	4.5e-13	3.253e-07	-3.2758e-07	4.4829e-09	-7.204e-11	-1.04e-12	3.253e-07	-3.2962e-07	7.7449e-09	-2.306e-10	-8.2e-13	3.2514e-07	-3.3268e-07	1.296e-08	-5.731e-10	-7.2e-13	3.2518e-07	-3.3746e-07
0.4	-1.06969e-09	9.431e-10	-2.9e-13	3.2562e-07	-3.2542e-07	2.0777e-10	2.1949e-10	-1.24e-12	3.2548e-07	-3.2586e-07	1.0994e-09	2.713e-11	-8.5e-13	3.2538e-07	-3.2642e-07	2.3623e-09	-2.86e-12	2.8e-13	3.2526e-07	-3.2756e-07	4.4481e-09	-6.807e-11	-1.89e-12	3.2524e-07	-3.296e-07	7.6116e-09	-2.2149e-10	-9e-13	3.2516e-07	-3.326e-07	1.28934e-08	-5.5677e-10	-6.5e-13	3.251e-07	-3.3734e-07
0.405	-1.10433e-09	9.8963e-10	-5.1e-13	3.2554e-07	-3.2538e-07	1.9965e-10	2.3156e-10	-9.8e-13	3.2546e-07	-3.2588e-07	1.1009e-09	3.114e-11	-1.6e-13	3.253e-07	-3.2644e-07	2.3653e-09	-1.61e-12	-4.8e-13	3.2528e-07	-3.2762e-07	4.4915e-09	-6.341e-11	-1.19e-12	3.2522e-07	-3.296e-07	7.7116e-09	-2.1262e-10	1e-12	3.2522e-07	-3.325e-07	1.2977e-08	-5.4097e-10	9.2e-13	3.2508e-07	-3.3736e-07
0.41	-1.1643e-09	1.03313e-09	1.1e-13	3.2552e-07	-3.254e-07	1.8589e-10	2.4486e-10	1.8e-13	3.2544e-07	-3.2588e-07	1.092e-09	3.129e-11	3e-14	3.253e-07	-3.2636e-07	2.3639e-09	7.9e-13	-1e-14	3.2528e-07	-3.276e-07	4.4331e-09	-5.984e-11	-8.4e-13	3.2524e-07	-3.297e-07	7.7236e-09	-2.0613e-10	-1.3e-13	3.2518e-07	-3.3268e-07	1.29286e-08	-5.2468e-10	-3.5e-13	3.251e-07	-3.3764e-07
0.415	-1.2037e-09	1.08518e-09	-5.8e-13	3.2552e-07	-3.2542e-07	1.6522e-10	2.564e-10	-5.3e-13	3.2552e-07	-3.2592e-07	1.09e-09	3.32e-11	-7.6e-13	3.2538e-07	-3.2652e-07	2.3474e-09	9.2e-13	-2.3e-13	3.2528e-07	-3.2768e-07	4.4548e-09	-5.691e-11	-2.4e-13	3.2516e-07	-3.2958e-07	7.7002e-09	-1.9972e-10	-7.1e-13	3.2516e-07	-3.327e-07	1.29764e-08	-5.1136e-10	-5.5e-13	3.2514e-07	-3.3752e-07
0.42	-1.2526e-09	1.1358e-09	-9.3e-13	3.2552e-07	-3.2542e-07	1.617e-10	2.676e-10	-1.12e-12	3.2544e-07	-3.2584e-07	1.0918e-09	3.715e-11	-1.02e-12	3.2536e-07	-3.2654e-07	2.354e-09	7.2e-13	-1.06e-12	3.2534e-07	-3.277e-07	4.4624e-09	-5.358e-11	-1.33e-12	3.2528e-07	-3.2966e-07	7.6829e-09	-1.9052e-10	-7.3e-13	3.2516e-07	-3.3258e-07	1.27564e-08	-4.9582e-10	2.7e-13	3.2512e-07	-3.3716e-07
0.425	-1.3082e-09	1.1876e-09	-9.2e-13	3.255e-07	-3.2534e-07	1.4652e-10	2.8484e-10	-7.3e-13	3.2544e-07	-3.2588e-07	1.0798e-09	3.951e-11	-3e-13	3.2536e-07	-3.2648e-07	2.3519e-09	2.97e-12	-1.02e-12	3.2528e-07	-3.2762e-07	4.4345e-09	-4.853e-11	6e-14	3.2532e-07	-3.2966e-07	7.6037e-09	-1.8444e-10	-4.1e-13	3.2524e-07	-3.3268e-07	1.25614e-08	-4.8089e-10	-4.9e-13	3.2508e-07	-3.3718e-07
0.43	-1.373e-09	1.2471e-09	-8.7e-13	3.2546e-07	-3.2546e-07	1.2272e-10	2.9303e-10	1.9e-13	3.2552e-07	-3.2588e-07	1.0696e-09	4.162e-11	-2.05e-12	3.2538e-07	-3.2654e-07	2.3385e-09	4.65e-12	-1.2e-12	3.2522e-07	-3.2758e-07	4.4758e-09	-4.723e-11	-4e-14	3.2526e-07	-3.2966e-07	7.6098e-09	-1.7819e-10	-9.4e-13	3.2524e-07	-3.3264e-07	1.27346e-08	-4.6412e-10	-1.4e-12	3.251e-07	-3.3718e-07
0.435	-1.4301e-09	1.306e-09	-1.81e-12	3.2552e-07	-3.2544e-07	1.1203e-10	3.088e-10	-5.2e-13	3.2546e-07	-3.2584e-07	1.0787e-09	4.634e-11	-1.82e-12	3.254e-07	-3.265e-07	2.338e-09	2.95e-12	-5.3e-13	3.2528e-07	-3.2768e-07	4.4308e-09	-4.436e-11	-3.8e-13	3.2522e-07	-3.2966e-07	7.6561e-09	-1.7011e-10	-1.24e-12	3.2524e-07	-3.326e-07	1.25862e-08	-4.5036e-10	-9.8e-13	3.2508e-07	-3.3746e-07
0.44	-1.4834e-09	1.3675e-09	-1.8e-12	3.2558e-07	-3.2546e-07	1.005e-10	3.234e-10	3.4e-13	3.2546e-07	-3.2586e-07	1.0719e-09	5.188e-11	-1.55e-12	3.254e-07	-3.2644e-07	2.3395e-09	5.53e-12	-1.33e-12	3.2528e-07	-3.2764e-07	4.4542e-09	-4.019e-11	-8.2e-13	3.2518e-07	-3.2966e-07	7.669e-09	-1.6296e-10	-1e-13	3.2524e-07	-3.3282e-07	1.26734e-08	-4.3638e-10	5.1e-13	3.2512e-07	-3.3708e-07
0.445	-1.5501e-09	1.4301e-09	-8.9e-13	3.2554e-07	-3.254e-07	8.171e-11	3.3907e-10	-5.2e-13	3.2544e-07	-3.2588e-07	1.0613e-09	5.433e-11	-9.3e-13	3.2534e-07	-3.2648e-07	2.3436e-09	6.78e-12	-7.3e-13	3.253e-07	-3.2764e-07	4.4441e-09	-3.684e-11	0	3.2526e-07	-3.2974e-07	7.572e-09	-1.5836e-10	-4.1e-13	3.2512e-07	-3.326e-07	1.26628e-08	-4.2543e-10	-8.7e-13	3.2512e-07	-3.3718e-07
0.45	-1.6246e-09	1.4973e-09	3e-14	3.2556e-07	-3.254e-07	6.264e-11	3.5432e-10	1e-14	3.2542e-07	-3.259e-07	1.0593e-09	5.806e-11	-7.5e-13	3.2536e-07	-3.2644e-07	2.3379e-09	7.28e-12	1.2e-13	3.253e-07	-3.276e-07	4.4151e-09	-3.607e-11	-8.7e-13	3.2524e-07	-3.296e-07	7.7001e-09	-1.5305e-10	-1.3e-12	3.2518e-07	-3.3262e-07	1.25784e-08	-4.1093e-10	-7.9e-13	3.2506e-07	-3.3712e-07
0.455	-1.6884e-09	1.5676e-09	-8.6e-13	3.2546e-07	-3.2536e-07	5.132e-11	3.7314e-10	-1.1e-12	3.2544e-07	-3.259e-07	1.0579e-09	6.437e-11	-1.05e-12	3.2536e-07	-3.265e-07	2.3427e-09	6.25e-12	-2.7e-13	3.253e-07	-3.2768e-07	4.45e-09	-3.226e-11	-7.4e-13	3.252e-07	-3.2968e-07	7.7542e-09	-1.4461e-10	-8.1e-13	3.2518e-07	-3.326e-07	1.26388e-08	-3.9943e-10	-1.42e-12	3.2512e-07	-3.3704e-07
0.46	-1.7543e-09	1.6399e-09	-4.9e-13	3.256e-07	-3.254e-07	3.442e-11	3.9203e-10	-3e-14	3.2544e-07	-3.2588e-07	1.0463e-09	6.864e-11	7.1e-13	3.2538e-07	-3.265e-07	2.3392e-09	9.18e-12	-1.19e-12	3.2534e-07	-3.2764e-07	4.4096e-09	-2.867e-11	-1.09e-12	3.2528e-07	-3.296e-07	7.6692e-09	-1.4062e-10	-1.5e-13	3.2522e-07	-3.328e-07	1.25378e-08	-3.8473e-10	1.7e-13	3.2508e-07	-3.3738e-07
0.465	-1.8374e-09	1.7135e-09	4.2e-13	3.2558e-07	-3.2546e-07	7.05e-12	4.0776e-10	5.7e-13	3.2548e-07	-3.259e-07	1.0444e-09	7.374e-11	-8e-14	3.2536e-07	-3.2644e-07	2.3353e-09	9.53e-12	-2.1e-13	3.2528e-07	-3.2758e-07	4.4229e-09	-2.75e-11	1.23e-12	3.2518e-07	-3.2958e-07	7.6547e-09	-1.3533e-10	-8.2e-13	3.2524e-07	-3.3262e-07	1.25996e-08	-3.7271e-10	-5.1e-13	3.2504e-07	-3.374e-07
0.47	-1.9197e-09	1.7969e-09	4e-13	3.2556e-07	-3.2546e-07	-9.08e-12	4.2878e-10	8e-14	3.255e-07	-3.2588e-07	1.037e-09	7.898e-11	-1.34e-12	3.2538e-07	-3.2646e-07	2.3221e-09	9.81e-12	0	3.2534e-07	-3.2764e-07	4.3861e-09	-2.665e-11	-1.4e-13	3.2522e-07	-3.2952e-07	7.5633e-09	-1.2908e-10	-1.64e-12	3.2518e-07	-3.3272e-07	1.2462e-08	-3.6014e-10	-3e-13	3.25e-07	-3.3714e-07
0.475	-1.9936e-09	1.8793e-09	-6.3e-13	3.2556e-07	-3.2536e-07	-2.78e-11	4.5086e-10	9.1e-13	3.2542e-07	-3.2584e-07	1.0306e-09	8.712e-11	-1.3e-13	3.2536e-07	-3.265e-07	2.3259e-09	9.91e-12	-8.9e-13	3.2534e-07	-3.2768e-07	4.3985e-09	-2.286e-11	-1.7e-13	3.2528e-07	-3.2964e-07	7.5681e-09	-1.2276e-10	-9.5e-13	3.2524e-07	-3.3268e-07	1.2501e-08	-3.5013e-10	3.8e-13	3.2506e-07	-3.37e-07
0.48	-2.0727e-09	1.958e-09	-3.4e-13	3.2546e-07	-3.2538e-07	-5.512e-11	4.7138e-10	-2e-14	3.2542e-07	-3.2586e-07	1.0174e-09	9.29e-11	3e-14	3.2534e-07	-3.265e-07	2.3303e-09	1.244e-11	-6.4e-13	3.2536e-07	-3.2764e-07	4.4305e-09	-2.002e-11	6.1e-13	3.2528e-07	-3.297e-07	7.5615e-09	-1.1952e-10	-1.24e-12	3.2524e-07	-3.326e-07	1.25298e-08	-3.4033e-10	2.5e-13	3.2512e-07	-3.3716e-07
0.485	-2.1659e-09	2.0443e-09	1.02e-12	3.2552e-07	-3.2534e-07	-8.111e-11	4.9372e-10	-6.6e-13	3.255e-07	-3.2594e-07	1.0032e-09	9.743e-11	-5.6e-13	3.253e-07	-3.2636e-07	2.3348e-09	1.22e-11	8e-14	3.2526e-07	-3.2756e-07	4.3946e-09	-1.898e-11	1.9e-13	3.2528e-07	-3.2966e-07	7.5867e-09	-1.149e-10	-1.11e-12	3.2516e-07	-3.3278e-07	1.2423e-08	-3.2709e-10	-1.55e-12	3.2506e-07	-3.3712e-07
0.49	-2.259e-09	2.1341e-09	-5.5e-13	3.2554e-07	-3.2542e-07	-9.789e-11	5.1895e-10	-5.2e-13	3.2542e-07	-3.2588e-07	1.0086e-09	1.0665e-10	-8.4e-13	3.253e-07	-3.2638e-07	2.3145e-09	1.255e-11	2.6e-13	3.2528e-07	-3.2752e-07	4.397e-09	-1.72e-11	-3.2e-13	3.2524e-07	-3.296e-07	7.6122e-09	-1.0845e-10	-1.25e-12	3.2516e-07	-3.3262e-07	1.24664e-08	-3.1165e-10	-7.6e-13	3.2508e-07	-3.377e-07
0.495	-2.3536e-09	2.2375e-09	-1e-12	3.2554e-07	-3.2538e-07	-1.244e-10	5.4497e-10	2.3e-13	3.2544e-07	-3.2594e-07	9.984e-10	1.1564e-10	-7e-13	3.2528e-07	-3.2642e-07	2.3249e-09	1.443e-11	-2.6e-13	3.2524e-07	-3.2756e-07	4.3802e-09	-1.317e-11	-1.17e-12	3.2524e-07	-3.296e-07	7.5788e-09	-1.042e-10	-4e-14	3.2518e-07	-3.3276e-07	1.23708e-08	-3.0409e-10	-6e-13	3.2506e-07	-3.3714e-07
0.5	-2.4576e-09	2.3391e-09	-4.6e-13	3.2546e-07	-3.2544e-07	-1.5592e-10	5.701e-10	2.2e-13	3.2548e-07	-3.258e-07	9.961e-10	1.2321e-10	-4.5e-13	3.2534e-07	-3.2644e-07	2.3119e-09	1.616e-11	5.6e-13	3.252e-07	-3.276e-07	4.3992e-09	-1.322e-11	-1e-14	3.253e-07	-3.2964e-07	7.6424e-09	-1.0107e-10	4.1e-13	3.2518e-07	-3.3272e-07	1.24628e-08	-2.9471e-10	-2.7e-13	3.2506e-07	-3.3738e-07
0.505	-2.5664e-09	2.4397e-09	-2.2e-13	3.2574e-07	-3.256e-07	-1.8038e-10	5.9866e-10	-5.6e-13	3.2544e-07	-3.2584e-07	9.7851e-10	1.316e-10	4e-13	3.2524e-07	-3.2644e-07	2.3036e-09	1.539e-11	-1.2e-13	3.2524e-07	-3.2762e-07	4.4398e-09	-1.219e-11	-1.27e-12	3.2522e-07	-3.2954e-07	7.7021e-09	-9.647e-11	-1.05e-12	3.252e-07	-3.326e-07	1.2545e-08	-2.8639e-10	-2.2e-13	3.2502e-07	-3.3734e-07
0.51	-2.6635e-09	2.5395e-09	-3.7e-13	3.2576e-07	-3.2562e-07	-2.0777e-10	6.2861e-10	6.4e-13	3.2548e-07	-3.2584e-07	9.6571e-10	1.381e-10	-5.3e-13	3.253e-07	-3.2642e-07	2.2986e-09	1.656e-11	-2.7e-13	3.2528e-07	-3.2762e-07	4.3573e-09	-8.74e-12	-9.7e-13	3.253e-07	-3.296e-07	7.6045e-09	-9.093e-11	8.4e-13	3.2514e-07	-3.3268e-07	1.24974e-08	-2.7615e-10	-3e-14	3.2498e-07	-3.3724e-07
0.515	-2.7673e-09	2.6512e-09	-1.11e-12	3.2576e-07	-3.2566e-07	-2.4808e-10	6.5785e-10	7.6e-13	3.2542e-07	-3.2596e-07	9.5644e-10	1.4596e-10	-1.14e-12	3.2536e-07	-3.2638e-07	2.3136e-09	1.945e-11	-7.9e-13	3.2522e-07	-3.2754e-07	4.353e-09	-7.01e-12	-5.4e-13	3.2526e-07	-3.2968e-07	7.6426e-09	-8.768e-11	-2.2e-13	3.2516e-07	-3.3262e-07	1.24628e-08	-2.6709e-10	1.7e-13	3.2506e-07	-3.3732e-07
0.52	-2.8884e-09	2.7695e-09	-2e-13	3.258e-07	-3.2558e-07	-2.8197e-10	6.9019e-10	-1.23e-12	3.254e-07	-3.2578e-07	9.5991e-10	1.5862e-10	-4e-13	3.2528e-07	-3.2638e-07	2.3081e-09	2.008e-11	-3.8e-13	3.2532e-07	-3.2762e-07	4.347e-09	-7.14e-12	-3e-14	3.2524e-07	-3.296e-07	7.586e-09	-8.466e-11	-3.2e-13	3.251e-07	-3.326e-07	1.23756e-08	-2.5664e-10	-1.23e-12	3.251e-07	-3.3712e-07
0.525	-3.0099e-09	2.8881e-09	-1.1e-13	3.2578e-07	-3.257e-07	-3.0729e-10	7.2522e-10	0	3.2528e-07	-3.2578e-07	9.3909e-10	1.6485e-10	6e-14	3.253e-07	-3.2632e-07	2.2887e-09	1.991e-11	-5.4e-13	3.2528e-07	-3.2762e-07	4.3571e-09	-5.75e-12	-1.09e-12	3.2524e-07	-3.2962e-07	7.7083e-09	-7.8e-11	-6.8e-13	3.2522e-07	-3.328e-07	1.24072e-08	-2.4612e-10	-3.8e-13	3.2504e-07	-3.3712e-07
0.53	-3.1282e-09	3.0128e-09	-3.5e-13	3.2584e-07	-3.2568e-07	-3.4446e-10	7.6061e-10	6.5e-13	3.2536e-07	-3.2578e-07	9.3104e-10	1.7265e-10	6.3e-13	3.2534e-07	-3.264e-07	2.2994e-09	2.296e-11	-1.53e-12	3.2532e-07	-3.2764e-07	4.3784e-09	-2.34e-12	-1.4e-12	3.2524e-07	-3.2968e-07	7.647e-09	-7.471e-11	5.6e-13	3.2512e-07	-3.327e-07	1.24342e-08	-2.386e-10	-3.2e-13	3.2504e-07	-3.3728e-07
0.535	-3.2707e-09	3.1502e-09	-8.4e-13	3.258e-07	-3.2566e-07	-3.8567e-10	7.9694e-10	4e-14	3.2538e-07	-3.258e-07	9.226e-10	1.861e-10	-1.05e-12	3.2526e-07	-3.2642e-07	2.3009e-09	2.366e-11	-9.6e-13	3.2524e-07	-3.2764e-07	4.3424e-09	-2.23e-12	-6.8e-13	3.2526e-07	-3.2956e-07	7.7297e-09	-7.16e-11	5.1e-13	3.2516e-07	-3.328e-07	1.22746e-08	-2.3085e-10	5.6e-13	3.2506e-07	-3.3742e-07
0.54	-3.3992e-09	3.2771e-09	-1.05e-12	3.2576e-07	-3.2562e-07	-4.1949e-10	8.3734e-10	-2.6e-13	3.2536e-07	-3.2572e-07	9.092e-10	1.9833e-10	-1.4e-13	3.2524e-07	-3.2644e-07	2.2975e-09	2.573e-11	-1.12e-12	3.2528e-07	-3.276e-07	4.3536e-09	-1.74e-12	-6.1e-13	3.2526e-07	-3.2958e-07	7.8047e-09	-6.907e-11	-6.5e-13	3.2518e-07	-3.3294e-07	1.23088e-08	-2.2274e-10	-7.7e-13	3.2514e-07	-3.3722e-07
0.545	-3.5377e-09	3.4129e-09	-1.71e-12	3.2568e-07	-3.2554e-07	-4.6274e-10	8.7742e-10	-4.2e-13	3.254e-07	-3.2584e-07	8.878e-10	2.0421e-10	0	3.253e-07	-3.2636e-07	2.2832e-09	2.5e-11	-8.1e-13	3.2524e-07	-3.2758e-07	4.3471e-09	-3.1e-13	-2.01e-12	3.2528e-07	-3.2964e-07	7.8348e-09	-6.268e-11	-1.3e-13	3.2516e-07	-3.33e-07	1.25094e-08	-2.1609e-10	-5.4e-13	3.2508e-07	-3.3706e-07
0.55	-3.6745e-09	3.5618e-09	-1.25e-12	3.2578e-07	-3.2564e-07	-5.1613e-10	9.1976e-10	8.1e-13	3.2538e-07	-3.2584e-07	8.8421e-10	2.1841e-10	-1.68e-12	3.2534e-07	-3.2632e-07	2.3027e-09	3.019e-11	-1.3e-12	3.2534e-07	-3.2764e-07	4.3165e-09	1.89e-12	-7.4e-13	3.2528e-07	-3.2966e-07	7.8174e-09	-6.216e-11	7.8e-13	3.2518e-07	-3.33e-07	1.24374e-08	-2.0608e-10	-1.07e-12	3.2504e-07	-3.3718e-07
0.555	-3.842e-09	3.7254e-09	-9.9e-13	3.2568e-07	-3.256e-07	-5.5751e-10	9.6353e-10	-7.5e-13	3.2536e-07	-3.2584e-07	8.7053e-10	2.3056e-10	-3.2e-13	3.2536e-07	-3.2642e-07	2.2813e-09	3.034e-11	-2e-13	3.253e-07	-3.2754e-07	4.3271e-09	1.31e-12	5.7e-13	3.2532e-07	-3.2964e-07	7.9068e-09	-5.854e-11	-7.1e-13	3.2522e-07	-3.3284e-07	1.2374e-08	-1.9941e-10	-2.9e-13	3.251e-07	-3.3728e-07
0.56	-4.0016e-09	3.8834e-09	-3.3e-13	3.2572e-07	-3.2558e-07	-5.9847e-10	1.0128e-09	-8.3e-13	3.2542e-07	-3.2584e-07	8.5473e-10	2.399e-10	-3e-14	3.2534e-07	-3.2638e-07	2.2688e-09	3.297e-11	-8.4e-13	3.2528e-07	-3.2762e-07	4.3488e-09	1.71e-12	-7.8e-13	3.2526e-07	-3.2962e-07	7.7514e-09	-5.344e-11	-1.69e-12	3.2506e-07	-3.3284e-07	1.24448e-08	-1.9047e-10	-6.8e-13	3.2504e-07	-3.374e-07
0.565	-4.1653e-09	4.0431e-09	-6.5e-13	3.2586e-07	-3.256e-07	-6.5355e-10	1.05832e-09	-1.7e-13	3.2546e-07	-3.2576e-07	8.472e-10	2.5063e-10	-1e-14	3.2536e-07	-3.2646e-07	2.2766e-09	3.481e-11	-7.3e-13	3.2534e-07	-3.2764e-07	4.38e-09	4.88e-12	-5.3e-13	3.253e-07	-3.2956e-07	7.8259e-09	-5.083e-11	-1.17e-12	3.251e-07	-3.329e-07	1.23528e-08	-1.8444e-10	-4.9e-13	3.2506e-07	-3.3734e-07
0.57	-4.3188e-09	4.2022e-09	-4.3e-13	3.2578e-07	-3.2564e-07	-7.0437e-10	1.10958e-09	-8.6e-13	3.254e-07	-3.2588e-07	8.4064e-10	2.6604e-10	-2.4e-13	3.2534e-07	-3.2644e-07	2.2832e-09	3.925e-11	-6.8e-13	3.2522e-07	-3.2748e-07	4.3185e-09	4.22e-12	5.2e-13	3.252e-07	-3.296e-07	7.7796e-09	-4.783e-11	-1.3e-12	3.251e-07	-3.3288e-07	1.23306e-08	-1.7879e-10	-4e-14	3.2506e-07	-3.3734e-07
0.575	-4.5105e-09	4.391e-09	1.04e-12	3.2632e-07	-3.2608e-07	-7.5037e-10	1.1622e-09	-1.71e-12	3.2542e-07	-3.2588e-07	8.197e-10	2.7741e-10	6e-14	3.2536e-07	-3.2644e-07	2.2693e-09	4.028e-11	-8.3e-13	3.2516e-07	-3.2756e-07	4.3046e-09	4.03e-12	8e-14	3.2528e-07	-3.296e-07	7.8593e-09	-4.494e-11	-2.06e-12	3.2504e-07	-3.3282e-07	1.2407e-08	-1.7175e-10	-3.1e-13	3.2498e-07	-3.3738e-07
0.58	-4.6933e-09	4.5561e-09	-1.7e-13	3.2576e-07	-3.2562e-07	-8.0642e-10	1.2203e-09	-1.48e-12	3.2548e-07	-3.2588e-07	7.9715e-10	2.9479e-10	-5.3e-13	3.2524e-07	-3.2642e-07	2.2666e-09	4.375e-11	-1.45e-12	3.2516e-07	-3.2756e-07	4.2979e-09	6.14e-12	-4.8e-13	3.2526e-07	-3.2966e-07	7.8311e-09	-3.966e-11	-1.32e-12	3.2518e-07	-3.3286e-07	1.23628e-08	-1.6506e-10	-1.54e-12	3.2504e-07	-3.373e-07
0.585	-4.8605e-09	4.7467e-09	-1.5e-13	3.2576e-07	-3.2564e-07	-8.6582e-10	1.2767e-09	-5.5e-13	3.2542e-07	-3.2594e-07	7.8846e-10	3.0791e-10	-2.2e-12	3.2534e-07	-3.2648e-07	2.2683e-09	4.793e-11	-5.2e-13	3.252e-07	-3.2752e-07	4.3338e-09	7.84e-12	2.5e-13	3.2532e-07	-3.2948e-07	7.7421e-09	-3.907e-11	-1.14e-12	3.2518e-07	-3.3284e-07	1.24964e-08	-1.5699e-10	-1.31e-12	3.2496e-07	-3.3738e-07
0.59	-5.0797e-09	4.9721e-09	3.2e-13	3.2576e-07	-3.2566e-07	-9.3652e-10	1.3365e-09	-1.3e-13	3.2548e-07	-3.2588e-07	7.7408e-10	3.2508e-10	-1.13e-12	3.2534e-07	-3.265e-07	2.2536e-09	5.13e-11	1.4e-13	3.2518e-07	-3.276e-07	4.3134e-09	7.11e-12	-9e-14	3.2528e-07	-3.2956e-07	7.8352e-09	-3.661e-11	-5.6e-13	3.2516e-07	-3.33e-07	1.23774e-08	-1.4824e-10	6.3e-13	3.2508e-07	-3.3718e-07
0.595	-5.2723e-09	5.1482e-09	-2.2e-13	3.2566e-07	-3.255e-07	-9.8977e-10	1.4001e-09	-1.21e-12	3.2548e-07	-3.2588e-07	7.5369e-10	3.3719e-10	-3.4e-13	3.2536e-07	-3.2644e-07	2.2529e-09	5.369e-11	2.6e-13	3.2524e-07	-3.2768e-07	4.3535e-09	7.87e-12	-3.5e-13	3.2526e-07	-3.296e-07	7.7895e-09	-3.319e-11	-9.2e-13	3.2516e-07	-3.3292e-07	1.24762e-08	-1.4301e-10	1e-14	3.2498e-07	-3.3712e-07
0.6	-5.4821e-09	5.3615e-09	-1.33e-12	3.2566e-07	-3.2546e-07	-1.05739e-09	1.4663e-09	-1.1e-13	3.2546e-07	-3.259e-07	7.4089e-10	3.5109e-10	-2.01e-12	3.2534e-07	-3.2644e-07	2.254e-09	5.764e-11	-7e-14	3.2522e-07	-3.2752e-07	4.3139e-09	1.038e-11	-5e-14	3.2524e-07	-3.2958e-07	7.7372e-09	-3.026e-11	4.3e-13	3.2522e-07	-3.3304e-07	1.2527e-08	-1.3781e-10	-4e-13	3.2502e-07	-3.3744e-07
0.605	-5.7233e-09	5.6118e-09	-1.65e-12	3.2562e-07	-3.2546e-07	-1.1314e-09	1.5311e-09	-8.4e-13	3.2548e-07	-3.2592e-07	7.2921e-10	3.6876e-10	-3.7e-13	3.2526e-07	-3.2644e-07	2.2502e-09	6.418e-11	6e-14	3.2514e-07	-3.2748e-07	4.2845e-09	1.096e-11	1e-14	3.2526e-07	-3.2952e-07	7.8233e-09	-2.775e-11	-4.4e-13	3.2512e-07	-3.3288e-07	1.24378e-08	-1.3513e-10	-9.7e-13	3.2504e-07	-3.3742e-07
0.61	-5.9561e-09	5.8151e-09	-1.35e-12	3.257e-07	-3.2554e-07	-1.2125e-09	1.6121e-09	-2.7e-13	3.2548e-07	-3.2588e-07	7.063e-10	3.8687e-10	-9e-14	3.2524e-07	-3.2638e-07	2.2339e-09	6.773e-11	5.1e-13	3.2522e-07	-3.2744e-07	4.3272e-09	1.004e-11	-5.1e-13	3.253e-07	-3.296e-07	7.7908e-09	-2.741e-11	-1.39e-12	3.2518e-07	-3.3294e-07	1.24172e-08	-1.2941e-10	-5.2e-13	3.25e-07	-3.3718e-07
0.615	-6.172e-09	6.0728e-09	-8.5e-13	3.2562e-07	-3.255e-07	-1.2735e-09	1.6776e-09	-9e-13	3.254e-07	-3.2588e-07	6.8273e-10	4.028e-10	-8.8e-13	3.2528e-07	-3.2636e-07	2.2238e-09	7.329e-11	-3e-14	3.2522e-07	-3.2752e-07	4.3016e-09	1.203e-11	-9.3e-13	3.2532e-07	-3.2964e-07	7.7858e-09	-2.119e-11	-1.13e-12	3.2512e-07	-3.3298e-07	1.23812e-08	-1.2241e-10	-7.7e-13	3.2504e-07	-3.3718e-07
0.62	-6.4418e-09	6.3282e-09	-1.45e-12	3.2606e-07	-3.26e-07	-1.3493e-09	1.7565e-09	-8.9e-13	3.2542e-07	-3.2582e-07	6.7089e-10	4.2422e-10	-1.67e-12	3.2534e-07	-3.2638e-07	2.2152e-09	7.881e-11	-1.19e-12	3.2524e-07	-3.2756e-07	4.303e-09	1.291e-11	-5.8e-13	3.253e-07	-3.2966e-07	7.7109e-09	-2.199e-11	-7.5e-13	3.2516e-07	-3.3296e-07	1.24348e-08	-1.1683e-10	-1.31e-12	3.2494e-07	-3.374e-07
0.625	-6.698e-09	6.5859e-09	-2.9e-13	3.255e-07	-3.254e-07	-1.4333e-09	1.8361e-09	6.1e-13	3.2538e-07	-3.258e-07	6.4665e-10	4.4579e-10	-3.8e-13	3.253e-07	-3.2644e-07	2.2121e-09	8.596e-11	1e-14	3.2518e-07	-3.275e-07	4.2882e-09	1.268e-11	-2.9e-13	3.253e-07	-3.2962e-07	7.7084e-09	-1.94e-11	-2.8e-13	3.2512e-07	-3.3286e-07	1.231e-08	-1.1246e-10	-5.8e-13	3.2498e-07	-3.3716e-07
0.63	-6.9701e-09	6.8554e-09	3.9e-13	3.2548e-07	-3.2538e-07	-1.5228e-09	1.9264e-09	-3.9e-13	3.2542e-07	-3.2578e-07	6.2033e-10	4.6491e-10	-1.01e-12	3.2536e-07	-3.264e-07	2.2058e-09	9.026e-11	-1.8e-13	3.2528e-07	-3.2752e-07	4.3175e-09	1.334e-11	-1.56e-12	3.2534e-07	-3.2964e-07	7.7252e-09	-1.683e-11	-4.9e-13	3.2514e-07	-3.3286e-07	1.23892e-08	-1.0889e-10	6.3e-13	3.2504e-07	-3.3736e-07
0.635	-7.2265e-09	7.123e-09	-1.05e-12	3.2548e-07	-3.2536e-07	-1.6095e-09	2.0118e-09	-9.3e-13	3.254e-07	-3.2584e-07	6.0036e-10	4.8735e-10	-9.1e-13	3.2526e-07	-3.2636e-07	2.1944e-09	9.609e-11	-4.9e-13	3.2526e-07	-3.2752e-07	4.2873e-09	1.552e-11	-1.74e-12	3.2528e-07	-3.2958e-07	7.7775e-09	-1.376e-11	6.8e-13	3.2518e-07	-3.3284e-07	1.23268e-08	-1.055e-10	-5.5e-13	3.2504e-07	-3.3748e-07
0.64	-7.5354e-09	7.4267e-09	-7.1e-13	3.2542e-07	-3.2538e-07	-1.6959e-09	2.1054e-09	-8e-13	3.2548e-07	-3.259e-07	5.8151e-10	5.1164e-10	-6.5e-13	3.2528e-07	-3.2636e-07	2.1885e-09	1.0539e-10	-7.9e-13	3.253e-07	-3.2754e-07	4.3006e-09	1.677e-11	-8.3e-13	3.253e-07	-3.2958e-07	7.8035e-09	-1.463e-11	4.8e-13	3.2516e-07	-3.3288e-07	1.24194e-08	-9.926e-11	-1.67e-12	3.2504e-07	-3.3746e-07
0.645	-7.8334e-09	7.7383e-09	2.6e-13	3.2552e-07	-3.2538e-07	-1.7893e-09	2.1901e-09	-2.8e-13	3.2542e-07	-3.2582e-07	5.491e-10	5.3583e-10	-2e-13	3.2524e-07	-3.2638e-07	2.1819e-09	1.1274e-10	1e-13	3.253e-07	-3.2754e-07	4.2985e-09	1.518e-11	-1.04e-12	3.2528e-07	-3.2964e-07	7.7196e-09	-1.325e-11	-2.5e-13	3.2518e-07	-3.328e-07	1.23152e-08	-9.458e-11	-1.08e-12	3.2504e-07	-3.3724e-07
0.65	-8.1755e-09	8.0254e-09	-2.9e-13	3.255e-07	-3.2536e-07	-1.8925e-09	2.2884e-09	-1.12e-12	3.2536e-07	-3.2582e-07	5.2482e-10	5.6034e-10	-2.4e-13	3.253e-07	-3.2636e-07	2.1641e-09	1.1963e-10	-8.1e-13	3.2528e-07	-3.275e-07	4.2948e-09	1.739e-11	-2.2e-12	3.253e-07	-3.2964e-07	7.7034e-09	-8.83e-12	8.2e-13	3.2514e-07	-3.3284e-07	1.24208e-08	-8.988e-11	-2.9e-13	3.2504e-07	-3.3734e-07
0.655	-8.501e-09	8.3815e-09	3e-14	3.2552e-07	-3.2536e-07	-1.9847e-09	2.3901e-09	-6.4e-13	3.2532e-07	-3.2578e-07	5.0649e-10	5.893e-10	-1.06e-12	3.253e-07	-3.2636e-07	2.1632e-09	1.2833e-10	-1.08e-12	3.2528e-07	-3.2756e-07	4.2665e-09	1.931e-11	-3.1e-13	3.2536e-07	-3.297e-07	7.7213e-09	-8.3e-12	3.7e-13	3.252e-07	-3.3296e-07	1.24226e-08	-8.531e-11	-3e-14	3.2506e-07	-3.3754e-07
0.66	-8.8035e-09	8.6985e-09	7e-14	3.2548e-07	-3.2542e-07	-2.1015e-09	2.5075e-09	-7.2e-13	3.2532e-07	-3.2568e-07	4.7152e-10	6.176e-10	1.2e-13	3.2528e-07	-3.2636e-07	2.1504e-09	1.3881e-10	-1.22e-12	3.2534e-07	-3.276e-07	4.2599e-09	1.899e-11	1.4e-13	3.2524e-07	-3.2956e-07	7.8092e-09	-7.44e-12	-7.8e-13	3.2514e-07	-3.3284e-07	1.24388e-08	-8.176e-11	-1.05e-12	3.251e-07	-3.3752e-07
0.665	-9.1622e-09	9.0515e-09	-7e-14	3.2546e-07	-3.2534e-07	-2.2201e-09	2.6142e-09	-8e-13	3.2548e-07	-3.2578e-07	4.3053e-10	6.4473e-10	-9.1e-13	3.253e-07	-3.2638e-07	2.1197e-09	1.4519e-10	-1.11e-12	3.2526e-07	-3.2756e-07	4.2774e-09	2.002e-11	-4.2e-13	3.2536e-07	-3.2952e-07	7.7546e-09	-4.26e-12	-7.8e-13	3.2518e-07	-3.3296e-07	1.23428e-08	-7.886e-11	-7.6e-13	3.2518e-07	-3.3754e-07
0.67	-9.5422e-09	9.4172e-09	-5.2e-13	3.2554e-07	-3.2538e-07	-2.3176e-09	2.7181e-09	-1.27e-12	3.2536e-07	-3.2578e-07	4.0777e-10	6.7854e-10	-1.43e-12	3.2528e-07	-3.2634e-07	2.1324e-09	1.5511e-10	-1.52e-12	3.2524e-07	-3.2756e-07	4.2966e-09	2.249e-11	-4e-13	3.2522e-07	-3.296e-07	7.7995e-09	-3.22e-12	-7.9e-13	3.2518e-07	-3.3292e-07	1.24956e-08	-7.56e-11	-1e-14	3.2512e-07	-3.3746e-07
0.675	-9.9519e-09	9.8315e-09	-6.1e-13	3.2546e-07	-3.2536e-07	-2.4303e-09	2.8397e-09	-9.2e-13	3.2546e-07	-3.2578e-07	3.7765e-10	7.1126e-10	-5e-13	3.2522e-07	-3.2634e-07	2.1256e-09	1.6543e-10	-8.6e-13	3.2528e-07	-3.276e-07	4.2516e-09	2.376e-11	2.2e-13	3.2534e-07	-3.2964e-07	7.7754e-09	-1.7e-12	-5.6e-13	3.252e-07	-3.329e-07	1.2359e-08	-7.035e-11	-6.8e-13	3.2508e-07	-3.3748e-07
0.68	-1.03514e-08	1.02475e-08	-8.4e-13	3.255e-07	-3.2538e-07	-2.5638e-09	2.9609e-09	-3e-14	3.2536e-07	-3.258e-07	3.3241e-10	7.4599e-10	7.4e-13	3.2536e-07	-3.2636e-07	2.1151e-09	1.7305e-10	4.3e-13	3.2528e-07	-3.2754e-07	4.2578e-09	2.313e-11	-1.5e-13	3.2532e-07	-3.2964e-07	7.7002e-09	-2.61e-12	-1.06e-12	3.2518e-07	-3.3286e-07	1.2347e-08	-6.632e-11	-1.47e-12	3.2516e-07	-3.3752e-07
0.685	-1.07513e-08	1.06367e-08	-5.8e-13	3.2542e-07	-3.2536e-07	-2.7061e-09	3.1029e-09	8e-14	3.2532e-07	-3.2574e-07	2.9715e-10	7.8134e-10	-1e-13	3.2524e-07	-3.2638e-07	2.0902e-09	1.8179e-10	-5.2e-13	3.2526e-07	-3.276e-07	4.2392e-09	2.565e-11	-6.4e-13	3.2534e-07	-3.2958e-07	7.7376e-09	9.6e-13	-1e-12	3.251e-07	-3.3286e-07	1.23688e-08	-6.3e-11	-9e-13	3.251e-07	-3.3734e-07
0.69	-1.12277e-08	1.10979e-08	-1.24e-12	3.2544e-07	-3.254e-07	-2.8198e-09	3.2226e-09	-4.6e-13	3.254e-07	-3.258e-07	2.6807e-10	8.1999e-10	-8.2e-13	3.253e-07	-3.263e-07	2.087e-09	1.9458e-10	-9e-13	3.2538e-07	-3.2772e-07	4.256e-09	2.864e-11	-2.2e-13	3.2524e-07	-3.2958e-07	7.6849e-09	4.5e-13	-2.9e-13	3.2514e-07	-3.3284e-07	1.24328e-08	-6.096e-11	2e-13	3.2508e-07	-3.3728e-07
0.695	-1.16378e-08	1.1571e-08	3.3e-13	3.2548e-07	-3.2532e-07	-2.9687e-09	3.3819e-09	-1e-14	3.2536e-07	-3.2576e-07	2.1945e-10	8.603e-10	-3e-14	3.253e-07	-3.2634e-07	2.0803e-09	2.0539e-10	-2.7e-13	3.2536e-07	-3.276e-07	4.2318e-09	2.884e-11	1.5e-13	3.2528e-07	-3.296e-07	7.7641e-09	1.79e-12	-4.2e-13	3.252e-07	-3.3282e-07	1.246e-08	-5.815e-11	-4.8e-13	3.2514e-07	-3.3758e-07
0.7	-1.21602e-08	1.2056e-08	2.1e-13	3.2548e-07	-3.2538e-07	-3.1075e-09	3.506e-09	2.1e-13	3.254e-07	-3.2578e-07	1.7057e-10	9.0005e-10	-2.1e-13	3.2532e-07	-3.2632e-07	2.0652e-09	2.1483e-10	2.1e-13	3.254e-07	-3.2766e-07	4.2622e-09	2.993e-11	-3.4e-13	3.2524e-07	-3.2952e-07	7.7162e-09	2.04e-12	-5.5e-13	3.2516e-07	-3.3304e-07	1.2353e-08	-5.437e-11	-6.6e-13	3.25e-07	-3.3728e-07
0.705	-1.26172e-08	1.25118e-08	-5.5e-13	3.256e-07	-3.255e-07	-3.2581e-09	3.6541e-09	-1.7e-13	3.2542e-07	-3.2586e-07	1.3393e-10	9.4809e-10	-9.9e-13	3.2532e-07	-3.264e-07	2.0479e-09	2.2697e-10	-5e-13	3.2534e-07	-3.2764e-07	4.2572e-09	3.3e-11	-2.4e-13	3.2524e-07	-3.295e-07	7.6851e-09	5.58e-12	-8.8e-13	3.2522e-07	-3.3306e-07	1.25384e-08	-5.14e-11	-1.18e-12	3.251e-07	-3.376e-07
0.71	-1.31426e-08	1.30398e-08	-1.4e-13	3.255e-07	-3.2546e-07	-3.4218e-09	3.8273e-09	-9.6e-13	3.254e-07	-3.258e-07	8.819e-11	9.9447e-10	8e-13	3.254e-07	-3.2648e-07	2.0501e-09	2.3987e-10	-2.5e-13	3.2546e-07	-3.2764e-07	4.2641e-09	3.503e-11	6.9e-13	3.2524e-07	-3.2954e-07	7.6813e-09	4.92e-12	-2.3e-13	3.2524e-07	-3.3296e-07	1.24924e-08	-4.761e-11	-2e-13	3.251e-07	-3.3746e-07
0.715	-1.36982e-08	1.35632e-08	-5.8e-13	3.2556e-07	-3.2548e-07	-3.5743e-09	3.9687e-09	-8e-13	3.254e-07	-3.2582e-07	3.489e-11	1.04653e-09	2.6e-13	3.253e-07	-3.2644e-07	2.0149e-09	2.5046e-10	-3.5e-13	3.2536e-07	-3.2756e-07	4.2435e-09	3.582e-11	6e-14	3.2524e-07	-3.296e-07	7.6733e-09	6.06e-12	-1.42e-12	3.252e-07	-3.3298e-07	1.24536e-08	-4.431e-11	1.4e-13	3.251e-07	-3.3756e-07
0.72	-1.42624e-08	1.417e-08	1.11e-12	3.2556e-07	-3.2542e-07	-3.7481e-09	4.1453e-09	-8.8e-13	3.2542e-07	-3.2588e-07	-7.83e-12	1.08723e-09	-1e-12	3.2536e-07	-3.2644e-07	2.0154e-09	2.6155e-10	-9e-14	3.2532e-07	-3.2764e-07	4.3432e-09	3.907e-11	-5.8e-13	3.2516e-07	-3.2966e-07	7.6875e-09	8.62e-12	-1.53e-12	3.2524e-07	-3.3294e-07	1.2445e-08	-4.21e-11	-1.2e-12	3.2512e-07	-3.3746e-07
0.725	-1.48414e-08	1.47164e-08	5.8e-13	3.2556e-07	-3.2548e-07	-3.9161e-09	4.31e-09	-1.15e-12	3.2538e-07	-3.2578e-07	-5.701e-11	1.1397e-09	-5.2e-13	3.253e-07	-3.2644e-07	2.0022e-09	2.7567e-10	-8.2e-13	3.2536e-07	-3.277e-07	4.3458e-09	4.274e-11	-1.04e-12	3.2522e-07	-3.296e-07	7.6986e-09	8.43e-12	-3.7e-13	3.2524e-07	-3.3298e-07	1.23694e-08	-3.993e-11	-2.6e-13	3.2512e-07	-3.376e-07
0.73	-1.54844e-08	1.535e-08	-4.3e-13	3.2548e-07	-3.253e-07	-4.0933e-09	4.504e-09	-1.87e-12	3.2534e-07	-3.257e-07	-1.0841e-10	1.1959e-09	-4e-14	3.2534e-07	-3.264e-07	1.9861e-09	2.8968e-10	2.1e-13	3.2528e-07	-3.2754e-07	4.3334e-09	4.528e-11	-6.1e-13	3.252e-07	-3.2962e-07	7.6686e-09	8.35e-12	-2.3e-13	3.2524e-07	-3.33e-07	1.23896e-08	-3.804e-11	2.9e-13	3.251e-07	-3.3736e-07
0.735	-1.61378e-08	1.59944e-08	-6.8e-13	3.2544e-07	-3.2536e-07	-4.3097e-09	4.7017e-09	-6.6e-13	3.2532e-07	-3.2574e-07	-1.7664e-10	1.251e-09	8.7e-13	3.2532e-07	-3.2632e-07	1.9783e-09	3.0313e-10	5.3e-13	3.2528e-07	-3.2764e-07	4.3133e-09	4.796e-11	-1.22e-12	3.2524e-07	-3.2962e-07	7.6101e-09	8.38e-12	-3.1e-13	3.2518e-07	-3.3284e-07	1.23476e-08	-3.432e-11	-4.7e-13	3.2506e-07	-3.3732e-07
0.74	-1.67584e-08	1.66536e-08	-7.9e-13	3.2554e-07	-3.2528e-07	-4.5027e-09	4.8943e-09	-6.6e-13	3.2542e-07	-3.2574e-07	-2.3632e-10	1.3098e-09	-7.1e-13	3.253e-07	-3.264e-07	1.9539e-09	3.1601e-10	-8.9e-13	3.2528e-07	-3.2752e-07	4.3281e-09	5.172e-11	-1.31e-12	3.2524e-07	-3.2956e-07	7.6729e-09	1.169e-11	2.4e-13	3.2526e-07	-3.3288e-07	1.23834e-08	-3.137e-11	-2.14e-12	3.2508e-07	-3.3742e-07
0.745	-1.7487e-08	1.7367e-08	-2.4e-13	3.2552e-07	-3.2536e-07	-4.6817e-09	5.0789e-09	-1.13e-12	3.254e-07	-3.258e-07	-2.912e-10	1.3718e-09	-1e-12	3.253e-07	-3.2642e-07	1.9401e-09	3.3709e-10	-1.4e-13	3.2524e-07	-3.2758e-07	4.371e-09	5.717e-11	-3.9e-13	3.2524e-07	-3.2964e-07	7.705e-09	1.141e-11	4.5e-13	3.2524e-07	-3.3294e-07	1.24504e-08	-2.818e-11	-7.7e-13	3.2506e-07	-3.3766e-07
0.75	-1.82518e-08	1.8146e-08	-8.9e-13	3.2552e-07	-3.2542e-07	-4.8964e-09	5.2948e-09	-3.3e-13	3.2534e-07	-3.2574e-07	-3.5942e-10	1.4385e-09	-4.2e-13	3.2534e-07	-3.2642e-07	1.9195e-09	3.514e-10	7.2e-13	3.253e-07	-3.2756e-07	4.3122e-09	5.837e-11	-3e-13	3.2516e-07	-3.2964e-07	7.6113e-09	9.81e-12	1.5e-13	3.252e-07	-3.328e-07	1.24098e-08	-2.645e-11	8e-14	3.251e-07	-3.3752e-07
0.755	-1.89978e-08	1.8865e-08	5.8e-13	3.2554e-07	-3.2546e-07	-5.116e-09	5.5125e-09	9.8e-13	3.2538e-07	-3.2578e-07	-4.3318e-10	1.5031e-09	-4.6e-13	3.2524e-07	-3.2642e-07	1.9086e-09	3.6804e-10	-6.6e-13	3.2528e-07	-3.2752e-07	4.3259e-09	6.419e-11	-1.17e-12	3.2522e-07	-3.296e-07	7.6625e-09	1.305e-11	-8e-13	3.2516e-07	-3.328e-07	1.2436e-08	-2.448e-11	-2.4e-13	3.2512e-07	-3.3748e-07
0.76	-1.98048e-08	1.97134e-08	-5.3e-13	3.2554e-07	-3.2546e-07	-5.3687e-09	5.7629e-09	1.4e-13	3.2542e-07	-3.2588e-07	-5.0031e-10	1.5742e-09	-1.57e-12	3.2534e-07	-3.264e-07	1.8863e-09	3.8124e-10	-1.45e-12	3.253e-07	-3.2758e-07	4.316e-09	6.873e-11	-1.05e-12	3.2518e-07	-3.2962e-07	7.6303e-09	1.359e-11	2.7e-13	3.2514e-07	-3.329e-07	1.23218e-08	-2.261e-11	-1.17e-12	3.251e-07	-3.3754e-07
0.765	-2.06458e-08	2.05448e-08	-2.2e-13	3.2548e-07	-3.2546e-07	-5.6061e-09	5.9959e-09	-4e-14	3.2538e-07	-3.2582e-07	-5.655e-10	1.6472e-09	-2.1e-13	3.253e-07	-3.264e-07	1.8694e-09	4.0195e-10	-7.8e-13	3.2536e-07	-3.2752e-07	4.1941e-09	7.383e-11	-4e-13	3.2528e-07	-3.2952e-07	7.6094e-09	1.415e-11	-1.5e-12	3.2514e-07	-3.328e-07	1.2445e-08	-2.069e-11	-7e-13	3.2512e-07	-3.374e-07
0.77	-2.1468e-08	2.13672e-08	-5.9e-13	3.2552e-07	-3.2536e-07	-5.8274e-09	6.2255e-09	-1e-14	3.2544e-07	-3.258e-07	-6.5434e-10	1.7232e-09	-1.18e-12	3.2526e-07	-3.2636e-07	1.8331e-09	4.1989e-10	-9.1e-13	3.2528e-07	-3.2752e-07	4.1622e-09	7.697e-11	-8.5e-13	3.2534e-07	-3.296e-07	7.6173e-09	1.428e-11	-8.6e-13	3.2514e-07	-3.3286e-07	1.24816e-08	-1.728e-11	-2.7e-13	3.2506e-07	-3.374e-07
0.775	-2.24158e-08	2.22954e-08	4e-14	3.2554e-07	-3.2542e-07	-6.0901e-09	6.4885e-09	6.1e-13	3.2542e-07	-3.2578e-07	-7.3129e-10	1.8006e-09	-9.2e-13	3.254e-07	-3.2636e-07	1.8174e-09	4.3963e-10	-1.2e-12	3.2528e-07	-3.2754e-07	4.1902e-09	8.522e-11	-1.68e-12	3.252e-07	-3.2946e-07	7.7088e-09	1.607e-11	-3.7e-13	3.2514e-07	-3.328e-07	1.24866e-08	-1.417e-11	-2.4e-13	3.2504e-07	-3.3734e-07
0.78	-2.33418e-08	2.3274e-08	-5.2e-13	3.2556e-07	-3.2536e-07	-6.3845e-09	6.7736e-09	-8.2e-13	3.254e-07	-3.2576e-07	-8.0583e-10	1.8866e-09	-1.8e-12	3.253e-07	-3.2638e-07	1.8071e-09	4.6142e-10	-1.14e-12	3.253e-07	-3.2754e-07	4.1499e-09	9.224e-11	-5.2e-13	3.252e-07	-3.2946e-07	7.4583e-09	1.65e-11	-1e-13	3.251e-07	-3.3274e-07	1.24346e-08	-1.265e-11	-5.1e-13	3.2506e-07	-3.3736e-07
0.785	-2.43468e-08	2.43156e-08	-8.3e-13	3.2556e-07	-3.2546e-07	-6.669e-09	7.0592e-09	-4.1e-13	3.2528e-07	-3.2572e-07	-8.9708e-10	1.9714e-09	-3e-13	3.2532e-07	-3.2636e-07	1.7896e-09	4.816e-10	0	3.2526e-07	-3.2756e-07	4.1389e-09	9.651e-11	-4.3e-13	3.2528e-07	-3.2948e-07	7.4521e-09	1.576e-11	-4.6e-13	3.2516e-07	-3.3264e-07	1.24736e-08	-1.262e-11	-2.2e-13	3.2506e-07	-3.373e-07
0.79	-2.53916e-08	2.52996e-08	-1e-12	3.255e-07	-3.2538e-07	-6.9434e-09	7.324e-09	2.4e-13	3.2532e-07	-3.2572e-07	-9.965e-10	2.0668e-09	-1.11e-12	3.253e-07	-3.263e-07	1.7475e-09	5.0343e-10	-1.17e-12	3.2528e-07	-3.2762e-07	4.1479e-09	1.0365e-10	-4.2e-13	3.2522e-07	-3.2956e-07	7.4191e-09	1.884e-11	-6.4e-13	3.2518e-07	-3.326e-07	1.23422e-08	-1.168e-11	-6.3e-13	3.2512e-07	-3.3752e-07
0.795	-2.6507e-08	2.64328e-08	-6.4e-13	3.2552e-07	-3.2546e-07	-7.2405e-09	7.6675e-09	-9e-13	3.253e-07	-3.2576e-07	-1.07919e-09	2.1523e-09	-1.54e-12	3.252e-07	-3.2636e-07	1.7301e-09	5.2738e-10	-1.31e-12	3.253e-07	-3.275e-07	4.1379e-09	1.1317e-10	-4.5e-13	3.2516e-07	-3.295e-07	7.3856e-09	1.932e-11	1.5e-13	3.2512e-07	-3.3256e-07	1.2451e-08	-9.46e-12	-4.5e-13	3.2504e-07	-3.373e-07
0.8	-2.76832e-08	2.75306e-08	-9.3e-13	3.2554e-07	-3.2546e-07	-7.574e-09	7.9697e-09	-6.8e-13	3.2548e-07	-3.2578e-07	-1.1886e-09	2.2572e-09	-4.9e-13	3.2528e-07	-3.264e-07	1.7102e-09	5.5574e-10	-6.9e-13	3.2528e-07	-3.2754e-07	4.1201e-09	1.2018e-10	3.3e-13	3.2524e-07	-3.2946e-07	7.3854e-09	1.923e-11	-2.1e-13	3.2506e-07	-3.3262e-07	1.24328e-08	-6.6e-12	-1.37e-12	3.251e-07	-3.375e-07
0.805	-2.88862e-08	2.88048e-08	-9.9e-13	3.2554e-07	-3.2544e-07	-7.8974e-09	8.2667e-09	-1.19e-12	3.2544e-07	-3.2582e-07	-1.2772e-09	2.3511e-09	-8e-13	3.2524e-07	-3.2626e-07	1.6931e-09	5.7991e-10	-8.3e-13	3.2532e-07	-3.2756e-07	4.1046e-09	1.2688e-10	7e-14	3.2522e-07	-3.2946e-07	7.4643e-09	1.943e-11	-1.07e-12	3.2514e-07	-3.3268e-07	1.2444e-08	-5.13e-12	-1.01e-12	3.2506e-07	-3.3758e-07
0.81	-3.01178e-08	3.0047e-08	-9.8e-13	3.2556e-07	-3.2542e-07	-8.2073e-09	8.6041e-09	-4e-13	3.255e-07	-3.2586e-07	-1.3886e-09	2.4638e-09	1.33e-12	3.2534e-07	-3.2632e-07	1.6402e-09	6.0664e-10	-7.2e-13	3.2524e-07	-3.2748e-07	4.1079e-09	1.3566e-10	-6e-13	3.252e-07	-3.2942e-07	7.4155e-09	2.223e-11	-1.16e-12	3.2516e-07	-3.3246e-07	1.23728e-08	-2.87e-12	0	3.2504e-07	-3.3724e-07
0.815	-3.14946e-08	3.14194e-08	-1.16e-12	3.2554e-07	-3.2546e-07	-8.5695e-09	8.9544e-09	-6.1e-13	3.2546e-07	-3.2584e-07	-1.4946e-09	2.5618e-09	-2.9e-13	3.2528e-07	-3.2632e-07	1.6251e-09	6.3909e-10	-8.1e-13	3.2526e-07	-3.2752e-07	4.0792e-09	1.4555e-10	8.2e-13	3.252e-07	-3.2946e-07	7.3821e-09	2.317e-11	-7.4e-13	3.2516e-07	-3.3264e-07	1.23542e-08	-2.58e-12	5.8e-13	3.2508e-07	-3.3754e-07
0.82	-3.29364e-08	3.28194e-08	-1.35e-12	3.2548e-07	-3.2536e-07	-8.941e-09	9.3335e-09	-7.9e-13	3.2546e-07	-3.258e-07	-1.6034e-09	2.6765e-09	-1.04e-12	3.2522e-07	-3.2634e-07	1.5878e-09	6.6809e-10	1.4e-13	3.2522e-07	-3.2752e-07	4.0669e-09	1.5342e-10	-3.2e-13	3.252e-07	-3.2948e-07	7.4228e-09	2.316e-11	-1.71e-12	3.2522e-07	-3.326e-07	1.23986e-08	-1.31e-12	-1.03e-12	3.251e-07	-3.3736e-07
0.825	-3.44516e-08	3.43216e-08	-1.71e-12	3.255e-07	-3.2538e-07	-9.3294e-09	9.7224e-09	-4e-13	3.2542e-07	-3.2588e-07	-1.7218e-09	2.8058e-09	-6.9e-13	3.252e-07	-3.263e-07	1.5531e-09	7.0021e-10	5e-14	3.2524e-07	-3.275e-07	4.0716e-09	1.6347e-10	-5.3e-13	3.2524e-07	-3.2946e-07	7.3736e-09	2.731e-11	-1.55e-12	3.2516e-07	-3.3258e-07	1.25122e-08	-8.7e-13	-6.2e-13	3.2502e-07	-3.3724e-07
0.83	-3.59174e-08	3.575e-08	-8.6e-13	3.2546e-07	-3.2542e-07	-9.7674e-09	1.01637e-08	-3.3e-13	3.2538e-07	-3.2576e-07	-1.8624e-09	2.9302e-09	-6.8e-13	3.2524e-07	-3.2632e-07	1.5194e-09	7.3296e-10	-3.5e-13	3.2524e-07	-3.2756e-07	4.0601e-09	1.748e-10	-1.29e-12	3.2522e-07	-3.2946e-07	7.3568e-09	2.749e-11	-6e-13	3.2514e-07	-3.326e-07	1.23804e-08	1.66e-12	-9.5e-13	3.25e-07	-3.374e-07
0.835	-3.74564e-08	3.73386e-08	1.6e-13	3.2552e-07	-3.2534e-07	-1.0176e-08	1.05586e-08	-7e-13	3.254e-07	-3.2578e-07	-1.9893e-09	3.0574e-09	-8.5e-13	3.2522e-07	-3.2624e-07	1.4987e-09	7.7113e-10	-1.8e-13	3.2522e-07	-3.2754e-07	4.0322e-09	1.8369e-10	-8e-14	3.2524e-07	-3.2944e-07	7.4002e-09	2.801e-11	2.1e-13	3.2514e-07	-3.3258e-07	1.24198e-08	3.45e-12	-1.24e-12	3.2506e-07	-3.3738e-07
0.84	-3.90998e-08	3.904e-08	-5.9e-13	3.2548e-07	-3.2532e-07	-1.05935e-08	1.09978e-08	-7.1e-13	3.2546e-07	-3.258e-07	-2.1165e-09	3.1887e-09	-1.89e-12	3.253e-07	-3.2638e-07	1.4475e-09	8.0614e-10	6.2e-13	3.2524e-07	-3.2756e-07	4.0207e-09	1.9117e-10	-1.2e-13	3.2516e-07	-3.2938e-07	7.426e-09	2.772e-11	-3.7e-13	3.2524e-07	-3.3256e-07	1.23442e-08	4.87e-12	1e-13	3.2502e-07	-3.3754e-07
0.845	-4.0942e-08	4.07858e-08	1.5e-13	3.2546e-07	-3.2532e-07	-1.10313e-08	1.14211e-08	1.03e-12	3.2546e-07	-3.258e-07	-2.2553e-09	3.3286e-09	-1.38e-12	3.2528e-07	-3.2634e-07	1.4074e-09	8.4445e-10	-1.9e-13	3.2528e-07	-3.2756e-07	4.0396e-09	2.0383e-10	-3.3e-13	3.2516e-07	-3.2944e-07	7.4414e-09	3.258e-11	-1.24e-12	3.2526e-07	-3.327e-07	1.25818e-08	5.82e-12	-2.9e-13	3.2496e-07	-3.3774e-07
0.85	-4.2787e-08	4.26596e-08	-8.2e-13	3.2548e-07	-3.2536e-07	-1.1505e-08	1.19532e-08	-1.05e-12	3.2544e-07	-3.2584e-07	-2.4054e-09	3.4742e-09	-6e-13	3.253e-07	-3.2638e-07	1.3784e-09	8.8703e-10	-1.13e-12	3.2528e-07	-3.2756e-07	4.0326e-09	2.1536e-10	-2.1e-13	3.2518e-07	-3.2948e-07	7.3951e-09	3.284e-11	5.8e-13	3.2512e-07	-3.3252e-07	1.26344e-08	4.8e-12	1.4e-13	3.2504e-07	-3.3774e-07
0.855	-4.46616e-08	4.45492e-08	-6.1e-13	3.2546e-07	-3.2536e-07	-1.20376e-08	1.24506e-08	-4e-13	3.2542e-07	-3.258e-07	-2.5342e-09	3.6041e-09	-1.32e-12	3.253e-07	-3.2632e-07	1.3408e-09	9.3027e-10	-2.8e-13	3.2524e-07	-3.2754e-07	4.0229e-09	2.252e-10	-1.3e-13	3.2518e-07	-3.2944e-07	7.3946e-09	3.321e-11	-4.3e-13	3.2516e-07	-3.3256e-07	1.26474e-08	5.72e-12	-8.2e-13	3.2498e-07	-3.3744e-07
0.86	-4.67628e-08	4.6653e-08	-1.8e-13	3.2552e-07	-3.2542e-07	-1.25542e-08	1.2958e-08	4e-13	3.2546e-07	-3.258e-07	-2.6879e-09	3.7631e-09	-1.26e-12	3.2528e-07	-3.264e-07	1.2676e-09	9.7402e-10	-1.9e-13	3.253e-07	-3.2752e-07	4.0037e-09	2.3611e-10	-7.5e-13	3.2524e-07	-3.2944e-07	7.395e-09	3.617e-11	-2.5e-13	3.2522e-07	-3.3254e-07	1.25638e-08	7.94e-12	-9.3e-13	3.251e-07	-3.3752e-07
0.865	-4.88032e-08	4.88134e-08	-3.7e-13	3.2548e-07	-3.2538e-07	-1.30488e-08	1.34936e-08	-5.8e-13	3.2542e-07	-3.2588e-07	-2.8513e-09	3.9217e-09	1.13e-12	3.2528e-07	-3.263e-07	1.2393e-09	1.02041e-09	-8.6e-13	3.2534e-07	-3.2756e-07	3.9667e-09	2.4923e-10	-1.4e-12	3.2522e-07	-3.2954e-07	7.4241e-09	3.888e-11	-2.2e-13	3.2522e-07	-3.3252e-07	1.26498e-08	9.19e-12	-1.11e-12	3.2506e-07	-3.3754e-07
0.87	-5.11392e-08	5.10296e-08	-2.2e-13	3.2552e-07	-3.2534e-07	-1.36468e-08	1.40628e-08	-9.6e-13	3.2548e-07	-3.258e-07	-3.0387e-09	4.1031e-09	8.5e-13	3.2534e-07	-3.2638e-07	1.177e-09	1.07182e-09	-5.2e-13	3.2528e-07	-3.2758e-07	3.9598e-09	2.6353e-10	-3.6e-13	3.2528e-07	-3.295e-07	7.3775e-09	4.066e-11	2.1e-13	3.252e-07	-3.3256e-07	1.25496e-08	1.044e-11	-2.7e-13	3.2508e-07	-3.3776e-07
0.875	-5.3486e-08	5.33746e-08	-7.9e-13	3.2546e-07	-3.2536e-07	-1.42456e-08	1.4656e-08	-1.2e-12	3.254e-07	-3.2584e-07	-3.1864e-09	4.2583e-09	3e-13	3.2536e-07	-3.263e-07	1.1266e-09	1.12201e-09	8e-14	3.2528e-07	-3.2754e-07	3.9594e-09	2.7377e-10	-1.29e-12	3.2524e-07	-3.2948e-07	7.3133e-09	4.362e-11	-5e-14	3.2522e-07	-3.3258e-07	1.2547e-08	1.169e-11	-1.3e-13	3.2506e-07	-3.377e-07
0.88	-5.59726e-08	5.58484e-08	-7.1e-13	3.2554e-07	-3.2532e-07	-1.48686e-08	1.52814e-08	-6.3e-13	3.2548e-07	-3.2584e-07	-3.3696e-09	4.4395e-09	2.4e-13	3.2536e-07	-3.2644e-07	1.067e-09	1.1761e-09	-4e-14	3.2526e-07	-3.2748e-07	3.9196e-09	2.8839e-10	-2.08e-12	3.2518e-07	-3.295e-07	7.3491e-09	4.734e-11	-4.5e-13	3.2512e-07	-3.3258e-07	1.2546e-08	1.097e-11	-2.5e-13	3.25e-07	-3.3762e-07
0.885	-5.8557e-08	5.84418e-08	5e-14	3.2548e-07	-3.254e-07	-1.54772e-08	1.59172e-08	1.9e-13	3.254e-07	-3.2582e-07	-3.5641e-09	4.6341e-09	6.5e-13	3.2526e-07	-3.2632e-07	1.0211e-09	1.2301e-09	-8.6e-13	3.253e-07	-3.2752e-07	3.9245e-09	3.0335e-10	-1.24e-12	3.2518e-07	-3.2938e-07	7.3796e-09	5.074e-11	3.3e-13	3.251e-07	-3.3254e-07	1.25788e-08	1.181e-11	-1e-13	3.2504e-07	-3.3746e-07
0.89	-6.12744e-08	6.112e-08	1.1e-13	3.2552e-07	-3.2542e-07	-1.61828e-08	1.65972e-08	1.9e-13	3.2546e-07	-3.258e-07	-3.7753e-09	4.8369e-09	-4.6e-13	3.2528e-07	-3.2628e-07	9.6462e-10	1.2904e-09	-1.13e-12	3.2518e-07	-3.2746e-07	3.9139e-09	3.1672e-10	-6.1e-13	3.252e-07	-3.2946e-07	7.3621e-09	5.206e-11	-7e-14	3.2512e-07	-3.3254e-07	1.24842e-08	1.246e-11	-9.3e-13	3.2496e-07	-3.3742e-07
0.895	-6.41164e-08	6.38982e-08	-1.5e-13	3.2546e-07	-3.2536e-07	-1.68798e-08	1.7292e-08	-8e-13	3.2542e-07	-3.2584e-07	-3.9532e-09	5.0241e-09	-7.3e-13	3.2524e-07	-3.2638e-07	9.1455e-10	1.3513e-09	1.9e-13	3.2534e-07	-3.2754e-07	3.8777e-09	3.3148e-10	-1.11e-12	3.2524e-07	-3.2946e-07	7.3167e-09	5.601e-11	-2.9e-13	3.2518e-07	-3.325e-07	1.25694e-08	1.411e-11	-9.6e-13	3.2496e-07	-3.376e-07
0.9	-6.71014e-08	6.699e-08	-5.7e-13	3.2546e-07	-3.253e-07	-1.7604e-08	1.80094e-08	-1.5e-12	3.254e-07	-3.258e-07	-4.1681e-09	5.2337e-09	-8.4e-13	3.2524e-07	-3.2636e-07	8.4246e-10	1.4128e-09	-8e-13	3.2524e-07	-3.275e-07	3.8919e-09	3.4863e-10	-8.6e-13	3.2522e-07	-3.2946e-07	7.2828e-09	6.1e-11	-4.3e-13	3.2516e-07	-3.3258e-07	1.25816e-08	1.728e-11	-1e-13	3.2492e-07	-3.374e-07
