101 9.73557584186949e-08
104.18 1.43310327192878e-07
107.361 1.84731438279694e-07
110.541 1.75415677730251e-07
113.721 1.38787472558092e-07
116.902 1.2035212214674e-07
120.082 1.22305959300616e-07
123.262 1.199807786544e-07
126.443 1.20994856101042e-07
129.623 1.24941426000826e-07
132.803 1.06162373593771e-07
135.983 1.03919949390958e-07
139.164 1.15780951368686e-07
142.344 1.01036392325044e-07
145.524 8.72217809076797e-08
148.705 1.19878347957239e-07
151.885 1.48460883312645e-07
155.065 1.39326908023403e-07
158.246 9.72547342140939e-08
161.426 8.58744161618138e-08
164.606 7.42961905748105e-08
167.787 8.55741003705143e-08
170.967 8.88978252860149e-08
174.147 8.88559936387412e-08
177.328 8.42540599046912e-08
180.508 7.81852662412844e-08
183.688 8.40107429176136e-08
186.868 9.99011377402424e-08
190.049 1.08525201223e-07
193.229 9.67073217998409e-08
196.409 8.57952708480017e-08
199.59 8.64971114652825e-08
202.77 8.9817936665426e-08
205.95 1.006946106537e-07
209.131 8.55782540363843e-08
212.311 7.63466419764549e-08
215.491 8.00328143296196e-08
218.672 8.31092845235611e-08
221.852 7.56653701203116e-08
225.032 6.82399876171093e-08
228.213 6.83235866553305e-08
231.393 6.26712149528329e-08
234.573 6.34004048704803e-08
237.753 6.78920271152006e-08
240.934 6.52198563631782e-08
244.114 6.81323304558476e-08
247.294 7.40325899804201e-08
250.475 8.06775534534673e-08
253.655 8.13335633494819e-08
256.835 8.79417480418051e-08
260.016 8.51080698159052e-08
263.196 8.35516367026618e-08
264.196 7.79460205748001e-08
272.598 7.35723945951734e-08
281.001 6.64518891036757e-08
289.403 6.17275590788535e-08
297.806 6.12935007217245e-08
306.208 6.2972338064385e-08
314.611 5.64386818594834e-08
323.013 5.12745439854739e-08
331.415 6.22769565842556e-08
339.818 7.25029752199577e-08
348.22 7.76322835484473e-08
356.623 7.70171816488024e-08
365.025 7.63562982178394e-08
373.428 7.33285029359585e-08
381.83 6.77200255288186e-08
390.232 6.68238900222014e-08
398.635 6.05600473905831e-08
407.037 6.26258581637759e-08
415.44 6.3674920405079e-08
423.842 6.05425788422432e-08
432.245 6.37369845321266e-08
440.647 6.96775515679433e-08
449.049 6.84667458481562e-08
457.452 6.49059715487952e-08
465.854 6.20752469598056e-08
474.257 6.01339321371811e-08
482.659 5.70622222368359e-08
491.062 5.5167576746863e-08
499.464 5.84933602023823e-08
507.867 6.56527506219785e-08
516.269 6.36046228575196e-08
524.671 6.04319800144408e-08
533.074 5.36648541379023e-08
541.476 5.49655866877792e-08
549.879 5.92514507830021e-08
558.281 5.7681451218901e-08
566.684 5.55296422537789e-08
575.086 5.42177900198535e-08
583.488 4.77334148441182e-08
591.891 3.93057148501003e-08
600.293 3.86286078546547e-08
608.696 4.43259091479803e-08
617.098 4.52599322566267e-08
625.501 4.01984433678472e-08
633.903 3.87679443677181e-08
642.305 4.89708815158836e-08
650.708 5.17961363186908e-08
659.11 5.19208042679482e-08
667.513 5.21587597282045e-08
675.915 5.23773699092952e-08
684.318 5.46778509489822e-08
692.72 5.57539135129108e-08
693.72 4.95117754087262e-08
715.867 4.30251725225568e-08
738.014 4.66676066878826e-08
760.161 3.84400552254588e-08
782.307 3.96435595050822e-08
804.454 4.2797300846606e-08
826.601 3.71107288939599e-08
848.748 4.24763762799087e-08
870.895 5.88253576240313e-08
893.042 6.01599081789763e-08
915.189 4.93544308937874e-08
937.335 4.08738706541548e-08
959.482 4.03430522213399e-08
981.629 3.15671480487157e-08
1003.776 4.58233595267496e-08
1025.923 4.85744854643559e-08
1048.07 5.16223715322749e-08
1070.217 4.61947159180049e-08
1092.364 4.49287875330829e-08
1114.51 4.20892556780539e-08
1136.657 3.71557928038955e-08
1158.804 4.78352852234558e-08
1180.951 4.01754929077906e-08
1203.098 4.2861825130564e-08
1225.245 3.08429449464411e-08
1247.392 2.92392685721802e-08
1269.538 2.67448524949894e-08
1291.685 3.67840861052201e-08
1313.832 3.80558524048525e-08
1335.979 3.55928610846598e-08
1358.126 3.59621836081256e-08
1380.273 3.87839831560122e-08
1402.42 2.69531516953485e-08
1424.566 3.49916250773901e-08
1446.713 2.80976229213095e-08
1468.86 3.16264835813723e-08
1491.007 3.68588016023494e-08
1513.154 3.22625034017548e-08
1535.301 3.24443468884307e-08
1557.448 2.99340148319722e-08
1579.595 3.55118536016214e-08
1601.741 2.79510708157246e-08
1623.888 3.33197007189094e-08
1646.035 4.07260023795329e-08
1668.182 3.62055414957133e-08
1690.329 4.34662030922289e-08
1712.476 3.75273724801662e-08
1734.623 3.41307968561072e-08
1756.769 3.77339250073575e-08
1778.916 3.4311117664244e-08
1801.063 4.06480254432764e-08
1823.21 3.96650842421551e-08
1824.21 3.15626677774065e-08
1882.531 2.54699994989664e-08
1940.853 2.09301705102722e-08
1999.174 2.54928352344442e-08
2057.495 2.85677306499194e-08
2115.817 2.30678597733451e-08
2174.138 2.73670939838457e-08
2232.46 3.24860731215493e-08
2290.781 2.5291459369361e-08
2349.102 3.07017309604714e-08
2407.424 2.78351255203568e-08
2465.745 2.72116869274783e-08
2524.066 3.31441480378776e-08
2582.388 2.85977438410738e-08
2640.709 3.30703117903112e-08
2699.031 3.21790517340127e-08
2757.352 2.24130872676567e-08
2815.673 1.74432454527194e-08
2873.995 2.25839717356872e-08
2932.316 2.98043738991185e-08
2990.637 3.46838180534841e-08
3048.959 3.10908997418416e-08
3107.28 2.16631298433623e-08
3165.602 2.44801668814399e-08
3223.923 2.90806912318732e-08
3282.244 2.66005534850459e-08
3340.566 1.70687176323385e-08
3398.887 2.50918609822979e-08
3457.208 3.08066750683643e-08
3515.53 2.8474907194106e-08
3573.851 2.36813755511754e-08
3632.173 2.0150705120326e-08
3690.494 1.77406375730821e-08
3748.815 1.97808407962402e-08
3807.137 2.40911117448994e-08
3865.458 2.69432005365413e-08
3923.779 2.4078900272341e-08
3982.101 2.24266537782435e-08
4040.422 2.21544143390496e-08
4098.744 2.39428227054464e-08
4157.065 2.30382910238756e-08
4215.386 2.12800559094397e-08
4273.708 2.07020470410753e-08
4332.029 2.79839227889268e-08
4390.35 2.81162656311958e-08
4448.672 1.95245340559469e-08
4506.993 2.2092398679186e-08
4565.315 2.54596112305672e-08
4623.636 2.13736658473543e-08
4681.957 1.7725579712901e-08
4740.279 1.79799047252256e-08
4798.6 1.84729530764668e-08
4799.6 2.25037889174441e-08
4953.131 2.48545922939747e-08
5106.663 1.9684940857192e-08
5260.194 1.68138266240635e-08
5413.725 2.22658077459984e-08
5567.257 2.50474604076608e-08
5720.788 2.07048564021439e-08
5874.32 1.28875162757499e-08
6027.851 1.32320929036209e-08
6181.382 1.64608101950869e-08
6334.914 1.77923833480717e-08
6488.445 2.10344149660563e-08
6641.976 2.28011981608831e-08
6795.508 2.35225123768563e-08
6949.039 2.16003072380517e-08
7102.571 2.04146110846286e-08
7256.102 1.81801300540206e-08
7409.633 1.55371701271417e-08
7563.165 1.47891030770862e-08
7716.696 1.66976255312828e-08
7870.227 1.56843260052176e-08
8023.759 1.33265543016258e-08
8177.29 1.5688028424209e-08
8330.822 1.30212985437933e-08
8484.353 1.32943020244359e-08
8637.884 1.25046106690941e-08
8791.416 1.29912496520154e-08
8944.947 1.65650441177242e-08
9098.478 1.8388558476371e-08
9252.01 1.72857479310016e-08
9405.541 1.48124552777804e-08
9559.073 1.63366494190644e-08
9712.604 1.71998205685456e-08
9866.135 1.33614235947712e-08
10019.667 1.84502825786056e-08
10173.198 1.69968647816194e-08
10326.729 1.53725238487655e-08
10480.261 1.89055193399245e-08
10633.792 1.44143375695543e-08
10787.324 1.02179984438604e-08
10940.855 1.22629008243433e-08
11094.386 1.29157972721607e-08
11247.918 1.63156504980852e-08
11401.449 1.62652161502105e-08
11554.98 1.34367292986639e-08
11708.512 1.49141238150556e-08
11862.043 1.45433087444706e-08
12015.575 1.49565916405484e-08
12169.106 1.33771045659533e-08
12322.637 1.22691477073609e-08
12476.169 1.43641646543834e-08
12629.7 1.08628102084716e-08
12630.7 1.19755212734641e-08
13034.822 8.95548145633413e-09
13438.943 8.4805569420532e-09
13843.065 1.14082033221519e-08
14247.186 1.53286026226806e-08
14651.308 1.55338301430535e-08
15055.429 1.51247013124216e-08
15459.551 1.53950805451952e-08
15863.673 1.24584140297699e-08
16267.794 9.97412445262251e-09
16671.916 1.00218961917499e-08
17076.037 9.41545828596323e-09
17480.159 1.22052566578704e-08
17884.28 1.22193176466424e-08
18288.402 1.26503763737935e-08
18692.524 1.17396541984723e-08
19096.645 9.6479889780205e-09
19500.767 1.12641830985573e-08
19904.888 1.17449530584321e-08
20309.01 1.12396199978381e-08
20713.131 1.31113220827418e-08
21117.253 1.35669157438657e-08
21521.375 1.14454756449108e-08
21925.496 1.02686653947809e-08
22329.618 9.97807099492082e-09
22733.739 8.61514969981076e-09
23137.861 8.84145566263998e-09
23541.982 9.8693126115025e-09
23946.104 8.81418222839623e-09
24350.225 7.47333034836342e-09
24754.347 6.87568474106519e-09
25158.469 6.41195814752413e-09
25562.59 8.49288721062735e-09
25966.712 9.50048245973284e-09
26370.833 1.01221634856304e-08
26774.955 1.1896239835935e-08
27179.076 1.21913156358614e-08
27583.198 1.06941818123633e-08
27987.32 1.08960700128465e-08
28391.441 1.17878426457176e-08
28795.563 1.17893898983351e-08
29199.684 1.03504848633331e-08
29603.806 8.09888122580511e-09
30007.927 8.58619775337967e-09
30412.049 1.01484677297105e-08
30816.171 1.06338837628349e-08
31220.292 1.02109784200869e-08
31624.414 9.58233105631324e-09
32028.535 8.61062755470546e-09
32432.657 8.67649199971225e-09
32836.778 7.92799872096569e-09
33240.9 8.32254415533916e-09
33241.9 9.02152866151189e-09
34305.559 8.87565800141908e-09
35369.218 8.6219011480641e-09
36432.876 6.41172860791116e-09
37496.535 6.25451495070474e-09
38560.194 7.21621381713465e-09
39623.853 8.03443129117588e-09
40687.512 7.32825208463742e-09
41751.171 6.08912054694111e-09
42814.829 6.19364875387655e-09
43878.488 7.10902021543306e-09
44942.147 9.42305191942432e-09
46005.806 9.82518091870367e-09
47069.465 9.56968822176194e-09
48133.124 8.74902697607276e-09
49196.782 7.46276814197318e-09
50260.441 6.38126768436585e-09
51324.1 7.16887956209844e-09
52387.759 8.51685757934377e-09
53451.418 9.00304126674957e-09
54515.076 7.5415146064487e-09
55578.735 6.83233678789856e-09
56642.394 6.16401020126856e-09
57706.053 6.28046782183698e-09
58769.712 6.40071326164321e-09
59833.371 7.27685479337327e-09
60897.029 7.64849744138713e-09
61960.688 7.08543217787931e-09
63024.347 5.78854866732433e-09
64088.006 5.63578433476601e-09
65151.665 5.61383185135503e-09
66215.324 5.37067491835396e-09
67278.982 4.70971536668013e-09
68342.641 5.02449760719166e-09
69406.3 5.88665157552887e-09
70469.959 6.60874305438982e-09
71533.618 6.74790675406983e-09
72597.276 6.23078859195886e-09
73660.935 5.64997310547255e-09
74724.594 5.92776541588996e-09
75788.253 5.48821102513678e-09
76851.912 4.90952254393424e-09
77915.571 4.69930186067e-09
78979.229 4.76572425933297e-09
80042.888 4.64263353524402e-09
81106.547 4.75232273711156e-09
82170.206 5.45046789461723e-09
83233.865 7.39721387077906e-09
84297.524 7.66827541418252e-09
85361.182 6.01083285360812e-09
86424.841 5.28082206384779e-09
87488.5 4.99254253391052e-09
87489.5 5.05786746434338e-09
90289.039 5.44746404871419e-09
93088.578 5.70983879263248e-09
95888.118 6.29794960369568e-09
98687.657 6.4214895240056e-09
101487.196 6.01651181892424e-09
104286.735 5.39743216676318e-09
107086.275 4.78543370178713e-09
109885.814 5.25408434624604e-09
112685.353 6.11381752973913e-09
115484.892 6.19634510469897e-09
118284.431 6.7650591852239e-09
121083.971 6.21952789975173e-09
123883.51 4.99350107436599e-09
126683.049 3.27642410065154e-09
129482.588 2.42707235804188e-09
132282.127 2.33323440289671e-09
135081.667 2.76840043953299e-09
137881.206 3.1575234897748e-09
140680.745 3.79675495503208e-09
143480.284 4.25959028361063e-09
146279.824 4.61735701506924e-09
149079.363 3.3519323831971e-09
151878.902 3.48039643898189e-09
154678.441 4.50501658086367e-09
157477.98 4.48578218519124e-09
160277.52 3.47817833667757e-09
163077.059 3.18024320056044e-09
165876.598 3.42536635820385e-09
168676.137 3.84717158119134e-09
171475.676 4.04028772689646e-09
174275.216 4.18198704559682e-09
177074.755 4.032189483067e-09
179874.294 3.84423631575722e-09
182673.833 3.56411077637825e-09
185473.373 3.74263709809308e-09
188272.912 4.1296667964705e-09
191072.451 4.28417086670077e-09
193871.99 4.46032381477775e-09
196671.529 4.7623852029068e-09
199471.069 4.65950003202504e-09
202270.608 4.61911757889367e-09
205070.147 4.94312945960431e-09
207869.686 4.4771430456368e-09
210669.225 3.49992542629433e-09
213468.765 3.33501933446458e-09
216268.304 3.24336053157305e-09
219067.843 3.42782307352251e-09
221867.382 3.19854742326743e-09
224666.922 3.19999289068405e-09
227466.461 3.18070569406249e-09
230266 3.07967507850336e-09
230267 4.63133960282797e-09
237635.294 4.2751770588652e-09
245003.588 3.9555486382559e-09
252371.882 -0
259740.176 -0
267108.471 2.83201286417117e-09
274476.765 3.41906527456418e-09
281845.059 2.83962738745279e-09
289213.353 2.54192399767002e-09
296581.647 3.20020634026051e-09
303949.941 3.07800440104315e-09
311318.235 3.20848799795881e-09
318686.529 2.60943514223843e-09
326054.824 3.04606504452565e-09
333423.118 2.84490612212656e-09
340791.412 2.75889282065987e-09
348159.706 2.57556867351485e-09
355528 2.20813908323692e-09
362896.294 3.60013840145803e-09
370264.588 3.14459946377089e-09
377632.882 2.21408901107492e-09
385001.176 3.45465332082446e-09
392369.471 3.86507754054169e-09
399737.765 4.45015087207538e-09
407106.059 4.0882963082084e-09
414474.353 3.2030650536909e-09
421842.647 2.76807395860083e-09
429210.941 2.75560257168964e-09
436579.235 2.75118184833797e-09
443947.529 2.40419811500279e-09
451315.824 3.38796807956894e-09
458684.118 3.00546843661467e-09
466052.412 3.14084986737936e-09
473420.706 3.19118269893793e-09
480789 2.74899049762417e-09
488157.294 3.09855827169023e-09
495525.588 2.37359380923147e-09
502893.882 3.05657352094656e-09
510262.176 1.62416805304695e-09
517630.471 1.47264755136198e-09
524998.765 2.23806335053853e-09
532367.059 3.05894549234825e-09
539735.353 2.82872301974871e-09
547103.647 3.59705493993862e-09
554471.941 2.97103290731333e-09
561840.235 2.77784770582523e-09
569208.529 2.8545930821402e-09
576576.824 2.30014914714483e-09
583945.118 2.91610811621862e-09
591313.412 2.75406786992138e-09
598681.706 3.06919760361231e-09
606050 2.52365334249912e-09
606051 1.57725716885702e-09
625444.118 1.78204160873912e-09
644837.235 3.21368909206606e-09
664230.353 3.03658207052277e-09
683623.471 1.94350508854257e-09
703016.588 1.68329765051136e-09
722409.706 2.45711689846573e-09
741802.824 2.4553465624015e-09
761195.941 2.76763610093195e-09
780589.059 2.92423648469115e-09
799982.176 2.24242804087935e-09
819375.294 3.14582320907756e-09
838768.412 2.24164806665946e-09
858161.529 2.10030068031229e-09
877554.647 2.20510135498339e-09
896947.765 2.73957038499586e-09
916340.882 2.8033184855542e-09
935734 2.42088538826114e-09
955127.118 2.00945731991331e-09
974520.235 1.57471061088925e-09
993913.353 2.37579041851354e-09
1013306.471 2.58953018683607e-09
1032699.588 2.75327172059351e-09
1052092.706 1.62888991242517e-09
1071485.824 2.82870083981718e-09
1090878.941 2.96370561670918e-09
1110272.059 2.17279158314839e-09
1129665.176 2.54387826766304e-09
1149058.294 1.47992419474039e-09
1168451.412 1.94713406980533e-09
1187844.529 2.82034093518522e-09
1207237.647 1.06065439570376e-09
1226630.765 2.10016827462912e-09
1246023.882 1.37360720886665e-09
1265417 1.69006203460684e-09
1284810.118 1.83364679284135e-09
1304203.235 2.87233432903204e-09
1323596.353 2.15402381189033e-09
1342989.471 8.27498972986561e-10
1362382.588 2.05168604960949e-09
1381775.706 2.33155472250808e-09
1401168.824 1.95125253626048e-09
1420561.941 1.51586053273769e-09
1439955.059 2.33144436098204e-09
1459348.176 2.39168045807765e-09
1478741.294 2.05485880524455e-09
1498134.412 1.98957516179977e-09
1517527.529 1.12256930152822e-09
1536920.647 2.28457477802119e-09
1556313.765 1.57351972724238e-09
1575706.882 2.06030423196052e-09
1595100 2.02242437803222e-09
1595100 1.68870547236769e-09
1646141.765 1.9553208717288e-09
1697183.529 2.2325642528596e-09
1748225.294 1.84887835237361e-09
1799267.059 1.94708914061457e-09
1850308.824 1.71832290115419e-09
1901350.588 2.45121375033521e-09
1952392.353 2.10766612477282e-09
2003434.118 1.21663659681291e-09
2054475.882 1.7727054825002e-09
2105517.647 1.28334880626209e-09
2156559.412 2.17085489882704e-09
2207601.176 1.59710900850459e-09
2258642.941 2.29602429163425e-09
2309684.706 2.01285407315512e-09
2360726.471 1.43038675804814e-09
2411768.235 1.83128664641709e-09
2462810 1.84765369845242e-09
2513851.765 1.87409887241749e-09
2564893.529 2.05222555450201e-09
2615935.294 2.07136523157131e-09
2666977.059 1.59900562900552e-09
2718018.824 2.73290335702784e-09
2769060.588 2.10712999061486e-09
2820102.353 2.47131128702501e-09
2871144.118 2.05650920148185e-09
2922185.882 1.51563538478243e-09
2973227.647 2.05680993504921e-09
3024269.412 1.39408760738152e-09
3075311.176 1.60218022917948e-09
3126352.941 1.85977304650721e-09
3177394.706 1.68001531626855e-09
3228436.471 2.1608793492145e-09
3279478.235 1.72540992843117e-09
3330520 1.90033854656747e-09
3381561.765 1.45818551560648e-09
3432603.529 1.9559089787858e-09
3483645.294 1.54837086330016e-09
3534687.059 1.95680918650224e-09
3585728.824 1.40960426519845e-09
3636770.588 1.39686277808845e-09
3687812.353 1.88494897730685e-09
3738854.118 2.55999187139497e-09
3789895.882 1.96276039584705e-09
3840937.647 1.90253892269777e-09
3891979.412 1.68362376849629e-09
3943021.176 2.04793192688664e-09
3994062.941 1.76898442197524e-09
4045104.706 1.40359346202758e-09
4096146.471 1.409401625197e-09
4147188.235 1.68299565049169e-09
4198230 1.4605537743415e-09
4198230 1.90277960071536e-09
4332570.588 1.74869266884046e-09
4466911.176 1.79065747518181e-09
4601251.765 1.9425101912433e-09
4735592.353 1.45089956189984e-09
4869932.941 1.77662403673603e-09
5004273.529 2.08968029434029e-09
5138614.118 1.82453948784061e-09
5272954.706 1.46287968216054e-09
5407295.294 1.61501210427259e-09
5541635.882 2.16848246578174e-09
5675976.471 1.35527340302274e-09
5810317.059 2.00930039624054e-09
5944657.647 2.27346997703096e-09
6078998.235 1.51309141832204e-09
6213338.824 1.43851977781929e-09
6347679.412 1.9927566552557e-09
6482020 1.503774738029e-09
6616360.588 1.53609259983407e-09
6750701.176 1.6041582485342e-09
6885041.765 1.57474854957618e-09
7019382.353 1.74479021700089e-09
7153722.941 1.83786739775292e-09
7288063.529 1.58274036798868e-09
7422404.118 1.38635005674049e-09
7556744.706 1.53745335534848e-09
7691085.294 1.52564621117149e-09
7825425.882 1.24947959803335e-09
7959766.471 1.5017047372131e-09
8094107.059 2.12480031134417e-09
8228447.647 1.31100408576661e-09
8362788.235 2.08955422976225e-09
8497128.824 1.5599897045163e-09
8631469.412 1.72331082426425e-09
8765810 1.74971846356322e-09
8900150.588 1.37501076286912e-09
9034491.176 1.49123931444589e-09
9168831.765 1.76083139181145e-09
9303172.353 8.56797292673692e-10
9437512.941 1.71837811321263e-09
9571853.529 1.71180969959999e-09
9706194.118 1.00477519200056e-09
9840534.706 1.74291961766309e-09
9974875.294 1.42552480892622e-09
10109215.882 1.71797712482982e-09
10243556.471 1.43468060611586e-09
10377897.059 2.21923883697383e-09
10512237.647 1.8370095138842e-09
10646578.235 1.69634665599517e-09
10780918.824 1.57942595309891e-09
10915259.412 1.66386869726657e-09
11049600 1.49007295872803e-09
11049600 1.69337144269389e-09
11403174.51 1.62566679602543e-09
11756749.02 1.91368255481165e-09
12110323.529 1.70405153065342e-09
12463898.039 1.33915470653186e-09
12817472.549 1.78517617835156e-09
13171047.059 1.42975904375482e-09
13524621.569 1.50911922753648e-09
13878196.078 1.30307602492989e-09
14231770.588 2.19059397675942e-09
14585345.098 1.74375888853737e-09
14938919.608 1.58321737976383e-09
15292494.118 1.74730590632558e-09
15646068.627 1.44476511372108e-09
15999643.137 1.05309151316766e-09
16353217.647 1.36010292249387e-09
16706792.157 1.75474312020144e-09
17060366.667 1.32494377524696e-09
17413941.176 2.11161172950632e-09
17767515.686 1.46543836615337e-09
18121090.196 1.28528364017365e-09
18474664.706 1.42153756219175e-09
18828239.216 1.43290624115357e-09
19181813.725 1.36749000478365e-09
19535388.235 1.29913644483732e-09
19888962.745 1.94658267907281e-09
20242537.255 1.42862144044095e-09
20596111.765 1.47981427350573e-09
20949686.275 1.88945657831726e-09
21303260.784 1.46419122101885e-09
21656835.294 1.6483314633884e-09
22010409.804 1.72133445376463e-09
22363984.314 1.60395756920711e-09
22717558.824 1.2565466529766e-09
23071133.333 1.58236347657432e-09
23424707.843 1.25408766059145e-09
23778282.353 1.24472618544755e-09
24131856.863 1.56746105205555e-09
24485431.373 1.07745575281336e-09
24839005.882 1.56200861698839e-09
25192580.392 2.08105855515705e-09
25546154.902 1.39693835441174e-09
25899729.412 1.67224386948597e-09
26253303.922 1.32355155240287e-09
26606878.431 1.5839702990684e-09
26960452.941 1.4283950245735e-09
27314027.451 1.20741018647229e-09
27667601.961 1.55188829109956e-09
28021176.471 1.3599130616763e-09
28374750.98 1.33992914761629e-09
28728325.49 1.31682031041812e-09
29081900 1.91606990973268e-09
29081900 1.70905096011086e-09
30012498.039 1.54135773172236e-09
30943096.078 1.79420625089268e-09
31873694.118 1.11185461998025e-09
32804292.157 2.01837955048032e-09
33734890.196 1.54227235758877e-09
34665488.235 2.0768573448307e-09
35596086.275 1.73046291634338e-09
36526684.314 1.44108226044229e-09
37457282.353 1.31535006662662e-09
38387880.392 1.71734984852074e-09
39318478.431 1.69682546280912e-09
40249076.471 1.67469934301973e-09
41179674.51 1.60080743361337e-09
42110272.549 1.50795680174325e-09
43040870.588 1.79618183223635e-09
43971468.627 1.55388938687903e-09
44902066.667 1.51348536120015e-09
45832664.706 1.6474845879476e-09
46763262.745 2.03416169942359e-09
47693860.784 1.31865302986415e-09
48624458.824 1.51024391106323e-09
49555056.863 1.64401284525345e-09
50485654.902 1.79724600442921e-09
51416252.941 1.84763368541312e-09
52346850.98 1.50482935995927e-09
53277449.02 1.57143809377862e-09
54208047.059 1.61198495154789e-09
55138645.098 1.26648994909997e-09
56069243.137 1.0911347636711e-09
56999841.176 1.53354824869428e-09
57930439.216 1.42783857065999e-09
58861037.255 1.5328854522821e-09
59791635.294 1.53065208345142e-09
60722233.333 1.48918461379424e-09
61652831.373 1.27598164436814e-09
62583429.412 1.46071045225823e-09
63514027.451 1.8105786972807e-09
64444625.49 1.50276515397414e-09
65375223.529 1.4314076543641e-09
66305821.569 1.67794358082485e-09
67236419.608 2.40145898425042e-09
68167017.647 1.30778287135821e-09
69097615.686 1.57785249783449e-09
70028213.725 1.45552281974682e-09
70958811.765 1.75303144791132e-09
71889409.804 9.62954797992446e-10
72820007.843 1.44450267005472e-09
73750605.882 1.22200822237529e-09
74681203.922 1.76628059291062e-09
75611801.961 1.3188839027856e-09
76542400 1.37823566053672e-09
76542400 1.09016321980442e-09
78991686.275 1.08196815710729e-09
81440972.549 1.36803934666237e-09
83890258.824 1.83677083007867e-09
86339545.098 1.46682838909613e-09
88788831.373 -0
91238117.647 1.34150982338425e-09
93687403.922 4.80608602892144e-09
96136690.196 -0
98585976.471 2.44708279437128e-09
101035262.745 1.52773534815429e-09
103484549.02 -0
105933835.294 1.47685920825321e-09
108383121.569 2.15868059802945e-09
110832407.843 -0
113281694.118 9.08201689445197e-10
115730980.392 1.39201432320494e-09
118180266.667 1.4331605933289e-09
120629552.941 -0
123078839.216 6.86879664952049e-10
125528125.49 1.0266666967627e-09
127977411.765 1.31661869666536e-09
130426698.039 -0
132875984.314 -0
135325270.588 -0
137774556.863 -0
140223843.137 2.39833469512386e-09
142673129.412 2.29868585598717e-09
145122415.686 1.61095995294463e-09
147571701.961 2.12795816829402e-09
150020988.235 -0
152470274.51 -0
154919560.784 1.29737380893651e-09
157368847.059 -0
159818133.333 -0
162267419.608 -0
164716705.882 4.00039918988138e-09
167165992.157 -0
169615278.431 3.49047212564282e-09
172064564.706 -0
174513850.98 2.44973993527134e-09
176963137.255 2.80030386497177e-09
179412423.529 -0
181861709.804 3.6542543284108e-09
184310996.078 -0
186760282.353 -0
189209568.627 2.91256850444727e-09
191658854.902 -0
194108141.176 1.82370707848055e-09
196557427.451 -0
199006713.725 -0
201456000 3.82786702898397e-09
