101 97.3536321730181
104.18 143.308882767712
107.361 184.730317730697
110.541 175.414497672123
113.721 138.785981060996
116.902 120.350402181396
120.082 122.304266812094
123.262 119.979053365644
126.443 120.993145272415
129.623 124.939769213489
132.803 106.160423732498
135.983 103.917957454038
139.164 115.77916349602
142.344 101.034343537533
145.524 87.2194076149758
148.705 119.87662119428
151.885 148.459488999427
155.065 139.325422301035
158.246 97.2526057597123
161.426 85.8720056312438
164.606 74.2934043770276
167.787 85.5716813801321
170.967 88.8954967396146
174.147 88.8536639960784
177.328 84.2516030139683
180.508 78.1826186388031
183.688 84.008278910887
186.868 99.8990656702798
190.049 108.523293815165
193.229 96.7051812970636
196.409 85.792858093678
199.59 86.4947182886765
202.77 89.8156319736963
205.95 100.692554911971
209.131 85.5758351634147
212.311 76.3439306106319
215.491 80.0302278487283
218.672 83.1067937897874
221.852 75.6626343411579
225.032 68.2369541376461
228.213 68.3205568877219
231.393 62.6679119140266
234.573 63.39713982303
237.753 67.8889780878394
240.934 65.2166824059119
244.114 68.1292921829137
247.294 74.0297938617217
250.475 80.6749876432409
253.655 81.3310182348909
256.835 87.9393941794479
260.016 85.1056375793578
263.196 83.5491591561134
264.196 77.9433648455541
272.598 73.5695809860835
281.001 66.4487739950647
289.403 61.7242055423424
297.806 61.2901234353793
306.208 62.9690508209803
314.611 56.435014043021
323.013 51.2705067355326
331.415 62.273632633702
339.818 72.5001201084923
348.22 77.6296170861773
356.623 77.0144938899466
365.025 76.3535871949158
373.428 73.3256799684045
381.83 67.7169687569064
390.232 66.8207922558486
398.635 60.556629199037
407.037 62.6225527326168
415.44 63.6716694346326
423.842 60.5391596643795
432.245 63.7337367274864
440.647 69.6745806769111
449.049 68.4637224158607
457.452 64.9027822415418
465.854 62.0719122077036
474.257 60.1304897225951
482.659 57.0585945025466
491.062 55.1638244152906
499.464 58.4898212321225
507.867 65.649597593829
516.269 63.6013682938294
524.671 60.4285545786574
533.074 53.6609967261354
541.476 54.9618205660235
549.879 59.2479570946586
558.281 57.6778624319457
566.684 55.5259143898835
575.086 54.2139719503832
583.488 47.7290780623372
591.891 39.3004480874886
600.293 38.6232487601533
608.696 44.3212389469767
617.098 45.2553584437736
625.501 40.1932935848508
633.903 38.7626045370856
642.305 48.9666543317257
650.708 51.7921397274182
659.11 51.9168172736983
667.513 52.15479092456
675.915 52.3734176717078
684.318 54.6740650070865
692.72 55.750200645425
693.72 49.5075944085768
715.867 43.0203611165199
738.014 46.6631708521281
760.161 38.4346698403451
782.307 39.6383376320577
804.454 42.7924638196365
826.601 37.105150572946
848.748 42.4715027032525
870.895 58.8218386281421
893.042 60.1564672508522
915.189 49.350236563259
937.335 40.8688059802654
959.482 40.3379208999889
981.629 31.5605899173247
1003.776 45.818841957406
1025.923 48.5702237809021
1048.07 51.6183614871318
1070.217 46.1902346686524
1092.364 44.924180005793
1114.51 42.0843372709205
1136.657 37.1502212494893
1158.804 47.8309576781541
1180.951 40.1703401825766
1203.098 42.8569953860867
1225.245 30.8362327947043
1247.392 29.2321881944559
1269.538 26.7371115676084
1291.685 36.778458241153
1313.832 38.0504126424395
1335.979 35.5870448364554
1358.126 35.9564271009306
1380.273 38.7786455339256
1402.42 26.9454706084802
1424.566 34.9857088760059
1446.713 28.0902547839655
1468.86 31.6199377564665
1491.007 36.8531851481166
1513.154 32.2560866465267
1535.301 32.4379661048102
1557.448 29.9270988229852
1579.595 35.5060240835691
1601.741 27.9436640357998
1623.888 33.3134875988343
1646.035 40.7209193144964
1668.182 36.1998236873858
1690.329 43.4614405105824
1712.476 37.5218561010131
1734.623 34.1247314133438
1756.769 37.7284388288315
1778.916 34.3050841038117
1801.063 40.6429326259467
1823.21 39.6598652032159
1824.21 31.5561087149056
1882.531 25.4618709932587
1940.853 20.9202781432051
1999.174 25.4847140123354
2057.495 28.5604837929322
2115.817 23.0588845030004
2174.138 27.3595291099946
2232.46 32.4797005352366
2290.781 25.2832734635379
2349.102 30.6949879291256
2407.424 27.8276878797721
2465.745 27.2040788382753
2524.066 33.1379020029444
2582.388 28.5905045915539
2640.709 33.0640518071877
2699.031 32.1726183345444
2757.352 22.4038496885601
2815.673 17.431374355564
2873.995 22.5748040823905
2932.316 29.7974278003732
2990.637 34.6778493388386
3048.959 31.0842411320794
3107.28 21.6535723290725
3165.602 24.4717095958404
3223.923 29.0735722353404
3282.244 26.5927705534942
3340.566 17.0565858721053
3398.887 25.0836099386624
3457.208 30.7999550124311
3515.53 28.4676367075482
3573.851 23.6726328910793
3632.173 20.1404299071875
3690.494 17.7289656071484
3748.815 19.7703733552556
3807.137 24.0825178315148
3865.458 26.9355166119434
3923.779 24.0703019990473
3982.101 22.4174217895191
4040.422 22.1450688575648
4098.744 23.9341755467875
4157.065 23.0293042296285
4215.386 21.2703262670999
4273.708 20.6920456139768
4332.029 27.9765247065574
4390.35 28.1089023806331
4448.672 19.5139291302862
4506.993 22.0830269528455
4565.315 25.4514794071312
4623.636 21.3639788371539
4681.957 17.7138978251092
4740.279 17.9683881839243
4798.6 18.461744104102
4799.6 22.4945885857216
4953.131 24.8462624573537
5106.663 19.6744223943461
5260.194 16.8015108173065
5413.725 22.2565090385209
5567.257 25.0391947329249
5720.788 20.6948563327557
5874.32 12.8714441986017
6027.851 13.216439861402
6181.382 16.4482300652282
6334.914 17.7807453500897
6488.445 21.0245716475807
6641.976 22.7921178825457
6795.508 23.5137106497328
6949.039 21.5907219142443
7102.571 20.4044687687928
7256.102 18.16874042913
7409.633 15.5238415206979
7563.165 14.7750996553214
7716.696 16.6852239536348
7870.227 15.6711225583219
8023.759 13.311012341448
8177.29 15.6748280959885
8330.822 13.0053917959665
8484.353 13.2787223149262
8637.884 12.4880458033121
8791.416 12.9753060665631
8944.947 16.5525432070769
9098.478 18.3772980287886
9252.01 17.2737685967518
9405.541 14.7984739536293
9559.073 16.3239736045307
9712.604 17.1877813457748
9866.135 13.3459222416028
10019.667 18.4390598250127
10173.198 16.9846816986558
10326.729 15.3590523627229
10480.261 18.894566983984
10633.792 14.3999697072273
10787.324 10.1977199509857
10940.855 12.2460090081495
11094.386 12.8997604309364
11247.918 16.3029583565581
11401.449 16.2524846227605
11554.98 13.4213149223752
11708.512 14.9002378897388
11862.043 14.5290684228892
12015.575 14.9427451795888
12169.106 13.3616214049212
12322.637 12.2522645035536
12476.169 14.3497465558886
12629.7 10.843737622484
12630.7 11.958223520707
13034.822 8.93233721456734
13438.943 8.45611293960805
13843.065 11.3900440315021
14247.186 15.315092502628
14651.308 15.5204986683173
15055.429 15.1110088938484
15459.551 15.3816288146948
15863.673 12.4417876584182
16267.794 9.95334911456452
16671.916 10.0012200894796
17076.037 9.39344743609681
17480.159 12.1882849525473
17884.28 12.2023654981134
18288.402 12.6340026277753
18692.524 11.722008390191
19096.645 9.626509820283
19500.767 11.245791251745
19904.888 11.7273152232203
20309.01 11.2211878914758
20713.131 13.0955246843108
21117.253 13.5516494494638
21521.375 11.4273755840195
21925.496 10.2484871561598
22329.618 9.95730389109823
22733.739 8.59108865919503
23137.861 8.81801214755507
23541.982 9.84831617199418
23946.104 8.79066597905847
24350.225 7.44558033304119
24754.347 6.84551244674323
25158.469 6.37959303448122
25562.59 8.46847879919634
25966.712 9.47866905043589
26370.833 10.1016926121234
26774.955 11.8788266354084
27179.076 12.174324495971
27583.198 10.6748079437469
27987.32 10.8770557470692
28391.441 11.7702690810447
28795.563 11.7718186434793
29199.684 10.3304664418451
29603.806 8.07328168155294
30007.927 8.56205535255071
30412.049 10.128050022634
30816.171 10.6143998361416
31220.292 10.1906859580442
31624.414 9.56070439208247
32028.535 8.58655384224969
32432.657 8.65260154063912
32836.778 7.90184558945779
33240.9 8.29763467607304
33241.9 8.99855429446758
34305.559 8.85230506467972
35369.218 8.59785900134382
36432.876 6.37936233032006
37496.535 6.22133082777223
38560.194 7.18747117243644
39623.853 8.00862573558198
40687.512 7.29995058996929
41751.171 6.05503006063393
42814.829 6.16013675874138
43878.488 7.07984240103095
44942.147 9.40105884867051
46005.806 9.80408996721567
47069.465 9.54803292106437
48133.124 8.72533512411123
49196.782 7.43497870480138
50260.441 6.34874611711099
51324.1 7.13994637065802
52387.759 8.49251806161314
53451.418 8.98001960191601
54515.076 7.5140164066416
55578.735 6.80197221276829
56642.394 6.13033618664939
57706.053 6.24742155301928
58769.712 6.36829099977186
59833.371 7.24835261861891
60897.029 7.62138524881833
61960.688 7.05615682559052
63024.347 5.75267726141335
64088.006 5.59893427966376
65151.665 5.57683674275016
66215.324 5.33199297436112
67278.982 4.66555664794061
68342.641 4.98312915793628
69406.3 5.85138161220719
70469.959 6.57734633107803
71533.618 6.71716052820098
72597.276 6.19747742857405
73660.935 5.61321619863007
74724.594 5.89274153733397
75788.253 5.45036331416843
76851.912 4.86717696507931
77915.571 4.65504435829527
78979.229 4.72208933799382
80042.888 4.59783059089527
81106.547 4.70856362361893
82170.206 5.41235625862278
83233.865 7.36917723019647
84297.524 7.64123339702147
85361.182 5.97629580877777
86424.841 5.24147705041446
87488.5 4.95090708384895
87489.5 5.01677419133684
90289.039 5.40933124905784
93088.578 5.6734697529687
95888.118 6.26499554753956
98687.657 6.38917269346459
101487.196 5.98200756161802
104286.735 5.35894336551617
107086.275 4.74198014696392
109885.814 5.21453759383013
112685.353 6.07986552375507
115484.892 6.16284777164962
118284.431 6.73439127015815
121083.971 6.18615610017968
123883.51 4.95187368373773
126683.049 3.21262429912529
129482.588 2.34023080724338
132282.127 2.24276230993406
135081.667 2.6925900158781
137881.206 3.09127070773163
140680.745 3.74183754171138
143480.284 4.21071364310494
146279.824 4.57230639881112
149079.363 3.28959734641267
151878.902 3.42040339323855
154678.441 4.45883105688663
157477.98 4.43939655955392
160277.52 3.4181463604903
163077.059 3.11447376208422
165876.598 3.36439217213373
168676.137 3.79298420443934
171475.676 3.98872472302992
174275.216 4.13219259589138
177074.755 3.98052157730065
179874.294 3.79000697247204
182673.833 3.5055506880226
185473.373 3.68691367515197
188272.912 4.07923373317475
191072.451 4.23557788443179
193871.99 4.41367064161719
196671.529 4.71871940476074
199471.069 4.61486083738627
202270.608 4.57408430263856
205070.147 4.9010742551412
207869.686 4.43066697587327
210669.225 3.44027295277884
213468.765 3.2723621378528
216268.304 3.17889722038409
219067.843 3.36689337867614
221867.382 3.13316223947798
224666.922 3.13463785793964
227466.461 3.11494602075887
230266 3.01171024322637
230267 4.58642633394702
237635.294 4.22648067363939
245003.588 3.90286625822716
252371.882 NaN
259740.176 NaN
267108.471 2.75795157006627
274476.765 3.35797667528091
281845.059 2.76577000120617
289213.353 2.45914164088422
296581.647 3.13485575748608
303949.941 3.01000184266405
311318.235 3.1433095986628
318686.529 2.52886372933555
326054.824 2.97733307768564
333423.118 2.77118942761284
340791.412 2.68281374603019
348159.706 2.49390336460558
355528 2.11231584071094
362896.294 3.54217398071477
370264.588 3.07806851573324
377632.882 2.11853490624127
385001.176 3.39420529241876
392369.471 3.81114476166937
399737.765 4.40338991962252
407106.059 4.03734649289732
414474.353 3.13777401005489
421842.647 2.692254341678
429210.941 2.6794300761734
436579.235 2.67488346711111
443947.529 2.31649920703266
451315.824 3.32630842048329
458684.118 2.93578618490635
466052.412 3.07423777372816
473420.706 3.1256434566343
480789 2.67262955832415
488157.294 3.03101688597407
495525.588 2.28472045800399
502893.882 2.98808328012316
510262.176 1.4912819534006
517630.471 1.32464742876451
524998.765 2.14357821434716
532367.059 2.99050957616886
539735.353 2.75457327411275
547103.647 3.53904001686006
554471.941 2.90052349349885
561840.235 2.70230232889632
569208.529 2.78113316196882
576576.824 2.2083220098326
583945.118 2.84423742776094
591313.412 2.67785171959414
598681.706 3.00099548983658
606050 2.4402512561429
606051 1.4400486716465
625444.118 1.66182799810255
644837.235 3.14861836056142
664230.353 2.96763048087534
683623.471 1.83390622148214
703016.588 1.5554713048517
722409.706 2.37137585648624
741802.824 2.36954146228693
761195.941 2.69180415097046
780589.059 2.85257059831985
799982.176 2.14813489299951
819375.294 3.07931870107187
838768.412 2.14732066882385
858161.529 1.99931561983601
877554.647 2.10914010576576
896947.765 2.66293933358355
916340.882 2.72847842788795
935734 2.33381363075467
955127.118 1.90365929739362
974520.235 1.43725902607957
993913.353 2.28700242953538
1013306.471 2.50831947497429
1032699.588 2.67703290368646
1052092.706 1.49642318439687
1071485.824 2.7545504971197
1090878.941 2.89301762568317
1110272.059 2.07533690368587
1129665.176 2.46116164456712
1149058.294 1.33273238955838
1168451.412 1.8377516387686
1187844.529 2.7459648560536
1207237.647 0.843200893693613
1226630.765 1.99917652591227
1246023.882 1.21358838336993
1265417 1.56278907112233
1284810.118 1.71704995876572
1304203.235 2.79934001109831
1323596.353 2.05567959132511
1342989.471 0.520340802065157
1362382.588 1.94818265215615
1381775.706 2.24101482013166
1401168.824 1.84211467076915
1420561.941 1.37252801600251
1439955.059 2.24089999963295
1459348.176 2.30350502789782
1478741.294 1.95152368919546
1498134.412 1.88266017232282
1517527.529 0.919870554335527
1536920.647 2.19209532556652
1556313.765 1.43595415387154
1575706.882 1.95725663320741
1595100 1.91734200518818
1595100 1.56132193105861
1646141.765 1.84642349189406
1697183.529 2.13783608893352
1748225.294 1.73330642469119
1799267.059 1.83770403533844
1850308.824 1.59330900726473
1901350.588 2.3652587278842
1952392.353 2.00705169178945
2003434.118 1.03257184190956
2054475.882 1.65181255827841
2105517.647 1.11039819818583
2156559.412 2.07330918865502
2207601.176 1.46176509229306
2258642.941 2.2040253056112
2309684.706 1.9072444834937
2360726.471 1.27750001080214
2411768.235 1.71452931772705
2462810 1.73200005467809
2513851.765 1.76018367893709
2564893.529 1.94875081181538
2615935.294 1.96889662566688
2666977.059 1.4638370816424
2718018.824 2.65607996093003
2769060.588 2.00648867361582
2820102.353 2.38608035853305
2871144.118 1.9532613997567
2922185.882 1.37227935188306
2973227.647 1.95357802734294
3024269.412 1.23672157620651
3075311.176 1.4673041561904
3126352.941 1.7449228591874
3177394.706 1.55191863926461
3228436.471 2.06286198323147
3279478.235 1.60094953734615
3330520 1.78809580044531
3381561.765 1.30855072424593
3432603.529 1.84704627264584
3483645.294 1.40835092584088
3534687.059 1.84799951092514
3585728.824 1.25418666252901
3636770.588 1.23984903145866
3687812.353 1.77173153921527
3738854.118 2.47781322573117
3789895.882 1.85429996804877
3840937.647 1.79043412399898
3891979.412 1.55582421688494
3943021.176 1.94422868437888
3994062.941 1.64781852313629
4045104.706 1.24742719492825
4096146.471 1.25395890726448
4147188.235 1.55514448189676
4198230 1.31118927990706
4198230 1.79068986954707
4332570.588 1.6260153904734
4466911.176 1.67106379095009
4601251.765 1.832851833369
4735592.353 1.30042667564194
4869932.941 1.65601720036606
5004273.529 1.98815586223871
5138614.118 1.70732080836897
5272954.706 1.31377964837263
5407295.294 1.48130486293234
5541635.882 2.07082500574116
5675976.471 1.19279755069368
5810317.059 1.90349365177098
5944657.647 2.18051960240241
6078998.235 1.36946910888847
6213338.824 1.28659984112282
6347679.412 1.88602202719531
6482020 1.35916829816406
6616360.588 1.39484066303825
6750701.176 1.4694637410771
6885041.765 1.43730059291447
7019382.353 1.6218177768609
7153722.941 1.7215564387272
7288063.529 1.4460522371135
7422404.118 1.22799286635728
7556744.706 1.39633907768575
7691085.294 1.38332800219684
7825425.882 1.07107388442702
7959766.471 1.35687770921637
8094107.059 2.02503737325716
8228447.647 1.1422485337687
8362788.235 1.98802335980171
8497128.824 1.42111501230437
8631469.412 1.59868702284916
8765810 1.62711852725425
8900150.588 1.2151767764428
9034491.176 1.34528610077895
9168831.765 1.63906290007084
9303172.353 0.565775221031257
9437512.941 1.59336855120471
9571853.529 1.58628258757531
9706194.118 0.771733883187561
9840534.706 1.61980517150516
9974875.294 1.27205384353971
10109215.882 1.59293609458714
10243556.471 1.28230590795058
10377897.059 2.12391643327438
10512237.647 1.72064056505159
10646578.235 1.56958337698448
10780918.824 1.44242377314102
10915259.412 1.53442466147529
11049600 1.3439930886476
11049600 1.56636740355869
11403174.51 1.49291410727462
11756749.02 1.80227104526218
12110323.529 1.57790735441669
12463898.039 1.17445107519489
12817472.549 1.66518887449859
13171047.059 1.27679713470806
13524621.569 1.36507906105115
13878196.078 1.1331403826301
14231770.588 2.09396799665483
14585345.098 1.62070819747204
14938919.608 1.44657432286981
15292494.118 1.62452390880536
15646068.627 1.2935788471622
15999643.137 0.833667640673284
16353217.647 1.19828208689622
16706792.157 1.63252057196664
17060366.667 1.15822105297981
17413941.176 2.0111946937551
17767515.686 1.31662811947575
18121090.196 1.11263382821934
18474664.706 1.26758393833389
18828239.216 1.28032038800328
19181813.725 1.20666023104401
19535388.235 1.12860777168357
19888962.745 1.83716741928064
20242537.255 1.27552311624979
20596111.765 1.33261032716668
20949686.275 1.77652643136723
21303260.784 1.31523987610956
21656835.294 1.51756272133845
22010409.804 1.59655638851785
22363984.314 1.46924466438261
22717558.824 1.07930972899659
23071133.333 1.44563971030003
23424707.843 1.0764459393986
23778282.353 1.06552488320959
24131856.863 1.42931247448244
24485431.373 0.864240070391676
24839005.882 1.42333092411638
25192580.392 1.9790918902346
25546154.902 1.23993417810245
25899729.412 1.54350236767989
26253303.922 1.15662816491215
26606878.431 1.44739832400444
26960452.941 1.27526951905326
27314027.451 1.0216845689336
27667601.961 1.41221714621085
28021176.471 1.19806658217222
28374750.98 1.17533404640201
28728325.49 1.14891937486043
29081900 1.80480577874268
29081900 1.58330514565445
30012498.039 1.40063687554637
30943096.078 1.67486598590525
31873694.118 0.906763858990549
32804292.157 1.91307501415839
33734890.196 1.40164333016014
34665488.235 1.9746737529975
35596086.275 1.60639406897549
36526684.314 1.28946426137426
37457282.353 1.14723397690909
38387880.392 1.59225955868201
39318478.431 1.57010084110461
40249076.471 1.54616231020896
41179674.51 1.4658050482625
42110272.549 1.36379386856069
43040870.588 1.67698216283177
43971468.627 1.41441586057824
44902066.667 1.36990435380254
45832664.706 1.51664282793441
46763262.745 1.92971858554607
47693860.784 1.15101946689442
48624458.824 1.36632231589167
49555056.863 1.51287085878416
50485654.902 1.67812192657053
51416252.941 1.73197870525976
52346850.98 1.36033503321623
53277449.02 1.43367279481009
54208047.059 1.4780038849803
55138645.098 1.09086974069833
56069243.137 0.881234970079824
56999841.176 1.39203815719013
57930439.216 1.27464621909938
58861037.255 1.39130794931176
59791635.294 1.38884693201741
60722233.333 1.34300812133118
61652831.373 1.10187529093106
62583429.412 1.31136380357872
63514027.451 1.69239334052303
64444625.49 1.35805121700137
65375223.529 1.27864298104363
66305821.569 1.54967566297962
67236419.608 2.31365625213363
68167017.647 1.13854997194586
69097615.686 1.44070069928579
70028213.725 1.30558288852288
70958811.765 1.63068061169747
71889409.804 0.716436977672618
72820007.843 1.29328572395863
73750605.882 1.03889561340531
74681203.922 1.64491553974443
75611801.961 1.15128395673134
76542400 1.21882465349824
76542400 0.880031730004286
78991686.275 0.869859237459794
81440972.549 1.20728275644788
83890258.824 1.72038573646374
86339545.098 1.31817507299234
88788831.373 NaN
91238117.647 1.1771357637233
93687403.922 4.76282089915145
96136690.196 NaN
98585976.471 2.36097738288784
101035262.745 1.38563173101661
103484549.02 NaN
105933835.294 1.32932807124589
108383121.569 2.06055864374417
110832407.843 NaN
113281694.118 0.640960457993401
115730980.392 1.23438400670444
118180266.667 1.28060504694884
120629552.941 NaN
123078839.216 0.2404239466539
125528125.49 0.800027815917447
127977411.765 1.14868829210051
130426698.039 NaN
132875984.314 NaN
135325270.588 NaN
137774556.863 NaN
140223843.137 2.31041323356556
142673129.412 2.2067978304583
145122415.686 1.47688590283453
147571701.961 2.02835055303792
150020988.235 NaN
152470274.51 NaN
154919560.784 1.1265783595092
157368847.059 NaN
159818133.333 NaN
162267419.608 NaN
164716705.882 3.94831529622491
167165992.157 NaN
169615278.431 3.43065528141338
172064564.706 NaN
174513850.98 2.36373131943189
176963137.255 2.72538102587066
179412423.529 NaN
181861709.804 3.59716203370227
184310996.078 NaN
186760282.353 NaN
189209568.627 2.84060826111209
191658854.902 NaN
194108141.176 1.70643121985624
196557427.451 NaN
199006713.725 NaN
201456000 3.77340244230357
