101 NaN
104.18 226.468607918098
107.361 NaN
110.541 NaN
113.721 NaN
116.902 106.396981021916
120.082 138.141952101213
123.262 106.730003623113
126.443 75.8375203215635
129.623 36.9514799244685
132.803 NaN
135.983 NaN
139.164 128.681794007714
142.344 118.027965605161
145.524 NaN
148.705 175.921039072216
151.885 385.244530383412
155.065 470.515486965151
158.246 320.507467905933
161.426 119.699501290376
164.606 NaN
167.787 101.469404595246
170.967 155.756057414851
174.147 201.638042682018
177.328 177.707605294943
180.508 133.822341749791
183.688 84.882550707959
186.868 67.6359508476211
190.049 NaN
193.229 45.8532213869446
196.409 81.0231286782623
199.59 107.220269233961
202.77 178.355418852135
205.95 140.943261035594
209.131 NaN
212.311 35.7718373396454
215.491 138.547166881892
218.672 198.802765370999
221.852 146.775261594317
225.032 91.9382151395401
228.213 NaN
231.393 NaN
234.573 104.493204214301
237.753 126.900450460735
240.934 92.6866475196599
244.114 53.5215602943857
247.294 97.7425937895142
250.475 183.741596533411
253.655 195.638231604286
256.835 246.25656952303
260.016 177.845484743454
263.196 123.056907501676
264.196 35.7564610524512
272.598 79.5102425139926
281.001 64.2211513436813
289.403 50.9678498743353
297.806 24.5230147699121
306.208 NaN
314.611 NaN
323.013 76.0655196482187
331.415 131.211270326144
339.818 115.847054795
348.22 70.5276286872733
356.623 41.5308091215956
365.025 85.8313629967888
373.428 91.6907793482092
381.83 NaN
390.232 NaN
398.635 NaN
407.037 NaN
415.44 NaN
423.842 NaN
432.245 NaN
440.647 19.1091285716718
449.049 46.8016641584751
457.452 55.0860210634283
465.854 70.785370074896
474.257 97.4748438621142
482.659 117.688925734927
491.062 125.61732964019
499.464 119.967221845958
507.867 108.506304806312
516.269 104.292250430721
524.671 100.722133685927
533.074 125.313916534734
541.476 164.755025170391
549.879 193.874984955265
558.281 204.713791631549
566.684 203.896663765625
575.086 128.567470164883
583.488 102.162366523565
591.891 86.6573406493903
600.293 NaN
608.696 NaN
617.098 NaN
625.501 NaN
633.903 50.2923708111062
642.305 76.0260238539489
650.708 44.5176844009144
659.11 NaN
667.513 9.51898332471285
675.915 70.3969305945091
684.318 84.7171199397106
692.72 73.8701921955731
693.72 59.0057279905127
715.867 NaN
738.014 91.2774223416339
760.161 98.976196024541
782.307 52.6804647738849
804.454 54.0442132580349
826.601 33.611541719747
848.748 NaN
870.895 81.9686939592811
893.042 81.1961052213904
915.189 47.3629591197709
937.335 59.4134435386378
959.482 69.3456533139534
981.629 52.4037863349502
1003.776 66.9979237314422
1025.923 NaN
1048.07 NaN
1070.217 87.3290208521033
1092.364 65.9741438053515
1114.51 29.2664083178416
1136.657 32.1247439125499
1158.804 71.6775610978159
1180.951 70.2224508083967
1203.098 53.5103707232008
1225.245 42.6632573955684
1247.392 60.307397347402
1269.538 53.953591247456
1291.685 36.1387930943115
1313.832 NaN
1335.979 NaN
1358.126 41.0420740873975
1380.273 48.3546178477758
1402.42 31.1900290211338
1424.566 34.2514937368096
1446.713 57.9325478437903
1468.86 25.3648051732236
1491.007 47.3328242457792
1513.154 47.153933904214
1535.301 36.5474910666269
1557.448 61.1914503973168
1579.595 43.1059435024906
1601.741 10.192599039563
1623.888 NaN
1646.035 33.1428446321842
1668.182 56.3416066763985
1690.329 36.3764538543117
1712.476 30.994796413636
1734.623 NaN
1756.769 29.8884929582573
1778.916 52.9328653119107
1801.063 27.5942605056314
1823.21 18.636943175782
1824.21 43.2234940246801
1882.531 44.9504332744543
1940.853 50.0132073041679
1999.174 43.2621835408198
2057.495 NaN
2115.817 22.6886655829504
2174.138 36.8962110631965
2232.46 37.6310359972325
2290.781 32.3020969019375
2349.102 25.9765392215187
2407.424 26.5196426958524
2465.745 9.4334832803841
2524.066 15.7604804299824
2582.388 20.1577675230501
2640.709 32.6672393351884
2699.031 41.4721131764715
2757.352 47.6684204450445
2815.673 36.4863968179392
2873.995 33.3478586379651
2932.316 34.1019881661708
2990.637 29.0154583569102
3048.959 33.0776485123968
3107.28 28.2438175256504
3165.602 31.6494420049871
3223.923 23.1127375374515
3282.244 19.4165093975145
3340.566 30.4298062304604
3398.887 31.1314808199411
3457.208 17.2666363843088
3515.53 19.6444355404837
3573.851 31.5675019955645
3632.173 21.4977313434648
3690.494 17.2052746523696
3748.815 19.1222997151544
3807.137 23.37818204159
3865.458 28.9633432206008
3923.779 28.973074907846
3982.101 31.8875528396361
4040.422 24.6111102615209
4098.744 23.5944199728329
4157.065 28.8019199710815
4215.386 22.0730421485651
4273.708 21.2138083563061
4332.029 18.689926340168
4390.35 12.181050603306
4448.672 20.7255781225597
4506.993 28.8554648893586
4565.315 19.4971192347527
4623.636 33.9299468944234
4681.957 28.263639288497
4740.279 27.2381080680247
4798.6 23.0479888327042
4799.6 20.9737829439731
4953.131 18.6375913431975
5106.663 18.7572603598849
5260.194 21.6635177024183
5413.725 23.4146973730471
5567.257 21.8834906098475
5720.788 15.1092324757631
5874.32 14.629704251412
6027.851 23.7138064148689
6181.382 26.2721313041516
6334.914 23.4290527964574
6488.445 20.8011779086271
6641.976 24.4353116587544
6795.508 16.1867523154806
6949.039 17.1569118615849
7102.571 19.5361412696052
7256.102 15.0398788317704
7409.633 14.3563276324806
7563.165 6.73391695661011
7716.696 8.88015168974286
7870.227 12.50442332969
8023.759 18.1266729685605
8177.29 19.1844594657336
8330.822 18.9476357417307
8484.353 11.1189121630463
8637.884 11.7400685112409
8791.416 19.4701635534923
8944.947 13.9369972528072
9098.478 7.79503299798929
9252.01 8.51960503368546
9405.541 13.6114079622253
9559.073 18.3430663957953
9712.604 16.6464903867911
9866.135 22.4476099962876
10019.667 20.2211223632478
10173.198 16.1381774757913
10326.729 13.1084465465355
10480.261 18.0321011159152
10633.792 19.9494829441816
10787.324 11.0957177295396
10940.855 12.0478723005356
11094.386 10.8310923972119
11247.918 12.3845211054138
11401.449 13.770691061086
11554.98 7.94830829212254
11708.512 4.10317241439839
11862.043 7.50469450886204
12015.575 15.9341635007442
12169.106 15.5444782867646
12322.637 15.4204729305178
12476.169 16.637575910242
12629.7 16.4781408341917
12630.7 19.0858285000174
13034.822 19.8982524060352
13438.943 16.6905423848385
13843.065 20.0268787979564
14247.186 22.7077981366277
14651.308 20.5217019887969
15055.429 12.4102246994279
15459.551 7.96852507456296
15863.673 10.1506618450858
16267.794 11.9442780298492
16671.916 15.151918538586
17076.037 14.3602683888422
17480.159 15.5527826639784
17884.28 19.2335548853812
18288.402 12.4984028246025
18692.524 4.25305769200199
19096.645 5.98832347644709
19500.767 7.00496902299194
19904.888 9.13063232817014
20309.01 9.94163089238858
20713.131 9.4304335443467
21117.253 8.84389091168705
21521.375 8.29931119848293
21925.496 9.8247685091658
22329.618 4.36601953566983
22733.739 9.08215273129912
23137.861 14.271770974698
23541.982 10.7703163052489
23946.104 7.34515824941774
24350.225 9.20595531652065
24754.347 12.8725636835036
25158.469 11.5877085595549
25562.59 11.4343714621845
25966.712 11.3784879948592
26370.833 11.0797556338005
26774.955 12.9370223507774
27179.076 13.855037627524
27583.198 8.95503009427111
27987.32 4.23677384648991
28391.441 3.00044822346332
28795.563 7.11494100604012
29199.684 6.76907658393837
29603.806 6.84924383508277
30007.927 10.8195750279179
30412.049 13.1026762257093
30816.171 13.4090899492509
31220.292 10.9454287882588
31624.414 9.76018624656959
32028.535 11.8588727118769
32432.657 12.0210910552962
32836.778 11.463811435922
33240.9 10.0319574661004
33241.9 7.94000707702633
34305.559 7.52113288541034
35369.218 8.49735842457027
36432.876 9.15944662828691
37496.535 8.13251508868724
38560.194 6.06962735559537
39623.853 NaN
40687.512 NaN
41751.171 NaN
42814.829 6.41710858694928
43878.488 6.78452714332949
44942.147 9.61104525979257
46005.806 9.89626752462889
47069.465 10.6015069642924
48133.124 10.7764872445235
49196.782 9.91309918149684
50260.441 9.33627277884781
51324.1 11.354997655094
52387.759 12.1892565688746
53451.418 11.4759264498094
54515.076 7.46108531849557
55578.735 6.52051596577041
56642.394 11.5273331066802
57706.053 12.57633631729
58769.712 12.7259377470662
59833.371 5.31899629545358
60897.029 3.98160458606174
61960.688 5.13202164308653
63024.347 6.07103332729823
64088.006 9.15651875654014
65151.665 9.68522017442611
66215.324 7.63553104650925
67278.982 5.75480188609596
68342.641 5.12424274826242
69406.3 5.9431061099268
70469.959 7.5556206733024
71533.618 6.23385242966035
72597.276 4.13430347470511
73660.935 4.13787414364221
74724.594 5.45159577984997
75788.253 7.86729140104748
76851.912 10.6441769724835
77915.571 10.8960979949278
78979.229 9.45606966883092
80042.888 5.40939164991339
81106.547 4.67477009214925
82170.206 5.79924313574135
83233.865 6.86586946048491
84297.524 6.05259457876967
85361.182 6.62181143031546
86424.841 7.59044984905097
87488.5 7.96939474339316
87489.5 NaN
90289.039 2.41491380675743
93088.578 NaN
95888.118 NaN
98687.657 NaN
101487.196 NaN
104286.735 3.29667008474503
107086.275 7.01082636598742
109885.814 9.02633446294704
112685.353 8.69586522773206
115484.892 8.39062328464251
118284.431 4.93779778410074
121083.971 3.36942448567379
123883.51 5.8552085049744
126683.049 4.83766825866139
129482.588 2.74858853213418
132282.127 1.19532166069018
135081.667 3.62924715683042
137881.206 6.00105802425126
140680.745 6.37142178232962
143480.284 5.04190092198834
146279.824 NaN
149079.363 NaN
151878.902 1.10077673691647
154678.441 NaN
157477.98 NaN
160277.52 NaN
163077.059 2.37688686439814
165876.598 6.52298436215283
168676.137 6.34882353569006
171475.676 6.39380826098202
174275.216 5.00263480357071
177074.755 NaN
179874.294 2.53842651648518
182673.833 3.79130480309225
185473.373 4.25975963301969
188272.912 4.71162322661791
191072.451 6.18609738889351
193871.99 6.88718908156512
196671.529 6.32278082438192
199471.069 5.56988142071011
202270.608 2.79995807358099
205070.147 4.42763355840961
207869.686 6.07038366032791
210669.225 7.40207867767455
213468.765 7.69915093829648
216268.304 6.85566317332438
219067.843 6.7195514530736
221867.382 7.5191379843863
224666.922 5.98088046906693
227466.461 5.06302441159112
230266 1.35308276954214
230267 6.67867494803544
237635.294 3.87066403461501
245003.588 4.94056520145919
252371.882 NaN
259740.176 NaN
267108.471 3.2851686277546
274476.765 6.74160597802713
281845.059 2.8629547195587
289213.353 6.37669908444294
296581.647 8.34770823669929
303949.941 4.65903129891093
311318.235 1.18179575625765
318686.529 NaN
326054.824 NaN
333423.118 4.256814273926
340791.412 6.99189634760715
348159.706 3.59092266552433
355528 NaN
362896.294 5.04002369401215
370264.588 6.49419196102926
377632.882 6.56914699477059
385001.176 NaN
392369.471 2.64674165436013
399737.765 1.52823205064238
407106.059 5.25476613561735
414474.353 5.08806963958093
421842.647 4.71388183236256
429210.941 NaN
436579.235 5.85858497065739
443947.529 5.42358042724338
451315.824 6.40744921342217
458684.118 6.12733276454668
466052.412 4.36769588938
473420.706 5.44364660929668
480789 4.57754261785535
488157.294 NaN
495525.588 4.4865631302848
502893.882 0.892898540997266
510262.176 NaN
517630.471 NaN
524998.765 3.53624174900303
532367.059 1.74546957264562
539735.353 2.14525466086413
547103.647 2.5144687200165
554471.941 4.80280284789623
561840.235 3.21764738895273
569208.529 2.99410557548919
576576.824 1.97157992183865
583945.118 5.65196857589495
591313.412 3.69892930400121
598681.706 5.60619925326778
606050 4.04068931737622
606051 NaN
625444.118 2.94205331388998
644837.235 NaN
664230.353 NaN
683623.471 5.13223845995077
703016.588 NaN
722409.706 6.38665531960739
741802.824 5.74179830357188
761195.941 NaN
780589.059 3.43468946988558
799982.176 NaN
819375.294 NaN
838768.412 7.89126368770258
858161.529 3.39525149742125
877554.647 3.68110803430797
896947.765 3.74340177309956
916340.882 3.23652641484247
935734 0.893725041289425
955127.118 NaN
974520.235 3.35992920650356
993913.353 8.77803396624526
1013306.471 9.17843074957336
1032699.588 5.06296341821861
1052092.706 8.51579764474137
1071485.824 NaN
1090878.941 7.71234686703887
1110272.059 17.9516157580491
1129665.176 7.74380555840075
1149058.294 9.04344096043895
1168451.412 NaN
1187844.529 NaN
1207237.647 12.7070257607848
1226630.765 7.70180555878457
1246023.882 8.75621663632051
1265417 3.72803057126868
1284810.118 6.60825082755456
1304203.235 NaN
1323596.353 6.15093082760882
1342989.471 6.04311615154294
1362382.588 5.8078273072023
1381775.706 5.95792877427803
1401168.824 3.51428938489805
1420561.941 4.30545823838988
1439955.059 3.43313112421056
1459348.176 2.49680815454043
1478741.294 NaN
1498134.412 NaN
1517527.529 4.31892369914654
1536920.647 5.06978590839979
1556313.765 2.93905433451885
1575706.882 3.6079066374192
1595100 6.85544323834691
1595100 3.5822375949597
1646141.765 5.46824324205975
1697183.529 5.36214516408962
1748225.294 7.0790597830178
1799267.059 6.41690804751369
1850308.824 5.78224287895429
1901350.588 2.99223737195652
1952392.353 5.28263925394252
2003434.118 3.33069143921884
2054475.882 5.3338369942955
2105517.647 4.49632108471563
2156559.412 NaN
2207601.176 3.90127367835585
2258642.941 NaN
2309684.706 2.7890629961939
2360726.471 4.13859517363744
2411768.235 NaN
2462810 3.14361550521183
2513851.765 3.00568833331379
2564893.529 2.78829923461471
2615935.294 1.82466545071849
2666977.059 5.65950132024268
2718018.824 6.32204631016735
2769060.588 0.343801695145028
2820102.353 2.59486536537729
2871144.118 6.27814527713798
2922185.882 1.21822729290251
2973227.647 4.48644306732597
3024269.412 3.49159729721687
3075311.176 2.73968926885463
3126352.941 3.02826530399636
3177394.706 4.70442756418232
3228436.471 5.34452867647107
3279478.235 2.64302510913973
3330520 6.05373575579836
3381561.765 NaN
3432603.529 6.45496980502267
3483645.294 NaN
3534687.059 4.03723915368149
3585728.824 2.29211602948458
3636770.588 5.94818718795479
3687812.353 6.43803495071398
3738854.118 4.62456832296521
3789895.882 6.36665175990561
3840937.647 4.52374218186133
3891979.412 4.38172558383933
3943021.176 5.54142981147008
3994062.941 1.48079504768763
4045104.706 NaN
4096146.471 3.40141223009
4147188.235 4.51961676682488
4198230 1.68291673576283
4198230 NaN
4332570.588 2.4710598983742
4466911.176 2.3799834566463
4601251.765 NaN
4735592.353 3.52572328332016
4869932.941 3.80908572091862
5004273.529 NaN
5138614.118 3.49766321685635
5272954.706 3.52972119655204
5407295.294 NaN
5541635.882 NaN
5675976.471 6.26927938938989
5810317.059 4.19409325849821
5944657.647 NaN
6078998.235 4.21847550137865
6213338.824 4.11111382577945
6347679.412 4.00211403241866
6482020 4.73085115873949
6616360.588 5.8489258754406
6750701.176 1.6130637995061
6885041.765 6.29314590517347
7019382.353 4.87813957878524
7153722.941 NaN
7288063.529 3.63218364237455
7422404.118 5.79074118736485
7556744.706 3.12243771964434
7691085.294 4.58796735583783
7825425.882 6.86242329973825
7959766.471 3.31537553992041
8094107.059 4.75565112802456
8228447.647 5.70774760275625
8362788.235 NaN
8497128.824 5.94870501897631
8631469.412 NaN
8765810 4.32762089410607
8900150.588 NaN
9034491.176 8.19644421109676
9168831.765 NaN
9303172.353 4.70945695335778
9437512.941 3.65421083784228
9571853.529 5.5628246130013
9706194.118 2.30762966893988
9840534.706 NaN
9974875.294 2.70515467719886
10109215.882 4.44366096733373
10243556.471 3.94186503094372
10377897.059 6.18634158814838
10512237.647 4.49282057923215
10646578.235 6.01044182900253
10780918.824 3.88623155080236
10915259.412 NaN
11049600 5.5702469246841
11049600 1.04730659293605
11403174.51 7.11411318394537
11756749.02 4.19212793407809
12110323.529 5.14270267438803
12463898.039 6.92390048029902
12817472.549 4.03978709341753
13171047.059 4.96193291805704
13524621.569 NaN
13878196.078 6.42428564114546
14231770.588 4.34449752551475
14585345.098 3.49067829115082
14938919.608 6.4016452337471
15292494.118 5.86782902784407
15646068.627 3.66942799231705
15999643.137 5.56770217319938
16353217.647 3.27524599718011
16706792.157 5.28225900610455
17060366.667 5.34270367258243
17413941.176 2.34464693657637
17767515.686 5.18900563017305
18121090.196 NaN
18474664.706 6.55605230102556
18828239.216 2.19779428685058
19181813.725 NaN
19535388.235 2.47103675031895
19888962.745 2.87785154102736
20242537.255 2.84056736592359
20596111.765 5.47387358091907
20949686.275 5.39235437614516
21303260.784 1.56324389020106
21656835.294 5.02382292479363
22010409.804 6.39004874801877
22363984.314 5.75153963406359
22717558.824 3.12317286394607
23071133.333 4.88909873906775
23424707.843 1.34268037992071
23778282.353 6.01872381757993
24131856.863 3.67352713015161
24485431.373 4.68470752761863
24839005.882 5.56419196466871
25192580.392 3.76814013635571
25546154.902 6.03939500867919
25899729.412 5.65727515550764
26253303.922 3.06581694845325
26606878.431 4.22103899803767
26960452.941 5.13329757171798
27314027.451 4.32223539323687
27667601.961 3.0645383090263
28021176.471 4.83548737399692
28374750.98 4.98289943510329
28728325.49 5.54098109794809
29081900 2.52220806260073
29081900 5.27977642921656
30012498.039 5.22455793335771
30943096.078 5.04313814914527
31873694.118 0.872907256349371
32804292.157 1.18874539440844
33734890.196 4.32459897682037
34665488.235 5.76785294521674
35596086.275 6.30957538917485
36526684.314 3.77466333661178
37457282.353 NaN
38387880.392 7.08149589506575
39318478.431 6.07617190518448
40249076.471 7.48358220447412
41179674.51 7.13430714379496
42110272.549 2.16502166109122
43040870.588 NaN
43971468.627 6.88371823182879
44902066.667 5.25137154211362
45832664.706 8.24728023910775
46763262.745 4.3793747193683
47693860.784 4.22145971974337
48624458.824 3.48062476807751
49555056.863 4.15317091618762
50485654.902 7.18013311129143
51416252.941 9.87547210576091
52346850.98 7.48598123932056
53277449.02 4.75512732750012
54208047.059 7.39527501952063
55138645.098 NaN
56069243.137 NaN
56999841.176 6.16467750058542
57930439.216 1.62234899205545
58861037.255 NaN
59791635.294 8.05732955366489
60722233.333 NaN
61652831.373 1.79626947757828
62583429.412 4.62278680540132
63514027.451 5.98619691185681
64444625.49 4.83545954348828
65375223.529 7.67787908925287
66305821.569 6.97382957353489
67236419.608 7.35591986198948
68167017.647 3.62186119388164
69097615.686 NaN
70028213.725 NaN
70958811.765 3.20398353133396
71889409.804 NaN
72820007.843 NaN
73750605.882 6.40639928566299
74681203.922 5.37534988318216
75611801.961 4.6935168911014
76542400 NaN
76542400 NaN
78991686.275 NaN
81440972.549 NaN
83890258.824 5.95936378619716
86339545.098 NaN
88788831.373 NaN
91238117.647 NaN
93687403.922 NaN
96136690.196 181.466026223057
98585976.471 7.10616211274696
101035262.745 NaN
103484549.02 67.1740152800279
105933835.294 NaN
108383121.569 NaN
110832407.843 NaN
113281694.118 2.61203327516487
115730980.392 NaN
118180266.667 0.776725575908793
120629552.941 NaN
123078839.216 NaN
125528125.49 5.51252979212823
127977411.765 NaN
130426698.039 13.3566922032865
132875984.314 NaN
135325270.588 NaN
137774556.863 NaN
140223843.137 NaN
142673129.412 NaN
145122415.686 NaN
147571701.961 15.4374017900295
150020988.235 NaN
152470274.51 25.8038041180856
154919560.784 22.3433804117278
157368847.059 NaN
159818133.333 NaN
162267419.608 NaN
164716705.882 NaN
167165992.157 NaN
169615278.431 NaN
172064564.706 21.7986913519081
174513850.98 NaN
176963137.255 NaN
179412423.529 23.873076098011
181861709.804 NaN
184310996.078 23.362208749616
186760282.353 40.788460911053
189209568.627 10.6103187548228
191658854.902 34.0025100516358
194108141.176 27.9781086160328
196557427.451 32.0071720471986
199006713.725 NaN
201456000 NaN
