101 1.82966880851809e-06
104.18 1.46637691329617e-06
107.361 1.31763546722908e-06
110.541 1.20628543156958e-06
113.721 8.66131891772263e-07
116.902 9.72387201273238e-07
120.082 1.83938151782117e-06
123.262 1.63719870500062e-06
126.443 1.30916825494446e-06
129.623 1.08496606822103e-06
132.803 1.39113191883624e-06
135.983 1.49024411573032e-06
139.164 1.41918957656715e-06
142.344 1.59115792278484e-06
145.524 1.67264183126723e-06
148.705 1.00442334044565e-06
151.885 7.63581780861748e-07
155.065 1.08538836857366e-06
158.246 1.79193248332882e-06
161.426 1.71572554858665e-06
164.606 1.32926270676378e-06
167.787 7.84228981371742e-07
170.967 1.55129961248424e-06
174.147 1.91304653366952e-06
177.328 1.9873825755206e-06
180.508 1.97885183389599e-06
183.688 1.44339496497802e-06
186.868 1.3403825449554e-06
190.049 1.18989082275045e-06
193.229 1.12373184018138e-06
196.409 1.21432134153144e-06
199.59 1.42792759985105e-06
202.77 1.31214353367448e-06
205.95 1.33918039238759e-06
209.131 1.17678364513912e-06
212.311 1.63607931205428e-06
215.491 1.70507719868251e-06
218.672 1.56943655577456e-06
221.852 1.53323388307843e-06
225.032 1.53026933400418e-06
228.213 1.49012815158724e-06
231.393 1.29754522291479e-06
234.573 9.33260717659728e-07
237.753 1.53341904872009e-06
240.934 1.78023419540077e-06
244.114 1.84848333092871e-06
247.294 1.89681172052309e-06
250.475 1.86502019333491e-06
253.655 1.37071235542509e-06
256.835 1.038566062931e-06
260.016 1.0948509819495e-06
263.196 1.22522732575104e-06
264.196 9.65685586866678e-07
272.598 9.84375718618435e-07
281.001 1.00760158870275e-06
289.403 1.04842871855927e-06
297.806 1.08689974593251e-06
306.208 1.16846037801367e-06
314.611 1.31187531119196e-06
323.013 1.39299262103053e-06
331.415 1.34393592e-06
339.818 1.20493513188128e-06
348.22 1.1185548509759e-06
356.623 1.00305504834269e-06
365.025 1.00097137221801e-06
373.428 9.94788244298474e-07
381.83 8.29780679934499e-07
390.232 7.57123436037447e-07
398.635 7.11702341382856e-07
407.037 8.88663863197553e-07
415.44 1.03072868678365e-06
423.842 9.20839168590476e-07
432.245 9.21276946690011e-07
440.647 1.26881276676403e-06
449.049 1.38383380895563e-06
457.452 1.42268260271283e-06
465.854 1.20196748472987e-06
474.257 1.06109552245922e-06
482.659 9.90570036866127e-07
491.062 8.57052016165017e-07
499.464 8.00682910149836e-07
507.867 7.77027294082486e-07
516.269 9.34446760480232e-07
524.671 1.05313206808813e-06
533.074 8.87570173532735e-07
541.476 7.07192366946364e-07
549.879 3.70661820097201e-07
558.281 -0
566.684 -0
575.086 6.27999397365356e-07
583.488 8.90830076829588e-07
591.891 1.10580343770435e-06
600.293 1.28471476924623e-06
608.696 1.21558438648289e-06
617.098 9.08127678460513e-07
625.501 8.32922025397912e-07
633.903 8.25090993659439e-07
642.305 1.04249223742768e-06
650.708 1.00301759944418e-06
659.11 9.11222859919592e-07
667.513 8.96359989674132e-07
675.915 8.17821737479385e-07
684.318 7.22227170023532e-07
692.72 8.02691057982733e-07
693.72 8.46067541370953e-07
715.867 7.47507119753511e-07
738.014 1.09094437376458e-06
760.161 1.10384915339185e-06
782.307 8.11626149067414e-07
804.454 8.13613049909722e-07
826.601 7.40049753044645e-07
848.748 8.40169056171173e-07
870.895 7.0874511148949e-07
893.042 8.81878175991123e-07
915.189 8.39692969717176e-07
937.335 9.55618428003568e-07
959.482 6.28494648819105e-07
981.629 6.66842344143374e-07
1003.776 7.45158914601704e-07
1025.923 7.03894979936439e-07
1048.07 7.83757466045205e-07
1070.217 6.58957227295938e-07
1092.364 6.44792619935588e-07
1114.51 6.3460969671476e-07
1136.657 5.08534996180961e-07
1158.804 6.57257112416442e-07
1180.951 6.02794862371529e-07
1203.098 5.24169194586252e-07
1225.245 5.54633641395255e-07
1247.392 6.27263366091955e-07
1269.538 3.9317438241798e-07
1291.685 5.68954049999998e-07
1313.832 4.99891872716811e-07
1335.979 5.5835370728017e-07
1358.126 6.68322939259038e-07
1380.273 5.24147822221203e-07
1402.42 3.93179065596936e-07
1424.566 6.02037134803294e-07
1446.713 5.25384769778188e-07
1468.86 5.75990892429967e-07
1491.007 5.0460141371538e-07
1513.154 4.81374163722816e-07
1535.301 5.77090708171575e-07
1557.448 6.78414241720676e-07
1579.595 5.46500143222964e-07
1601.741 5.32014169236572e-07
1623.888 4.3122649822417e-07
1646.035 6.27916694557797e-07
1668.182 7.01600990907054e-07
1690.329 7.78047497023395e-07
1712.476 5.99157643149117e-07
1734.623 5.08404138365612e-07
1756.769 5.06653896513192e-07
1778.916 5.5284810289897e-07
1801.063 4.86133461466201e-07
1823.21 6.85756614927217e-07
1824.21 5.0503835473643e-07
1882.531 4.71326125752488e-07
1940.853 5.52670376864221e-07
1999.174 5.10467091576617e-07
2057.495 4.89062018968638e-07
2115.817 4.77114388389315e-07
2174.138 6.07832729718761e-07
2232.46 5.76723230806459e-07
2290.781 5.34167811756165e-07
2349.102 4.87814962534822e-07
2407.424 4.57573718596567e-07
2465.745 4.28244770854111e-07
2524.066 4.69905842297601e-07
2582.388 4.81442703188117e-07
2640.709 4.55693848651446e-07
2699.031 5.16531332767491e-07
2757.352 4.51248338888162e-07
2815.673 3.92121400521687e-07
2873.995 4.5417768485972e-07
2932.316 3.24166740075758e-07
2990.637 3.55535726394391e-07
3048.959 4.41176738493726e-07
3107.28 3.66608790769122e-07
3165.602 4.19912498314334e-07
3223.923 4.43653774330272e-07
3282.244 3.61445144365888e-07
3340.566 3.42284084763557e-07
3398.887 3.3661956337005e-07
3457.208 4.22874108339634e-07
3515.53 3.96213900976111e-07
3573.851 3.724596957897e-07
3632.173 3.79620785957925e-07
3690.494 4.25659727230705e-07
3748.815 4.30796921457524e-07
3807.137 3.83853568345126e-07
3865.458 3.9336934268829e-07
3923.779 2.79530716604326e-07
3982.101 3.34520190864662e-07
4040.422 3.10630947991004e-07
4098.744 4.1678623988752e-07
4157.065 3.82830540093284e-07
4215.386 3.83701099436561e-07
4273.708 4.52767868667014e-07
4332.029 4.24570479547681e-07
4390.35 4.4903392995002e-07
4448.672 4.15301353500831e-07
4506.993 3.99403260599415e-07
4565.315 4.33872389945544e-07
4623.636 3.44937249495698e-07
4681.957 3.2085263681385e-07
4740.279 2.44427141236381e-07
4798.6 3.14242265549846e-07
4799.6 3.47204668356975e-07
4953.131 3.19657470158303e-07
5106.663 3.63543258941989e-07
5260.194 3.68266776301008e-07
5413.725 3.46452727805476e-07
5567.257 2.94655275092878e-07
5720.788 3.415332226628e-07
5874.32 4.71251180837372e-07
6027.851 4.28892363951878e-07
6181.382 3.05228830483092e-07
6334.914 3.38752842156425e-07
6488.445 3.39938483026309e-07
6641.976 3.0281655639015e-07
6795.508 3.29762174971639e-07
6949.039 3.01414291818091e-07
7102.571 3.06623486134236e-07
7256.102 3.06557983785742e-07
7409.633 3.7597791075148e-07
7563.165 3.72833723877564e-07
7716.696 3.21749630813023e-07
7870.227 2.59081935544633e-07
8023.759 3.11534530608473e-07
8177.29 3.533040514006e-07
8330.822 3.55059876226988e-07
8484.353 2.7301892898308e-07
8637.884 2.41081115574026e-07
8791.416 2.90555356901488e-07
8944.947 2.3628865555002e-07
9098.478 2.37360055314303e-07
9252.01 2.35050759742992e-07
9405.541 2.41886674278923e-07
9559.073 2.78863451375198e-07
9712.604 2.46483104486061e-07
9866.135 1.67321049671553e-07
10019.667 2.22922921495622e-07
10173.198 2.49137062283349e-07
10326.729 2.99790348071428e-07
10480.261 2.56800634842499e-07
10633.792 2.42810645512242e-07
10787.324 2.15417321160031e-07
10940.855 1.9323145032823e-07
11094.386 2.31529754122495e-07
11247.918 2.9161771905351e-07
11401.449 2.97367199779577e-07
11554.98 2.87041294793768e-07
11708.512 2.46287570399198e-07
11862.043 1.85515755889897e-07
12015.575 1.63047075441228e-07
12169.106 1.89427120692069e-07
12322.637 2.66169211748412e-07
12476.169 3.04480658219529e-07
12629.7 2.69050250974107e-07
12630.7 2.45193812698582e-07
13034.822 2.41718131312456e-07
13438.943 2.56967237707284e-07
13843.065 2.92946712358698e-07
14247.186 2.57503699328802e-07
14651.308 2.31637863447846e-07
15055.429 2.5716005796176e-07
15459.551 2.53541634468538e-07
15863.673 1.85576544537713e-07
16267.794 1.92759791905163e-07
16671.916 1.89460115138596e-07
17076.037 1.84385036956961e-07
17480.159 1.67214070908031e-07
17884.28 2.07130477625345e-07
18288.402 2.49932185932325e-07
18692.524 2.1119924598932e-07
19096.645 1.98568214436708e-07
19500.767 1.97417444020754e-07
19904.888 1.59470408842342e-07
20309.01 1.28176167646779e-07
20713.131 1.77420214530071e-07
21117.253 2.2041648354511e-07
21521.375 1.94476576193903e-07
21925.496 1.54110830528889e-07
22329.618 1.58913521213796e-07
22733.739 1.98544167865869e-07
23137.861 1.97917437886274e-07
23541.982 1.96559576409361e-07
23946.104 1.78011024015448e-07
24350.225 1.62303986265108e-07
24754.347 2.03714508194186e-07
25158.469 1.97769902561073e-07
25562.59 1.783660993745e-07
25966.712 1.50349475695081e-07
26370.833 1.4919057230831e-07
26774.955 1.68351762864754e-07
27179.076 2.20181418765149e-07
27583.198 2.37246324880668e-07
27987.32 2.20728960651265e-07
28391.441 1.46475324259421e-07
28795.563 1.60902753256076e-07
29199.684 1.5953843882622e-07
29603.806 1.79831473582866e-07
30007.927 1.89966155095611e-07
30412.049 1.93718378357351e-07
30816.171 1.79750252504319e-07
31220.292 2.03989036843761e-07
31624.414 2.12675618832212e-07
32028.535 1.73643675512794e-07
32432.657 1.66496761507724e-07
32836.778 1.55301358833912e-07
33240.9 1.67579329663312e-07
33241.9 1.37499955898617e-07
34305.559 1.66824200893114e-07
35369.218 1.81468414139982e-07
36432.876 1.35507382512082e-07
37496.535 1.12319800347073e-07
38560.194 1.00410550094595e-07
39623.853 1.32360713836976e-07
40687.512 1.42177909258215e-07
41751.171 1.4440902677782e-07
42814.829 1.4069475662164e-07
43878.488 1.5206830368792e-07
44942.147 1.69512718400303e-07
46005.806 1.69125084279063e-07
47069.465 1.63389377035593e-07
48133.124 1.44475969421657e-07
49196.782 1.36490353558302e-07
50260.441 1.28495264257309e-07
51324.1 1.21012956894896e-07
52387.759 1.07707875355008e-07
53451.418 1.07551464231697e-07
54515.076 1.12371916523446e-07
55578.735 1.18925457169138e-07
56642.394 1.5189550948782e-07
57706.053 1.72798740776264e-07
58769.712 1.66510618395373e-07
59833.371 1.19281740500497e-07
60897.029 1.02796590601118e-07
61960.688 9.44733870211162e-08
63024.347 1.10188285452585e-07
64088.006 1.20011669453157e-07
65151.665 1.28422702554015e-07
66215.324 1.36666454548138e-07
67278.982 1.37866020278425e-07
68342.641 1.10437747957944e-07
69406.3 1.21154169429612e-07
70469.959 1.31914679219174e-07
71533.618 1.17405470789557e-07
72597.276 1.08837056564646e-07
73660.935 1.08283338220561e-07
74724.594 1.04116013936537e-07
75788.253 9.27668360119628e-08
76851.912 1.18942254667609e-07
77915.571 1.33300026966443e-07
78979.229 1.28522166554834e-07
80042.888 1.01352895915676e-07
81106.547 1.03152883781974e-07
82170.206 9.91804748100245e-08
83233.865 1.01356701889326e-07
84297.524 9.67935479289317e-08
85361.182 1.03891759066815e-07
86424.841 9.28922716813573e-08
87488.5 8.99517171985949e-08
87489.5 9.06669917774242e-08
90289.039 9.58496679445344e-08
93088.578 1.09511320737227e-07
95888.118 1.06099269830081e-07
98687.657 9.95561732467234e-08
101487.196 9.38841237134048e-08
104286.735 1.04059989367677e-07
107086.275 1.23541618961553e-07
109885.814 1.16604965111053e-07
112685.353 4.97749434720211e-08
115484.892 -0
118284.431 -0
121083.971 -0
123883.51 5.00523688563728e-08
126683.049 8.44811705501291e-08
129482.588 9.26733978761975e-08
132282.127 1.08700153319547e-07
135081.667 8.85971480353628e-08
137881.206 4.91079957282926e-08
140680.745 7.6737308757605e-08
143480.284 1.01418068135811e-07
146279.824 1.20587985026242e-07
149079.363 1.25847250822257e-07
151878.902 1.11928711295029e-07
154678.441 8.31876756120136e-08
157477.98 6.07474602667396e-08
160277.52 5.16907442856069e-08
163077.059 8.48674255433944e-08
165876.598 9.8172911613658e-08
168676.137 1.0920593938168e-07
171475.676 1.05973982006024e-07
174275.216 9.06723232779943e-08
177074.755 8.08293073886687e-08
179874.294 4.41532788358147e-08
182673.833 1.245612863008e-08
185473.373 2.02055346022544e-08
188272.912 4.44855202993615e-08
191072.451 5.13969940619906e-08
193871.99 5.73004719256089e-08
196671.529 5.62002398150479e-08
199471.069 5.3120444912573e-08
202270.608 5.86626499165184e-08
205070.147 7.13092141495172e-08
207869.686 8.55571521440978e-08
210669.225 7.92379020062741e-08
213468.765 7.35604860469634e-08
216268.304 8.06615681719491e-08
219067.843 8.1393309002762e-08
221867.382 6.9723815742044e-08
224666.922 5.72922596717916e-08
227466.461 5.61065012288995e-08
230266 7.29612014494498e-08
230267 9.36643197171687e-08
237635.294 6.51963496907488e-08
245003.588 8.12607995880572e-08
252371.882 -0
259740.176 -0
267108.471 7.84242500893027e-08
274476.765 7.0417478193494e-08
281845.059 7.28407520874215e-08
289213.353 5.13384264066674e-08
296581.647 5.368606967289e-08
303949.941 7.39320823978055e-08
311318.235 6.61448317915912e-08
318686.529 7.11011368294129e-08
326054.824 8.44058822691019e-08
333423.118 6.51563255682823e-08
340791.412 6.04350326105852e-08
348159.706 5.26568611333604e-08
355528 7.48928262207329e-08
362896.294 4.00656080046965e-08
370264.588 4.68226184032813e-08
377632.882 4.63597163478952e-08
385001.176 7.19164488952117e-08
392369.471 6.24355816613187e-08
399737.765 7.62837445283043e-08
407106.059 4.50243685579754e-08
414474.353 5.62284938409069e-08
421842.647 4.83909675495035e-08
429210.941 7.32150902957608e-08
436579.235 6.40647014529866e-08
443947.529 6.41335103531633e-08
451315.824 3.79213416018619e-08
458684.118 4.4905343138473e-08
466052.412 5.22209618149455e-08
473420.706 5.36419924530204e-08
480789 4.43764785729524e-08
488157.294 5.84892923367731e-08
495525.588 8.18174798197836e-08
502893.882 5.6496211791998e-08
510262.176 7.37309106684571e-08
517630.471 4.43484506808107e-08
524998.765 4.1766053683919e-08
532367.059 3.35643442813948e-08
539735.353 5.68687444586286e-08
547103.647 6.81072007288422e-08
554471.941 6.4974589148057e-08
561840.235 5.40388618358751e-08
569208.529 5.56712594196979e-08
576576.824 5.84172147774909e-08
583945.118 5.39790865036599e-08
591313.412 5.91654962254184e-08
598681.706 8.37900267501897e-08
606050 6.02819083651745e-08
606051 4.21616664263843e-08
625444.118 5.09009857831614e-08
644837.235 5.04289411911969e-08
664230.353 5.60608581580339e-08
683623.471 4.97985809070128e-08
703016.588 3.89745206038881e-08
722409.706 5.19471823750384e-08
741802.824 5.12474402307442e-08
761195.941 5.43975639679912e-08
780589.059 5.44869126783084e-08
799982.176 6.74469345358727e-08
819375.294 5.32973495983956e-08
838768.412 6.31777262677187e-08
858161.529 4.80123950485008e-08
877554.647 5.05341599046506e-08
896947.765 3.22877723880233e-08
916340.882 5.45208021180173e-08
935734 5.43625597213008e-08
955127.118 5.35172136525165e-08
974520.235 3.05550209904739e-08
993913.353 5.0960243688499e-08
1013306.471 4.61501788660293e-08
1032699.588 5.0168647865988e-08
1052092.706 5.08729864943508e-08
1071485.824 5.16621908780541e-08
1090878.941 4.0518677443758e-08
1110272.059 7.64597895656671e-08
1129665.176 6.95543569369475e-08
1149058.294 5.27915724378882e-08
1168451.412 5.35475418611041e-08
1187844.529 5.38964690135449e-08
1207237.647 4.62932043467062e-08
1226630.765 4.00883908567655e-08
1246023.882 3.69485860944137e-08
1265417 5.78551667026403e-08
1284810.118 3.80228800127305e-08
1304203.235 3.40954244085977e-08
1323596.353 5.52306814808798e-08
1342989.471 5.76002868984652e-08
1362382.588 4.92720381149035e-08
1381775.706 5.77557683712502e-08
1401168.824 4.37774405588483e-08
1420561.941 4.69188849193584e-08
1439955.059 6.62614920570824e-08
1459348.176 4.83346261145868e-08
1478741.294 4.9382191343784e-08
1498134.412 5.63267288295069e-08
1517527.529 5.58580212541762e-08
1536920.647 4.50108582740332e-08
1556313.765 4.05875964592029e-08
1575706.882 5.24950210275765e-08
1595100 3.97213773279137e-08
1595100 5.06317394381834e-08
1646141.765 3.02527564988961e-08
1697183.529 5.4764374662283e-08
1748225.294 5.45903832335476e-08
1799267.059 3.59397049179873e-08
1850308.824 5.37052424021343e-08
1901350.588 3.64138773823813e-08
1952392.353 3.08242432220436e-08
2003434.118 5.03276335379451e-08
2054475.882 4.72860950045201e-08
2105517.647 4.44943933729903e-08
2156559.412 3.43241495167397e-08
2207601.176 4.36360015296395e-08
2258642.941 3.68243921649998e-08
2309684.706 2.79440510516908e-08
2360726.471 5.34456056848222e-08
2411768.235 3.70406912924651e-08
2462810 4.59233080458007e-08
2513851.765 4.45088598574969e-08
2564893.529 3.63096340943282e-08
2615935.294 4.20092088481526e-08
2666977.059 3.75266996600554e-08
2718018.824 4.64854639499952e-08
2769060.588 4.34531606265356e-08
2820102.353 3.47671802465946e-08
2871144.118 5.14806544650474e-08
2922185.882 3.20891908759056e-08
2973227.647 2.90342360572394e-08
3024269.412 3.84504624361463e-08
3075311.176 4.65812633459592e-08
3126352.941 2.71440083003156e-08
3177394.706 4.05795215128764e-08
3228436.471 3.33827404329243e-08
3279478.235 2.86969812789969e-08
3330520 2.70262881609887e-08
3381561.765 3.13090545041798e-08
3432603.529 3.3655705435685e-08
3483645.294 2.65457905605861e-08
3534687.059 3.88855919688874e-08
3585728.824 4.01623189690237e-08
3636770.588 3.35842652746565e-08
3687812.353 4.12785546872719e-08
3738854.118 2.9136894950775e-08
3789895.882 3.17829482210115e-08
3840937.647 3.37250632519718e-08
3891979.412 3.63591856808936e-08
3943021.176 2.89711820011939e-08
3994062.941 4.88633700335947e-08
4045104.706 3.03644178757967e-08
4096146.471 3.43625782559866e-08
4147188.235 3.05180313524972e-08
4198230 3.96826112036695e-08
4198230 3.31359045550005e-08
4332570.588 4.64212758460687e-08
4466911.176 4.54244919982546e-08
4601251.765 4.0371819140336e-08
4735592.353 3.4400568871494e-08
4869932.941 3.30331067992946e-08
5004273.529 3.43135879272439e-08
5138614.118 4.038689494711e-08
5272954.706 3.1578048039206e-08
5407295.294 3.50174392116885e-08
5541635.882 4.59521205109188e-08
5675976.471 3.32887708585583e-08
5810317.059 2.2939585174837e-08
5944657.647 4.12397585190493e-08
6078998.235 4.10800197444256e-08
6213338.824 3.25899058876134e-08
6347679.412 3.63622418259972e-08
6482020 3.4609094595265e-08
6616360.588 2.443306652542e-08
6750701.176 3.9521794990801e-08
6885041.765 3.38819985304748e-08
7019382.353 1.69191577111983e-08
7153722.941 4.06904736945541e-08
7288063.529 4.92410776643434e-08
7422404.118 3.74692316079994e-08
7556744.706 4.45852672733e-08
7691085.294 3.21342364944385e-08
7825425.882 3.0103438673434e-08
7959766.471 3.21421637656459e-08
8094107.059 4.10345225968879e-08
8228447.647 3.83842244356624e-08
8362788.235 3.19358186203204e-08
8497128.824 4.46372814111702e-08
8631469.412 2.77275247263076e-08
8765810 4.02328570367591e-08
8900150.588 4.20505198090024e-08
9034491.176 3.86284456802225e-08
9168831.765 3.40945562404748e-08
9303172.353 5.38098224333857e-08
9437512.941 4.57975735255079e-08
9571853.529 3.32008904715145e-08
9706194.118 4.572030161974e-08
9840534.706 2.7930823143445e-08
9974875.294 2.80338494325699e-08
10109215.882 2.78107176550966e-08
10243556.471 3.47475313751711e-08
10377897.059 4.03848333398369e-08
10512237.647 5.20834808976359e-08
10646578.235 3.21087793901294e-08
10780918.824 2.81972763987943e-08
10915259.412 1.77749643524143e-08
11049600 3.76149165792455e-08
11049600 4.45187932075826e-08
11403174.51 3.60980628615332e-08
11756749.02 3.01505144578214e-08
12110323.529 3.33604305721554e-08
12463898.039 3.58736951223163e-08
12817472.549 4.35422094448766e-08
13171047.059 2.85957527137283e-08
13524621.569 3.5393956754812e-08
13878196.078 4.52738498024246e-08
14231770.588 3.78194951337006e-08
14585345.098 3.00441457903865e-08
14938919.608 3.02843063025257e-08
15292494.118 3.00375678561364e-08
15646068.627 2.95389577768885e-08
15999643.137 3.84969787578558e-08
16353217.647 3.09402278518307e-08
16706792.157 4.43388789023076e-08
17060366.667 2.9478885325943e-08
17413941.176 4.76802789430096e-08
17767515.686 3.82103428681973e-08
18121090.196 3.26847619861305e-08
18474664.706 4.50869704897147e-08
18828239.216 4.14783617627179e-08
19181813.725 3.66504616872748e-08
19535388.235 3.08497254683344e-08
19888962.745 4.85643852984314e-08
20242537.255 3.7700839981194e-08
20596111.765 2.69281654787195e-08
20949686.275 4.02795403725862e-08
21303260.784 5.1415476004954e-08
21656835.294 4.10720186803619e-08
22010409.804 3.79080462817025e-08
22363984.314 3.7737454841551e-08
22717558.824 4.70827201409169e-08
23071133.333 2.70707797277581e-08
23424707.843 4.3316926947354e-08
23778282.353 5.73120859765198e-08
24131856.863 3.84722396200364e-08
24485431.373 3.12706928871108e-08
24839005.882 4.5847974764503e-08
25192580.392 4.44619135642035e-08
25546154.902 3.1082234609537e-08
25899729.412 3.336891911813e-08
26253303.922 5.11077026179313e-08
26606878.431 3.68500267687501e-08
26960452.941 5.43075320091053e-08
27314027.451 5.07405010054729e-08
27667601.961 4.4858601923416e-08
28021176.471 3.44520799445505e-08
28374750.98 5.47271120557288e-08
28728325.49 5.44308197468778e-08
29081900 4.25030052302752e-08
29081900 6.06463564593958e-08
30012498.039 2.94789236224866e-08
30943096.078 3.51614785464534e-08
31873694.118 5.55857577442037e-08
32804292.157 5.0115895742808e-08
33734890.196 3.82517968113617e-08
34665488.235 4.1304855173259e-08
35596086.275 5.29669392499699e-08
36526684.314 5.14791309810616e-08
37457282.353 4.24801249896466e-08
38387880.392 4.8616653427591e-08
39318478.431 3.92548099300557e-08
40249076.471 4.51040374591544e-08
41179674.51 3.36438878459907e-08
42110272.549 3.98707347290654e-08
43040870.588 4.67249870946274e-08
43971468.627 6.26165320331021e-08
44902066.667 4.54933005679902e-08
45832664.706 4.94196003547874e-08
46763262.745 5.11191449563547e-08
47693860.784 4.52793075880804e-08
48624458.824 4.79077317546083e-08
49555056.863 5.13006643091656e-08
50485654.902 3.31315708806797e-08
51416252.941 2.54216171331566e-08
52346850.98 4.5054889009335e-08
53277449.02 4.66879438950784e-09
54208047.059 2.81155086396103e-08
55138645.098 4.15267225485277e-08
56069243.137 4.19060656009366e-09
56999841.176 3.2284472246306e-08
57930439.216 3.26658166710095e-08
58861037.255 3.60963551231548e-08
59791635.294 2.56525715641298e-08
60722233.333 1.94945052899041e-08
61652831.373 3.08230131406827e-08
62583429.412 1.17624091686015e-08
63514027.451 2.20356580759663e-08
64444625.49 -0
65375223.529 1.55169054326692e-08
66305821.569 1.87308377286522e-08
67236419.608 1.04847323489777e-08
68167017.647 1.77870581222388e-08
69097615.686 1.40077106418429e-08
70028213.725 -0
70958811.765 1.30696167708009e-08
71889409.804 1.03648528326069e-08
72820007.843 -0
73750605.882 1.10053631288204e-08
74681203.922 9.1504576498173e-09
75611801.961 2.09047502920485e-08
76542400 1.71062299049937e-08
76542400 -0
78991686.275 1.83305050080597e-08
81440972.549 1.37519997485857e-08
83890258.824 1.51250960823394e-08
86339545.098 5.32797426798403e-09
88788831.373 1.88113902001633e-08
91238117.647 5.42053678684132e-09
93687403.922 -0
96136690.196 -0
98585976.471 2.64491388096115e-08
101035262.745 1.45070605276155e-08
103484549.02 -0
105933835.294 -0
108383121.569 4.36743041983499e-09
110832407.843 -0
113281694.118 1.1914392140785e-08
115730980.392 4.221130797014e-09
118180266.667 -0
120629552.941 -0
123078839.216 1.57321663034689e-09
125528125.49 -0
127977411.765 -0
130426698.039 -0
132875984.314 6.42404051266024e-09
135325270.588 6.98126234462536e-09
137774556.863 6.4763494644467e-09
140223843.137 1.01458860801527e-08
142673129.412 3.19448185771965e-09
145122415.686 6.05232067376639e-09
147571701.961 8.02791275298854e-09
150020988.235 -0
152470274.51 -0
154919560.784 2.19023708596285e-09
157368847.059 -0
159818133.333 -0
162267419.608 3.59137353540954e-09
164716705.882 -0
167165992.157 -0
169615278.431 8.15632578609382e-09
172064564.706 -0
174513850.98 -0
176963137.255 8.03609382885118e-09
179412423.529 -0
181861709.804 -0
184310996.078 4.16814067880392e-09
186760282.353 7.56925857346676e-09
189209568.627 8.36323211586908e-09
191658854.902 -0
194108141.176 3.03099782516336e-09
196557427.451 -0
199006713.725 -0
201456000 -0
