101 1.05504630104988e-05
104.18 9.39023427899326e-06
107.361 8.91045184877058e-06
110.541 1.06012211351245e-05
113.721 1.05341867122752e-05
116.902 8.7852170232433e-06
120.082 7.29110803605741e-06
123.262 8.1327618274189e-06
126.443 9.17750635056501e-06
129.623 1.01560940028594e-05
132.803 9.60456576045822e-06
135.983 1.02186472996797e-05
139.164 1.01488954614729e-05
142.344 9.67151548160125e-06
145.524 7.91101356723347e-06
148.705 7.32701273660207e-06
151.885 7.26569490608648e-06
155.065 9.27998142250296e-06
158.246 8.22762338540158e-06
161.426 7.49033705336283e-06
164.606 7.06025236614631e-06
167.787 6.74647575242525e-06
170.967 8.31215127821234e-06
174.147 1.00951740841841e-05
177.328 1.09465740791856e-05
180.508 9.80591207943127e-06
183.688 8.90178793301952e-06
186.868 9.43412591349452e-06
190.049 8.77077441171781e-06
193.229 7.7510086859e-06
196.409 7.02031656335411e-06
199.59 7.02102834564198e-06
202.77 8.07954093987183e-06
205.95 7.33818606908311e-06
209.131 6.83510833266559e-06
212.311 6.25780541833862e-06
215.491 7.000022194041e-06
218.672 9.18534254475958e-06
221.852 1.05416115476624e-05
225.032 1.02762130203061e-05
228.213 9.08102150565891e-06
231.393 8.14858312442585e-06
234.573 8.09353430499298e-06
237.753 7.11336953223206e-06
240.934 6.54170218466932e-06
244.114 6.60145025127965e-06
247.294 7.52671351857708e-06
250.475 8.36853348581046e-06
253.655 8.84968417011879e-06
256.835 8.35121307150446e-06
260.016 7.25529444574836e-06
263.196 8.04719439817765e-06
264.196 7.1985207766319e-06
272.598 6.72950496623346e-06
281.001 6.10226760306134e-06
289.403 6.00582753946763e-06
297.806 6.7673288299106e-06
306.208 7.05801842325308e-06
314.611 5.90772316626908e-06
323.013 5.73515855584995e-06
331.415 7.28615404709508e-06
339.818 7.83868880486422e-06
348.22 7.68100691426779e-06
356.623 7.33914262854327e-06
365.025 7.06877036112211e-06
373.428 6.50082231371735e-06
381.83 5.90567080326421e-06
390.232 5.87265389460112e-06
398.635 5.22306433887406e-06
407.037 4.82972916816875e-06
415.44 4.75258517004371e-06
423.842 5.16190038868506e-06
432.245 5.42308183666514e-06
440.647 5.69805958953868e-06
449.049 5.4474951594328e-06
457.452 5.24295839768818e-06
465.854 5.51531614769131e-06
474.257 6.09520827151511e-06
482.659 6.4193243725422e-06
491.062 6.37743747292551e-06
499.464 6.27950317500332e-06
507.867 5.4407479496662e-06
516.269 5.07017286341647e-06
524.671 4.59495373145577e-06
533.074 4.90533334780246e-06
541.476 5.6629965929185e-06
549.879 6.62194868858314e-06
558.281 6.27164587488123e-06
566.684 5.55895996839661e-06
575.086 3.95082237687295e-06
583.488 3.06009914033417e-06
591.891 2.81635958598399e-06
600.293 3.35697503300714e-06
608.696 3.47122373209857e-06
617.098 4.99849294737361e-06
625.501 5.06624606444284e-06
633.903 4.58951999098191e-06
642.305 3.69114794604406e-06
650.708 4.0049600212518e-06
659.11 4.4603679488164e-06
667.513 5.25767571934373e-06
675.915 5.43910881214452e-06
684.318 4.99953021971492e-06
692.72 4.74049196652126e-06
693.72 6.09120483188405e-06
715.867 4.51078222076386e-06
738.014 3.6879600174921e-06
760.161 4.375577845745e-06
782.307 5.53742692405891e-06
804.454 5.74666424301306e-06
826.601 5.13608804199305e-06
848.748 4.32966214792772e-06
870.895 5.92752949640154e-06
893.042 5.14186744881511e-06
915.189 3.90168917696056e-06
937.335 4.55823745501567e-06
959.482 4.0645359437508e-06
981.629 4.67138542897682e-06
1003.776 3.78534952415477e-06
1025.923 4.19229198076279e-06
1048.07 4.34219957119128e-06
1070.217 3.79567101722312e-06
1092.364 4.16044931913289e-06
1114.51 3.3948246975105e-06
1136.657 3.14440005462436e-06
1158.804 3.38238380256173e-06
1180.951 4.23053596999245e-06
1203.098 3.02959609364165e-06
1225.245 4.19271202987093e-06
1247.392 5.35913146138992e-06
1269.538 3.26190527375481e-06
1291.685 2.93634997523723e-06
1313.832 3.20406534804294e-06
1335.979 3.14146061006501e-06
1358.126 4.0379485262655e-06
1380.273 3.91356622676857e-06
1402.42 3.1656931356803e-06
1424.566 3.38197467056644e-06
1446.713 3.23147610881463e-06
1468.86 4.08465713973364e-06
1491.007 3.17746187233458e-06
1513.154 3.72420293929788e-06
1535.301 4.35261281267086e-06
1557.448 3.65888400174798e-06
1579.595 4.33883512820829e-06
1601.741 4.25700197242572e-06
1623.888 3.70195090833608e-06
1646.035 4.02471379457301e-06
1668.182 4.281505249298e-06
1690.329 3.88482670729233e-06
1712.476 3.72884771183757e-06
1734.623 3.32373896805756e-06
1756.769 3.65486211791503e-06
1778.916 3.10038744905362e-06
1801.063 3.99068500294565e-06
1823.21 3.68655249837212e-06
1824.21 4.38401037019626e-06
1882.531 3.48593968077475e-06
1940.853 4.46826399944299e-06
1999.174 4.40517778948008e-06
2057.495 4.06913332393717e-06
2115.817 4.07673325607023e-06
2174.138 3.14354462850427e-06
2232.46 3.08445121810932e-06
2290.781 2.91720400201159e-06
2349.102 3.06327959752357e-06
2407.424 2.7154724907652e-06
2465.745 2.74122235224201e-06
2524.066 2.66407259331009e-06
2582.388 2.95204407278383e-06
2640.709 3.64850840564819e-06
2699.031 3.17494751137236e-06
2757.352 2.92783664845372e-06
2815.673 2.9460391358295e-06
2873.995 2.76876545585108e-06
2932.316 2.84111742539014e-06
2990.637 3.02568274571667e-06
3048.959 2.75304047253495e-06
3107.28 2.18872402463667e-06
3165.602 2.42739768700523e-06
3223.923 3.15251835952209e-06
3282.244 3.22786503871963e-06
3340.566 2.23150303990802e-06
3398.887 1.80276272463061e-06
3457.208 2.14433493141092e-06
3515.53 2.42245149578746e-06
3573.851 3.10294288164456e-06
3632.173 2.434047608203e-06
3690.494 2.18142763479674e-06
3748.815 2.66105654281244e-06
3807.137 3.03983478049388e-06
3865.458 2.76208824925843e-06
3923.779 2.09584694390106e-06
3982.101 2.84298925351464e-06
4040.422 2.65392496805342e-06
4098.744 2.7587943661226e-06
4157.065 2.86348726994239e-06
4215.386 2.48605671195483e-06
4273.708 1.90832263276989e-06
4332.029 2.27092501576378e-06
4390.35 2.46224327236411e-06
4448.672 3.10943459827018e-06
4506.993 2.30379787273965e-06
4565.315 2.25106651549616e-06
4623.636 2.36919595700904e-06
4681.957 2.20078993812152e-06
4740.279 2.40137933731239e-06
4798.6 2.37368772091783e-06
4799.6 1.88505112703933e-06
4953.131 2.54615245186642e-06
5106.663 2.20721881155181e-06
5260.194 1.78538117410991e-06
5413.725 2.45611553837159e-06
5567.257 2.04198237450098e-06
5720.788 1.98729504773701e-06
5874.32 1.87958720425131e-06
6027.851 2.161430557782e-06
6181.382 1.72556580284957e-06
6334.914 1.81483666960187e-06
6488.445 2.09205564981151e-06
6641.976 2.21905912297931e-06
6795.508 1.64910694469948e-06
6949.039 1.22857783567826e-06
7102.571 1.7746377665236e-06
7256.102 2.13952319809144e-06
7409.633 1.90249673954982e-06
7563.165 1.84923588633241e-06
7716.696 1.62285769753484e-06
7870.227 1.36222107032713e-06
8023.759 1.8194945636325e-06
8177.29 2.24983739368677e-06
8330.822 1.86303553530156e-06
8484.353 1.68960479009004e-06
8637.884 1.44104670662066e-06
8791.416 1.55543100469075e-06
8944.947 1.47646262492448e-06
9098.478 1.7417399842836e-06
9252.01 1.80837417067448e-06
9405.541 1.53215201692307e-06
9559.073 1.56350911866678e-06
9712.604 2.06928067240372e-06
9866.135 1.80341411176224e-06
10019.667 1.63371310872008e-06
10173.198 1.58401506070158e-06
10326.729 1.78531182798462e-06
10480.261 1.65817081781476e-06
10633.792 1.3970378024908e-06
10787.324 1.41775144097667e-06
10940.855 1.44621889583648e-06
11094.386 1.1323570827443e-06
11247.918 1.57304082541629e-06
11401.449 1.50972593122862e-06
11554.98 1.43683735882389e-06
11708.512 1.17146980273617e-06
11862.043 1.43720619605261e-06
12015.575 1.29039671357068e-06
12169.106 1.17233477564473e-06
12322.637 1.2686130167234e-06
12476.169 1.28180449420633e-06
12629.7 1.16934088225834e-06
12630.7 1.25296349515742e-06
13034.822 1.49030679462095e-06
13438.943 1.67710473919132e-06
13843.065 1.69918004758723e-06
14247.186 1.56884485382906e-06
14651.308 1.54471719741511e-06
15055.429 1.6192837852158e-06
15459.551 1.3331736032525e-06
15863.673 1.05127441388699e-06
16267.794 1.10301234270422e-06
16671.916 1.0871453497595e-06
17076.037 1.20606722578821e-06
17480.159 1.05576246716655e-06
17884.28 7.75533851017978e-07
18288.402 1.03954145797724e-06
18692.524 1.05026908321279e-06
19096.645 1.17927264580265e-06
19500.767 1.00516714637832e-06
19904.888 8.79264133758922e-07
20309.01 1.13567390150323e-06
20713.131 1.14527937812028e-06
21117.253 1.26335407541097e-06
21521.375 1.17056361367521e-06
21925.496 1.11118365284475e-06
22329.618 1.14532894408428e-06
22733.739 1.15440886956603e-06
23137.861 1.19542150568628e-06
23541.982 1.15775313042537e-06
23946.104 9.39395255838298e-07
24350.225 7.51307553623434e-07
24754.347 1.01804016483748e-06
25158.469 1.31643140404365e-06
25562.59 1.3246909976232e-06
25966.712 1.18884720014948e-06
26370.833 1.10004060419976e-06
26774.955 1.08297546331644e-06
27179.076 1.12374087160119e-06
27583.198 1.09127545622585e-06
27987.32 1.06958024375782e-06
28391.441 9.46088454215228e-07
28795.563 8.18939605476748e-07
29199.684 8.47058982503944e-07
29603.806 9.13223007262927e-07
30007.927 8.51477742237136e-07
30412.049 7.63721466674512e-07
30816.171 7.17756413791476e-07
31220.292 7.84654701886002e-07
31624.414 1.11570198934041e-06
32028.535 1.27795963268918e-06
32432.657 1.08450768491611e-06
32836.778 7.95660456052469e-07
33240.9 8.02394135080157e-07
33241.9 9.01617273934281e-07
34305.559 9.15188783510397e-07
35369.218 9.59399068906827e-07
36432.876 1.01029865762331e-06
37496.535 9.43033687183825e-07
38560.194 7.64108761925237e-07
39623.853 6.43481443857403e-07
40687.512 7.23895368385852e-07
41751.171 8.45907821496963e-07
42814.829 8.73386924793432e-07
43878.488 7.82984380664684e-07
44942.147 5.59956057725554e-07
46005.806 5.54239220409795e-07
47069.465 5.84676529584155e-07
48133.124 4.93035396245016e-07
49196.782 4.73280435766878e-07
50260.441 4.96848238373789e-07
51324.1 6.04920271671322e-07
52387.759 6.80023453700797e-07
53451.418 7.14399132713135e-07
54515.076 7.4604312319543e-07
55578.735 7.6432794661394e-07
56642.394 7.34352837549682e-07
57706.053 7.54002892151184e-07
58769.712 7.90409386560053e-07
59833.371 8.07984335359625e-07
60897.029 7.94607188362255e-07
61960.688 7.34175370372374e-07
63024.347 5.5994529110353e-07
64088.006 4.8571374701603e-07
65151.665 6.91676982212779e-07
66215.324 7.76395075903654e-07
67278.982 7.67051155108913e-07
68342.641 5.47680134315666e-07
69406.3 5.08330698007907e-07
70469.959 5.10001860198371e-07
71533.618 4.48056587101548e-07
72597.276 4.02344016245585e-07
73660.935 4.08676214352242e-07
74724.594 5.28346537350038e-07
75788.253 6.35194411882234e-07
76851.912 6.2172445268868e-07
77915.571 5.21964171965113e-07
78979.229 4.48460220470542e-07
80042.888 5.07564317051354e-07
81106.547 5.75693911985212e-07
82170.206 5.78891886390595e-07
83233.865 5.0749264036225e-07
84297.524 5.1839381013948e-07
85361.182 5.14921578948975e-07
86424.841 5.35328008618689e-07
87488.5 4.92370652138912e-07
87489.5 4.66873082375335e-07
90289.039 4.25613069513331e-07
93088.578 3.94259301769441e-07
95888.118 4.43102019486961e-07
98687.657 4.14635945384072e-07
101487.196 4.10548582410014e-07
104286.735 4.53014232108442e-07
107086.275 4.5339216610632e-07
109885.814 4.73378861456065e-07
112685.353 3.91072528540356e-07
115484.892 3.37975908435056e-07
118284.431 3.89045773740826e-07
121083.971 4.88769990580913e-07
123883.51 5.17478898178419e-07
126683.049 4.50086075641424e-07
129482.588 3.9427940107542e-07
132282.127 3.53926728996978e-07
135081.667 3.37766465394843e-07
137881.206 3.70724320273825e-07
140680.745 3.94984743679305e-07
143480.284 4.14710662269491e-07
146279.824 4.58174875897138e-07
149079.363 4.13695431360575e-07
151878.902 3.62103866995977e-07
154678.441 3.67971802003087e-07
157477.98 3.82663425880269e-07
160277.52 3.83870709417425e-07
163077.059 4.06452157728628e-07
165876.598 4.24850438261542e-07
168676.137 3.93736472136924e-07
171475.676 3.814109091476e-07
174275.216 3.64775888716469e-07
177074.755 3.61472688818253e-07
179874.294 3.13953178412868e-07
182673.833 3.34764648886184e-07
185473.373 3.4223292050393e-07
188272.912 3.10332350878366e-07
191072.451 3.22455324775543e-07
193871.99 3.40376225372845e-07
196671.529 2.87077128454781e-07
199471.069 2.95422477698065e-07
202270.608 4.52479498695624e-07
205070.147 4.91524282619121e-07
207869.686 4.02841582283725e-07
210669.225 3.83806864909754e-07
213468.765 3.66079148153458e-07
216268.304 3.27436288044838e-07
219067.843 2.52865345782612e-07
221867.382 2.92951521003411e-07
224666.922 3.35079764688361e-07
227466.461 3.3159944094171e-07
230266 2.94118412139032e-07
230267 3.30045714844125e-07
237635.294 3.71911198055026e-07
245003.588 1.93926684207434e-07
252371.882 -0
259740.176 3.73849251450768e-07
267108.471 4.84670104520515e-07
274476.765 2.92635617072562e-07
281845.059 2.71089123693692e-07
289213.353 2.7176571293436e-07
296581.647 3.40281202162785e-07
303949.941 3.79492263639458e-07
311318.235 3.09273367905967e-07
318686.529 3.00771869776055e-07
326054.824 2.72650216842304e-07
333423.118 2.59312397864969e-07
340791.412 3.37904242854231e-07
348159.706 4.02437677470857e-07
355528 3.87186375513847e-07
362896.294 2.93161379160361e-07
370264.588 2.72074209196742e-07
377632.882 3.08260845216781e-07
385001.176 2.57421890882e-07
392369.471 2.52406097412166e-07
399737.765 2.9003320142278e-07
407106.059 3.10983745966248e-07
414474.353 2.08523268371008e-07
421842.647 1.9436059557367e-07
429210.941 2.59003715900424e-07
436579.235 2.48242899880178e-07
443947.529 2.28721612434333e-07
451315.824 2.58302359596977e-07
458684.118 2.62567018185761e-07
466052.412 3.25994172236047e-07
473420.706 2.53156488000557e-07
480789 2.05365287510026e-07
488157.294 2.55771847987336e-07
495525.588 2.76816145920965e-07
502893.882 2.7200905296308e-07
510262.176 1.83982606170715e-07
517630.471 2.87048472360506e-07
524998.765 1.81455396215924e-07
532367.059 2.97269694598423e-07
539735.353 2.64563823670406e-07
547103.647 2.29796116569085e-07
554471.941 2.78829771899326e-07
561840.235 2.54609774888629e-07
569208.529 2.61912721178735e-07
576576.824 3.10903513066533e-07
583945.118 2.48051101194714e-07
591313.412 1.68952702560329e-07
598681.706 2.19904517964359e-07
606050 2.4165368955897e-07
606051 2.90729291690685e-07
625444.118 2.44528870022385e-07
644837.235 1.59770145910699e-07
664230.353 2.4024469170278e-07
683623.471 2.43232162386309e-07
703016.588 1.90682288662993e-07
722409.706 2.23014392498152e-07
741802.824 2.07370032620794e-07
761195.941 2.72357132945693e-07
780589.059 2.43204199691352e-07
799982.176 1.73092657206328e-07
819375.294 2.10727889626731e-07
838768.412 2.36495537635808e-07
858161.529 2.42663275610022e-07
877554.647 2.20471954802187e-07
896947.765 2.56901746550026e-07
916340.882 2.40780660296658e-07
935734 2.39443101958531e-07
955127.118 1.88289065214128e-07
974520.235 2.10604403022842e-07
993913.353 1.9432336347753e-07
1013306.471 2.13182954024574e-07
1032699.588 2.00377806206181e-07
1052092.706 1.39871204419037e-07
1071485.824 2.10781258053249e-07
1090878.941 1.96269292107007e-07
1110272.059 2.05622327438802e-07
1129665.176 2.31508823452877e-07
1149058.294 1.95488107110925e-07
1168451.412 2.26475091696496e-07
1187844.529 1.9376661543947e-07
1207237.647 1.98606190204504e-07
1226630.765 1.80541704882829e-07
1246023.882 1.72592407925671e-07
1265417 1.75791119093866e-07
1284810.118 1.53280217831876e-07
1304203.235 1.32288092639464e-07
1323596.353 1.49059988771086e-07
1342989.471 1.70260574458296e-07
1362382.588 1.10499374654854e-07
1381775.706 1.82063759072126e-07
1401168.824 1.84519674058111e-07
1420561.941 1.5483451158836e-07
1439955.059 1.5034243309437e-07
1459348.176 1.28363715310199e-07
1478741.294 1.17502167837527e-07
1498134.412 1.25349243994151e-07
1517527.529 2.08982851032919e-07
1536920.647 1.47634297390686e-07
1556313.765 1.62935874787966e-07
1575706.882 1.66647629683574e-07
1595100 1.51057100675245e-07
1595100 1.76876451779649e-07
1646141.765 1.37509377249866e-07
1697183.529 1.41664224062039e-07
1748225.294 1.1132765131993e-07
1799267.059 1.47640297909201e-07
1850308.824 1.5617686707446e-07
1901350.588 1.67211777597603e-07
1952392.353 1.64213990623027e-07
2003434.118 1.61805638002393e-07
2054475.882 1.3984755197893e-07
2105517.647 1.76852820832465e-07
2156559.412 1.76361847960054e-07
2207601.176 1.50362670186687e-07
2258642.941 1.22949461715088e-07
2309684.706 1.29736397447623e-07
2360726.471 1.42759108000783e-07
2411768.235 1.34275153356592e-07
2462810 1.36759511345438e-07
2513851.765 1.57212144398357e-07
2564893.529 9.96567766842496e-08
2615935.294 1.22756900075881e-07
2666977.059 1.16670828993945e-07
2718018.824 1.14170697851132e-07
2769060.588 1.73010714849801e-07
2820102.353 1.46144439563351e-07
2871144.118 1.27321130132741e-07
2922185.882 1.50870906220998e-07
2973227.647 1.12638282303755e-07
3024269.412 1.06218657031094e-07
3075311.176 1.24094480748115e-07
3126352.941 9.91067130755889e-08
3177394.706 1.3409145437961e-07
3228436.471 9.46418429027077e-08
3279478.235 1.51292544788862e-07
3330520 1.25940469748258e-07
3381561.765 1.29623848057826e-07
3432603.529 1.11366940819517e-07
3483645.294 1.23331761079253e-07
3534687.059 1.02780562807292e-07
3585728.824 1.19785372388512e-07
3636770.588 9.81181898126148e-08
3687812.353 9.00297302807761e-08
3738854.118 1.31200555684518e-07
3789895.882 1.18868718785078e-07
3840937.647 1.43000957397905e-07
3891979.412 9.07736725023175e-08
3943021.176 9.67426317484112e-08
3994062.941 1.227190017413e-07
4045104.706 1.33090940689513e-07
4096146.471 1.01197080969375e-07
4147188.235 1.04441624242977e-07
4198230 1.47299268734755e-07
4198230 1.01362625528685e-07
4332570.588 1.12315072256771e-07
4466911.176 1.28057851705635e-07
4601251.765 1.1371286632597e-07
4735592.353 8.37219749364287e-08
4869932.941 1.32139561262814e-07
5004273.529 1.11853118944835e-07
5138614.118 1.20435971031118e-07
5272954.706 1.11080005086813e-07
5407295.294 9.34150020326286e-08
5541635.882 9.25067151993475e-08
5675976.471 1.10648643660435e-07
5810317.059 1.16481229145182e-07
5944657.647 1.0881959791192e-07
6078998.235 1.10617469648006e-07
6213338.824 8.46380728602873e-08
6347679.412 1.00157662557677e-07
6482020 1.16936439999063e-07
6616360.588 1.17509010354766e-07
6750701.176 1.05365182460515e-07
6885041.765 1.05459423532018e-07
7019382.353 1.24009372929097e-07
7153722.941 7.50875470227014e-08
7288063.529 1.20697223838885e-07
7422404.118 9.5967619155648e-08
7556744.706 1.01173651322304e-07
7691085.294 7.86542534686008e-08
7825425.882 9.39892033512446e-08
7959766.471 1.02102357046258e-07
8094107.059 9.02710470233685e-08
8228447.647 9.51602244332158e-08
8362788.235 8.86774064952624e-08
8497128.824 8.00274118006874e-08
8631469.412 8.40921649606906e-08
8765810 8.13110034153853e-08
8900150.588 1.0344728395747e-07
9034491.176 1.12809908138918e-07
9168831.765 9.10377463520034e-08
9303172.353 1.18239887196174e-07
9437512.941 1.00498617334705e-07
9571853.529 1.00543636176766e-07
9706194.118 7.28147473683594e-08
9840534.706 1.01299959080868e-07
9974875.294 1.02017074035626e-07
10109215.882 1.22274344838531e-07
10243556.471 9.66255571014667e-08
10377897.059 9.455977682682e-08
10512237.647 7.73075625626368e-08
10646578.235 7.96170192811311e-08
10780918.824 1.04368996000247e-07
10915259.412 7.16388079245258e-08
11049600 9.99430037695341e-08
11049600 9.62555972907737e-08
11403174.51 9.72374697008962e-08
11756749.02 7.76840649537709e-08
12110323.529 1.11563383820112e-07
12463898.039 9.91777977256599e-08
12817472.549 9.02696049383085e-08
13171047.059 9.23860835034536e-08
13524621.569 9.83132172025812e-08
13878196.078 1.02915630576888e-07
14231770.588 1.06351108715422e-07
14585345.098 1.04182571239099e-07
14938919.608 1.00167646304113e-07
15292494.118 1.03338262084159e-07
15646068.627 8.14690734491862e-08
15999643.137 1.07690699702548e-07
16353217.647 1.18073091459934e-07
16706792.157 1.08459083449707e-07
17060366.667 1.09218903694069e-07
17413941.176 1.02052454650868e-07
17767515.686 1.04265801137813e-07
18121090.196 1.02131276026431e-07
18474664.706 1.15785064056848e-07
18828239.216 9.36904749361369e-08
19181813.725 8.98894658780855e-08
19535388.235 8.32573008877173e-08
19888962.745 9.62935119973973e-08
20242537.255 6.89958093360865e-08
20596111.765 9.15897413411791e-08
20949686.275 1.01984993636209e-07
21303260.784 8.64076687939462e-08
21656835.294 1.08999306915523e-07
22010409.804 9.52380042594893e-08
22363984.314 8.32837002336045e-08
22717558.824 1.29935473637681e-07
23071133.333 7.47084103567677e-08
23424707.843 6.81365020959192e-08
23778282.353 8.67228131609025e-08
24131856.863 8.4657053503991e-08
24485431.373 1.11002876850271e-07
24839005.882 9.69890033485219e-08
25192580.392 9.90760896374797e-08
25546154.902 1.11905585736985e-07
25899729.412 8.34514536493637e-08
26253303.922 9.034391868036e-08
26606878.431 9.81155653850015e-08
26960452.941 1.00103057284037e-07
27314027.451 9.5708856664698e-08
27667601.961 9.41087251519879e-08
28021176.471 1.25687474315766e-07
28374750.98 7.60817260054942e-08
28728325.49 8.44111218445626e-08
29081900 8.91211140626036e-08
29081900 8.27060308946542e-08
30012498.039 8.7992153796134e-08
30943096.078 9.28507305788382e-08
31873694.118 1.17019801508606e-07
32804292.157 1.15856212299522e-07
33734890.196 8.64790034059875e-08
34665488.235 8.72877067134428e-08
35596086.275 1.1022522758397e-07
36526684.314 9.11909683962047e-08
37457282.353 1.15710871287392e-07
38387880.392 1.02923791628051e-07
39318478.431 1.04424299578479e-07
40249076.471 8.45646821866038e-08
41179674.51 9.84532405173116e-08
42110272.549 9.41846723243751e-08
43040870.588 7.36027127732124e-08
43971468.627 7.87590302067566e-08
44902066.667 8.82000626958762e-08
45832664.706 1.02984436233739e-07
46763262.745 7.56059223625643e-08
47693860.784 8.16708785139703e-08
48624458.824 8.17486844801756e-08
49555056.863 7.1403749257469e-08
50485654.902 8.72684777929442e-08
51416252.941 1.03782796618206e-07
52346850.98 9.52388593262225e-08
53277449.02 7.18097729299745e-08
54208047.059 4.97468492868011e-08
55138645.098 7.40445748633923e-08
56069243.137 8.53742529730392e-08
56999841.176 6.79501138692674e-08
57930439.216 5.18013243817636e-08
58861037.255 7.42392505619716e-08
59791635.294 4.67342224845295e-08
60722233.333 4.51455517674433e-08
61652831.373 5.10071650067429e-08
62583429.412 6.08964677007944e-08
63514027.451 4.50176729925837e-08
64444625.49 4.95491127072524e-08
65375223.529 4.49764362556217e-08
66305821.569 4.02033877417911e-08
67236419.608 4.40107310287582e-08
68167017.647 4.98893786413902e-08
69097615.686 3.9761385127704e-08
70028213.725 4.94083842337725e-08
70958811.765 3.68137849855839e-08
71889409.804 4.06779084744631e-08
72820007.843 4.54047465353569e-08
73750605.882 3.38937028125993e-08
74681203.922 2.45979506369433e-08
75611801.961 3.02451636965912e-08
76542400 4.31842153473743e-08
76542400 2.55737514427489e-08
78991686.275 2.67908786289756e-08
81440972.549 2.58002322262029e-08
83890258.824 2.16550800605193e-08
86339545.098 2.05230945696038e-08
88788831.373 2.68706893735758e-08
91238117.647 2.91125494473912e-08
93687403.922 8.06795977463522e-08
96136690.196 -0
98585976.471 3.02858501125988e-08
101035262.745 4.9377014966885e-09
103484549.02 -0
105933835.294 2.11106625238598e-08
108383121.569 1.06482424967644e-08
110832407.843 1.81048178317817e-08
113281694.118 1.30901907744272e-08
115730980.392 1.46911168929391e-08
118180266.667 2.16768768686704e-08
120629552.941 1.47404833994038e-08
123078839.216 3.41439415787047e-09
125528125.49 1.77617379113752e-08
127977411.765 8.82804652827e-09
130426698.039 -0
132875984.314 6.10583952167923e-09
135325270.588 1.01896861993716e-08
137774556.863 3.47911725655733e-09
140223843.137 1.11824687062344e-08
142673129.412 8.5342032073299e-09
145122415.686 1.38448950115196e-08
147571701.961 3.43769817486934e-09
150020988.235 7.64717422569278e-09
152470274.51 -0
154919560.784 6.49128954876541e-09
157368847.059 -0
159818133.333 -0
162267419.608 -0
164716705.882 -0
167165992.157 3.41141794338263e-09
169615278.431 7.50342781789097e-09
172064564.706 1.18533576995428e-08
174513850.98 5.76078166223994e-09
176963137.255 7.97973952994081e-09
179412423.529 -0
181861709.804 5.68855883286206e-09
184310996.078 -0
186760282.353 9.39576678603886e-09
189209568.627 9.0735098367209e-09
191658854.902 4.11022715660582e-09
194108141.176 -0
196557427.451 8.70258427926871e-09
199006713.725 -0
201456000 -0
