"Frequency"	"Magnitude"
1.010000000000E+02	8.787635E+00
1.041800000000E+02	8.818025E+00
1.073610000000E+02	8.806643E+00
1.105410000000E+02	8.866018E+00
1.137210000000E+02	8.846041E+00
1.169020000000E+02	8.837408E+00
1.200820000000E+02	8.871525E+00
1.232620000000E+02	8.891532E+00
1.264430000000E+02	8.897248E+00
1.296230000000E+02	8.913795E+00
1.328030000000E+02	8.926857E+00
1.359830000000E+02	8.942251E+00
1.391640000000E+02	8.959584E+00
1.423440000000E+02	8.956894E+00
1.455240000000E+02	8.933977E+00
1.487050000000E+02	8.944489E+00
1.518850000000E+02	9.038333E+00
1.550650000000E+02	8.992109E+00
1.582460000000E+02	9.015582E+00
1.614260000000E+02	8.989405E+00
1.646060000000E+02	9.017480E+00
1.677870000000E+02	9.001618E+00
1.709670000000E+02	9.008924E+00
1.741470000000E+02	9.028755E+00
1.773280000000E+02	9.041498E+00
1.805080000000E+02	9.007205E+00
1.836880000000E+02	9.025167E+00
1.868680000000E+02	9.044691E+00
1.900490000000E+02	9.042181E+00
1.932290000000E+02	9.033504E+00
1.964090000000E+02	9.045159E+00
1.995900000000E+02	9.039635E+00
2.027700000000E+02	9.061861E+00
2.059500000000E+02	9.042829E+00
2.091310000000E+02	9.051653E+00
2.123110000000E+02	9.053895E+00
2.154910000000E+02	9.058274E+00
2.186720000000E+02	9.065832E+00
2.218520000000E+02	9.077899E+00
2.250320000000E+02	9.059450E+00
2.282130000000E+02	9.071868E+00
2.313930000000E+02	9.074611E+00
2.345730000000E+02	9.101880E+00
2.377530000000E+02	9.101786E+00
2.409340000000E+02	9.053611E+00
2.441140000000E+02	9.061798E+00
2.472940000000E+02	9.097558E+00
2.504750000000E+02	9.104641E+00
2.536550000000E+02	9.080948E+00
2.568350000000E+02	9.090134E+00
2.600160000000E+02	9.073168E+00
2.631960000000E+02	9.093120E+00
2.641960000000E+02	9.096846E+00
2.725980000000E+02	9.095829E+00
2.810010000000E+02	9.104334E+00
2.894030000000E+02	9.090880E+00
2.978060000000E+02	9.112679E+00
3.062080000000E+02	9.092337E+00
3.146110000000E+02	9.096315E+00
3.230130000000E+02	9.103967E+00
3.314150000000E+02	9.107384E+00
3.398180000000E+02	9.080484E+00
3.482200000000E+02	9.104568E+00
3.566230000000E+02	9.110989E+00
3.650250000000E+02	9.092606E+00
3.734280000000E+02	9.109048E+00
3.818300000000E+02	9.100126E+00
3.902320000000E+02	9.143523E+00
3.986350000000E+02	9.117024E+00
4.070370000000E+02	9.097481E+00
4.154400000000E+02	9.118016E+00
4.238420000000E+02	9.112423E+00
4.322450000000E+02	9.125445E+00
4.406470000000E+02	9.150099E+00
4.490490000000E+02	9.131287E+00
4.574520000000E+02	9.129231E+00
4.658540000000E+02	9.110539E+00
4.742570000000E+02	9.128611E+00
4.826590000000E+02	9.143125E+00
4.910620000000E+02	9.125140E+00
4.994640000000E+02	9.129513E+00
5.078670000000E+02	9.156816E+00
5.162690000000E+02	9.128567E+00
5.246710000000E+02	9.129695E+00
5.330740000000E+02	9.141103E+00
5.414760000000E+02	9.140297E+00
5.498790000000E+02	9.162643E+00
5.582810000000E+02	9.138408E+00
5.666840000000E+02	9.116290E+00
5.750860000000E+02	9.115239E+00
5.834880000000E+02	9.139679E+00
5.918910000000E+02	9.124143E+00
6.002930000000E+02	9.127455E+00
6.086960000000E+02	9.177999E+00
6.170980000000E+02	9.124365E+00
6.255010000000E+02	9.172782E+00
6.339030000000E+02	9.158450E+00
6.423050000000E+02	9.139402E+00
6.507080000000E+02	9.119859E+00
6.591100000000E+02	9.127401E+00
6.675130000000E+02	9.125129E+00
6.759150000000E+02	9.142035E+00
6.843180000000E+02	9.142579E+00
6.927200000000E+02	9.139049E+00
6.937200000000E+02	9.156089E+00
7.158670000000E+02	9.140793E+00
7.380140000000E+02	9.167241E+00
7.601610000000E+02	9.158391E+00
7.823070000000E+02	9.130503E+00
8.044540000000E+02	9.166669E+00
8.266010000000E+02	9.141640E+00
8.487480000000E+02	9.147223E+00
8.708950000000E+02	9.145855E+00
8.930420000000E+02	9.128383E+00
9.151890000000E+02	9.147963E+00
9.373350000000E+02	9.183665E+00
9.594820000000E+02	9.155386E+00
9.816290000000E+02	9.163758E+00
1.003776000000E+03	9.160271E+00
1.025923000000E+03	9.145197E+00
1.048070000000E+03	9.157714E+00
1.070217000000E+03	9.150039E+00
1.092364000000E+03	9.174531E+00
1.114510000000E+03	9.171536E+00
1.136657000000E+03	9.166612E+00
1.158804000000E+03	9.137724E+00
1.180951000000E+03	9.143654E+00
1.203098000000E+03	9.137338E+00
1.225245000000E+03	9.160594E+00
1.247392000000E+03	9.158142E+00
1.269538000000E+03	9.128264E+00
1.291685000000E+03	9.155467E+00
1.313832000000E+03	9.142136E+00
1.335979000000E+03	9.148618E+00
1.358126000000E+03	9.152168E+00
1.380273000000E+03	9.131483E+00
1.402420000000E+03	9.165700E+00
1.424566000000E+03	9.161932E+00
1.446713000000E+03	9.141659E+00
1.468860000000E+03	9.168899E+00
1.491007000000E+03	9.139568E+00
1.513154000000E+03	9.134091E+00
1.535301000000E+03	9.146622E+00
1.557448000000E+03	9.150125E+00
1.579595000000E+03	9.138185E+00
1.601741000000E+03	9.149836E+00
1.623888000000E+03	9.144517E+00
1.646035000000E+03	9.156783E+00
1.668182000000E+03	9.145715E+00
1.690329000000E+03	9.147741E+00
1.712476000000E+03	9.150384E+00
1.734623000000E+03	9.145278E+00
1.756769000000E+03	9.169520E+00
1.778916000000E+03	9.148033E+00
1.801063000000E+03	9.132620E+00
1.823210000000E+03	9.176336E+00
1.824210000000E+03	9.147652E+00
1.882531000000E+03	9.160185E+00
1.940853000000E+03	9.144629E+00
1.999174000000E+03	9.148544E+00
2.057495000000E+03	9.104532E+00
2.115817000000E+03	9.161884E+00
2.174138000000E+03	9.154791E+00
2.232460000000E+03	9.174832E+00
2.290781000000E+03	9.149991E+00
2.349102000000E+03	9.139286E+00
2.407424000000E+03	9.125720E+00
2.465745000000E+03	9.138746E+00
2.524066000000E+03	9.127134E+00
2.582388000000E+03	9.169110E+00
2.640709000000E+03	9.144789E+00
2.699031000000E+03	9.146172E+00
2.757352000000E+03	9.152999E+00
2.815673000000E+03	9.137259E+00
2.873995000000E+03	9.154686E+00
2.932316000000E+03	9.161872E+00
2.990637000000E+03	9.132882E+00
3.048959000000E+03	9.151523E+00
3.107280000000E+03	9.147060E+00
3.165602000000E+03	9.150688E+00
3.223923000000E+03	9.157847E+00
3.282244000000E+03	9.145392E+00
3.340566000000E+03	9.159194E+00
3.398887000000E+03	9.173164E+00
3.457208000000E+03	9.139528E+00
3.515530000000E+03	9.160985E+00
3.573851000000E+03	9.164778E+00
3.632173000000E+03	9.152206E+00
3.690494000000E+03	9.152714E+00
3.748815000000E+03	9.127645E+00
3.807137000000E+03	9.128891E+00
3.865458000000E+03	9.152321E+00
3.923779000000E+03	9.152462E+00
3.982101000000E+03	9.169246E+00
4.040422000000E+03	9.161529E+00
4.098744000000E+03	9.140127E+00
4.157065000000E+03	9.142743E+00
4.215386000000E+03	9.133878E+00
4.273708000000E+03	9.136909E+00
4.332029000000E+03	9.176041E+00
4.390350000000E+03	9.163193E+00
4.448672000000E+03	9.148573E+00
4.506993000000E+03	9.131698E+00
4.565315000000E+03	9.141563E+00
4.623636000000E+03	9.141830E+00
4.681957000000E+03	9.137798E+00
4.740279000000E+03	9.131957E+00
4.798600000000E+03	9.152684E+00
4.799600000000E+03	9.168006E+00
4.953131000000E+03	9.141487E+00
5.106663000000E+03	9.186159E+00
5.260194000000E+03	9.158566E+00
5.413725000000E+03	9.135929E+00
5.567257000000E+03	9.159098E+00
5.720788000000E+03	9.163028E+00
5.874320000000E+03	9.168036E+00
6.027851000000E+03	9.158978E+00
6.181382000000E+03	9.164136E+00
6.334914000000E+03	9.162211E+00
6.488445000000E+03	9.175578E+00
6.641976000000E+03	9.155016E+00
6.795508000000E+03	9.143852E+00
6.949039000000E+03	9.145647E+00
7.102571000000E+03	9.154924E+00
7.256102000000E+03	9.142274E+00
7.409633000000E+03	9.149815E+00
7.563165000000E+03	9.137129E+00
7.716696000000E+03	9.150748E+00
7.870227000000E+03	9.169041E+00
8.023759000000E+03	9.131554E+00
8.177290000000E+03	9.139259E+00
8.330822000000E+03	9.148195E+00
8.484353000000E+03	9.153208E+00
8.637884000000E+03	9.179935E+00
8.791416000000E+03	9.167842E+00
8.944947000000E+03	9.142145E+00
9.098478000000E+03	9.158673E+00
9.252010000000E+03	9.089986E+00
9.405541000000E+03	9.145810E+00
9.559073000000E+03	9.160164E+00
9.712604000000E+03	9.146944E+00
9.866135000000E+03	9.134720E+00
1.001966700000E+04	9.158985E+00
1.017319800000E+04	9.169991E+00
1.032672900000E+04	9.116772E+00
1.048026100000E+04	9.156896E+00
1.063379200000E+04	9.141900E+00
1.078732400000E+04	9.139808E+00
1.094085500000E+04	9.132416E+00
1.109438600000E+04	9.166251E+00
1.124791800000E+04	9.129208E+00
1.140144900000E+04	9.146162E+00
1.155498000000E+04	9.144753E+00
1.170851200000E+04	9.135596E+00
1.186204300000E+04	9.151819E+00
1.201557500000E+04	9.146777E+00
1.216910600000E+04	9.141646E+00
1.232263700000E+04	9.157129E+00
1.247616900000E+04	9.143973E+00
1.262970000000E+04	9.165644E+00
1.263070000000E+04	9.143328E+00
1.303482200000E+04	9.100636E+00
1.343894300000E+04	9.161640E+00
1.384306500000E+04	9.195322E+00
1.424718600000E+04	9.168729E+00
1.465130800000E+04	9.130342E+00
1.505542900000E+04	9.201198E+00
1.545955100000E+04	9.085554E+00
1.586367300000E+04	9.149487E+00
1.626779400000E+04	9.175610E+00
1.667191600000E+04	9.165131E+00
1.707603700000E+04	9.139536E+00
1.748015900000E+04	9.119440E+00
1.788428000000E+04	9.153529E+00
1.828840200000E+04	9.127087E+00
1.869252400000E+04	9.140454E+00
1.909664500000E+04	9.112580E+00
1.950076700000E+04	9.142898E+00
1.990488800000E+04	9.162872E+00
2.030901000000E+04	9.160445E+00
2.071313100000E+04	9.127105E+00
2.111725300000E+04	9.161057E+00
2.152137500000E+04	9.149094E+00
2.192549600000E+04	9.166105E+00
2.232961800000E+04	9.157196E+00
2.273373900000E+04	9.157943E+00
2.313786100000E+04	9.144097E+00
2.354198200000E+04	9.129168E+00
2.394610400000E+04	9.151356E+00
2.435022500000E+04	9.170202E+00
2.475434700000E+04	9.141682E+00
2.515846900000E+04	9.162030E+00
2.556259000000E+04	9.172460E+00
2.596671200000E+04	9.166325E+00
2.637083300000E+04	9.182991E+00
2.677495500000E+04	9.132044E+00
2.717907600000E+04	9.158296E+00
2.758319800000E+04	9.145955E+00
2.798732000000E+04	9.197404E+00
2.839144100000E+04	9.188021E+00
2.879556300000E+04	9.141255E+00
2.919968400000E+04	9.163001E+00
2.960380600000E+04	9.148442E+00
3.000792700000E+04	9.193312E+00
3.041204900000E+04	9.144921E+00
3.081617100000E+04	9.160012E+00
3.122029200000E+04	9.123985E+00
3.162441400000E+04	9.172653E+00
3.202853500000E+04	9.149179E+00
3.243265700000E+04	9.151299E+00
3.283677800000E+04	9.169746E+00
3.324090000000E+04	9.128902E+00
3.324190000000E+04	9.140618E+00
3.430555900000E+04	9.164504E+00
3.536921800000E+04	9.154811E+00
3.643287600000E+04	9.169213E+00
3.749653500000E+04	9.158714E+00
3.856019400000E+04	9.109039E+00
3.962385300000E+04	9.127854E+00
4.068751200000E+04	9.127158E+00
4.175117100000E+04	9.173552E+00
4.281482900000E+04	9.125110E+00
4.387848800000E+04	9.131771E+00
4.494214700000E+04	9.111990E+00
4.600580600000E+04	9.154336E+00
4.706946500000E+04	9.198078E+00
4.813312400000E+04	9.130948E+00
4.919678200000E+04	9.169965E+00
5.026044100000E+04	9.141849E+00
5.132410000000E+04	9.140502E+00
5.238775900000E+04	9.154428E+00
5.345141800000E+04	9.128083E+00
5.451507600000E+04	9.159537E+00
5.557873500000E+04	9.153450E+00
5.664239400000E+04	9.137383E+00
5.770605300000E+04	9.173804E+00
5.876971200000E+04	9.158156E+00
5.983337100000E+04	9.153774E+00
6.089702900000E+04	9.197475E+00
6.196068800000E+04	9.121942E+00
6.302434700000E+04	9.196141E+00
6.408800600000E+04	9.136752E+00
6.515166500000E+04	9.147088E+00
6.621532400000E+04	9.136558E+00
6.727898200000E+04	9.188671E+00
6.834264100000E+04	9.164644E+00
6.940630000000E+04	9.157151E+00
7.046995900000E+04	9.151655E+00
7.153361800000E+04	9.154348E+00
7.259727600000E+04	9.178082E+00
7.366093500000E+04	9.121922E+00
7.472459400000E+04	9.175643E+00
7.578825300000E+04	9.168060E+00
7.685191200000E+04	9.179193E+00
7.791557100000E+04	9.129695E+00
7.897922900000E+04	9.172126E+00
8.004288800000E+04	9.128536E+00
8.110654700000E+04	9.144217E+00
8.217020600000E+04	9.195372E+00
8.323386500000E+04	9.146890E+00
8.429752400000E+04	9.151321E+00
8.536118200000E+04	9.127980E+00
8.642484100000E+04	9.164051E+00
8.748850000000E+04	9.172804E+00
8.748950000000E+04	9.171477E+00
9.028903900000E+04	9.210735E+00
9.308857800000E+04	9.116638E+00
9.588811800000E+04	9.184357E+00
9.868765700000E+04	9.152043E+00
1.014871960000E+05	9.193735E+00
1.042867350000E+05	9.179566E+00
1.070862750000E+05	9.135478E+00
1.098858140000E+05	9.130758E+00
1.126853530000E+05	9.142408E+00
1.154848920000E+05	9.204635E+00
1.182844310000E+05	9.164752E+00
1.210839710000E+05	9.140837E+00
1.238835100000E+05	9.135864E+00
1.266830490000E+05	9.174985E+00
1.294825880000E+05	9.103549E+00
1.322821270000E+05	9.118865E+00
1.350816670000E+05	9.214109E+00
1.378812060000E+05	9.118370E+00
1.406807450000E+05	9.146161E+00
1.434802840000E+05	9.149879E+00
1.462798240000E+05	9.170302E+00
1.490793630000E+05	9.117288E+00
1.518789020000E+05	9.163434E+00
1.546784410000E+05	9.138722E+00
1.574779800000E+05	9.122495E+00
1.602775200000E+05	9.166299E+00
1.630770590000E+05	9.128715E+00
1.658765980000E+05	9.156915E+00
1.686761370000E+05	9.183597E+00
1.714756760000E+05	9.204628E+00
1.742752160000E+05	9.125569E+00
1.770747550000E+05	9.133519E+00
1.798742940000E+05	9.154346E+00
1.826738330000E+05	9.172562E+00
1.854733730000E+05	9.245680E+00
1.882729120000E+05	9.186635E+00
1.910724510000E+05	9.201714E+00
1.938719900000E+05	9.134050E+00
1.966715290000E+05	9.110838E+00
1.994710690000E+05	9.067530E+00
2.022706080000E+05	9.219588E+00
2.050701470000E+05	9.132829E+00
2.078696860000E+05	9.148009E+00
2.106692250000E+05	9.156794E+00
2.134687650000E+05	9.174820E+00
2.162683040000E+05	9.143799E+00
2.190678430000E+05	9.143767E+00
2.218673820000E+05	9.156000E+00
2.246669220000E+05	9.167611E+00
2.274664610000E+05	9.168589E+00
2.302660000000E+05	9.129142E+00
2.302670000000E+05	9.139479E+00
2.376352940000E+05	9.118841E+00
2.450035880000E+05	9.212427E+00
2.523718820000E+05	9.143475E+00
2.597401760000E+05	9.080656E+00
2.671084710000E+05	9.093375E+00
2.744767650000E+05	9.077002E+00
2.818450590000E+05	9.116493E+00
2.892133530000E+05	9.080552E+00
2.965816470000E+05	9.043772E+00
3.039499410000E+05	9.138253E+00
3.113182350000E+05	9.153545E+00
3.186865290000E+05	9.074563E+00
3.260548240000E+05	9.159974E+00
3.334231180000E+05	9.091960E+00
3.407914120000E+05	9.144642E+00
3.481597060000E+05	9.228423E+00
3.555280000000E+05	9.138766E+00
3.628962940000E+05	9.073318E+00
3.702645880000E+05	9.146448E+00
3.776328820000E+05	9.100998E+00
3.850011760000E+05	9.114625E+00
3.923694710000E+05	9.166041E+00
3.997377650000E+05	9.080976E+00
4.071060590000E+05	9.106137E+00
4.144743530000E+05	9.155964E+00
4.218426470000E+05	9.133351E+00
4.292109410000E+05	9.153584E+00
4.365792350000E+05	9.117822E+00
4.439475290000E+05	9.113230E+00
4.513158240000E+05	9.137032E+00
4.586841180000E+05	9.188261E+00
4.660524120000E+05	9.100704E+00
4.734207060000E+05	9.120543E+00
4.807890000000E+05	9.119886E+00
4.881572940000E+05	9.136614E+00
4.955255880000E+05	9.170944E+00
5.028938820000E+05	9.149570E+00
5.102621760000E+05	9.091927E+00
5.176304710000E+05	9.046821E+00
5.249987650000E+05	9.088073E+00
5.323670590000E+05	9.076000E+00
5.397353530000E+05	9.190809E+00
5.471036470000E+05	9.130169E+00
5.544719410000E+05	9.165907E+00
5.618402350000E+05	9.145749E+00
5.692085290000E+05	9.181366E+00
5.765768240000E+05	9.158349E+00
5.839451180000E+05	9.151926E+00
5.913134120000E+05	9.080536E+00
5.986817060000E+05	9.186068E+00
6.060500000000E+05	9.124014E+00
6.060510000000E+05	9.107017E+00
6.254441180000E+05	9.095923E+00
6.448372350000E+05	9.108113E+00
6.642303530000E+05	9.092539E+00
6.836234710000E+05	9.135194E+00
7.030165880000E+05	9.130037E+00
7.224097060000E+05	9.137658E+00
7.418028240000E+05	9.126531E+00
7.611959410000E+05	9.162722E+00
7.805890590000E+05	9.194409E+00
7.999821760000E+05	9.101962E+00
8.193752940000E+05	9.182287E+00
8.387684120000E+05	9.130317E+00
8.581615290000E+05	9.253137E+00
8.775546470000E+05	9.229600E+00
8.969477650000E+05	9.205988E+00
9.163408820000E+05	9.205994E+00
9.357340000000E+05	9.184922E+00
9.551271180000E+05	9.139750E+00
9.745202350000E+05	9.203421E+00
9.939133530000E+05	9.095159E+00
1.013306471000E+06	9.175727E+00
1.032699588000E+06	9.184364E+00
1.052092706000E+06	9.114507E+00
1.071485824000E+06	9.172362E+00
1.090878941000E+06	9.129501E+00
1.110272059000E+06	9.143980E+00
1.129665176000E+06	9.095830E+00
1.149058294000E+06	9.185638E+00
1.168451412000E+06	9.143604E+00
1.187844529000E+06	9.187167E+00
1.207237647000E+06	9.226674E+00
1.226630765000E+06	9.106646E+00
1.246023882000E+06	9.135009E+00
1.265417000000E+06	9.166341E+00
1.284810118000E+06	9.218032E+00
1.304203235000E+06	9.079636E+00
1.323596353000E+06	9.117683E+00
1.342989471000E+06	9.186285E+00
1.362382588000E+06	9.179200E+00
1.381775706000E+06	9.123664E+00
1.401168824000E+06	9.211045E+00
1.420561941000E+06	9.117158E+00
1.439955059000E+06	9.171747E+00
1.459348176000E+06	9.101144E+00
1.478741294000E+06	9.186863E+00
1.498134412000E+06	9.121975E+00
1.517527529000E+06	9.124231E+00
1.536920647000E+06	9.114541E+00
1.556313765000E+06	9.145296E+00
1.575706882000E+06	9.179440E+00
1.595100000000E+06	9.171560E+00
1.595100000000E+06	9.177883E+00
1.646141765000E+06	9.172922E+00
1.697183529000E+06	9.188787E+00
1.748225294000E+06	9.159585E+00
1.799267059000E+06	9.128460E+00
1.850308824000E+06	9.137576E+00
1.901350588000E+06	9.203513E+00
1.952392353000E+06	9.107450E+00
2.003434118000E+06	9.169011E+00
2.054475882000E+06	9.122807E+00
2.105517647000E+06	9.257443E+00
2.156559412000E+06	9.201284E+00
2.207601176000E+06	9.196988E+00
2.258642941000E+06	9.194279E+00
2.309684706000E+06	9.105695E+00
2.360726471000E+06	9.215262E+00
2.411768235000E+06	9.162312E+00
2.462810000000E+06	9.252478E+00
2.513851765000E+06	9.199044E+00
2.564893529000E+06	9.110947E+00
2.615935294000E+06	9.234811E+00
2.666977059000E+06	9.186355E+00
2.718018824000E+06	9.214047E+00
2.769060588000E+06	9.161222E+00
2.820102353000E+06	9.112108E+00
2.871144118000E+06	9.163848E+00
2.922185882000E+06	9.233498E+00
2.973227647000E+06	9.206257E+00
3.024269412000E+06	9.210202E+00
3.075311176000E+06	9.098683E+00
3.126352941000E+06	9.147295E+00
3.177394706000E+06	9.187006E+00
3.228436471000E+06	9.208277E+00
3.279478235000E+06	9.202105E+00
3.330520000000E+06	9.183751E+00
3.381561765000E+06	9.192440E+00
3.432603529000E+06	9.183740E+00
3.483645294000E+06	9.162903E+00
3.534687059000E+06	9.218495E+00
3.585728824000E+06	9.139341E+00
3.636770588000E+06	9.249357E+00
3.687812353000E+06	9.205799E+00
3.738854118000E+06	9.156555E+00
3.789895882000E+06	9.179296E+00
3.840937647000E+06	9.217196E+00
3.891979412000E+06	9.238865E+00
3.943021176000E+06	9.161180E+00
3.994062941000E+06	9.246539E+00
4.045104706000E+06	9.164267E+00
4.096146471000E+06	9.244804E+00
4.147188235000E+06	9.208212E+00
4.198230000000E+06	9.166958E+00
4.198230000000E+06	9.215816E+00
4.332570588000E+06	9.227770E+00
4.466911176000E+06	9.204872E+00
4.601251765000E+06	9.220978E+00
4.735592353000E+06	9.208598E+00
4.869932941000E+06	9.250463E+00
5.004273529000E+06	9.268972E+00
5.138614118000E+06	9.254144E+00
5.272954706000E+06	9.230758E+00
5.407295294000E+06	9.248816E+00
5.541635882000E+06	9.213928E+00
5.675976471000E+06	9.206117E+00
5.810317059000E+06	9.247097E+00
5.944657647000E+06	9.259700E+00
6.078998235000E+06	9.193126E+00
6.213338824000E+06	9.224191E+00
6.347679412000E+06	9.269638E+00
6.482020000000E+06	9.302941E+00
6.616360588000E+06	9.261986E+00
6.750701176000E+06	9.271923E+00
6.885041765000E+06	9.296534E+00
7.019382353000E+06	9.236920E+00
7.153722941000E+06	9.279364E+00
7.288063529000E+06	9.309944E+00
7.422404118000E+06	9.361002E+00
7.556744706000E+06	9.249241E+00
7.691085294000E+06	9.328630E+00
7.825425882000E+06	9.285336E+00
7.959766471000E+06	9.364208E+00
8.094107059000E+06	9.349331E+00
8.228447647000E+06	9.258845E+00
8.362788235000E+06	9.334327E+00
8.497128824000E+06	9.336590E+00
8.631469412000E+06	9.374209E+00
8.765810000000E+06	9.335649E+00
8.900150588000E+06	9.398735E+00
9.034491176000E+06	9.354005E+00
9.168831765000E+06	9.315866E+00
9.303172353000E+06	9.333487E+00
9.437512941000E+06	9.412590E+00
9.571853529000E+06	9.359200E+00
9.706194118000E+06	9.447249E+00
9.840534706000E+06	9.419333E+00
9.974875294000E+06	9.382084E+00
1.010921588200E+07	9.408833E+00
1.024355647100E+07	9.445070E+00
1.037789705900E+07	9.374602E+00
1.051223764700E+07	9.453959E+00
1.064657823500E+07	9.463343E+00
1.078091882400E+07	9.500711E+00
1.091525941200E+07	9.461102E+00
1.104960000000E+07	9.466332E+00
1.104960000000E+07	9.499619E+00
1.140317451000E+07	9.526091E+00
1.175674902000E+07	9.499846E+00
1.211032352900E+07	9.556104E+00
1.246389803900E+07	9.556247E+00
1.281747254900E+07	9.647728E+00
1.317104705900E+07	9.591420E+00
1.352462156900E+07	9.669348E+00
1.387819607800E+07	9.702646E+00
1.423177058800E+07	9.705832E+00
1.458534509800E+07	9.717608E+00
1.493891960800E+07	9.879253E+00
1.529249411800E+07	9.821584E+00
1.564606862700E+07	9.801844E+00
1.599964313700E+07	9.888641E+00
1.635321764700E+07	9.957955E+00
1.670679215700E+07	9.959659E+00
1.706036666700E+07	9.972979E+00
1.741394117600E+07	1.007239E+01
1.776751568600E+07	1.003935E+01
1.812109019600E+07	1.009062E+01
1.847466470600E+07	1.012119E+01
1.882823921600E+07	1.018429E+01
1.918181372500E+07	1.017813E+01
1.953538823500E+07	1.017058E+01
1.988896274500E+07	1.025592E+01
2.024253725500E+07	1.032022E+01
2.059611176500E+07	1.036511E+01
2.094968627500E+07	1.043960E+01
2.130326078400E+07	1.045576E+01
2.165683529400E+07	1.046702E+01
2.201040980400E+07	1.047294E+01
2.236398431400E+07	1.056910E+01
2.271755882400E+07	1.063638E+01
2.307113333300E+07	1.065426E+01
2.342470784300E+07	1.067251E+01
2.377828235300E+07	1.081653E+01
2.413185686300E+07	1.080371E+01
2.448543137300E+07	1.087838E+01
2.483900588200E+07	1.090209E+01
2.519258039200E+07	1.091988E+01
2.554615490200E+07	1.101085E+01
2.589972941200E+07	1.100669E+01
2.625330392200E+07	1.101096E+01
2.660687843100E+07	1.120125E+01
2.696045294100E+07	1.117818E+01
2.731402745100E+07	1.122558E+01
2.766760196100E+07	1.122350E+01
2.802117647100E+07	1.139408E+01
2.837475098000E+07	1.139462E+01
2.872832549000E+07	1.146187E+01
2.908190000000E+07	1.160419E+01
2.908190000000E+07	1.153596E+01
3.001249803900E+07	1.161913E+01
3.094309607800E+07	1.178225E+01
3.187369411800E+07	1.189767E+01
3.280429215700E+07	1.203432E+01
3.373489019600E+07	1.211172E+01
3.466548823500E+07	1.224028E+01
3.559608627500E+07	1.239173E+01
3.652668431400E+07	1.250088E+01
3.745728235300E+07	1.258545E+01
3.838788039200E+07	1.265455E+01
3.931847843100E+07	1.260494E+01
4.024907647100E+07	1.264348E+01
4.117967451000E+07	1.270800E+01
4.211027254900E+07	1.266897E+01
4.304087058800E+07	1.259284E+01
4.397146862700E+07	1.250674E+01
4.490206666700E+07	1.240227E+01
4.583266470600E+07	1.229916E+01
4.676326274500E+07	1.205506E+01
4.769386078400E+07	1.187641E+01
4.862445882400E+07	1.157465E+01
4.955505686300E+07	1.137683E+01
5.048565490200E+07	1.105391E+01
5.141625294100E+07	1.082209E+01
5.234685098000E+07	1.047412E+01
5.327744902000E+07	1.016414E+01
5.420804705900E+07	9.853011E+00
5.513864509800E+07	9.506325E+00
5.606924313700E+07	9.173287E+00
5.699984117600E+07	8.825047E+00
5.793043921600E+07	8.485916E+00
5.886103725500E+07	8.131110E+00
5.979163529400E+07	7.827690E+00
6.072223333300E+07	7.415047E+00
6.165283137300E+07	7.084858E+00
6.258342941200E+07	6.740592E+00
6.351402745100E+07	6.399717E+00
6.444462549000E+07	6.101141E+00
6.537522352900E+07	5.732914E+00
6.630582156900E+07	5.444235E+00
6.723641960800E+07	5.070962E+00
6.816701764700E+07	4.819819E+00
6.909761568600E+07	4.478274E+00
7.002821372500E+07	4.176651E+00
7.095881176500E+07	3.923688E+00
7.188940980400E+07	3.600733E+00
7.282000784300E+07	3.280357E+00
7.375060588200E+07	3.013821E+00
7.468120392200E+07	2.792543E+00
7.561180196100E+07	2.533343E+00
7.654240000000E+07	2.305395E+00
7.654240000000E+07	2.173439E+00
7.899168627500E+07	1.696254E+00
8.144097254900E+07	1.109104E+00
8.389025882400E+07	4.864011E-01
8.633954509800E+07	-1.123673E-01
8.878883137300E+07	-5.839509E-01
9.123811764700E+07	-1.056747E+00
9.368740392200E+07	-1.444920E+00
9.613669019600E+07	-1.964253E+00
9.858597647100E+07	-2.351636E+00
1.010352627450E+08	-2.853896E+00
1.034845490200E+08	-3.186685E+00
1.059338352940E+08	-3.707770E+00
1.083831215690E+08	-3.991531E+00
1.108324078430E+08	-4.594359E+00
1.132816941180E+08	-5.025054E+00
1.157309803920E+08	-5.476088E+00
1.181802666670E+08	-5.909927E+00
1.206295529410E+08	-6.488852E+00
1.230788392160E+08	-6.871697E+00
1.255281254900E+08	-7.301869E+00
1.279774117650E+08	-8.094140E+00
1.304266980390E+08	-8.211395E+00
1.328759843140E+08	-8.950500E+00
1.353252705880E+08	-9.717624E+00
1.377745568630E+08	-1.006988E+01
1.402238431370E+08	-1.042111E+01
1.426731294120E+08	-1.060183E+01
1.451224156860E+08	-1.144473E+01
1.475717019610E+08	-1.145942E+01
1.500209882350E+08	-1.221118E+01
1.524702745100E+08	-1.230724E+01
1.549195607840E+08	-1.245012E+01
1.573688470590E+08	-1.293468E+01
1.598181333330E+08	-1.328895E+01
1.622674196080E+08	-1.297228E+01
1.647167058820E+08	-1.416056E+01
1.671659921570E+08	-1.385846E+01
1.696152784310E+08	-1.431553E+01
1.720645647060E+08	-1.400999E+01
1.745138509800E+08	-1.449555E+01
1.769631372550E+08	-1.464529E+01
1.794124235290E+08	-1.446986E+01
1.818617098040E+08	-1.472927E+01
1.843109960780E+08	-1.429169E+01
1.867602823530E+08	-1.474924E+01
1.892095686270E+08	-1.413962E+01
1.916588549020E+08	-1.464450E+01
1.941081411760E+08	-1.472904E+01
1.965574274510E+08	-1.520536E+01
1.990067137250E+08	-1.528530E+01
2.014560000000E+08	-1.488340E+01
