Vgs	Gm_Vds=0.01V	Gm_Vds=0.02V	Gm_Vds=0.03V	Gm_Vds=0.04V	Gm_Vds=0.05V	Gm_Vds=0.06V	Gm_Vds=0.07V	Gm_Vds=0.08V	Gm_Vds=0.09V	Gm_Vds=0.10V
-0.295	-3.6615e-09	-3.6863e-09	-3.876e-09	-3.6078e-09	-3.4317e-09	-3.579e-09	-4.1339e-09	-4.8194e-09	-3.8552e-09	-3.688e-09
-0.29	-3.6055e-09	-3.6702e-09	-3.7183e-09	-3.6055e-09	-3.6559e-09	-3.656e-09	-4.185e-09	-4.5453e-09	-3.9469e-09	-3.87e-09
-0.285	-3.5171e-09	-3.5052e-09	-3.5844e-09	-3.5609e-09	-3.7539e-09	-3.7098e-09	-4.073e-09	-4.2479e-09	-3.9367e-09	-3.8772e-09
-0.28	-3.28e-09	-3.3811e-09	-3.5346e-09	-3.5949e-09	-3.7464e-09	-3.6798e-09	-3.8737e-09	-3.7692e-09	-3.9119e-09	-3.6796e-09
-0.275	-3.0867e-09	-3.2714e-09	-3.337e-09	-3.5928e-09	-3.7734e-09	-3.6187e-09	-3.8185e-09	-3.4319e-09	-3.9232e-09	-3.674e-09
-0.27	-3.111e-09	-2.9947e-09	-3.1114e-09	-3.3623e-09	-3.6082e-09	-3.5352e-09	-3.7619e-09	-3.6451e-09	-3.767e-09	-3.7674e-09
-0.265	-3.0239e-09	-2.8364e-09	-3.191e-09	-3.2363e-09	-3.2333e-09	-3.4058e-09	-3.5124e-09	-3.8304e-09	-3.5599e-09	-3.5828e-09
-0.26	-2.7687e-09	-2.9424e-09	-3.2233e-09	-3.2612e-09	-3.0964e-09	-3.3176e-09	-3.3483e-09	-3.6886e-09	-3.5553e-09	-3.437e-09
-0.255	-2.7306e-09	-2.9403e-09	-2.9419e-09	-3.0542e-09	-3.1496e-09	-3.264e-09	-3.3503e-09	-3.7142e-09	-3.5034e-09	-3.5223e-09
-0.25	-2.7508e-09	-2.7583e-09	-2.8525e-09	-2.8316e-09	-2.9951e-09	-3.117e-09	-3.2072e-09	-3.7417e-09	-3.2811e-09	-3.43e-09
-0.245	-2.5226e-09	-2.7131e-09	-2.9982e-09	-2.9041e-09	-2.8338e-09	-3.0498e-09	-2.9578e-09	-3.4429e-09	-3.1575e-09	-3.1536e-09
-0.24	-2.3791e-09	-2.7087e-09	-2.8288e-09	-2.8857e-09	-2.9078e-09	-3.0942e-09	-2.9277e-09	-2.9827e-09	-3.1459e-09	-3.0733e-09
-0.235	-2.4577e-09	-2.5168e-09	-2.5734e-09	-2.6576e-09	-2.865e-09	-2.9646e-09	-2.9668e-09	-2.7922e-09	-3.0331e-09	-3.1172e-09
-0.23	-2.3588e-09	-2.3339e-09	-2.6366e-09	-2.6364e-09	-2.627e-09	-2.8013e-09	-2.8204e-09	-3.0073e-09	-2.9135e-09	-2.9768e-09
-0.225	-2.139e-09	-2.3811e-09	-2.6538e-09	-2.7151e-09	-2.6087e-09	-2.8407e-09	-2.8198e-09	-2.9931e-09	-3.015e-09	-2.8516e-09
-0.22	-2.1572e-09	-2.3987e-09	-2.386e-09	-2.5491e-09	-2.6856e-09	-2.7859e-09	-2.9964e-09	-2.7476e-09	-3.0542e-09	-2.9481e-09
-0.215	-2.1612e-09	-2.2339e-09	-2.259e-09	-2.3924e-09	-2.5161e-09	-2.5631e-09	-2.9165e-09	-2.9055e-09	-2.79e-09	-2.8527e-09
-0.21	-2.0128e-09	-2.2005e-09	-2.3089e-09	-2.4745e-09	-2.3972e-09	-2.5051e-09	-2.7655e-09	-3.0479e-09	-2.5884e-09	-2.5672e-09
-0.205	-2.0466e-09	-2.2051e-09	-2.1267e-09	-2.4399e-09	-2.4921e-09	-2.5195e-09	-2.7988e-09	-2.7189e-09	-2.6823e-09	-2.6245e-09
-0.2	-2.1319e-09	-2.0219e-09	-1.9834e-09	-2.224e-09	-2.4059e-09	-2.234e-09	-2.6464e-09	-2.6166e-09	-2.6746e-09	-2.7748e-09
-0.195	-1.9845e-09	-1.9205e-09	-2.0895e-09	-2.21e-09	-2.1025e-09	-1.9082e-09	-2.3623e-09	-2.7255e-09	-2.472e-09	-2.561e-09
-0.19	-1.8839e-09	-1.9714e-09	-2.0184e-09	-2.1928e-09	-2.0679e-09	-2.0125e-09	-2.3582e-09	-2.51e-09	-2.3468e-09	-2.4661e-09
-0.185	-1.9074e-09	-1.8843e-09	-1.834e-09	-1.9646e-09	-2.2149e-09	-2.219e-09	-2.3692e-09	-2.2998e-09	-2.3292e-09	-2.6878e-09
-0.18	-1.7173e-09	-1.7577e-09	-1.9075e-09	-1.9383e-09	-2.1268e-09	-2.2361e-09	-2.2078e-09	-2.2923e-09	-2.3072e-09	-2.6121e-09
-0.175	-1.5422e-09	-1.8112e-09	-1.9493e-09	-2.0336e-09	-2.0902e-09	-2.4183e-09	-2.2439e-09	-2.159e-09	-2.21e-09	-2.3005e-09
-0.17	-1.6441e-09	-1.7948e-09	-1.8007e-09	-1.8859e-09	-2.2576e-09	-2.6238e-09	-2.3416e-09	-1.988e-09	-2.2611e-09	-2.3406e-09
-0.165	-1.628e-09	-1.6019e-09	-1.8368e-09	-1.7853e-09	-2.1651e-09	-2.2868e-09	-2.1804e-09	-2.1202e-09	-2.4697e-09	-2.4494e-09
-0.16	-1.4341e-09	-1.5527e-09	-1.8502e-09	-1.8537e-09	-1.8728e-09	-1.8732e-09	-2.0592e-09	-2.2225e-09	-2.4863e-09	-2.1749e-09
-0.155	-1.4626e-09	-1.6279e-09	-1.5768e-09	-1.7361e-09	-1.7996e-09	-1.8859e-09	-2.0416e-09	-2.0781e-09	-2.2709e-09	-1.9598e-09
-0.15	-1.5469e-09	-1.5195e-09	-1.446e-09	-1.583e-09	-1.7535e-09	-1.8599e-09	-1.8313e-09	-2.0602e-09	-2.1639e-09	-2.0547e-09
-0.145	-1.3642e-09	-1.4029e-09	-1.5444e-09	-1.6644e-09	-1.636e-09	-1.7842e-09	-1.7105e-09	-2.0486e-09	-2.1427e-09	-2.0601e-09
-0.14	-1.2539e-09	-1.4821e-09	-1.5033e-09	-1.7184e-09	-1.6755e-09	-1.8883e-09	-1.864e-09	-1.8356e-09	-2.0556e-09	-1.964e-09
-0.135	-1.3839e-09	-1.4506e-09	-1.425e-09	-1.6105e-09	-1.6871e-09	-1.839e-09	-1.8721e-09	-1.7931e-09	-2.0622e-09	-2.0734e-09
-0.13	-1.3716e-09	-1.3051e-09	-1.5822e-09	-1.587e-09	-1.5375e-09	-1.5937e-09	-1.7766e-09	-1.8941e-09	-2.0085e-09	-1.9602e-09
-0.125	-1.2308e-09	-1.3503e-09	-1.6403e-09	-1.6131e-09	-1.5397e-09	-1.5856e-09	-1.8679e-09	-1.7848e-09	-1.8148e-09	-1.6552e-09
-0.12	-1.2628e-09	-1.3926e-09	-1.4298e-09	-1.3273e-09	-1.6314e-09	-1.6539e-09	-1.836e-09	-1.6664e-09	-1.8092e-09	-1.7567e-09
-0.115	-1.2683e-09	-1.2513e-09	-1.3346e-09	-1.0445e-09	-1.5123e-09	-1.5565e-09	-1.5431e-09	-1.7337e-09	-1.8197e-09	-1.813e-09
-0.11	-1.0579e-09	-1.2287e-09	-1.3974e-09	-1.2581e-09	-1.4402e-09	-1.6041e-09	-1.4715e-09	-1.6697e-09	-1.5719e-09	-1.5356e-09
-0.105	-9.86e-10	-1.346e-09	-1.2937e-09	-1.4125e-09	-1.5109e-09	-1.6734e-09	-1.6196e-09	-1.4966e-09	-1.5234e-09	-1.4441e-09
-0.1	-1.1189e-09	-1.2372e-09	-1.1522e-09	-1.247e-09	-1.3743e-09	-1.486e-09	-1.4797e-09	-1.5393e-09	-1.69e-09	-1.5087e-09
-0.095	-1.0878e-09	-1.0806e-09	-1.2152e-09	-1.3632e-09	-1.2052e-09	-1.329e-09	-1.2878e-09	-1.5744e-09	-1.5564e-09	-1.4339e-09
-0.09	-1.0208e-09	-1.1658e-09	-1.1731e-09	-1.5593e-09	-1.3028e-09	-1.3706e-09	-1.4483e-09	-1.4094e-09	-1.457e-09	-1.4248e-09
-0.085	-1.1263e-09	-1.1523e-09	-1.0117e-09	-1.2831e-09	-1.2672e-09	-1.0145e-09	-1.5181e-09	-1.375e-09	-1.6531e-09	-1.5725e-09
-0.08	-1.0734e-09	-9.619e-10	-1.0494e-09	-1.0084e-09	-1.0644e-09	-4.685e-10	-1.2868e-09	-1.4795e-09	-1.6202e-09	-1.7937e-09
-0.075	-8.209e-10	-9.826e-10	-1.0713e-09	-1.0769e-09	-1.1515e-09	-7.013e-10	-1.2739e-09	-1.3848e-09	-1.3573e-09	-1.839e-09
-0.07	-7.944e-10	-1.0766e-09	-9.589e-10	-9.194e-10	-1.3076e-09	-1.146e-09	-1.3874e-09	-1.297e-09	-1.3522e-09	-1.6574e-09
-0.065	-9.042e-10	-9.463e-10	-1.0105e-09	-6.574e-10	-1.1747e-09	-1.1207e-09	-1.1319e-09	-1.4019e-09	-1.3879e-09	-1.615e-09
-0.06	-8.285e-10	-8.823e-10	-1.1052e-09	-8.868e-10	-1.0732e-09	-1.3634e-09	-9.378e-10	-1.3551e-09	-1.154e-09	-1.5519e-09
-0.055	-8.174e-10	-9.721e-10	-9.707e-10	-1.1334e-09	-1.1766e-09	-1.8196e-09	-1.0947e-09	-1.1485e-09	-1.1209e-09	-1.4398e-09
-0.05	-9.525e-10	-9.154e-10	-8.631e-10	-1.0237e-09	-1.0884e-09	-1.5864e-09	-1.0986e-09	-9.851e-10	-1.3613e-09	-1.5239e-09
-0.045	-8.921e-10	-8.255e-10	-9.045e-10	-1.1251e-09	-9.003e-10	-1.1374e-09	-1.0189e-09	-9.507e-10	-1.3268e-09	-1.4374e-09
-0.04	-7.252e-10	-9.06e-10	-8.511e-10	-1.3703e-09	-9.808e-10	-1.1448e-09	-1.2219e-09	-9.933e-10	-1.1134e-09	-1.1629e-09
-0.035	-7.815e-10	-9.098e-10	-8.141e-10	-1.1263e-09	-1.1235e-09	-1.0593e-09	-1.3231e-09	-9.895e-10	-1.1423e-09	-1.1784e-09
-0.03	-8.555e-10	-7.693e-10	-9.689e-10	-8.369e-10	-1.0447e-09	-7.848e-10	-1.1154e-09	-9.734e-10	-1.1337e-09	-1.1902e-09
-0.025	-7.521e-10	-8.113e-10	-1.0562e-09	-9.368e-10	-9.73e-10	-8.629e-10	-1.0754e-09	-9.844e-10	-8.903e-10	-9.77e-10
-0.02	-7.952e-10	-9.043e-10	-9.221e-10	-9.644e-10	-1.0268e-09	-9.814e-10	-1.1567e-09	-9.934e-10	-9.104e-10	-1.0294e-09
-0.015	-9.188e-10	-7.597e-10	-8.821e-10	-8.137e-10	-9.096e-10	-8.505e-10	-9.618e-10	-9.936e-10	-1.1768e-09	-1.2008e-09
-0.01	-7.691e-10	-6.949e-10	-9.418e-10	-8.381e-10	-7.491e-10	-9.455e-10	-5.802e-10	-1.1338e-09	-1.1585e-09	-1.0407e-09
-0.005	-6.26e-10	-8.153e-10	-8.083e-10	-9.324e-10	-8.416e-10	-1.2059e-09	-5.052e-10	-1.2493e-09	-1.0196e-09	-9.021e-10
0	-7.464e-10	-7.596e-10	-7.185e-10	-7.842e-10	-9.19e-10	-1.0975e-09	-7.711e-10	-1.3032e-09	-1.0853e-09	-1.1014e-09
0.005	-7.486e-10	-6.124e-10	-8.671e-10	-7.089e-10	-7.795e-10	-8.921e-10	-8.362e-10	-1.3797e-09	-1.0394e-09	-1.0793e-09
0.01	-5.865e-10	-7.057e-10	-7.232e-10	-8.473e-10	-6.754e-10	-9.361e-10	-8.673e-10	-1.2098e-09	-7.873e-10	-8.109e-10
0.015	-6.411e-10	-8.077e-10	-3.5e-10	-7.921e-10	-6.04e-10	-9.516e-10	-1.1204e-09	-8.064e-10	-8.122e-10	-8.998e-10
0.02	-7.369e-10	-6.815e-10	-4.559e-10	-6.361e-10	-4.65e-10	-8.354e-10	-1.1442e-09	-6.623e-10	-9.955e-10	-1.0696e-09
0.025	-6.154e-10	-6.546e-10	-6.978e-10	-7.053e-10	-5.104e-10	-7.574e-10	-8.813e-10	-8.013e-10	-9.05e-10	-9.33e-10
0.03	-5.396e-10	-7.649e-10	-6.268e-10	-7.541e-10	-7.214e-10	-7.741e-10	-8.387e-10	-7.216e-10	-8.353e-10	-9.248e-10
0.035	-6.363e-10	-6.848e-10	-7.605e-10	-6.405e-10	-8.129e-10	-7.073e-10	-9.113e-10	-6.935e-10	-9.42e-10	-1.0727e-09
0.04	-6.383e-10	-5.737e-10	-1.0816e-09	-7.013e-10	-8.806e-10	-6.331e-10	-8.548e-10	-9.82e-10	-8.735e-10	-8.993e-10
0.045	-5.436e-10	-6.711e-10	-9.479e-10	-8.663e-10	-9.949e-10	-7.578e-10	-8.901e-10	-9.715e-10	-7.27e-10	-6.911e-10
0.05	-6.155e-10	-6.789e-10	-6.495e-10	-8.004e-10	-9.365e-10	-7.834e-10	-9.014e-10	-6.26e-10	-7.867e-10	-7.804e-10
0.055	-7.1e-10	-5.595e-10	-6.741e-10	-7.192e-10	-7.496e-10	-6.342e-10	-7.353e-10	-6.053e-10	-7.592e-10	-8.059e-10
0.06	-6.265e-10	-6.509e-10	-6.836e-10	-7.954e-10	-7.257e-10	-7.261e-10	-5.85e-10	-6.797e-10	-5.875e-10	-7.154e-10
0.065	-6.254e-10	-7.384e-10	-5.411e-10	-7.219e-10	-7.939e-10	-8.488e-10	-6.664e-10	-5.077e-10	-6.683e-10	-8.303e-10
0.07	-7.463e-10	-6.079e-10	-6.236e-10	-5.48e-10	-7.074e-10	-6.803e-10	-7.507e-10	-5.946e-10	-8.989e-10	-8.848e-10
0.075	-6.736e-10	-5.502e-10	-8.044e-10	-6.153e-10	-5.884e-10	-6.78e-10	-6.706e-10	-8.909e-10	-7.689e-10	-5.659e-10
0.08	-5.687e-10	-6.341e-10	-7.223e-10	-6.337e-10	-6.197e-10	-8.858e-10	-6.453e-10	-7.647e-10	-5.688e-10	-3.679e-10
0.085	-6.785e-10	-5.118e-10	-6.323e-10	-4.952e-10	-6.895e-10	-7.489e-10	-6.66e-10	-5.222e-10	-8.06e-10	-5.177e-10
0.09	-6.924e-10	-3.642e-10	-7.419e-10	-6.157e-10	-6.783e-10	-4.844e-10	-6.678e-10	-6.649e-10	-8.83e-10	-5.409e-10
0.095	-5.185e-10	-6.225e-10	-6.085e-10	-7.176e-10	-7.151e-10	-5.6e-10	-6.784e-10	-7.834e-10	-5.926e-10	-5.159e-10
0.1	-5.623e-10	-8.33e-10	-3.692e-10	-5.7e-10	-7.956e-10	-6.713e-10	-6.881e-10	-4.641e-10	-7.122e-10	-7.502e-10
0.105	-7.489e-10	-7.222e-10	-5.665e-10	-6.402e-10	-7.226e-10	-5.88e-10	-6.783e-10	-3.882e-10	-1.0288e-09	-9.258e-10
0.11	-7.088e-10	-8.113e-10	-7.58e-10	-6.968e-10	-6.299e-10	-6.526e-10	-7.341e-10	-8.006e-10	-8.301e-10	-8.19e-10
0.115	-7.022e-10	-1.0121e-09	-6.279e-10	-4.637e-10	-6.92e-10	-8.818e-10	-7.864e-10	-7.838e-10	-6.346e-10	-7.557e-10
0.12	-8.938e-10	-8.18e-10	-7.064e-10	-5.102e-10	-6.986e-10	-8.413e-10	-5.327e-10	-5.292e-10	-7.912e-10	-8.375e-10
0.125	-8.586e-10	-6.661e-10	-9.476e-10	-8.371e-10	-4.854e-10	-5.257e-10	-2.733e-10	-8.392e-10	-7.921e-10	-7.912e-10
0.13	-6.58e-10	-8.388e-10	-8.247e-10	-9.3e-10	-4.502e-10	-4.324e-10	-5.316e-10	-1.0421e-09	-6.17e-10	-6.314e-10
0.135	-7.273e-10	-8.423e-10	-6.703e-10	-8.924e-10	-5.169e-10	-5.637e-10	-5.299e-10	-6.874e-10	-6.693e-10	-6.658e-10
0.14	-8.071e-10	-7.022e-10	-7.731e-10	-9.663e-10	-3.691e-10	-5.234e-10	-1.088e-10	-6.663e-10	-7.066e-10	-7.157e-10
0.145	-6.995e-10	-7.766e-10	-7.959e-10	-9.882e-10	-5.292e-10	-5.768e-10	-4.494e-10	-8.061e-10	-4.831e-10	-5.677e-10
0.15	-8.016e-10	-8.362e-10	-7.091e-10	-8.045e-10	-9.652e-10	-9.072e-10	-1.0533e-09	-5.723e-10	-4.811e-10	-6.184e-10
0.155	-9.914e-10	-6.985e-10	-7.586e-10	-6.189e-10	-1.0705e-09	-9.981e-10	-9.039e-10	-1.273e-10	-6.439e-10	-7.859e-10
0.16	-8.861e-10	-7.225e-10	-8.528e-10	-7.518e-10	-1.0196e-09	-7.578e-10	-7.727e-10	3.1e-12	-5.555e-10	-4.907e-10
0.165	-8.094e-10	-9.034e-10	-7.881e-10	-8.628e-10	-1.1142e-09	-6.55e-10	-1.0674e-09	-4.005e-10	-5.569e-10	-2.121e-10
0.17	-9.631e-10	-8.938e-10	-7.772e-10	-7.071e-10	-9.289e-10	-6.834e-10	-1.0164e-09	-6.744e-10	-7.3e-10	-5.67e-10
0.175	-9.571e-10	-8.857e-10	-9.246e-10	-7.458e-10	-6.18e-10	-6.551e-10	-7.161e-10	-8.228e-10	-6.091e-10	-7.642e-10
0.18	-8.606e-10	-1.063e-09	-9.54e-10	-9.302e-10	-6.812e-10	-7.216e-10	-7.392e-10	-1.2856e-09	-4.477e-10	-6.207e-10
0.185	-1.0582e-09	-1.0652e-09	-9.01e-10	-8.4e-10	-8.053e-10	-8.782e-10	-1.0012e-09	-1.4571e-09	-4.49e-10	-8.591e-10
0.19	-1.2552e-09	-9.311e-10	-1.0524e-09	-7.71e-10	-7.494e-10	-8.282e-10	-9.956e-10	-1.021e-09	-3.928e-10	-1.1293e-09
0.195	-1.1374e-09	-1.0419e-09	-1.1137e-09	-9.868e-10	-8.151e-10	-6.673e-10	-8.061e-10	-7.85e-10	-4.958e-10	-8.431e-10
0.2	-1.1054e-09	-1.1664e-09	-9.07e-10	-1.0361e-09	-1.0187e-09	-7.576e-10	-7.651e-10	-7.159e-10	-7.349e-10	-6.02e-10
0.205	-1.2524e-09	-1.0642e-09	-9.161e-10	-8.795e-10	-9.913e-10	-8.572e-10	-6.108e-10	-7.002e-10	-8.56e-10	-7.025e-10
0.21	-1.2023e-09	-1.1044e-09	-1.1254e-09	-9.285e-10	-8.934e-10	-8.677e-10	-4.641e-10	-9.35e-10	-9.895e-10	-6.908e-10
0.215	-1.1363e-09	-1.3062e-09	-1.0889e-09	-1.073e-09	-9.662e-10	-1.1367e-09	-6.099e-10	-9.503e-10	-1.1362e-09	-6.914e-10
0.22	-1.3825e-09	-1.2844e-09	-1.0631e-09	-1.0033e-09	-9.53e-10	-1.3188e-09	-7.758e-10	-7.683e-10	-1.1228e-09	-8.833e-10
0.225	-1.5908e-09	-1.2038e-09	-1.305e-09	-9.841e-10	-8.785e-10	-1.1025e-09	-8.193e-10	-8.514e-10	-1.015e-09	-9.848e-10
0.23	-1.5486e-09	-1.3846e-09	-1.353e-09	-1.1941e-09	-9.972e-10	-1.0169e-09	-9.878e-10	-9.995e-10	-8.473e-10	-8.972e-10
0.235	-1.6347e-09	-1.4878e-09	-1.1911e-09	-1.2587e-09	-1.1571e-09	-1.0659e-09	-1.179e-09	-9.173e-10	-7.676e-10	-8.862e-10
0.24	-1.7824e-09	-1.3516e-09	-1.2595e-09	-1.2056e-09	-1.1512e-09	-9.632e-10	-1.1925e-09	-9.441e-10	-7.189e-10	-9.36e-10
0.245	-1.6872e-09	-1.4237e-09	-1.4245e-09	-1.3533e-09	-1.1833e-09	-1.0257e-09	-1.2011e-09	-1.204e-09	-4.736e-10	-7.327e-10
0.25	-1.6458e-09	-1.6543e-09	-1.3926e-09	-1.4618e-09	-1.3593e-09	-1.268e-09	-1.3288e-09	-1.2433e-09	-5.619e-10	-4.979e-10
0.255	-1.8736e-09	-1.6785e-09	-1.4389e-09	-1.3586e-09	-1.3749e-09	-1.3013e-09	-1.3738e-09	-1.0563e-09	-1.058e-09	-6.295e-10
0.26	-1.9942e-09	-1.7169e-09	-1.6817e-09	-1.4435e-09	-1.2896e-09	-1.2229e-09	-1.2551e-09	-1.0698e-09	-1.2394e-09	-8.021e-10
0.265	-1.9895e-09	-1.945e-09	-1.7714e-09	-1.6617e-09	-1.4228e-09	-1.1754e-09	-1.2385e-09	-1.0902e-09	-1.264e-09	-7.999e-10
0.27	-2.2034e-09	-2.0061e-09	-1.7358e-09	-1.6236e-09	-1.5763e-09	-1.0736e-09	-1.288e-09	-9.474e-10	-1.5624e-09	-9.972e-10
0.275	-2.4184e-09	-1.9518e-09	-1.861e-09	-1.5639e-09	-1.4752e-09	-1.1424e-09	-1.1597e-09	-1.0293e-09	-1.5568e-09	-1.2807e-09
0.28	-2.4155e-09	-2.1397e-09	-1.9926e-09	-1.7402e-09	-1.432e-09	-1.3972e-09	-1.0989e-09	-1.2823e-09	-1.1489e-09	-1.2335e-09
0.285	-2.5024e-09	-2.3584e-09	-1.9784e-09	-1.8494e-09	-1.6738e-09	-1.6189e-09	-1.2894e-09	-1.3169e-09	-1.0633e-09	-1.2096e-09
0.29	-2.7528e-09	-2.3997e-09	-2.1223e-09	-1.7924e-09	-1.783e-09	-1.7688e-09	-1.3986e-09	-1.3442e-09	-1.2372e-09	-1.3799e-09
0.295	-2.8647e-09	-2.497e-09	-2.4057e-09	-1.9423e-09	-1.7496e-09	-1.8842e-09	-1.4152e-09	-1.5524e-09	-1.1872e-09	-1.3165e-09
0.3	-2.928e-09	-2.7119e-09	-2.4771e-09	-2.2527e-09	-1.9934e-09	-1.9323e-09	-1.6216e-09	-1.5624e-09	-1.0803e-09	-1.1844e-09
0.305	-3.2128e-09	-2.8169e-09	-2.5037e-09	-2.3565e-09	-2.2367e-09	-1.8631e-09	-1.824e-09	-1.4409e-09	-1.268e-09	-1.3262e-09
0.31	-3.4634e-09	-2.892e-09	-2.7483e-09	-2.4203e-09	-2.1589e-09	-1.8224e-09	-1.8148e-09	-1.5457e-09	-1.4272e-09	-1.3736e-09
0.315	-3.4967e-09	-3.1692e-09	-2.8875e-09	-2.6364e-09	-2.2333e-09	-2.0135e-09	-1.8957e-09	-1.665e-09	-1.3694e-09	-1.2179e-09
0.32	-3.6631e-09	-3.4365e-09	-2.8603e-09	-2.7062e-09	-2.5074e-09	-2.2067e-09	-2.0767e-09	-1.6333e-09	-1.5326e-09	-1.2045e-09
0.325	-3.9606e-09	-3.5306e-09	-3.0945e-09	-2.6626e-09	-2.4668e-09	-2.178e-09	-2.1015e-09	-1.7898e-09	-1.8747e-09	-1.2976e-09
0.33	-4.0469e-09	-3.6812e-09	-3.408e-09	-2.8786e-09	-2.4565e-09	-2.2747e-09	-2.117e-09	-2.0612e-09	-1.9455e-09	-1.3676e-09
0.335	-4.1585e-09	-3.9306e-09	-3.4432e-09	-3.161e-09	-2.6985e-09	-2.5259e-09	-2.3246e-09	-2.0865e-09	-1.8285e-09	-1.4608e-09
0.34	-4.5503e-09	-4.0682e-09	-3.5501e-09	-3.2601e-09	-2.8052e-09	-2.4711e-09	-2.4665e-09	-2.0921e-09	-1.8684e-09	-1.6899e-09
0.345	-4.832e-09	-4.2366e-09	-3.8959e-09	-3.4613e-09	-2.9047e-09	-2.3787e-09	-2.4454e-09	-2.261e-09	-1.9693e-09	-1.917e-09
0.35	-4.946e-09	-4.5502e-09	-4.0559e-09	-3.7787e-09	-3.2495e-09	-2.7339e-09	-2.5741e-09	-2.2905e-09	-1.8098e-09	-2.0204e-09
0.355	-5.2799e-09	-4.7422e-09	-4.1098e-09	-3.8881e-09	-3.5948e-09	-3.0982e-09	-2.7934e-09	-2.2197e-09	-1.7854e-09	-2.1744e-09
0.36	-5.657e-09	-4.9018e-09	-4.4481e-09	-3.9446e-09	-3.7493e-09	-3.1847e-09	-2.8697e-09	-2.4593e-09	-2.0633e-09	-2.3217e-09
0.365	-5.8281e-09	-5.2742e-09	-4.7436e-09	-4.2318e-09	-3.9424e-09	-3.4743e-09	-2.9786e-09	-2.812e-09	-2.1897e-09	-2.2688e-09
0.37	-6.1135e-09	-5.5962e-09	-4.8315e-09	-4.4912e-09	-4.1945e-09	-3.8887e-09	-3.1206e-09	-2.8371e-09	-2.4274e-09	-2.3166e-09
0.375	-6.5662e-09	-5.7638e-09	-5.1683e-09	-4.6162e-09	-4.2571e-09	-3.9135e-09	-3.1229e-09	-2.8111e-09	-2.9972e-09	-2.5891e-09
0.38	-6.8295e-09	-6.1492e-09	-5.6413e-09	-4.9024e-09	-4.2689e-09	-3.9454e-09	-3.3005e-09	-3.0293e-09	-3.32e-09	-2.5889e-09
0.385	-7.033e-09	-6.6006e-09	-5.8618e-09	-5.2647e-09	-4.6119e-09	-4.2743e-09	-3.7307e-09	-3.2457e-09	-3.4328e-09	-2.5195e-09
0.39	-7.4747e-09	-6.7312e-09	-6.1309e-09	-5.4743e-09	-4.9986e-09	-4.5152e-09	-4.0298e-09	-3.442e-09	-3.7579e-09	-2.862e-09
0.395	-7.91e-09	-6.9497e-09	-6.6277e-09	-5.6629e-09	-5.162e-09	-4.7018e-09	-4.2452e-09	-3.8798e-09	-3.805e-09	-3.1853e-09
0.4	-8.1842e-09	-7.5156e-09	-6.9262e-09	-6.0149e-09	-5.5326e-09	-5.0834e-09	-4.6804e-09	-4.3555e-09	-3.6315e-09	-3.2219e-09
0.405	-8.5754e-09	-7.9078e-09	-7.0695e-09	-6.3851e-09	-6.0443e-09	-5.4111e-09	-5.0177e-09	-4.5613e-09	-3.6839e-09	-3.3739e-09
0.41	-9.0405e-09	-8.1375e-09	-7.4243e-09	-6.6571e-09	-6.271e-09	-5.5197e-09	-5.0152e-09	-4.6833e-09	-3.8659e-09	-3.6308e-09
0.415	-9.3888e-09	-8.6407e-09	-7.8559e-09	-7.0201e-09	-6.473e-09	-5.7778e-09	-5.1339e-09	-4.7943e-09	-4.0708e-09	-3.6129e-09
0.42	-9.7925e-09	-9.1875e-09	-8.1503e-09	-7.4154e-09	-6.8524e-09	-6.158e-09	-5.577e-09	-4.8638e-09	-4.2927e-09	-3.4538e-09
0.425	-1.02487e-08	-9.4945e-09	-8.4907e-09	-7.7389e-09	-7.0505e-09	-6.3179e-09	-5.8895e-09	-5.015e-09	-4.6413e-09	-3.6942e-09
0.43	-1.06349e-08	-9.7986e-09	-9.0046e-09	-8.1517e-09	-7.1547e-09	-6.4972e-09	-6.0117e-09	-5.3322e-09	-5.0158e-09	-4.3093e-09
0.435	-1.11512e-08	-1.01754e-08	-9.4875e-09	-8.6155e-09	-7.5956e-09	-6.9447e-09	-6.336e-09	-5.691e-09	-5.214e-09	-4.6505e-09
0.44	-1.17443e-08	-1.05415e-08	-9.872e-09	-8.9739e-09	-8.1253e-09	-7.376e-09	-6.6939e-09	-5.9951e-09	-5.2267e-09	-4.9133e-09
0.445	-1.2142e-08	-1.10133e-08	-1.02075e-08	-9.384e-09	-8.4045e-09	-7.7061e-09	-6.8772e-09	-6.3957e-09	-5.338e-09	-5.5821e-09
0.45	-1.2609e-08	-1.15504e-08	-1.05503e-08	-9.8841e-09	-8.7926e-09	-8.1737e-09	-7.2046e-09	-6.8494e-09	-5.7233e-09	-5.9423e-09
0.455	-1.3312e-08	-1.20529e-08	-1.09755e-08	-1.02714e-08	-9.4113e-09	-8.638e-09	-7.6038e-09	-7.1458e-09	-6.2298e-09	-5.8487e-09
0.46	-1.3839e-08	-1.2633e-08	-1.14785e-08	-1.06556e-08	-9.8533e-09	-8.9622e-09	-7.7899e-09	-7.3789e-09	-6.7137e-09	-6.163e-09
0.465	-1.4152e-08	-1.3238e-08	-1.2002e-08	-1.11053e-08	-1.00345e-08	-9.3076e-09	-8.163e-09	-7.7462e-09	-7.181e-09	-6.5737e-09
0.47	-1.4695e-08	-1.3685e-08	-1.26055e-08	-1.14068e-08	-1.03495e-08	-9.6969e-09	-8.8056e-09	-8.0131e-09	-7.5961e-09	-6.6648e-09
0.475	-1.5415e-08	-1.4129e-08	-1.3307e-08	-1.17839e-08	-1.08947e-08	-1.01246e-08	-9.3194e-09	-8.2617e-09	-7.8467e-09	-6.9452e-09
0.48	-1.5953e-08	-1.4783e-08	-1.3853e-08	-1.24551e-08	-1.13681e-08	-1.0666e-08	-9.7693e-09	-8.6496e-09	-7.8716e-09	-7.3536e-09
0.485	-1.6494e-08	-1.5457e-08	-1.42e-08	-1.30007e-08	-1.18422e-08	-1.11996e-08	-1.03658e-08	-9.0053e-09	-7.932e-09	-7.5558e-09
0.49	-1.7323e-08	-1.6002e-08	-1.4683e-08	-1.3511e-08	-1.24901e-08	-1.15356e-08	-1.08324e-08	-9.4226e-09	-8.4508e-09	-7.7639e-09
0.495	-1.8141e-08	-1.6594e-08	-1.5391e-08	-1.4353e-08	-1.3162e-08	-1.19296e-08	-1.10572e-08	-1.00222e-08	-9.1347e-09	-8.1857e-09
0.5	-1.8696e-08	-1.7298e-08	-1.6021e-08	-1.5005e-08	-1.3771e-08	-1.25052e-08	-1.13634e-08	-1.0705e-08	-9.604e-09	-8.7214e-09
0.505	-1.9354e-08	-1.7979e-08	-1.6583e-08	-1.5337e-08	-1.4347e-08	-1.29444e-08	-1.18329e-08	-1.13102e-08	-1.01603e-08	-9.1558e-09
0.51	-2.0212e-08	-1.8605e-08	-1.7327e-08	-1.5973e-08	-1.4819e-08	-1.34062e-08	-1.24166e-08	-1.17488e-08	-1.09085e-08	-9.5867e-09
0.515	-2.0893e-08	-1.9366e-08	-1.8117e-08	-1.6732e-08	-1.535e-08	-1.4259e-08	-1.30415e-08	-1.20522e-08	-1.14179e-08	-1.01488e-08
0.52	-2.1533e-08	-2.0217e-08	-1.865e-08	-1.7265e-08	-1.6034e-08	-1.5064e-08	-1.36619e-08	-1.25102e-08	-1.17467e-08	-1.06053e-08
0.525	-2.2497e-08	-2.0932e-08	-1.9144e-08	-1.7837e-08	-1.6607e-08	-1.5429e-08	-1.4207e-08	-1.308e-08	-1.21808e-08	-1.08268e-08
0.53	-2.3519e-08	-2.1583e-08	-1.9951e-08	-1.8615e-08	-1.7148e-08	-1.5842e-08	-1.4783e-08	-1.3581e-08	-1.26266e-08	-1.11606e-08
0.535	-2.4308e-08	-2.2429e-08	-2.0788e-08	-1.9403e-08	-1.7948e-08	-1.6569e-08	-1.5443e-08	-1.41195e-08	-1.30698e-08	-1.17455e-08
0.54	-2.5135e-08	-2.3398e-08	-2.1445e-08	-2.0043e-08	-1.8777e-08	-1.7203e-08	-1.5925e-08	-1.4804e-08	-1.34972e-08	-1.22905e-08
0.545	-2.6114e-08	-2.419e-08	-2.2301e-08	-2.0847e-08	-1.9309e-08	-1.7688e-08	-1.6381e-08	-1.5449e-08	-1.39321e-08	-1.29183e-08
0.55	-2.7023e-08	-2.5009e-08	-2.3368e-08	-2.1857e-08	-1.9966e-08	-1.8436e-08	-1.7159e-08	-1.5826e-08	-1.4372e-08	-1.3687e-08
0.555	-2.7883e-08	-2.6101e-08	-2.4186e-08	-2.2554e-08	-2.093e-08	-1.9361e-08	-1.793e-08	-1.6341e-08	-1.4995e-08	-1.43738e-08
0.56	-2.8954e-08	-2.7157e-08	-2.4915e-08	-2.3129e-08	-2.1636e-08	-1.9998e-08	-1.844e-08	-1.7225e-08	-1.5803e-08	-1.49159e-08
0.565	-3.0237e-08	-2.8038e-08	-2.5976e-08	-2.4108e-08	-2.2234e-08	-2.0507e-08	-1.9236e-08	-1.7963e-08	-1.6464e-08	-1.5318e-08
0.57	-3.1437e-08	-2.9132e-08	-2.7071e-08	-2.5136e-08	-2.3298e-08	-2.1347e-08	-2.0232e-08	-1.8467e-08	-1.7156e-08	-1.5781e-08
0.575	-3.2579e-08	-3.0397e-08	-2.7899e-08	-2.5937e-08	-2.4365e-08	-2.2281e-08	-2.0875e-08	-1.9251e-08	-1.8077e-08	-1.6465e-08
0.58	-3.3887e-08	-3.1452e-08	-2.8931e-08	-2.6882e-08	-2.5005e-08	-2.305e-08	-2.1533e-08	-2.0108e-08	-1.8843e-08	-1.7123e-08
0.585	-3.5278e-08	-3.2504e-08	-3.0347e-08	-2.8069e-08	-2.5786e-08	-2.3973e-08	-2.248e-08	-2.0657e-08	-1.9327e-08	-1.7794e-08
0.59	-3.6522e-08	-3.3746e-08	-3.1542e-08	-2.9178e-08	-2.6967e-08	-2.5132e-08	-2.3337e-08	-2.1354e-08	-2.0017e-08	-1.868e-08
0.595	-3.7808e-08	-3.508e-08	-3.2495e-08	-3.02e-08	-2.8081e-08	-2.6223e-08	-2.4074e-08	-2.2156e-08	-2.0817e-08	-1.9418e-08
0.6	-3.9425e-08	-3.647e-08	-3.3774e-08	-3.1439e-08	-2.8979e-08	-2.7157e-08	-2.4942e-08	-2.283e-08	-2.1459e-08	-1.999e-08
0.605	-4.1085e-08	-3.7918e-08	-3.5291e-08	-3.2784e-08	-3.0115e-08	-2.8176e-08	-2.5939e-08	-2.3692e-08	-2.2211e-08	-2.0751e-08
0.61	-4.2676e-08	-3.9485e-08	-3.658e-08	-3.3951e-08	-3.1525e-08	-2.9289e-08	-2.6882e-08	-2.4757e-08	-2.3214e-08	-2.1566e-08
0.615	-4.4526e-08	-4.1131e-08	-3.7869e-08	-3.5168e-08	-3.2717e-08	-3.0245e-08	-2.7728e-08	-2.5832e-08	-2.4274e-08	-2.2326e-08
0.62	-4.6552e-08	-4.2744e-08	-3.9543e-08	-3.6623e-08	-3.3773e-08	-3.1194e-08	-2.8831e-08	-2.6905e-08	-2.5097e-08	-2.3124e-08
0.625	-4.8387e-08	-4.4408e-08	-4.1224e-08	-3.8052e-08	-3.5126e-08	-3.24e-08	-3.0168e-08	-2.806e-08	-2.5903e-08	-2.4068e-08
0.63	-5.0233e-08	-4.6217e-08	-4.264e-08	-3.9448e-08	-3.6572e-08	-3.3654e-08	-3.1306e-08	-2.9279e-08	-2.6962e-08	-2.5154e-08
0.635	-5.2277e-08	-4.8077e-08	-4.4254e-08	-4.0985e-08	-3.7866e-08	-3.4813e-08	-3.2449e-08	-3.046e-08	-2.7841e-08	-2.6134e-08
0.64	-5.4314e-08	-5.0028e-08	-4.6264e-08	-4.2625e-08	-3.929e-08	-3.6222e-08	-3.3876e-08	-3.1485e-08	-2.8545e-08	-2.7002e-08
0.645	-5.6348e-08	-5.2133e-08	-4.819e-08	-4.4315e-08	-4.0906e-08	-3.7874e-08	-3.5231e-08	-3.2665e-08	-2.971e-08	-2.7993e-08
0.65	-5.8581e-08	-5.428e-08	-5.0009e-08	-4.6067e-08	-4.2528e-08	-3.9399e-08	-3.6445e-08	-3.3977e-08	-3.1178e-08	-2.9033e-08
0.655	-6.1093e-08	-5.6435e-08	-5.2068e-08	-4.7991e-08	-4.4199e-08	-4.0946e-08	-3.7866e-08	-3.5106e-08	-3.25e-08	-2.994e-08
0.66	-6.367e-08	-5.8744e-08	-5.4301e-08	-5.0058e-08	-4.6045e-08	-4.2763e-08	-3.9423e-08	-3.6327e-08	-3.3859e-08	-3.0979e-08
0.665	-6.6299e-08	-6.1153e-08	-5.6481e-08	-5.2058e-08	-4.7961e-08	-4.4601e-08	-4.0947e-08	-3.7832e-08	-3.5366e-08	-3.242e-08
0.67	-6.9197e-08	-6.3534e-08	-5.8619e-08	-5.4088e-08	-4.9881e-08	-4.6282e-08	-4.2463e-08	-3.9379e-08	-3.6804e-08	-3.3881e-08
0.675	-7.2193e-08	-6.6181e-08	-6.1078e-08	-5.6318e-08	-5.1963e-08	-4.8117e-08	-4.4203e-08	-4.0805e-08	-3.8042e-08	-3.5077e-08
0.68	-7.4985e-08	-6.9194e-08	-6.3708e-08	-5.8601e-08	-5.4152e-08	-5.0205e-08	-4.6207e-08	-4.237e-08	-3.9352e-08	-3.6476e-08
0.685	-7.7983e-08	-7.2197e-08	-6.6117e-08	-6.0895e-08	-5.6267e-08	-5.2165e-08	-4.809e-08	-4.4298e-08	-4.1034e-08	-3.8057e-08
0.69	-8.1315e-08	-7.4987e-08	-6.8696e-08	-6.3396e-08	-5.8445e-08	-5.4e-08	-4.9958e-08	-4.6236e-08	-4.2728e-08	-3.9352e-08
0.695	-8.458e-08	-7.8005e-08	-7.1784e-08	-6.6101e-08	-6.0845e-08	-5.6181e-08	-5.2164e-08	-4.797e-08	-4.4338e-08	-4.0752e-08
0.7	-8.8165e-08	-8.144e-08	-7.4895e-08	-6.8894e-08	-6.3328e-08	-5.86e-08	-5.43e-08	-4.9849e-08	-4.6252e-08	-4.2528e-08
0.705	-9.228e-08	-8.4873e-08	-7.7961e-08	-7.1839e-08	-6.5933e-08	-6.0942e-08	-5.6153e-08	-5.1952e-08	-4.8217e-08	-4.4236e-08
0.71	-9.6368e-08	-8.8336e-08	-8.1433e-08	-7.5058e-08	-6.882e-08	-6.3475e-08	-5.835e-08	-5.3939e-08	-4.9888e-08	-4.592e-08
0.715	-1.00456e-07	-9.2119e-08	-8.4945e-08	-7.8293e-08	-7.1855e-08	-6.6293e-08	-6.087e-08	-5.589e-08	-5.1619e-08	-4.7865e-08
0.72	-1.0499e-07	-9.6226e-08	-8.8399e-08	-8.1323e-08	-7.5072e-08	-6.9106e-08	-6.3295e-08	-5.8307e-08	-5.3753e-08	-4.9898e-08
0.725	-1.09564e-07	-1.00368e-07	-9.2239e-08	-8.4521e-08	-7.8411e-08	-7.1799e-08	-6.5917e-08	-6.1024e-08	-5.6008e-08	-5.1872e-08
0.73	-1.1411e-07	-1.04619e-07	-9.6309e-08	-8.8101e-08	-8.1665e-08	-7.4583e-08	-6.8879e-08	-6.3571e-08	-5.8193e-08	-5.3843e-08
0.735	-1.1916e-07	-1.09274e-07	-1.00325e-07	-9.19e-08	-8.4974e-08	-7.7745e-08	-7.1709e-08	-6.6111e-08	-6.0699e-08	-5.6018e-08
0.74	-1.24504e-07	-1.1443e-07	-1.04638e-07	-9.5972e-08	-8.8406e-08	-8.1044e-08	-7.4464e-08	-6.9014e-08	-6.3565e-08	-5.8493e-08
0.745	-1.29944e-07	-1.19616e-07	-1.0931e-07	-1.00432e-07	-9.194e-08	-8.4337e-08	-7.767e-08	-7.196e-08	-6.6128e-08	-6.0798e-08
0.75	-1.35824e-07	-1.2464e-07	-1.14062e-07	-1.05101e-07	-9.5801e-08	-8.8147e-08	-8.1128e-08	-7.4797e-08	-6.8592e-08	-6.3141e-08
0.755	-1.42094e-07	-1.30136e-07	-1.19118e-07	-1.09776e-07	-1.00075e-07	-9.2249e-08	-8.4557e-08	-7.7918e-08	-7.162e-08	-6.6132e-08
0.76	-1.48504e-07	-1.35914e-07	-1.24532e-07	-1.14412e-07	-1.04572e-07	-9.6192e-08	-8.813e-08	-8.1184e-08	-7.4714e-08	-6.9056e-08
0.765	-1.55318e-07	-1.41592e-07	-1.3011e-07	-1.1932e-07	-1.09252e-07	-1.00381e-07	-9.1965e-08	-8.4435e-08	-7.7604e-08	-7.1557e-08
0.77	-1.62638e-07	-1.47668e-07	-1.35908e-07	-1.24768e-07	-1.14132e-07	-1.0485e-07	-9.6004e-08	-8.7971e-08	-8.0884e-08	-7.4385e-08
0.775	-1.70048e-07	-1.54502e-07	-1.42e-07	-1.30352e-07	-1.19214e-07	-1.09226e-07	-1.00218e-07	-9.1772e-08	-8.4469e-08	-7.77e-08
0.78	-1.77706e-07	-1.6168e-07	-1.48462e-07	-1.3596e-07	-1.24472e-07	-1.13864e-07	-1.04624e-07	-9.5688e-08	-8.79e-08	-8.1052e-08
0.785	-1.86014e-07	-1.69226e-07	-1.55392e-07	-1.42044e-07	-1.29932e-07	-1.19004e-07	-1.09342e-07	-1.00015e-07	-9.1552e-08	-8.4388e-08
0.79	-1.94662e-07	-1.77502e-07	-1.62578e-07	-1.4838e-07	-1.35838e-07	-1.24426e-07	-1.14328e-07	-1.04617e-07	-9.5779e-08	-8.8112e-08
0.795	-2.03484e-07	-1.861e-07	-1.69958e-07	-1.54622e-07	-1.42044e-07	-1.30086e-07	-1.1926e-07	-1.09254e-07	-1.0025e-07	-9.2221e-08
0.8	-2.12906e-07	-1.9478e-07	-1.7765e-07	-1.61528e-07	-1.4838e-07	-1.35964e-07	-1.2432e-07	-1.14204e-07	-1.04743e-07	-9.6098e-08
0.805	-2.22924e-07	-2.03714e-07	-1.85534e-07	-1.69324e-07	-1.55132e-07	-1.42006e-07	-1.29782e-07	-1.19344e-07	-1.09372e-07	-9.9902e-08
0.81	-2.33322e-07	-2.13064e-07	-1.93834e-07	-1.7722e-07	-1.62306e-07	-1.48282e-07	-1.35626e-07	-1.24532e-07	-1.14232e-07	-1.04451e-07
0.815	-2.44316e-07	-2.22812e-07	-2.0271e-07	-1.85402e-07	-1.69704e-07	-1.5487e-07	-1.4184e-07	-1.29932e-07	-1.19088e-07	-1.09214e-07
0.82	-2.55832e-07	-2.3309e-07	-2.12196e-07	-1.94224e-07	-1.77418e-07	-1.61776e-07	-1.48438e-07	-1.35578e-07	-1.2408e-07	-1.1383e-07
0.825	-2.6788e-07	-2.4422e-07	-2.22492e-07	-2.03002e-07	-1.85622e-07	-1.6915e-07	-1.5522e-07	-1.41524e-07	-1.2962e-07	-1.19034e-07
0.83	-2.80598e-07	-2.55938e-07	-2.3316e-07	-2.1197e-07	-1.94258e-07	-1.77138e-07	-1.62176e-07	-1.47962e-07	-1.3559e-07	-1.24542e-07
0.835	-2.93918e-07	-2.67902e-07	-2.44008e-07	-2.2199e-07	-2.02962e-07	-1.85496e-07	-1.69558e-07	-1.54854e-07	-1.41832e-07	-1.29914e-07
0.84	-3.0798e-07	-2.80546e-07	-2.55632e-07	-2.327e-07	-2.11818e-07	-1.94014e-07	-1.77306e-07	-1.62096e-07	-1.48452e-07	-1.35688e-07
0.845	-3.22932e-07	-2.94076e-07	-2.67924e-07	-2.4373e-07	-2.21736e-07	-2.0308e-07	-1.85408e-07	-1.6967e-07	-1.5545e-07	-1.41924e-07
0.85	-3.38572e-07	-3.08148e-07	-2.80628e-07	-2.55466e-07	-2.32636e-07	-2.12582e-07	-1.93944e-07	-1.77512e-07	-1.62632e-07	-1.48184e-07
0.855	-3.5508e-07	-3.23152e-07	-2.94228e-07	-2.67898e-07	-2.43688e-07	-2.222e-07	-2.0297e-07	-1.85636e-07	-1.69934e-07	-1.54728e-07
0.86	-3.72384e-07	-3.3889e-07	-3.08068e-07	-2.80208e-07	-2.55082e-07	-2.32358e-07	-2.12272e-07	-1.93918e-07	-1.77354e-07	-1.61688e-07
0.865	-3.90272e-07	-3.54996e-07	-3.22288e-07	-2.9292e-07	-2.67356e-07	-2.43282e-07	-2.22014e-07	-2.02518e-07	-1.85346e-07	-1.6906e-07
0.87	-4.08634e-07	-3.71678e-07	-3.37992e-07	-3.07182e-07	-2.799e-07	-2.54618e-07	-2.32634e-07	-2.11688e-07	-1.93884e-07	-1.76898e-07
0.875	-4.2785e-07	-3.89198e-07	-3.54394e-07	-3.22452e-07	-2.92698e-07	-2.66798e-07	-2.43938e-07	-2.21604e-07	-2.02656e-07	-1.85112e-07
0.88	-4.48712e-07	-4.07838e-07	-3.7126e-07	-3.37944e-07	-3.06668e-07	-2.8005e-07	-2.55482e-07	-2.3221e-07	-2.12132e-07	-1.93762e-07
0.885	-4.7118e-07	-4.2803e-07	-3.90072e-07	-3.54512e-07	-3.2185e-07	-2.93522e-07	-2.67474e-07	-2.43478e-07	-2.22372e-07	-2.02872e-07
0.89	-4.92362e-07	-4.47268e-07	-4.08126e-07	-3.70272e-07	-3.35978e-07	-3.05722e-07	-2.78584e-07	-2.54168e-07	-2.31664e-07	-2.11226e-07
0.895	-5.09818e-07	-4.6278e-07	-4.21904e-07	-3.82208e-07	-3.4709e-07	-3.15486e-07	-2.86982e-07	-2.62746e-07	-2.38858e-07	-2.17794e-07
0.9	-5.206e-07	-4.71936e-07	-4.29694e-07	-3.88716e-07	-3.53544e-07	-3.21154e-07	-2.9157e-07	-2.67592e-07	-2.43166e-07	-2.21714e-07
