|Vds|	Gm_|Vgs|=0.15V	Gm_|Vgs|=0.3V	Gm_|Vgs|=0.45V	Gm_|Vgs|=0.6V	Gm_|Vgs|=0.75V	Gm_|Vgs|=0.9V
0.9	3.01799999999998e-07	3.01679999999999e-07	2.66800000000001e-07	2.72839999999999e-07	2.67200000000001e-07	-3.30799999999994e-08
0.895	3.09856666666665e-07	3.0474e-07	2.8566e-07	2.79296666666666e-07	2.74716666666667e-07	7.57200000000004e-08
0.89	3.13471999999999e-07	3.04328e-07	2.90744e-07	2.85047999999999e-07	2.8103e-07	1.5917e-07
0.885	3.15505999999999e-07	3.04302e-07	2.95678e-07	2.86583999999999e-07	2.8345e-07	2.37996e-07
0.88	3.14802e-07	3.03582e-07	2.97232e-07	2.88018e-07	2.82138e-07	3.13046e-07
0.875	3.11448e-07	3.02946e-07	2.92654e-07	2.88158e-07	2.76856e-07	3.38754e-07
0.87	3.07462e-07	3.0113e-07	2.87924e-07	2.8453e-07	2.72246e-07	3.34494e-07
0.865	3.02792e-07	2.94956e-07	2.85146e-07	2.79708e-07	2.69672e-07	3.30133999999999e-07
0.86	2.9753e-07	2.86896e-07	2.80344e-07	2.76052e-07	2.67024e-07	3.09544e-07
0.855	2.92144e-07	2.81022e-07	2.75696e-07	2.71420000000001e-07	2.64196e-07	2.75628e-07
0.85	2.87458e-07	2.7522e-07	2.72918e-07	2.65084e-07	2.6106e-07	2.59254e-07
0.845	2.84344e-07	2.68994e-07	2.68648e-07	2.6039e-07	2.56214e-07	2.58434e-07
0.84	2.80948000000001e-07	2.65754000000001e-07	2.64296000000001e-07	2.58072000000001e-07	2.50226000000001e-07	2.55418000000001e-07
0.835	2.76308000000001e-07	2.65398000000001e-07	2.62956000000001e-07	2.56176000000001e-07	2.45912000000001e-07	2.51076000000001e-07
0.83	2.7269e-07	2.6393e-07	2.60676e-07	2.52716e-07	2.44520000000001e-07	2.49884e-07
0.825	2.69068e-07	2.59748000000001e-07	2.55944000000001e-07	2.48662e-07	2.43532000000001e-07	2.4964e-07
0.82	2.63702e-07	2.56050000000001e-07	2.52076000000001e-07	2.45332000000001e-07	2.40916e-07	2.46718e-07
0.815	2.59132e-07	2.54002e-07	2.47284e-07	2.4096e-07	2.38442e-07	2.45184e-07
0.81	2.56492e-07	2.5013e-07	2.40802e-07	2.357e-07	2.351e-07	2.45726e-07
0.805	2.53226e-07	2.44698e-07	2.35508e-07	2.32114e-07	2.30752e-07	2.42432e-07
0.8	2.49184e-07	2.41616e-07	2.32622e-07	2.29138e-07	2.28138e-07	2.37668e-07
0.795	2.45822e-07	2.39516e-07	2.30088e-07	2.25502e-07	2.25234e-07	2.36834e-07
0.79	2.42228e-07	2.35468e-07	2.27094e-07	2.22954e-07	2.20502e-07	2.36796e-07
0.785	2.37678e-07	2.3099e-07	2.2492e-07	2.21338e-07	2.15656e-07	2.3441e-07
0.78	2.33184e-07	2.27372e-07	2.22456e-07	2.19474e-07	2.1121e-07	2.32056e-07
0.775	2.2942e-07	2.23918e-07	2.19126e-07	2.1635e-07	2.06726e-07	2.30488e-07
0.77	2.2583e-07	2.19352e-07	2.15324e-07	2.12546e-07	2.03208e-07	2.27172e-07
0.765	2.22128e-07	2.1475e-07	2.12034e-07	2.08558e-07	2.00926e-07	2.23532e-07
0.76	2.18814e-07	2.11808e-07	2.09484e-07	2.0439e-07	1.99338e-07	2.21606e-07
0.755	2.1579e-07	2.0823e-07	2.05018e-07	2.00662e-07	1.97864e-07	2.19852e-07
0.75	2.1143e-07	2.02898e-07	1.98716e-07	1.97312e-07	1.96586e-07	2.17748e-07
0.745	2.05548e-07	1.99534e-07	1.9528e-07	1.93848e-07	1.95446e-07	2.15724e-07
0.74	2.00662e-07	1.98172e-07	1.94246e-07	1.90746e-07	1.92596e-07	2.12792e-07
0.735	1.9801e-07	1.9589e-07	1.90786e-07	1.88092e-07	1.89334e-07	2.09318e-07
0.73	1.968e-07	1.94002e-07	1.87798e-07	1.84768e-07	1.86914e-07	2.06182e-07
0.725	1.96098e-07	1.93094e-07	1.87196e-07	1.81228e-07	1.83422e-07	2.02594e-07
0.72	1.94898e-07	1.91228e-07	1.8471e-07	1.7767e-07	1.79546e-07	1.98696e-07
0.715	1.91652e-07	1.88236e-07	1.80266e-07	1.7454e-07	1.77518e-07	1.95236e-07
0.71	1.8686e-07	1.84328e-07	1.77382e-07	1.7157e-07	1.75298e-07	1.92776e-07
0.705	1.82904e-07	1.79626e-07	1.75904e-07	1.6813e-07	1.71744e-07	1.90852e-07
0.7	1.79212e-07	1.7533e-07	1.726e-07	1.66014e-07	1.70266e-07	1.88058e-07
0.695	1.74958e-07	1.7112e-07	1.68848e-07	1.64974e-07	1.70502e-07	1.84748e-07
0.69	1.71582e-07	1.67522e-07	1.66414e-07	1.62778e-07	1.6972e-07	1.81876e-07
0.685	1.692e-07	1.65068e-07	1.6282e-07	1.5964e-07	1.68892e-07	1.7941e-07
0.68	1.66278e-07	1.6248e-07	1.57178e-07	1.56638e-07	1.68142e-07	1.77248e-07
0.675	1.62982e-07	1.59354e-07	1.52972e-07	1.53532e-07	1.65974e-07	1.74412e-07
0.67	1.61122e-07	1.56852e-07	1.50992e-07	1.50444e-07	1.63316e-07	1.71022e-07
0.665	1.60292e-07	1.54584e-07	1.48476e-07	1.48148e-07	1.61904e-07	1.68722e-07
0.66	1.57882e-07	1.52248e-07	1.46054e-07	1.4672e-07	1.61456e-07	1.6579e-07
0.655	1.54002e-07	1.50458e-07	1.45446e-07	1.45614e-07	1.60744e-07	1.61372e-07
0.65	1.50572e-07	1.48046e-07	1.44988e-07	1.44508e-07	1.59172e-07	1.58852e-07
0.645	1.474e-07	1.45424e-07	1.42702e-07	1.4251e-07	1.5624e-07	1.57234e-07
0.64	1.44668e-07	1.43564e-07	1.40634e-07	1.39302e-07	1.52236e-07	1.53334e-07
0.635	1.43634e-07	1.41734e-07	1.39254e-07	1.36214e-07	1.48612e-07	1.50186e-07
0.63	1.4289e-07	1.38986e-07	1.3671e-07	1.33974e-07	1.46894e-07	1.48728e-07
0.625	1.4141e-07	1.36508e-07	1.33838e-07	1.32072e-07	1.46296e-07	1.45832e-07
0.62	1.4006e-07	1.3438e-07	1.31534e-07	1.30578e-07	1.4471e-07	1.43112e-07
0.615	1.37506e-07	1.31318e-07	1.28806e-07	1.29442e-07	1.42956e-07	1.42192e-07
0.61	1.33262e-07	1.28366e-07	1.25964e-07	1.27912e-07	1.4126e-07	1.4022e-07
0.605	1.29346e-07	1.26142e-07	1.24522e-07	1.26086e-07	1.38356e-07	1.37218e-07
0.6	1.26238e-07	1.24188e-07	1.2315e-07	1.24484e-07	1.35336e-07	1.35042e-07
0.595	1.23136e-07	1.22406e-07	1.20676e-07	1.2326e-07	1.32958e-07	1.32668e-07
0.59	1.21206e-07	1.10914e-07	1.18584e-07	1.21986e-07	1.30072e-07	1.2972e-07
0.585	1.20884e-07	9.89799999999999e-08	1.17354e-07	1.20062e-07	1.27608e-07	1.27242e-07
0.58	1.20046e-07	1.06954e-07	1.15482e-07	1.17344e-07	1.26246e-07	1.25388e-07
0.575	1.17874e-07	1.1532e-07	1.13486e-07	1.14882e-07	1.2379e-07	1.23206e-07
0.57	1.15582e-07	1.12798e-07	1.12124e-07	1.13022e-07	1.22246e-07	1.21026e-07
0.565	1.13572e-07	1.19914e-07	1.09614e-07	1.11152e-07	1.22678e-07	1.19726e-07
0.56	1.1081e-07	1.27752e-07	1.06586e-07	1.1034e-07	1.20898e-07	1.18632e-07
0.555	1.07956e-07	1.15502e-07	1.04308e-07	1.1038e-07	1.17288e-07	1.16904e-07
0.55	1.06182e-07	1.0313e-07	1.0187e-07	1.08756e-07	1.14712e-07	1.14646e-07
0.545	1.04424e-07	1.01742e-07	9.9548e-08	1.06432e-07	1.11958e-07	1.12132e-07
0.54	1.02316e-07	1.00624e-07	9.81279999999999e-08	1.05818e-07	1.08678e-07	1.09548e-07
0.535	1.00242e-07	9.8698e-08	9.67899999999999e-08	1.04954e-07	1.06552e-07	1.0705e-07
0.53	9.81479999999999e-08	9.68639999999999e-08	9.48819999999998e-08	1.02808e-07	1.04748e-07	1.04772e-07
0.525	9.63319999999999e-08	9.49419999999998e-08	9.23419999999999e-08	1.01382e-07	1.03014e-07	1.03558e-07
0.52	9.42379999999999e-08	9.21199999999998e-08	9.00979999999999e-08	1.00296e-07	1.01896e-07	1.0258e-07
0.515	9.16439999999999e-08	8.97439999999999e-08	8.91399999999999e-08	9.86299999999999e-08	1.0023e-07	1.01036e-07
0.51	8.96299999999999e-08	8.85439999999999e-08	8.82239999999999e-08	9.69739999999999e-08	9.80219999999999e-08	9.9836e-08
0.505	8.8176e-08	8.7378e-08	8.73380000000001e-08	9.5402e-08	9.6132e-08	9.896e-08
0.5	8.63440000000001e-08	8.62420000000001e-08	8.65900000000001e-08	9.41080000000001e-08	9.39800000000001e-08	9.76160000000001e-08
0.495	8.43960000000001e-08	8.52720000000002e-08	8.49780000000001e-08	9.27060000000001e-08	9.17240000000001e-08	9.50220000000001e-08
0.49	8.29240000000002e-08	8.29400000000002e-08	8.29060000000001e-08	9.01780000000001e-08	9.04600000000001e-08	9.18360000000001e-08
0.485	8.20400000000001e-08	8.01900000000002e-08	8.07520000000001e-08	8.72740000000001e-08	8.93600000000001e-08	8.91220000000002e-08
0.48	8.1302e-08	7.8758e-08	7.857e-08	8.58220000000001e-08	8.82480000000001e-08	8.6626e-08
0.475	8.03619999999999e-08	7.7194e-08	7.74939999999999e-08	8.5238e-08	8.8126e-08	8.42599999999999e-08
0.47	7.94899999999999e-08	7.5198e-08	7.746e-08	8.37479999999999e-08	8.724e-08	8.36799999999999e-08
0.465	7.81679999999999e-08	7.46079999999999e-08	7.69739999999999e-08	8.23859999999999e-08	8.4584e-08	8.39479999999999e-08
0.46	7.5874e-08	7.45119999999999e-08	7.61979999999999e-08	8.20419999999999e-08	8.27999999999999e-08	8.30159999999999e-08
0.455	7.3116e-08	7.31979999999999e-08	7.55259999999999e-08	8.05119999999999e-08	8.15659999999999e-08	8.15639999999999e-08
0.45	7.08479999999999e-08	7.13899999999999e-08	7.46819999999999e-08	7.788e-08	7.88299999999999e-08	7.99619999999999e-08
0.445	6.9724e-08	7.0002e-08	7.35e-08	7.62460000000001e-08	7.6624e-08	7.8288e-08
0.44	6.90020000000001e-08	6.9106e-08	7.20960000000001e-08	7.47620000000002e-08	7.58760000000001e-08	7.65680000000001e-08
0.435	6.79000000000001e-08	6.79480000000001e-08	7.08420000000001e-08	7.31260000000001e-08	6.86680000000001e-08	7.51700000000001e-08
0.43	6.65860000000001e-08	6.61480000000001e-08	6.96800000000001e-08	7.22160000000001e-08	5.51260000000001e-08	7.45000000000001e-08
0.425	6.49860000000001e-08	6.43140000000001e-08	6.83060000000001e-08	7.13720000000001e-08	4.80920000000001e-08	7.41680000000001e-08
0.42	6.3452e-08	6.2802e-08	6.7016e-08	7.0436e-08	4.696e-08	7.3278e-08
0.415	6.22979999999999e-08	6.133e-08	6.62479999999999e-08	6.91659999999999e-08	5.19239999999999e-08	7.16399999999999e-08
0.41	6.1082e-08	5.97479999999999e-08	6.57479999999999e-08	6.71499999999999e-08	6.94939999999999e-08	6.97399999999999e-08
0.405	6.0246e-08	5.8792e-08	6.52199999999999e-08	6.56359999999999e-08	8.65719999999999e-08	6.76239999999999e-08
0.4	6.0068e-08	5.864e-08	6.4692e-08	6.457e-08	9.10859999999999e-08	6.5425e-08
0.395	5.922e-08	5.80699999999999e-08	6.4106e-08	6.335e-08	9.02439999999999e-08	6.41819999999999e-08
0.39	5.76859999999999e-08	5.684e-08	6.33919999999999e-08	6.26539999999999e-08	8.312e-08	6.45839999999999e-08
0.385	5.65819999999999e-08	5.6318e-08	6.21539999999999e-08	6.21159999999999e-08	6.8945e-08	6.485e-08
0.38	5.52219999999999e-08	5.5802e-08	6.0344e-08	6.0834e-08	6.1529e-08	6.3914e-08
0.375	5.3549e-08	5.4203e-08	5.8718e-08	5.94239999999999e-08	6.117e-08	6.32619999999999e-08
0.37	5.2408e-08	5.289e-08	5.7225e-08	5.83609999999999e-08	5.98179999999999e-08	6.283e-08
0.365	5.1512e-08	5.21499999999999e-08	5.5659e-08	5.7095e-08	5.74549999999999e-08	6.111e-08
0.36	5.0427e-08	5.12249999999999e-08	5.436e-08	5.6034e-08	5.5855e-08	5.91799999999999e-08
0.355	4.9445e-08	5.03049999999999e-08	5.3428e-08	5.5412e-08	5.53729999999999e-08	5.85229999999999e-08
0.35	4.8641e-08	4.93370000000001e-08	5.27860000000001e-08	5.47230000000001e-08	5.44760000000001e-08	5.82960000000001e-08
0.345	4.76240000000001e-08	4.81550000000001e-08	5.19880000000002e-08	5.38240000000002e-08	5.29950000000002e-08	5.75040000000002e-08
0.34	4.64360000000002e-08	4.73400000000001e-08	5.08650000000002e-08	5.30020000000002e-08	5.26690000000002e-08	5.63550000000002e-08
0.335	4.51620000000002e-08	4.64480000000002e-08	4.98220000000002e-08	5.20820000000002e-08	5.29010000000002e-08	5.53640000000002e-08
0.33	4.45960000000002e-08	4.50570000000001e-08	4.90590000000002e-08	5.10490000000002e-08	5.19270000000002e-08	5.47910000000002e-08
0.325	4.44540000000001e-08	4.477e-08	4.84920000000001e-08	5.01630000000001e-08	5.06120000000001e-08	5.42630000000001e-08
0.32	4.3456e-08	4.5429e-08	4.7843e-08	4.8961e-08	5.03019999999999e-08	5.3256e-08
0.315	4.24819999999999e-08	4.4486e-08	4.6443e-08	4.7991e-08	4.9818e-08	5.25399999999999e-08
0.31	4.2198e-08	4.2861e-08	4.5094e-08	4.7331e-08	4.8537e-08	5.2626e-08
0.305	4.1045e-08	4.2626e-08	4.4541e-08	4.6244e-08	4.7399e-08	5.2195e-08
0.3	3.929e-08	4.2187e-08	4.3861e-08	4.5368e-08	4.6164e-08	5.0879e-08
0.295	3.8806e-08	4.1091e-08	4.3209e-08	4.4942e-08	4.4844e-08	5.0124e-08
0.29	3.8414e-08	4.1125e-08	4.3083e-08	4.4172e-08	4.4198e-08	5.0117e-08
0.285	3.7326e-08	4.1302e-08	4.2546e-08	4.3084e-08	4.3845e-08	4.98e-08
0.28	3.6974e-08	4.0181e-08	4.1014e-08	4.1956e-08	4.2918e-08	4.9546e-08
0.275	3.6537e-08	3.9244e-08	3.9405e-08	4.0758e-08	4.2019e-08	4.951e-08
0.27	3.5207e-08	3.8583e-08	3.8244e-08	4.0079e-08	4.1618e-08	4.88689999999999e-08
0.265	3.433e-08	3.721e-08	3.7486e-08	3.9543e-08	4.1057e-08	4.7969e-08
0.26	3.3869e-08	3.6446e-08	3.6922e-08	3.8827e-08	4.019e-08	4.7288e-08
0.255	3.3083e-08	3.6553e-08	3.637e-08	3.8457e-08	3.9747e-08	4.6554e-08
0.25	3.2324e-08	3.5988e-08	3.5891e-08	3.7786e-08	4.0062e-08	4.571e-08
0.245	3.1697e-08	3.5143e-08	3.5016e-08	3.6741e-08	3.9803e-08	4.537e-08
0.24	3.1058e-08	3.4491e-08	3.3942e-08	3.593e-08	3.8488e-08	4.5064e-08
0.235	3.0452e-08	3.3184e-08	3.3682e-08	3.5209e-08	3.7602e-08	4.42072e-08
0.23	3.0007e-08	3.1777e-08	3.3783e-08	3.471e-08	3.7586e-08	4.34222e-08
0.225	2.9766e-08	3.108e-08	3.3238e-08	3.4387e-08	3.72760000000001e-08	4.32469000000001e-08
0.22	2.91370000000001e-08	3.05530000000001e-08	3.25010000000001e-08	3.34780000000001e-08	3.65530000000001e-08	4.33886000000002e-08
0.215	2.83140000000001e-08	3.00250000000001e-08	3.17410000000001e-08	3.22560000000001e-08	3.63650000000001e-08	4.28958000000002e-08
0.21	2.80120000000001e-08	2.98150000000001e-08	3.08360000000001e-08	3.16290000000001e-08	3.61390000000001e-08	3.74316000000002e-08
0.205	2.75150000000001e-08	2.95190000000001e-08	3.01750000000001e-08	3.10880000000001e-08	3.50230000000001e-08	2.39979000000002e-08
0.2	2.664e-08	2.8965e-08	2.943e-08	3.021e-08	3.4034e-08	6.8153000000001e-09
0.195	2.6385e-08	2.8476e-08	2.8855e-08	2.9887e-08	3.4049e-08	-1.13244e-08
0.19	2.6476e-08	2.7908e-08	2.8696e-08	3.0121e-08	3.41987e-08	-2.90916e-08
0.185	2.5979e-08	2.6814e-08	2.8184e-08	2.9685e-08	3.3913e-08	-4.089e-08
0.18	2.5394e-08	2.5752e-08	2.7388e-08	2.8878e-08	3.13584e-08	-4.43961e-08
0.175	2.5442e-08	2.5157e-08	2.6751e-08	2.8754e-08	2.64333e-08	-4.43672e-08
0.17	2.5474e-08	2.4548e-08	2.6221e-08	2.8584e-08	2.57211e-08	-4.38332e-08
0.165	2.482e-08	2.4101e-08	2.5856e-08	2.7862e-08	2.96618e-08	-4.31552e-08
0.16	2.4049e-08	2.3952e-08	2.5447e-08	2.7374e-08	3.08286e-08	-4.29838e-08
0.155	2.3506e-08	2.3621e-08	2.4966e-08	2.72593e-08	2.80246e-08	-4.31699999999999e-08
0.15	2.283e-08	2.3101e-08	2.4924e-08	2.69199e-08	2.21241e-08	-4.3484e-08
0.145	2.2117e-08	2.26e-08	2.4818e-08	2.63725e-08	9.6089e-09	-4.3718e-08
0.14	2.1735e-08	2.1987e-08	2.4196e-08	2.6114e-08	-7.4577e-09	-4.3677e-08
0.135	2.1505e-08	2.1495e-08	2.374e-08	2.60236e-08	-2.13301e-08	-4.3409e-08
0.13	2.0976e-08	2.1145e-08	2.35236e-08	2.57518e-08	-2.86948e-08	-4.3303e-08
0.125	2.0353e-08	2.0714e-08	2.30339e-08	2.53703e-08	-3.06633e-08	-4.3236e-08
0.12	1.9944e-08	2.0406e-08	2.25187e-08	2.49893e-08	-3.05708e-08	-4.3115e-08
0.115	1.962e-08	2.0128e-08	2.22484e-08	2.34616e-08	-3.05928e-08	-4.3388e-08
0.11	1.9249e-08	1.96027e-08	2.18654e-08	1.85187e-08	-3.06135e-08	-4.4015e-08
0.105	1.89593e-08	1.91617e-08	2.13497e-08	1.01271e-08	-3.06432e-08	-4.453e-08
0.1	1.86899e-08	1.89901e-08	2.10164e-08	5.80499999999947e-10	-3.07021e-08	-4.48590000000001e-08
0.095	1.84228000000001e-08	1.87510000000001e-08	2.07966000000001e-08	-8.8127000000001e-09	-3.09432000000001e-08	-4.52310000000002e-08
0.09	1.81755000000001e-08	1.86696000000001e-08	2.05318000000001e-08	-1.69427000000001e-08	-3.12520000000001e-08	-4.55920000000002e-08
0.0850000000000001	1.78425000000001e-08	1.87932000000001e-08	2.04270000000001e-08	-2.17438000000001e-08	-3.14000000000001e-08	-4.59230000000002e-08
0.0800000000000001	1.76795000000001e-08	1.88511000000001e-08	1.86762000000001e-08	-2.32259000000001e-08	-3.15040000000001e-08	-4.63390000000002e-08
0.0750000000000001	1.77497e-08	1.90527e-08	1.30014e-08	-2.34933e-08	-3.1535e-08	-4.70930000000001e-08
0.0700000000000001	1.78327e-08	1.92103e-08	5.1007e-09	-2.35833e-08	-3.1367e-08	-4.7762e-08
0.0650000000000001	1.76084e-08	1.89081e-08	-3.1724e-09	-2.36405e-08	-3.1203e-08	-4.78289999999999e-08
0.0600000000000001	1.72183e-08	1.79952e-08	-1.15037e-08	-2.37915e-08	-3.1452e-08	-4.81469999999999e-08
0.055	1.72517e-08	1.47059e-08	-1.75852e-08	-2.39113e-08	-3.2002e-08	-4.9174e-08
0.05	1.64295e-08	8.03979999999999e-09	-1.99296e-08	-2.39424e-08	-3.2715e-08	-5.0374e-08
0.045	1.26182e-08	4.145e-10	-2.04189e-08	-2.42748e-08	-3.3526e-08	-5.1645e-08
0.04	6.50879999999999e-09	-6.94909999999999e-09	-2.05617e-08	-2.50284e-08	-3.4318e-08	-5.3131e-08
0.035	-2.006e-10	-1.39618e-08	-2.08187e-08	-2.5733e-08	-3.5195e-08	-5.4163e-08
0.03	-7.39579999999999e-09	-1.84551e-08	-2.15907e-08	-2.6253e-08	-3.6177e-08	-5.45569999999999e-08
0.025	-1.4119e-08	-1.99083e-08	-2.22621e-08	-2.6788e-08	-3.7277e-08	-5.50259999999999e-08
0.02	-1.82426e-08	-2.07061e-08	-2.26461e-08	-2.7421e-08	-3.8387e-08	-5.5627e-08
0.015	-1.97907e-08	-2.1662e-08	-2.31681e-08	-2.8155e-08	-3.9473e-08	-5.6425e-08
0.01	-2.04432e-08	-2.23321e-08	-2.375e-08	-2.8888e-08	-4.0423e-08	-5.75839999999999e-08
0.005	-2.13018333333333e-08	-2.32985e-08	-2.43883333333333e-08	-2.98216666666666e-08	-4.131e-08	-5.87933333333333e-08
0	-2.176e-08	-2.3842e-08	-2.531e-08	-3.06699999999999e-08	-4.22399999999999e-08	-5.936e-08
