vg	id_vd = 0V	ig_vd = 0V	is_vd = 0V	iavdd_vd = 0V	ignd_vd = 0V	id_vd = 0.15V	ig_vd = 0.15V	is_vd = 0.15V	iavdd_vd = 0.15V	ignd_vd = 0.15V	id_vd = 0.3V	ig_vd = 0.3V	is_vd = 0.3V	iavdd_vd = 0.3V	ignd_vd = 0.3V	id_vd = 0.45V	ig_vd = 0.45V	is_vd = 0.45V	iavdd_vd = 0.45V	ignd_vd = 0.45V	id_vd = 0.6V	ig_vd = 0.6V	is_vd = 0.6V	iavdd_vd = 0.6V	ignd_vd = 0.6V	id_vd = 0.75V	ig_vd = 0.75V	is_vd = 0.75V	iavdd_vd = 0.75V	ignd_vd = 0.75V	id_vd = 0.9V	ig_vd = 0.9V	is_vd = 0.9V	iavdd_vd = 0.9V	ignd_vd = 0.9V
1.2	-1.1664e-07	4.0581e-09	1.85e-12	4.3826e-07	-3.2564e-07	-6.14278e-08	3.0819e-09	-1.44e-12	3.8364e-07	-3.2532e-07	-3.18366e-08	2.3488e-09	-2.8e-13	3.5472e-07	-3.2528e-07	-1.56278e-08	1.8137e-09	9.2e-13	3.3912e-07	-3.2526e-07	-6.7907e-09	1.4257e-09	5.8e-13	3.3076e-07	-3.2542e-07	-2.1264e-09	1.1634e-09	-6e-13	3.2652e-07	-3.2554e-07	4.9145e-10	1.0047e-09	5.4e-13	3.2404e-07	-3.2564e-07
1.195	-1.1572e-07	3.9398e-09	1.52e-12	4.376e-07	-3.2558e-07	-6.10986e-08	2.966e-09	-2.27e-12	3.8338e-07	-3.253e-07	-3.1658e-08	2.2379e-09	1.5e-13	3.5468e-07	-3.2526e-07	-1.55762e-08	1.7154e-09	-8.2e-13	3.3918e-07	-3.253e-07	-6.7491e-09	1.3312e-09	-1.09e-12	3.3084e-07	-3.2536e-07	-2.1198e-09	1.0693e-09	9e-14	3.2656e-07	-3.2552e-07	4.8691e-10	9.1741e-10	-1.06e-12	3.2408e-07	-3.2546e-07
1.19	-1.1498e-07	3.8193e-09	4.5e-13	4.3684e-07	-3.2556e-07	-6.08646e-08	2.8647e-09	1.43e-12	3.834e-07	-3.253e-07	-3.15746e-08	2.1438e-09	1.16e-12	3.547e-07	-3.2524e-07	-1.54866e-08	1.6249e-09	-1.21e-12	3.3926e-07	-3.254e-07	-6.7605e-09	1.2455e-09	-1.8e-12	3.3088e-07	-3.2542e-07	-2.1167e-09	9.898e-10	1.07e-12	3.2668e-07	-3.2556e-07	4.9559e-10	8.3557e-10	-2.4e-13	3.2424e-07	-3.2558e-07
1.185	-1.1442e-07	3.7197e-09	1.4e-13	4.3622e-07	-3.2556e-07	-6.06e-08	2.7682e-09	1.55e-12	3.8326e-07	-3.2542e-07	-3.1506e-08	2.0558e-09	5.4e-13	3.5474e-07	-3.2522e-07	-1.54748e-08	1.5418e-09	-7.3e-13	3.3922e-07	-3.2526e-07	-6.7497e-09	1.164e-09	6e-14	3.3106e-07	-3.2546e-07	-2.1101e-09	9.1668e-10	-1.88e-12	3.2662e-07	-3.2546e-07	4.8955e-10	7.6652e-10	6.7e-13	3.2426e-07	-3.255e-07
1.18	-1.1366e-07	3.6234e-09	-8.8e-13	4.3556e-07	-3.2558e-07	-6.03666e-08	2.681e-09	-1.16e-12	3.8302e-07	-3.2536e-07	-3.1453e-08	1.9741e-09	-7e-14	3.5478e-07	-3.2526e-07	-1.54586e-08	1.4666e-09	1.37e-12	3.393e-07	-3.2528e-07	-6.7626e-09	1.0966e-09	3.9e-13	3.3102e-07	-3.2542e-07	-2.1117e-09	8.4757e-10	-3.5e-13	3.2666e-07	-3.2546e-07	4.9691e-10	7.0414e-10	-3.1e-13	3.2434e-07	-3.255e-07
1.175	-1.132e-07	3.5278e-09	2.47e-12	4.352e-07	-3.2562e-07	-6.02554e-08	2.596e-09	-1.37e-12	3.8302e-07	-3.2534e-07	-3.14372e-08	1.8967e-09	-1.49e-12	3.5486e-07	-3.253e-07	-1.54562e-08	1.3953e-09	6.7e-13	3.3938e-07	-3.253e-07	-6.709e-09	1.0304e-09	-1.29e-12	3.3106e-07	-3.2534e-07	-2.1255e-09	7.8727e-10	4.6e-13	3.2678e-07	-3.2548e-07	5.0202e-10	6.4343e-10	2.2e-13	3.2446e-07	-3.256e-07
1.17	-1.1266e-07	3.4433e-09	1.56e-12	4.3474e-07	-3.2554e-07	-5.99906e-08	2.5218e-09	-4.6e-13	3.8286e-07	-3.2526e-07	-3.13832e-08	1.8284e-09	-2.7e-13	3.5488e-07	-3.253e-07	-1.54028e-08	1.3347e-09	-3.2e-13	3.394e-07	-3.2534e-07	-6.7086e-09	9.7069e-10	-4.8e-13	3.3112e-07	-3.2546e-07	-2.0849e-09	7.3375e-10	-1.22e-12	3.2684e-07	-3.255e-07	5.0004e-10	5.8985e-10	1.05e-12	3.244e-07	-3.2554e-07
1.165	-1.1184e-07	3.3616e-09	-1.78e-12	4.3414e-07	-3.2564e-07	-5.9922e-08	2.4452e-09	-1.03e-12	3.828e-07	-3.253e-07	-3.13548e-08	1.7655e-09	9.7e-13	3.5484e-07	-3.2528e-07	-1.53676e-08	1.2745e-09	1.1e-13	3.3944e-07	-3.2532e-07	-6.6831e-09	9.18e-10	1.74e-12	3.3124e-07	-3.2544e-07	-2.0917e-09	6.8359e-10	2e-14	3.2686e-07	-3.2546e-07	5.0765e-10	5.4339e-10	3.2e-13	3.2446e-07	-3.2562e-07
1.16	-1.1118e-07	3.2827e-09	4.7e-13	4.3354e-07	-3.256e-07	-5.9713e-08	2.3784e-09	4.2e-13	3.826e-07	-3.2532e-07	-3.12328e-08	1.7017e-09	-8.4e-13	3.5478e-07	-3.2524e-07	-1.53188e-08	1.2204e-09	-8.6e-13	3.3938e-07	-3.2532e-07	-6.6525e-09	8.6802e-10	-1.25e-12	3.3118e-07	-3.254e-07	-2.0776e-09	6.335e-10	2.7e-13	3.2694e-07	-3.2546e-07	5.06e-10	5.0204e-10	-5.7e-13	3.245e-07	-3.2554e-07
1.155	-1.1062e-07	3.2127e-09	9.7e-13	4.3294e-07	-3.2556e-07	-5.95606e-08	2.3145e-09	1.36e-12	3.8268e-07	-3.2534e-07	-3.11728e-08	1.6499e-09	-1.15e-12	3.5482e-07	-3.2528e-07	-1.52876e-08	1.1662e-09	-1.13e-12	3.3952e-07	-3.2534e-07	-6.6417e-09	8.1969e-10	-1.07e-12	3.3124e-07	-3.2542e-07	-2.0748e-09	5.9524e-10	3.9e-13	3.269e-07	-3.2542e-07	5.1531e-10	4.5858e-10	7.6e-13	3.2452e-07	-3.255e-07
1.15	-1.1014e-07	3.1456e-09	-7.5e-13	4.3262e-07	-3.256e-07	-5.94366e-08	2.2588e-09	8.4e-13	3.8236e-07	-3.252e-07	-3.11176e-08	1.6002e-09	1.43e-12	3.548e-07	-3.2536e-07	-1.53e-08	1.1201e-09	-4.1e-13	3.3948e-07	-3.2534e-07	-6.6789e-09	7.7789e-10	1.01e-12	3.3124e-07	-3.2534e-07	-2.0626e-09	5.551e-10	4.8e-13	3.2706e-07	-3.2546e-07	5.1014e-10	4.2599e-10	-6.1e-13	3.2454e-07	-3.2548e-07
1.145	-1.0948e-07	3.0786e-09	1.46e-12	4.3202e-07	-3.2562e-07	-5.92682e-08	2.1999e-09	4.7e-13	3.8236e-07	-3.252e-07	-3.10962e-08	1.5488e-09	-2.01e-12	3.5482e-07	-3.2526e-07	-1.5257e-08	1.074e-09	1.69e-12	3.3946e-07	-3.2532e-07	-6.6115e-09	7.4032e-10	-3.8e-13	3.313e-07	-3.2536e-07	-2.0396e-09	5.1996e-10	-8.1e-13	3.27e-07	-3.2542e-07	5.1616e-10	3.9206e-10	-1.14e-12	3.246e-07	-3.2552e-07
1.14	-1.0902e-07	3.0204e-09	1.7e-13	4.3142e-07	-3.256e-07	-5.91576e-08	2.1503e-09	-2.2e-13	3.8232e-07	-3.2532e-07	-3.0964e-08	1.5006e-09	-1.31e-12	3.5482e-07	-3.2526e-07	-1.52628e-08	1.0355e-09	-1.5e-13	3.3948e-07	-3.2524e-07	-6.6045e-09	7.0428e-10	-2.22e-12	3.3124e-07	-3.2536e-07	-2.0476e-09	4.8601e-10	2.3e-13	3.2714e-07	-3.255e-07	5.1322e-10	3.6047e-10	1.9e-13	3.2464e-07	-3.2548e-07
1.135	-1.0858e-07	2.9615e-09	4.3e-13	4.3106e-07	-3.2554e-07	-5.88834e-08	2.0994e-09	-1.97e-12	3.8218e-07	-3.2536e-07	-3.10046e-08	1.4584e-09	1.2e-13	3.5484e-07	-3.2526e-07	-1.52108e-08	9.997e-10	-6e-13	3.3954e-07	-3.2536e-07	-6.5941e-09	6.6756e-10	-8.2e-13	3.3132e-07	-3.2532e-07	-2.0478e-09	4.5853e-10	9e-14	3.2714e-07	-3.2554e-07	5.09e-10	3.3615e-10	2e-13	3.2468e-07	-3.2552e-07
1.13	-1.0818e-07	2.9015e-09	5.1e-13	4.3068e-07	-3.255e-07	-5.882e-08	2.053e-09	6e-14	3.821e-07	-3.2528e-07	-3.09602e-08	1.4175e-09	-1.7e-13	3.548e-07	-3.252e-07	-1.5254e-08	9.6429e-10	-6.4e-13	3.3964e-07	-3.2536e-07	-6.5902e-09	6.4118e-10	-3.7e-13	3.312e-07	-3.2526e-07	-2.0553e-09	4.3183e-10	-2.42e-12	3.272e-07	-3.256e-07	5.6112e-10	3.101e-10	4.4e-13	3.2474e-07	-3.2556e-07
1.125	-1.0748e-07	2.8517e-09	2.2e-13	4.3022e-07	-3.2546e-07	-5.86428e-08	2.0052e-09	9.5e-13	3.82e-07	-3.253e-07	-3.0903e-08	1.381e-09	6.1e-13	3.5486e-07	-3.2534e-07	-1.52116e-08	9.2966e-10	-3.1e-13	3.3968e-07	-3.2538e-07	-6.5853e-09	6.1112e-10	-5.3e-13	3.3132e-07	-3.2534e-07	-2.0477e-09	4.0319e-10	-5e-13	3.2718e-07	-3.2556e-07	5.2992e-10	2.8817e-10	-2e-13	3.2474e-07	-3.256e-07
1.12	-1.0718e-07	2.8003e-09	-1.3e-13	4.2978e-07	-3.2554e-07	-5.85052e-08	1.9651e-09	-2.3e-13	3.8192e-07	-3.2534e-07	-3.0845e-08	1.3477e-09	5.5e-13	3.5486e-07	-3.253e-07	-1.51768e-08	8.9735e-10	-3.7e-13	3.3972e-07	-3.2532e-07	-6.5897e-09	5.8471e-10	-1.01e-12	3.3138e-07	-3.254e-07	-2.0528e-09	3.8457e-10	4.8e-13	3.2718e-07	-3.255e-07	5.1986e-10	2.6281e-10	-4e-13	3.2476e-07	-3.2558e-07
1.115	-1.0664e-07	2.7474e-09	1.69e-12	4.2944e-07	-3.2552e-07	-5.82994e-08	1.9245e-09	-2.9e-13	3.8164e-07	-3.253e-07	-3.07994e-08	1.3128e-09	4e-13	3.5488e-07	-3.2528e-07	-1.51682e-08	8.6913e-10	4.7e-13	3.3966e-07	-3.253e-07	-6.5703e-09	5.5712e-10	1.07e-12	3.3142e-07	-3.253e-07	-2.0375e-09	3.6226e-10	-1.18e-12	3.2716e-07	-3.2548e-07	5.1933e-10	2.4875e-10	6.9e-13	3.2478e-07	-3.2552e-07
1.11	-1.0632e-07	2.7064e-09	-2.3e-13	4.2906e-07	-3.2556e-07	-5.82376e-08	1.887e-09	1.86e-12	3.8166e-07	-3.2532e-07	-3.07268e-08	1.2807e-09	-1.32e-12	3.548e-07	-3.2526e-07	-1.51658e-08	8.422e-10	2.5e-13	3.3954e-07	-3.2526e-07	-6.5413e-09	5.3674e-10	2.5e-13	3.3136e-07	-3.2534e-07	-2.0359e-09	3.4131e-10	1.7e-13	3.272e-07	-3.2548e-07	5.2442e-10	2.2972e-10	-2.19e-12	3.248e-07	-3.256e-07
1.105	-1.0588e-07	2.6584e-09	-1.52e-12	4.287e-07	-3.256e-07	-5.8069e-08	1.8491e-09	-2.47e-12	3.815e-07	-3.253e-07	-3.07624e-08	1.2467e-09	2e-14	3.5482e-07	-3.253e-07	-1.51108e-08	8.1956e-10	4.8e-13	3.396e-07	-3.253e-07	-6.5457e-09	5.1634e-10	-1.98e-12	3.3144e-07	-3.2538e-07	-2.0419e-09	3.2409e-10	1.16e-12	3.272e-07	-3.2556e-07	5.3081e-10	2.1172e-10	3.3e-13	3.2488e-07	-3.256e-07
1.1	-1.0548e-07	2.6112e-09	1.2e-12	4.2844e-07	-3.2556e-07	-5.79324e-08	1.8105e-09	-5e-13	3.8148e-07	-3.2528e-07	-3.06666e-08	1.2209e-09	2.7e-13	3.5476e-07	-3.2536e-07	-1.50776e-08	7.9299e-10	-1.31e-12	3.3958e-07	-3.253e-07	-6.5782e-09	4.926e-10	8.8e-13	3.3148e-07	-3.2538e-07	-2.0329e-09	3.0797e-10	-7.9e-13	3.272e-07	-3.2552e-07	5.2884e-10	1.9907e-10	1.02e-12	3.2488e-07	-3.2562e-07
1.095	-1.0484e-07	2.572e-09	1.33e-12	4.2796e-07	-3.2556e-07	-5.78532e-08	1.7775e-09	5.7e-13	3.8146e-07	-3.254e-07	-3.05936e-08	1.1919e-09	1.15e-12	3.5466e-07	-3.2532e-07	-1.50438e-08	7.6917e-10	-4.9e-13	3.396e-07	-3.2528e-07	-6.5728e-09	4.7802e-10	6.1e-13	3.3142e-07	-3.2534e-07	-2.0354e-09	2.9231e-10	1.3e-13	3.2718e-07	-3.255e-07	5.3213e-10	1.8484e-10	-4.5e-13	3.2482e-07	-3.2564e-07
1.09	-1.0474e-07	2.5272e-09	-4.9e-13	4.2776e-07	-3.2558e-07	-5.77234e-08	1.7418e-09	2e-13	3.814e-07	-3.253e-07	-3.05474e-08	1.1685e-09	5.3e-13	3.5464e-07	-3.2528e-07	-1.50588e-08	7.4484e-10	-4.5e-13	3.3958e-07	-3.2532e-07	-6.5373e-09	4.5943e-10	-8.5e-13	3.3144e-07	-3.2536e-07	-2.0288e-09	2.7453e-10	-8.5e-13	3.2726e-07	-3.2552e-07	5.3315e-10	1.7207e-10	6.9e-13	3.2482e-07	-3.2556e-07
1.085	-1.045e-07	2.4858e-09	2.03e-12	4.2754e-07	-3.2558e-07	-5.76076e-08	1.7124e-09	-4.2e-13	3.8124e-07	-3.252e-07	-3.04938e-08	1.1397e-09	1.39e-12	3.5464e-07	-3.253e-07	-1.5077e-08	7.2661e-10	3.2e-13	3.397e-07	-3.2538e-07	-6.5271e-09	4.4197e-10	-9e-13	3.3148e-07	-3.2536e-07	-2.0439e-09	2.6536e-10	4.6e-13	3.2726e-07	-3.2544e-07	5.3616e-10	1.5924e-10	4.8e-13	3.2486e-07	-3.2548e-07
1.08	-1.0412e-07	2.451e-09	1.18e-12	4.2718e-07	-3.2548e-07	-5.75062e-08	1.6821e-09	3e-13	3.8116e-07	-3.2534e-07	-3.04316e-08	1.1163e-09	-1.28e-12	3.546e-07	-3.2532e-07	-1.5032e-08	7.076e-10	2.6e-13	3.3978e-07	-3.2538e-07	-6.5697e-09	4.2505e-10	9e-14	3.3152e-07	-3.2534e-07	-2.0337e-09	2.5187e-10	-6.3e-13	3.272e-07	-3.2538e-07	5.3971e-10	1.5231e-10	-4.5e-13	3.248e-07	-3.255e-07
1.075	-1.036e-07	2.4113e-09	-8.4e-13	4.2682e-07	-3.2552e-07	-5.73628e-08	1.6543e-09	2e-14	3.8106e-07	-3.2536e-07	-3.04102e-08	1.0903e-09	-1.39e-12	3.5472e-07	-3.2524e-07	-1.5055e-08	6.885e-10	8.9e-13	3.397e-07	-3.2542e-07	-6.5425e-09	4.1266e-10	3e-14	3.316e-07	-3.2538e-07	-2.0648e-09	2.39e-10	-1.64e-12	3.2724e-07	-3.2552e-07	5.3776e-10	1.3922e-10	-6.4e-13	3.2482e-07	-3.2548e-07
1.07	-1.0342e-07	2.374e-09	5.5e-13	4.2656e-07	-3.255e-07	-5.73794e-08	1.6234e-09	-1.31e-12	3.8114e-07	-3.2536e-07	-3.04088e-08	1.0652e-09	-5e-13	3.547e-07	-3.2542e-07	-1.49902e-08	6.7261e-10	-2.8e-13	3.397e-07	-3.2542e-07	-6.5556e-09	3.9967e-10	4e-14	3.3138e-07	-3.2532e-07	-2.054e-09	2.2794e-10	1.24e-12	3.273e-07	-3.2552e-07	5.4568e-10	1.3001e-10	-1.1e-13	3.2486e-07	-3.2544e-07
1.065	-1.0302e-07	2.3404e-09	6.3e-13	4.2616e-07	-3.2554e-07	-5.72954e-08	1.5941e-09	-6.5e-13	3.811e-07	-3.254e-07	-3.03444e-08	1.0449e-09	4.1e-13	3.5468e-07	-3.254e-07	-1.50232e-08	6.5419e-10	-1.76e-12	3.3978e-07	-3.2544e-07	-6.494e-09	3.8155e-10	8.2e-13	3.3144e-07	-3.2534e-07	-2.0396e-09	2.1974e-10	-8e-14	3.2734e-07	-3.2546e-07	5.4203e-10	1.2315e-10	-3.8e-13	3.2498e-07	-3.2566e-07
1.06	-1.0288e-07	2.3021e-09	3.5e-13	4.2602e-07	-3.2552e-07	-5.70692e-08	1.5658e-09	1.09e-12	3.8082e-07	-3.2536e-07	-3.03548e-08	1.0245e-09	2.3e-13	3.5476e-07	-3.2534e-07	-1.49492e-08	6.354e-10	-2.8e-13	3.3972e-07	-3.2542e-07	-6.5038e-09	3.7342e-10	9.9e-13	3.3148e-07	-3.2536e-07	-2.0529e-09	2.0908e-10	-7.7e-13	3.2724e-07	-3.2546e-07	5.455e-10	1.1451e-10	-1.2e-13	3.249e-07	-3.2554e-07
1.055	-1.0252e-07	2.268e-09	1.26e-12	4.2564e-07	-3.2546e-07	-5.6906e-08	1.5398e-09	1.04e-12	3.806e-07	-3.253e-07	-3.03416e-08	1.0083e-09	3.5e-13	3.5468e-07	-3.2528e-07	-1.49482e-08	6.1818e-10	0	3.3974e-07	-3.2536e-07	-6.4966e-09	3.6018e-10	-1.11e-12	3.315e-07	-3.2536e-07	-2.0262e-09	1.9733e-10	9e-13	3.2732e-07	-3.2544e-07	5.4564e-10	1.0648e-10	-9.2e-13	3.2494e-07	-3.2556e-07
1.05	-1.0222e-07	2.2347e-09	-8.1e-13	4.2546e-07	-3.2556e-07	-5.69086e-08	1.515e-09	3.3e-13	3.8072e-07	-3.2536e-07	-3.02714e-08	9.85e-10	-9.5e-13	3.5462e-07	-3.2534e-07	-1.48892e-08	6.071e-10	-4e-14	3.3966e-07	-3.2536e-07	-6.4968e-09	3.4919e-10	-1.45e-12	3.3152e-07	-3.2538e-07	-2.0212e-09	1.9309e-10	-3.9e-13	3.2724e-07	-3.254e-07	5.51e-10	9.859e-11	1.2e-13	3.2494e-07	-3.2552e-07
1.045	-1.0198e-07	2.2032e-09	-1.35e-12	4.2532e-07	-3.2548e-07	-5.67792e-08	1.49e-09	-4e-14	3.8058e-07	-3.253e-07	-3.02678e-08	9.6406e-10	-9.5e-13	3.5466e-07	-3.2532e-07	-1.4921e-08	5.9225e-10	4.7e-13	3.397e-07	-3.2546e-07	-6.4866e-09	3.3587e-10	-6.4e-13	3.3156e-07	-3.2538e-07	-2.0278e-09	1.8405e-10	-1.5e-12	3.2722e-07	-3.2542e-07	5.4985e-10	9.59e-11	7e-14	3.2494e-07	-3.2548e-07
1.04	-1.0178e-07	2.1701e-09	8.8e-13	4.2508e-07	-3.255e-07	-5.6699e-08	1.468e-09	-1.38e-12	3.8048e-07	-3.2536e-07	-3.01834e-08	9.4384e-10	-7.8e-13	3.5454e-07	-3.2528e-07	-1.4912e-08	5.7967e-10	-4.6e-13	3.3976e-07	-3.2542e-07	-6.4891e-09	3.2881e-10	3.7e-13	3.3164e-07	-3.254e-07	-2.0267e-09	1.7404e-10	-1.16e-12	3.272e-07	-3.2548e-07	5.5141e-10	8.695e-11	-2.48e-12	3.2492e-07	-3.2548e-07
1.035	-1.0136e-07	2.1384e-09	4.7e-13	4.2472e-07	-3.2542e-07	-5.65244e-08	1.4398e-09	-1.29e-12	3.8052e-07	-3.2534e-07	-3.01528e-08	9.2612e-10	8.7e-13	3.5442e-07	-3.253e-07	-1.49136e-08	5.6255e-10	-1.36e-12	3.3978e-07	-3.2546e-07	-6.523e-09	3.1903e-10	-1.27e-12	3.316e-07	-3.2538e-07	-2.0241e-09	1.6928e-10	1e-13	3.2736e-07	-3.2548e-07	5.5167e-10	8.044e-11	3.1e-13	3.2486e-07	-3.2548e-07
1.03	-1.0114e-07	2.1079e-09	-1.1e-13	4.2464e-07	-3.2548e-07	-5.6502e-08	1.4173e-09	-1.5e-13	3.804e-07	-3.2536e-07	-3.01246e-08	9.0747e-10	-1.1e-13	3.5452e-07	-3.2528e-07	-1.49304e-08	5.503e-10	-6.7e-13	3.3982e-07	-3.2546e-07	-6.4996e-09	3.0494e-10	-3e-13	3.3162e-07	-3.2544e-07	-2.024e-09	1.6277e-10	1e-14	3.273e-07	-3.2542e-07	5.4986e-10	7.86e-11	-2.8e-13	3.2482e-07	-3.2554e-07
1.025	-1.0086e-07	2.0751e-09	7.3e-13	4.243e-07	-3.2544e-07	-5.6507e-08	1.3931e-09	-4e-13	3.8044e-07	-3.2536e-07	-3.01174e-08	8.9173e-10	5e-14	3.5454e-07	-3.2526e-07	-1.4912e-08	5.3528e-10	-3.1e-13	3.399e-07	-3.2538e-07	-6.4849e-09	2.9917e-10	1.02e-12	3.315e-07	-3.253e-07	-2.0394e-09	1.5901e-10	-1.6e-13	3.2726e-07	-3.254e-07	5.5691e-10	7.306e-11	-2.23e-12	3.2486e-07	-3.2554e-07
1.02	-1.007e-07	2.0471e-09	6.8e-13	4.2406e-07	-3.2542e-07	-5.63784e-08	1.3724e-09	-1.7e-13	3.8036e-07	-3.253e-07	-3.01218e-08	8.7463e-10	-8.3e-13	3.5448e-07	-3.2532e-07	-1.49216e-08	5.2372e-10	2.7e-13	3.3976e-07	-3.2546e-07	-6.4716e-09	2.8969e-10	-5e-13	3.3154e-07	-3.2536e-07	-2.0518e-09	1.4897e-10	-1.7e-13	3.2728e-07	-3.255e-07	5.5475e-10	6.661e-11	6e-13	3.2494e-07	-3.2554e-07
1.015	-1.0048e-07	2.0161e-09	3.3e-13	4.24e-07	-3.2546e-07	-5.62588e-08	1.3512e-09	-1.3e-13	3.8036e-07	-3.2536e-07	-3.00626e-08	8.5719e-10	-1.21e-12	3.545e-07	-3.2534e-07	-1.48884e-08	5.1192e-10	-2.3e-13	3.398e-07	-3.2544e-07	-6.471e-09	2.8166e-10	-1.45e-12	3.3154e-07	-3.2546e-07	-2.0319e-09	1.4716e-10	4.1e-13	3.2736e-07	-3.2542e-07	5.5533e-10	6.265e-11	1.15e-12	3.2494e-07	-3.255e-07
1.01	-1.0032e-07	1.9853e-09	5.4e-13	4.239e-07	-3.2552e-07	-5.62126e-08	1.3315e-09	-8e-13	3.8016e-07	-3.2536e-07	-3.00198e-08	8.3921e-10	-9.2e-13	3.546e-07	-3.2538e-07	-1.4854e-08	5.0292e-10	6.4e-13	3.3976e-07	-3.2538e-07	-6.4784e-09	2.7054e-10	-4.5e-13	3.3158e-07	-3.2536e-07	-2.0304e-09	1.4046e-10	-2.3e-13	3.2732e-07	-3.2554e-07	5.5724e-10	6.136e-11	-6.5e-13	3.2486e-07	-3.2546e-07
1.005	-1.0022e-07	1.9604e-09	1.2e-13	4.2364e-07	-3.2554e-07	-5.61672e-08	1.3085e-09	-2.26e-12	3.8012e-07	-3.2534e-07	-2.99176e-08	8.2254e-10	-1.8e-13	3.5446e-07	-3.253e-07	-1.48518e-08	4.9103e-10	-1.31e-12	3.3976e-07	-3.2542e-07	-6.4571e-09	2.6527e-10	-6e-14	3.316e-07	-3.2538e-07	-2.0155e-09	1.352e-10	-1.2e-12	3.2736e-07	-3.254e-07	5.6273e-10	5.469e-11	5.6e-13	3.2488e-07	-3.255e-07
1	-1e-07	1.9275e-09	3.3e-13	4.235e-07	-3.2548e-07	-5.60728e-08	1.2852e-09	-2.5e-13	3.8012e-07	-3.253e-07	-2.9905e-08	8.0813e-10	7.5e-13	3.5452e-07	-3.254e-07	-1.4851e-08	4.758e-10	-1.29e-12	3.3972e-07	-3.2538e-07	-6.4613e-09	2.5849e-10	-2.88e-12	3.3154e-07	-3.2534e-07	-2.0323e-09	1.2796e-10	4.2e-13	3.2726e-07	-3.2536e-07	5.6009e-10	5.261e-11	-3.9e-13	3.2486e-07	-3.2554e-07
0.995	-9.96494e-08	1.9032e-09	-1.33e-12	4.2318e-07	-3.2542e-07	-5.60006e-08	1.2632e-09	6e-14	3.8006e-07	-3.2526e-07	-2.99218e-08	7.9384e-10	-2.1e-13	3.545e-07	-3.2536e-07	-1.48022e-08	4.6468e-10	6.6e-13	3.3982e-07	-3.2538e-07	-6.4442e-09	2.4707e-10	7e-14	3.3156e-07	-3.2536e-07	-2.0617e-09	1.2724e-10	-1.9e-13	3.2736e-07	-3.2538e-07	5.5987e-10	5.036e-11	-1.8e-13	3.2488e-07	-3.2546e-07
0.99	-9.93734e-08	1.8777e-09	8.3e-13	4.2296e-07	-3.2542e-07	-5.5883e-08	1.2439e-09	5.9e-13	3.7998e-07	-3.2542e-07	-2.99292e-08	7.7919e-10	-6.5e-13	3.5456e-07	-3.2536e-07	-1.47834e-08	4.5425e-10	1e-13	3.3974e-07	-3.253e-07	-6.4471e-09	2.4249e-10	8.9e-13	3.315e-07	-3.2538e-07	-2.0414e-09	1.2046e-10	-2.06e-12	3.2734e-07	-3.2548e-07	5.6382e-10	4.728e-11	-5.6e-13	3.2494e-07	-3.2548e-07
0.985	-9.93164e-08	1.8477e-09	6.2e-13	4.2284e-07	-3.2544e-07	-5.58666e-08	1.2264e-09	5.5e-13	3.8e-07	-3.254e-07	-2.99352e-08	7.6107e-10	-7.3e-13	3.5454e-07	-3.2536e-07	-1.4765e-08	4.4735e-10	5e-13	3.397e-07	-3.254e-07	-6.4733e-09	2.3659e-10	-7e-14	3.3158e-07	-3.2532e-07	-2.0333e-09	1.1437e-10	-8e-14	3.2736e-07	-3.254e-07	5.6278e-10	4.299e-11	-3e-13	3.2488e-07	-3.2542e-07
0.98	-9.90378e-08	1.8211e-09	1.7e-12	4.227e-07	-3.2544e-07	-5.5755e-08	1.2058e-09	9.7e-13	3.7982e-07	-3.2536e-07	-2.98494e-08	7.4715e-10	-1.3e-13	3.5446e-07	-3.2538e-07	-1.48036e-08	4.3613e-10	2e-14	3.3978e-07	-3.2532e-07	-6.4548e-09	2.3079e-10	1.5e-13	3.3158e-07	-3.253e-07	-2.0488e-09	1.1163e-10	-9e-14	3.2736e-07	-3.2542e-07	5.6367e-10	4.22e-11	4e-14	3.2488e-07	-3.2544e-07
0.975	-9.88888e-08	1.7953e-09	1.8e-13	4.2256e-07	-3.2546e-07	-5.58518e-08	1.1871e-09	-9.3e-13	3.7992e-07	-3.2532e-07	-2.97864e-08	7.317e-10	4.9e-13	3.5432e-07	-3.2528e-07	-1.47636e-08	4.284e-10	-6.5e-13	3.3974e-07	-3.2536e-07	-6.437e-09	2.2032e-10	-2.2e-13	3.3156e-07	-3.2544e-07	-2.048e-09	1.0922e-10	4e-14	3.2732e-07	-3.2538e-07	5.6508e-10	4.087e-11	1.4e-13	3.2484e-07	-3.2548e-07
0.97	-9.87292e-08	1.7742e-09	3.9e-13	4.2246e-07	-3.2546e-07	-5.57798e-08	1.1677e-09	-7.3e-13	3.7998e-07	-3.2532e-07	-2.9802e-08	7.2014e-10	9.3e-13	3.544e-07	-3.2534e-07	-1.47732e-08	4.1505e-10	-6.1e-13	3.396e-07	-3.253e-07	-6.4578e-09	2.1824e-10	7.6e-13	3.3162e-07	-3.2532e-07	-2.0491e-09	1.0324e-10	1.2e-13	3.2736e-07	-3.2546e-07	5.6717e-10	3.582e-11	-1.13e-12	3.2486e-07	-3.2546e-07
0.965	-9.85542e-08	1.746e-09	-5.8e-13	4.2232e-07	-3.2554e-07	-5.57386e-08	1.1464e-09	3.2e-13	3.7988e-07	-3.2524e-07	-2.97456e-08	7.0422e-10	7.1e-13	3.5448e-07	-3.2538e-07	-1.47578e-08	4.0526e-10	1.8e-13	3.397e-07	-3.2536e-07	-6.4537e-09	2.1084e-10	-3.2e-13	3.316e-07	-3.2538e-07	-2.048e-09	9.741e-11	-1.12e-12	3.2738e-07	-3.2538e-07	5.8554e-10	3.422e-11	1.24e-12	3.2486e-07	-3.255e-07
0.96	-9.84436e-08	1.7206e-09	-1.54e-12	4.2208e-07	-3.2536e-07	-5.56084e-08	1.1275e-09	6.6e-13	3.7976e-07	-3.2534e-07	-2.97432e-08	6.9473e-10	-1.2e-13	3.5434e-07	-3.2532e-07	-1.47404e-08	3.9397e-10	-9.9e-13	3.3974e-07	-3.2542e-07	-6.8396e-09	2.0447e-10	-1.8e-13	3.3206e-07	-3.2536e-07	-2.0788e-09	9.677e-11	-1e-14	3.2738e-07	-3.2542e-07	5.6625e-10	3.448e-11	-1.01e-12	3.2488e-07	-3.255e-07
0.955	-9.81854e-08	1.6927e-09	7.6e-13	4.22e-07	-3.2542e-07	-5.55058e-08	1.1098e-09	-4.3e-13	3.7976e-07	-3.2542e-07	-2.97556e-08	6.7817e-10	-1.74e-12	3.5442e-07	-3.2536e-07	-1.47268e-08	3.8736e-10	6.5e-13	3.397e-07	-3.2534e-07	-6.417e-09	1.9781e-10	4.5e-13	3.3156e-07	-3.2532e-07	-2.0572e-09	9.282e-11	-1.79e-12	3.2742e-07	-3.2542e-07	5.9012e-10	3.065e-11	-9.2e-13	3.2486e-07	-3.2554e-07
0.95	-9.9752e-08	1.6696e-09	-2.5e-13	4.2192e-07	-3.2548e-07	-5.54504e-08	1.0945e-09	1.41e-12	3.798e-07	-3.2536e-07	-2.96714e-08	6.6382e-10	-1.5e-12	3.5426e-07	-3.2536e-07	-1.47764e-08	3.801e-10	1.35e-12	3.3972e-07	-3.2532e-07	-6.4413e-09	1.9567e-10	8.9e-13	3.316e-07	-3.2538e-07	-2.0558e-09	8.707e-11	-9.3e-13	3.2742e-07	-3.2548e-07	5.7371e-10	2.779e-11	1.63e-12	3.2484e-07	-3.2546e-07
0.945	-9.79402e-08	1.6454e-09	1.44e-12	4.2166e-07	-3.254e-07	-5.5458e-08	1.0759e-09	2.5e-13	3.7974e-07	-3.2538e-07	-2.96528e-08	6.5029e-10	2.1e-13	3.5432e-07	-3.253e-07	-1.47584e-08	3.7103e-10	-1.02e-12	3.3966e-07	-3.253e-07	-6.4346e-09	1.8848e-10	-1.93e-12	3.316e-07	-3.2532e-07	-2.0506e-09	8.48e-11	3.4e-13	3.2738e-07	-3.2544e-07	5.7326e-10	2.813e-11	-5.2e-13	3.2484e-07	-3.2546e-07
0.94	-9.77714e-08	1.6222e-09	6.2e-13	4.2146e-07	-3.2534e-07	-5.52522e-08	1.057e-09	-3.2e-12	3.797e-07	-3.2526e-07	-2.9623e-08	6.3867e-10	1.2e-12	3.5434e-07	-3.2532e-07	-1.47078e-08	3.6171e-10	-1.99e-12	3.3976e-07	-3.2532e-07	-6.4341e-09	1.8164e-10	4.4e-13	3.3162e-07	-3.2532e-07	-2.0595e-09	8.339e-11	-1.35e-12	3.2742e-07	-3.2542e-07	5.8228e-10	2.696e-11	-7.7e-13	3.2482e-07	-3.2544e-07
0.935	-9.7651e-08	1.6002e-09	1.21e-12	4.2146e-07	-3.2546e-07	-5.52902e-08	1.0392e-09	-6e-14	3.7968e-07	-3.2536e-07	-2.96022e-08	6.2808e-10	-5.5e-13	3.543e-07	-3.2526e-07	-1.47124e-08	3.507e-10	-4.8e-13	3.3972e-07	-3.253e-07	-6.4227e-09	1.7812e-10	6.3e-13	3.3158e-07	-3.253e-07	-2.0744e-09	7.956e-11	-2.7e-13	3.2746e-07	-3.255e-07	5.7781e-10	2.207e-11	1.22e-12	3.2484e-07	-3.255e-07
0.93	-9.7398e-08	1.5774e-09	-6.4e-13	4.2138e-07	-3.2542e-07	-5.53542e-08	1.0228e-09	-3.8e-13	3.7986e-07	-3.2536e-07	-2.95714e-08	6.1566e-10	5.4e-13	3.5428e-07	-3.2534e-07	-1.47184e-08	3.4283e-10	1.06e-12	3.3974e-07	-3.2532e-07	-6.4382e-09	1.7359e-10	-1.93e-12	3.3154e-07	-3.2534e-07	-2.0706e-09	7.405e-11	-4e-13	3.2746e-07	-3.2546e-07	5.7734e-10	2.402e-11	1.7e-13	3.2484e-07	-3.2546e-07
0.925	-9.73236e-08	1.552e-09	-1.22e-12	4.2126e-07	-3.2548e-07	-5.54616e-08	1.0042e-09	3.1e-13	3.7982e-07	-3.2538e-07	-2.96584e-08	6.0403e-10	-7.6e-13	3.543e-07	-3.2532e-07	-1.4661e-08	3.3396e-10	1.02e-12	3.3966e-07	-3.2532e-07	-6.4342e-09	1.6708e-10	0	3.316e-07	-3.2534e-07	-2.0714e-09	7.502e-11	3.5e-13	3.2748e-07	-3.2554e-07	5.7854e-10	2.228e-11	-1.5e-13	3.249e-07	-3.255e-07
0.92	-9.72184e-08	1.5262e-09	-5.5e-13	4.211e-07	-3.2554e-07	-5.53764e-08	9.9203e-10	-1.27e-12	3.7968e-07	-3.2532e-07	-2.9612e-08	5.8968e-10	-2.8e-13	3.5428e-07	-3.2524e-07	-1.46784e-08	3.2907e-10	8.3e-13	3.3966e-07	-3.2526e-07	-6.4115e-09	1.6019e-10	5.5e-13	3.316e-07	-3.253e-07	-2.0884e-09	7.128e-11	2.5e-13	3.2748e-07	-3.2546e-07	5.7853e-10	2.035e-11	-5.1e-13	3.2486e-07	-3.255e-07
0.915	-9.70654e-08	1.5075e-09	-4.5e-13	4.2108e-07	-3.2546e-07	-5.52924e-08	9.7174e-10	-1.1e-13	3.7968e-07	-3.2536e-07	-2.95962e-08	5.7942e-10	1.08e-12	3.5436e-07	-3.2526e-07	-1.46358e-08	3.1958e-10	-1.9e-13	3.3968e-07	-3.2532e-07	-6.4169e-09	1.5926e-10	-8.5e-13	3.316e-07	-3.253e-07	-2.0992e-09	6.698e-11	1e-13	3.2748e-07	-3.2558e-07	5.9512e-10	1.799e-11	4.7e-13	3.2488e-07	-3.2546e-07
0.91	-9.6925e-08	1.485e-09	7.7e-13	4.21e-07	-3.2548e-07	-5.52398e-08	9.5781e-10	-5.1e-13	3.797e-07	-3.253e-07	-2.95598e-08	5.6743e-10	-8.1e-13	3.5426e-07	-3.2526e-07	-1.46682e-08	3.1429e-10	-9.8e-13	3.397e-07	-3.2532e-07	-6.4264e-09	1.529e-10	-1.15e-12	3.3162e-07	-3.253e-07	-2.086e-09	6.353e-11	6.7e-13	3.2748e-07	-3.2544e-07	5.8132e-10	1.753e-11	2.1e-13	3.2488e-07	-3.2548e-07
0.905	-9.68496e-08	1.4642e-09	7.8e-13	4.2084e-07	-3.2548e-07	-5.52068e-08	9.3936e-10	-1.01e-12	3.7964e-07	-3.2532e-07	-2.95064e-08	5.5411e-10	1.122e-11	3.5432e-07	-3.2536e-07	-1.46778e-08	3.0097e-10	7e-14	3.3974e-07	-3.2542e-07	-6.4475e-09	1.4687e-10	-3.6e-13	3.3168e-07	-3.2532e-07	-2.0823e-09	6.478e-11	6.8e-13	3.2748e-07	-3.2552e-07	5.8009e-10	1.795e-11	-7e-13	3.2486e-07	-3.2554e-07
0.9	-9.66784e-08	1.4434e-09	4.1e-13	4.2062e-07	-3.2546e-07	-5.51806e-08	9.2222e-10	-1.4e-13	3.7952e-07	-3.2532e-07	-2.94456e-08	5.4738e-10	-3e-13	3.542e-07	-3.2526e-07	-1.46468e-08	2.9589e-10	-4.9e-13	3.3972e-07	-3.2534e-07	-6.4449e-09	1.4362e-10	1.5e-13	3.3166e-07	-3.2532e-07	-2.0793e-09	6.004e-11	-1.75e-12	3.275e-07	-3.2548e-07	5.8394e-10	1.178e-11	-1.7e-13	3.2494e-07	-3.2548e-07
0.895	-9.64054e-08	1.4223e-09	-1.17e-12	4.2058e-07	-3.2542e-07	-5.50512e-08	9.0536e-10	1.59e-12	3.7954e-07	-3.2536e-07	-2.94906e-08	5.3845e-10	-3.84e-12	3.5422e-07	-3.253e-07	-1.4622e-08	2.8751e-10	-1.1e-13	3.397e-07	-3.2534e-07	-6.4333e-09	1.4071e-10	-1.1e-12	3.316e-07	-3.253e-07	-2.1136e-09	5.723e-11	1.1e-13	3.2758e-07	-3.2548e-07	5.7875e-10	1.517e-11	1.67e-12	3.2488e-07	-3.2556e-07
0.89	-9.646e-08	1.3987e-09	-1.07e-12	4.2028e-07	-3.254e-07	-5.51372e-08	8.9311e-10	-1.4e-13	3.7962e-07	-3.2536e-07	-2.94862e-08	5.2005e-10	4.7e-13	3.5426e-07	-3.2526e-07	-1.46284e-08	2.8344e-10	6.1e-13	3.3972e-07	-3.2534e-07	-6.4217e-09	1.3487e-10	-1.09e-12	3.3164e-07	-3.2526e-07	-2.1167e-09	5.478e-11	2.9e-13	3.2752e-07	-3.2546e-07	5.8426e-10	1.32e-11	-1.83e-12	3.2494e-07	-3.2556e-07
0.885	-9.62374e-08	1.3764e-09	-1.19e-12	4.202e-07	-3.2534e-07	-5.5054e-08	8.8108e-10	-1.4e-12	3.7954e-07	-3.2536e-07	-2.94728e-08	5.1579e-10	-4.27e-12	3.5424e-07	-3.2526e-07	-1.46076e-08	2.7617e-10	3.9e-13	3.3976e-07	-3.2536e-07	-6.4176e-09	1.2903e-10	-2e-13	3.3156e-07	-3.254e-07	-2.1204e-09	5.53e-11	-2.11e-12	3.2756e-07	-3.2546e-07	5.8684e-10	1.011e-11	-3.8e-13	3.2494e-07	-3.2556e-07
0.88	-9.61036e-08	1.3567e-09	1.02e-12	4.202e-07	-3.254e-07	-5.50384e-08	8.6248e-10	-2.5e-13	3.7954e-07	-3.2534e-07	-2.94288e-08	5.0209e-10	8.6e-13	3.5414e-07	-3.2526e-07	-1.4586e-08	2.6971e-10	-2.2e-12	3.3972e-07	-3.2534e-07	-6.4178e-09	1.29e-10	-1.3e-13	3.3164e-07	-3.2532e-07	-2.0939e-09	5.029e-11	-5.8e-13	3.2752e-07	-3.2546e-07	5.8439e-10	9.6e-12	1.14e-12	3.2494e-07	-3.256e-07
0.875	-9.60406e-08	1.3364e-09	4.4e-13	4.2014e-07	-3.2548e-07	-5.49188e-08	8.4726e-10	-4.1e-13	3.7934e-07	-3.253e-07	-2.9446e-08	4.9039e-10	6.16e-12	3.542e-07	-3.2526e-07	-1.45902e-08	2.6192e-10	-2.6e-13	3.3964e-07	-3.253e-07	-6.4518e-09	1.2395e-10	-8.7e-13	3.3156e-07	-3.253e-07	-2.0956e-09	4.667e-11	5.1e-13	3.275e-07	-3.2538e-07	5.8889e-10	9.02e-12	-4.7e-13	3.2486e-07	-3.2548e-07
0.87	-9.58718e-08	1.3186e-09	-4e-14	4.1992e-07	-3.2538e-07	-5.48034e-08	8.2867e-10	-2e-14	3.7938e-07	-3.2532e-07	-2.94032e-08	4.8186e-10	-2.25e-12	3.543e-07	-3.253e-07	-1.45988e-08	2.5238e-10	1.34e-12	3.3964e-07	-3.2532e-07	-6.4412e-09	1.196e-10	-9.3e-13	3.3166e-07	-3.2538e-07	-2.128e-09	4.887e-11	-6.3e-13	3.2746e-07	-3.2544e-07	6.0274e-10	6.61e-12	-5.2e-13	3.2488e-07	-3.2554e-07
0.865	-9.75756e-08	1.2968e-09	-6.5e-13	4.2164e-07	-3.2546e-07	-5.48188e-08	8.1654e-10	1.23e-12	3.7938e-07	-3.2532e-07	-2.93652e-08	4.7162e-10	-1.18e-12	3.5412e-07	-3.2532e-07	-1.45928e-08	2.47e-10	7e-13	3.3966e-07	-3.253e-07	-6.4475e-09	1.137e-10	1.72e-12	3.3172e-07	-3.2534e-07	-2.1123e-09	4.416e-11	-4.6e-13	3.2748e-07	-3.2536e-07	6.0806e-10	3.51e-12	7.2e-13	3.2496e-07	-3.2558e-07
0.86	-9.56214e-08	1.2789e-09	-3e-14	4.1978e-07	-3.2536e-07	-5.48566e-08	8.0114e-10	-6.3e-13	3.794e-07	-3.2534e-07	-2.93888e-08	4.6013e-10	1.46e-12	3.5418e-07	-3.252e-07	-1.4562e-08	2.4167e-10	4.4e-13	3.3972e-07	-3.2544e-07	-6.4635e-09	1.1549e-10	6.9e-13	3.3172e-07	-3.2534e-07	-2.1283e-09	4.034e-11	-1.12e-12	3.2748e-07	-3.2544e-07	6.0172e-10	6.15e-12	-3e-13	3.2488e-07	-3.2546e-07
0.855	-9.54698e-08	1.2568e-09	1.5e-13	4.196e-07	-3.2542e-07	-5.47762e-08	7.9086e-10	-3.2e-13	3.7934e-07	-3.2538e-07	-2.93174e-08	4.5392e-10	-2.5e-12	3.5424e-07	-3.2528e-07	-1.45714e-08	2.3777e-10	4.6e-13	3.3966e-07	-3.2542e-07	-6.4543e-09	1.0785e-10	-1.44e-12	3.3158e-07	-3.253e-07	-2.1355e-09	3.934e-11	2.3e-13	3.275e-07	-3.2546e-07	6.1457e-10	2.69e-12	-1.21e-12	3.2482e-07	-3.255e-07
0.85	-9.54222e-08	1.2343e-09	-1.01e-12	4.1954e-07	-3.2538e-07	-5.4729e-08	7.7353e-10	1.24e-12	3.793e-07	-3.2536e-07	-2.93368e-08	4.3994e-10	-5.5e-13	3.5426e-07	-3.2522e-07	-1.46146e-08	2.3051e-10	-1.78e-12	3.398e-07	-3.254e-07	-6.4495e-09	1.0471e-10	1.38e-12	3.3164e-07	-3.2532e-07	-2.1057e-09	3.914e-11	-1e-14	3.2744e-07	-3.2544e-07	6.1131e-10	1.69e-12	-1.25e-12	3.2486e-07	-3.2548e-07
0.845	-9.53028e-08	1.2204e-09	2.04e-12	4.1944e-07	-3.254e-07	-5.45256e-08	7.6066e-10	-1.73e-12	3.7908e-07	-3.2532e-07	-2.93486e-08	4.3388e-10	5.43e-12	3.542e-07	-3.2526e-07	-1.46116e-08	2.2374e-10	-1.49e-12	3.397e-07	-3.2528e-07	-6.4703e-09	1.0271e-10	-7.4e-13	3.3172e-07	-3.2532e-07	-2.111e-09	3.699e-11	-1.98e-12	3.2744e-07	-3.2542e-07	5.9443e-10	8.6e-13	-4e-14	3.2482e-07	-3.255e-07
0.84	-9.52172e-08	1.2005e-09	8e-14	4.1948e-07	-3.2538e-07	-5.4461e-08	7.4291e-10	-1.04e-12	3.7914e-07	-3.2538e-07	-2.93034e-08	4.2331e-10	-2.5e-13	3.5418e-07	-3.253e-07	-1.46302e-08	2.1742e-10	-3e-13	3.3976e-07	-3.254e-07	-6.4857e-09	1.0034e-10	-8.8e-13	3.3174e-07	-3.2526e-07	-2.0998e-09	3.129e-11	1.6e-13	3.2748e-07	-3.2542e-07	6.0351e-10	-3.2e-13	2.3e-13	3.2486e-07	-3.2548e-07
0.835	-9.51966e-08	1.1838e-09	1e-13	4.1938e-07	-3.2538e-07	-5.4429e-08	7.3046e-10	9.9e-13	3.7904e-07	-3.2528e-07	-2.92642e-08	4.1261e-10	-1.71e-12	3.5412e-07	-3.2532e-07	-1.46016e-08	2.1088e-10	2.7e-13	3.3972e-07	-3.2538e-07	-6.4638e-09	9.471e-11	4.2e-13	3.3164e-07	-3.2524e-07	-2.1141e-09	3.549e-11	-2.5e-13	3.275e-07	-3.254e-07	6.0446e-10	-2.44e-12	-6.5e-13	3.2496e-07	-3.2548e-07
0.83	-9.5033e-08	1.1626e-09	1.5e-13	4.1936e-07	-3.2536e-07	-5.43224e-08	7.1865e-10	2.89e-12	3.7896e-07	-3.2532e-07	-2.9243e-08	4.0336e-10	-1.4e-13	3.5418e-07	-3.2532e-07	-1.45598e-08	2.0644e-10	-3.9e-13	3.3984e-07	-3.2538e-07	-6.4658e-09	9.18e-11	-7.8e-13	3.3174e-07	-3.2536e-07	-2.119e-09	3.129e-11	-1.75e-12	3.2754e-07	-3.2542e-07	6.0328e-10	-6.55e-12	7.5e-13	3.2494e-07	-3.2548e-07
0.825	-9.49866e-08	1.1456e-09	4.6e-13	4.1924e-07	-3.2532e-07	-5.43674e-08	7.0718e-10	-9.9e-13	3.789e-07	-3.2532e-07	-2.92396e-08	3.9861e-10	-2.48e-12	3.5422e-07	-3.2524e-07	-1.46078e-08	2.0135e-10	-5.7e-13	3.397e-07	-3.2532e-07	-6.4874e-09	9.044e-11	2.08e-12	3.3172e-07	-3.2532e-07	-2.1162e-09	2.924e-11	-1.39e-12	3.2748e-07	-3.2542e-07	6.0831e-10	-4.18e-12	-2.3e-13	3.2496e-07	-3.2542e-07
0.82	-9.4893e-08	1.1246e-09	-1.08e-12	4.1898e-07	-3.2536e-07	-5.43102e-08	6.9265e-10	1.9e-13	3.7896e-07	-3.2538e-07	-2.9249e-08	3.8691e-10	-1.96e-12	3.5412e-07	-3.2524e-07	-1.45368e-08	1.9828e-10	-9e-14	3.3978e-07	-3.2544e-07	-6.4524e-09	8.62e-11	-1.31e-12	3.316e-07	-3.253e-07	-2.1232e-09	2.629e-11	1.11e-12	3.2756e-07	-3.2542e-07	6.0975e-10	-8.07e-12	-2.22e-12	3.2486e-07	-3.2548e-07
0.815	-9.47874e-08	1.1081e-09	1e-14	4.1912e-07	-3.254e-07	-5.42804e-08	6.7859e-10	-8.1e-13	3.7892e-07	-3.2536e-07	-2.9208e-08	3.7572e-10	4.05e-12	3.542e-07	-3.253e-07	-1.45682e-08	1.9072e-10	-2.08e-12	3.3978e-07	-3.254e-07	-6.4682e-09	8.006e-11	-3.9e-13	3.3174e-07	-3.2542e-07	-2.0962e-09	2.928e-11	2.6e-13	3.2748e-07	-3.2546e-07	6.1544e-10	-1.1e-11	3.5e-13	3.2488e-07	-3.255e-07
0.81	-9.4678e-08	1.091e-09	4.3e-13	4.189e-07	-3.254e-07	-5.41812e-08	6.6565e-10	1.3e-13	3.7886e-07	-3.2532e-07	-2.91802e-08	3.6793e-10	-2.5e-13	3.5414e-07	-3.2526e-07	-1.45778e-08	1.8356e-10	3.3e-13	3.3972e-07	-3.2534e-07	-6.4993e-09	7.974e-11	1.35e-12	3.3172e-07	-3.253e-07	-2.1056e-09	2.458e-11	-4e-14	3.275e-07	-3.254e-07	6.166e-10	-9.83e-12	-4.9e-13	3.2492e-07	-3.2548e-07
0.805	-9.4542e-08	1.0761e-09	-4.6e-13	4.1888e-07	-3.2538e-07	-5.41506e-08	6.4968e-10	6.8e-13	3.7884e-07	-3.2536e-07	-2.92202e-08	3.6068e-10	-5.2e-13	3.5406e-07	-3.252e-07	-1.45588e-08	1.7754e-10	9.1e-13	3.3976e-07	-3.2532e-07	-6.4853e-09	7.631e-11	-1.76e-12	3.3186e-07	-3.253e-07	-2.1107e-09	2.313e-11	8e-14	3.275e-07	-3.254e-07	6.2279e-10	-1.32e-11	-1.35e-12	3.2488e-07	-3.2548e-07
0.8	-9.45044e-08	1.0582e-09	-4e-14	4.1882e-07	-3.2532e-07	-5.41478e-08	6.4155e-10	-1.2e-13	3.788e-07	-3.2534e-07	-2.92014e-08	3.5467e-10	-1.3e-13	3.5414e-07	-3.2526e-07	-1.45896e-08	1.7539e-10	7.7e-13	3.3976e-07	-3.2542e-07	-6.5063e-09	7.374e-11	-1.21e-12	3.3178e-07	-3.2534e-07	-2.1463e-09	2.638e-11	-2.8e-13	3.2748e-07	-3.2538e-07	6.2089e-10	-1.442e-11	2.3e-13	3.2476e-07	-3.2546e-07
0.795	-9.44016e-08	1.0407e-09	2.7e-13	4.1878e-07	-3.2538e-07	-5.41004e-08	6.2792e-10	5.2e-13	3.7878e-07	-3.2536e-07	-2.9161e-08	3.4665e-10	-2.21e-12	3.5414e-07	-3.2524e-07	-1.4564e-08	1.7003e-10	-6.5e-13	3.3978e-07	-3.2536e-07	-6.5202e-09	6.85e-11	1.55e-12	3.3176e-07	-3.253e-07	-2.107e-09	2.184e-11	-1.59e-12	3.2756e-07	-3.2542e-07	6.2372e-10	-1.827e-11	3.2e-13	3.249e-07	-3.2542e-07
0.79	-9.4376e-08	1.024e-09	-9.1e-13	4.1892e-07	-3.2532e-07	-5.40746e-08	6.1891e-10	-9.1e-13	3.788e-07	-3.2538e-07	-2.91418e-08	3.3733e-10	-2.01e-12	3.5406e-07	-3.2528e-07	-1.4581e-08	1.6645e-10	-1.06e-12	3.3976e-07	-3.2538e-07	-6.5235e-09	7.091e-11	-1.86e-12	3.318e-07	-3.2534e-07	-2.1219e-09	2.15e-11	-5.6e-13	3.2756e-07	-3.2538e-07	6.2663e-10	-1.716e-11	1.5e-13	3.2488e-07	-3.2548e-07
0.785	-9.4437e-08	1.0047e-09	-5.7e-13	4.1872e-07	-3.253e-07	-5.3991e-08	6.0443e-10	-1.3e-12	3.7872e-07	-3.253e-07	-2.91954e-08	3.2486e-10	1.65e-12	3.541e-07	-3.2526e-07	-1.4577e-08	1.6117e-10	-1.67e-12	3.3978e-07	-3.2542e-07	-6.5434e-09	6.499e-11	-2.8e-13	3.3186e-07	-3.2526e-07	-2.1238e-09	1.744e-11	1.23e-12	3.2752e-07	-3.2546e-07	6.2868e-10	-2.304e-11	-1.61e-12	3.2484e-07	-3.255e-07
0.78	-9.43252e-08	9.9106e-10	1.23e-12	4.1872e-07	-3.2532e-07	-5.39546e-08	5.9186e-10	-1.28e-12	3.7874e-07	-3.2536e-07	-2.90914e-08	3.2087e-10	1.07e-12	3.542e-07	-3.253e-07	-1.45712e-08	1.5467e-10	-9.5e-13	3.3984e-07	-3.2536e-07	-6.5364e-09	6.135e-11	1.6e-13	3.318e-07	-3.2534e-07	-2.124e-09	2.069e-11	8.6e-13	3.275e-07	-3.2544e-07	6.3503e-10	-2.535e-11	4.9e-13	3.2484e-07	-3.2542e-07
0.775	-9.43042e-08	9.7341e-10	8.2e-13	4.1852e-07	-3.2536e-07	-5.39386e-08	5.7916e-10	6.6e-13	3.7868e-07	-3.2536e-07	-2.9118e-08	3.144e-10	-8.9e-13	3.5414e-07	-3.2532e-07	-1.45742e-08	1.4974e-10	8e-14	3.3982e-07	-3.2534e-07	-6.5031e-09	6.102e-11	-9.3e-13	3.3172e-07	-3.252e-07	-2.1316e-09	1.667e-11	-5.1e-13	3.2754e-07	-3.2538e-07	6.3015e-10	-2.665e-11	4.4e-13	3.2482e-07	-3.255e-07
0.77	-9.41202e-08	9.5986e-10	-7.3e-13	4.1866e-07	-3.254e-07	-5.39024e-08	5.6816e-10	4.7e-13	3.7866e-07	-3.2534e-07	-2.91352e-08	3.049e-10	2.4e-13	3.5408e-07	-3.2526e-07	-1.45982e-08	1.4493e-10	-4.5e-13	3.3984e-07	-3.2534e-07	-6.5434e-09	5.916e-11	-7.2e-13	3.3182e-07	-3.253e-07	-2.1156e-09	1.42e-11	1.34e-12	3.2756e-07	-3.2542e-07	6.3743e-10	-2.932e-11	-7.6e-13	3.2492e-07	-3.2552e-07
0.765	-9.41192e-08	9.4188e-10	-4.5e-13	4.1842e-07	-3.2536e-07	-5.38282e-08	5.5893e-10	1e-13	3.7868e-07	-3.2534e-07	-2.91486e-08	2.9911e-10	-2.1e-13	3.541e-07	-3.2526e-07	-1.45936e-08	1.4516e-10	6.7e-13	3.3982e-07	-3.2536e-07	-6.5116e-09	5.481e-11	-4.5e-13	3.3176e-07	-3.2526e-07	-2.145e-09	1.624e-11	7.2e-13	3.276e-07	-3.2554e-07	6.3398e-10	-3.26e-11	-2.5e-13	3.2492e-07	-3.2548e-07
0.76	-9.38864e-08	9.2868e-10	-9.5e-13	4.185e-07	-3.2538e-07	-5.38796e-08	5.485e-10	-1.15e-12	3.7866e-07	-3.2536e-07	-2.91176e-08	2.9307e-10	-1.41e-12	3.5416e-07	-3.2524e-07	-1.46158e-08	1.3981e-10	4.5e-13	3.3992e-07	-3.2534e-07	-6.5554e-09	5.062e-11	-4.1e-13	3.318e-07	-3.2524e-07	-2.1243e-09	1.383e-11	3.2e-13	3.2756e-07	-3.2546e-07	6.4042e-10	-3.707e-11	1.02e-12	3.25e-07	-3.256e-07
0.755	-9.39246e-08	9.0782e-10	1.9e-13	4.1844e-07	-3.2534e-07	-5.38406e-08	5.3909e-10	-1.06e-12	3.7862e-07	-3.2532e-07	-2.90478e-08	2.8072e-10	1.38e-12	3.5408e-07	-3.2518e-07	-1.45876e-08	1.3657e-10	-2.34e-12	3.397e-07	-3.2536e-07	-6.5253e-09	5.398e-11	1.37e-12	3.3178e-07	-3.2532e-07	-2.1279e-09	1.346e-11	-7.8e-13	3.2756e-07	-3.2546e-07	6.4122e-10	-3.603e-11	-7.2e-13	3.2494e-07	-3.2558e-07
0.75	-9.3833e-08	8.9484e-10	3e-13	4.1836e-07	-3.2538e-07	-5.37614e-08	5.2537e-10	-5e-13	3.786e-07	-3.2532e-07	-2.90596e-08	2.7679e-10	1.27e-12	3.541e-07	-3.253e-07	-1.45806e-08	1.276e-10	-1.13e-12	3.398e-07	-3.2536e-07	-6.5271e-09	4.992e-11	-8.2e-13	3.3182e-07	-3.2538e-07	-2.1066e-09	9.12e-12	5e-14	3.2754e-07	-3.2546e-07	6.4607e-10	-4.322e-11	-3.1e-13	3.2488e-07	-3.2558e-07
0.745	-9.37878e-08	8.779e-10	3.6e-13	4.1822e-07	-3.2536e-07	-5.37746e-08	5.1462e-10	3.1e-13	3.7856e-07	-3.2536e-07	-2.90516e-08	2.7155e-10	-1.52e-12	3.541e-07	-3.2524e-07	-1.45752e-08	1.2607e-10	-1e-13	3.3978e-07	-3.2532e-07	-6.5416e-09	4.756e-11	-6.4e-13	3.3192e-07	-3.2538e-07	-2.1041e-09	1.151e-11	2e-14	3.2756e-07	-3.2546e-07	6.4213e-10	-4.641e-11	5.4e-13	3.2492e-07	-3.256e-07
0.74	-9.35842e-08	8.6885e-10	-1.7e-13	4.1804e-07	-3.2538e-07	-5.37032e-08	5.0214e-10	4.9e-13	3.785e-07	-3.2536e-07	-2.90448e-08	2.649e-10	4.7e-13	3.5408e-07	-3.2534e-07	-1.45712e-08	1.1992e-10	1.37e-12	3.3978e-07	-3.253e-07	-6.5709e-09	4.548e-11	7.2e-13	3.319e-07	-3.2536e-07	-2.107e-09	9.24e-12	-2.43e-12	3.275e-07	-3.2548e-07	6.5067e-10	-4.801e-11	4e-14	3.2486e-07	-3.2546e-07
0.735	-9.36636e-08	8.505e-10	-1.17e-12	4.1816e-07	-3.2532e-07	-5.36992e-08	4.966e-10	3e-13	3.786e-07	-3.2536e-07	-2.91028e-08	2.5156e-10	9.9e-13	3.5412e-07	-3.2528e-07	-1.45968e-08	1.1937e-10	-8.4e-13	3.3976e-07	-3.2532e-07	-6.5801e-09	4.505e-11	-1.47e-12	3.3184e-07	-3.2534e-07	-2.1086e-09	6.39e-12	-1.7e-13	3.276e-07	-3.255e-07	6.5361e-10	-5.385e-11	4e-14	3.2486e-07	-3.2546e-07
0.73	-9.3531e-08	8.3528e-10	-7.6e-13	4.1818e-07	-3.2532e-07	-5.36314e-08	4.8548e-10	-3e-14	3.785e-07	-3.2534e-07	-2.91026e-08	2.5174e-10	-7.3e-13	3.5418e-07	-3.253e-07	-1.46268e-08	1.1494e-10	-1e-13	3.3978e-07	-3.253e-07	-6.5671e-09	4.246e-11	-8e-13	3.3186e-07	-3.2538e-07	-2.1144e-09	6.1e-12	4.3e-13	3.2756e-07	-3.2552e-07	6.5713e-10	-5.836e-11	4.6e-13	3.2492e-07	-3.255e-07
0.725	-9.3605e-08	8.1922e-10	1.07e-12	4.1814e-07	-3.2536e-07	-5.35512e-08	4.7656e-10	2.4e-13	3.7844e-07	-3.253e-07	-2.91382e-08	2.4283e-10	7.4e-13	3.5418e-07	-3.2526e-07	-1.46296e-08	1.1359e-10	-4.6e-13	3.3976e-07	-3.2534e-07	-6.6117e-09	3.664e-11	1.36e-12	3.3192e-07	-3.2532e-07	-2.1148e-09	6.25e-12	5e-13	3.2756e-07	-3.2552e-07	6.6029e-10	-6.214e-11	5.9e-13	3.2486e-07	-3.255e-07
0.72	-9.34146e-08	8.0594e-10	-4.6e-13	4.1804e-07	-3.2532e-07	-5.36566e-08	4.6368e-10	-4.6e-13	3.786e-07	-3.2532e-07	-2.909e-08	2.4004e-10	1.49e-12	3.5414e-07	-3.2532e-07	-1.46188e-08	1.0808e-10	-1.38e-12	3.398e-07	-3.2536e-07	-6.6065e-09	3.997e-11	0	3.319e-07	-3.2532e-07	-2.1119e-09	4.2e-12	1.7e-13	3.2754e-07	-3.255e-07	6.6151e-10	-6.511e-11	2.7e-13	3.2492e-07	-3.2552e-07
0.715	-9.34042e-08	7.9202e-10	7.8e-13	4.1792e-07	-3.2538e-07	-5.36472e-08	4.5454e-10	5e-14	3.785e-07	-3.2538e-07	-2.9101e-08	2.3412e-10	-1.53e-12	3.542e-07	-3.2526e-07	-1.46284e-08	1.0233e-10	-1.18e-12	3.398e-07	-3.2526e-07	-6.6066e-09	3.552e-11	3e-13	3.3192e-07	-3.2536e-07	-2.1089e-09	6.7e-13	1e-14	3.2758e-07	-3.2548e-07	6.7348e-10	-7.28e-11	-1.83e-12	3.2494e-07	-3.2554e-07
0.71	-9.3295e-08	7.7896e-10	-1.2e-13	4.1778e-07	-3.2538e-07	-5.35964e-08	4.4362e-10	1.31e-12	3.785e-07	-3.2532e-07	-2.91034e-08	2.2834e-10	6.3e-13	3.5418e-07	-3.253e-07	-1.46338e-08	9.972e-11	1.8e-13	3.399e-07	-3.2532e-07	-6.6205e-09	3.402e-11	1e-13	3.3194e-07	-3.2532e-07	-2.0951e-09	2.86e-12	-6.9e-13	3.2754e-07	-3.2554e-07	6.7685e-10	-7.698e-11	8.4e-13	3.2488e-07	-3.2544e-07
0.705	-9.31936e-08	7.6636e-10	-1.57e-12	4.1792e-07	-3.2532e-07	-5.3506e-08	4.3523e-10	6e-13	3.7838e-07	-3.2532e-07	-2.90784e-08	2.206e-10	1.11e-12	3.5414e-07	-3.2526e-07	-1.46152e-08	9.707e-11	3e-14	3.3988e-07	-3.2524e-07	-6.6182e-09	3.08e-11	7e-14	3.3196e-07	-3.2534e-07	-2.1069e-09	1.73e-12	-1.51e-12	3.2758e-07	-3.255e-07	6.7869e-10	-8.083e-11	1.5e-13	3.2494e-07	-3.2558e-07
0.7	-9.30662e-08	7.4993e-10	-5.9e-13	4.1772e-07	-3.2538e-07	-5.3594e-08	4.2755e-10	-1.5e-13	3.7854e-07	-3.2532e-07	-2.89852e-08	2.1331e-10	-7.9e-13	3.5402e-07	-3.2524e-07	-1.46316e-08	9.612e-11	1.5e-12	3.3984e-07	-3.253e-07	-6.6055e-09	3.335e-11	-4e-13	3.3194e-07	-3.2532e-07	-2.0811e-09	-1.17e-12	-3.5e-13	3.276e-07	-3.2546e-07	6.8848e-10	-8.824e-11	-1.29e-12	3.2498e-07	-3.255e-07
0.695	-9.31098e-08	7.3664e-10	-3.4e-13	4.1774e-07	-3.2536e-07	-5.35166e-08	4.1887e-10	-6.5e-13	3.7838e-07	-3.2534e-07	-2.8979e-08	2.0868e-10	-6.9e-13	3.5408e-07	-3.2532e-07	-1.4633e-08	9.109e-11	-5.3e-13	3.398e-07	-3.2532e-07	-6.6346e-09	2.95e-11	-1.6e-12	3.3192e-07	-3.254e-07	-2.1007e-09	-1.55e-12	2.8e-13	3.2756e-07	-3.2552e-07	6.8717e-10	-9.612e-11	1.55e-12	3.2486e-07	-3.255e-07
0.69	-9.309e-08	7.2e-10	7.8e-13	4.176e-07	-3.253e-07	-5.34538e-08	4.0887e-10	-7.5e-13	3.7838e-07	-3.2532e-07	-2.91144e-08	2.0158e-10	3.26e-12	3.542e-07	-3.2524e-07	-1.46578e-08	8.904e-11	-2.84e-12	3.3986e-07	-3.253e-07	-6.6354e-09	2.637e-11	5.3e-13	3.3198e-07	-3.2538e-07	-2.0983e-09	-2.96e-12	3.2e-13	3.2762e-07	-3.2544e-07	6.9666e-10	-1.0056e-10	5.3e-13	3.2488e-07	-3.255e-07
0.685	-9.30176e-08	7.1e-10	7.6e-13	4.1766e-07	-3.2536e-07	-5.34312e-08	3.9712e-10	2e-14	3.785e-07	-3.2538e-07	-2.917e-08	2.0254e-10	-7.4e-13	3.5424e-07	-3.253e-07	-1.46768e-08	8.175e-11	6.1e-13	3.399e-07	-3.253e-07	-6.653e-09	2.78e-11	2.9e-13	3.3208e-07	-3.2536e-07	-2.1146e-09	-3.01e-12	-9.6e-13	3.2762e-07	-3.255e-07	7.0362e-10	-1.0727e-10	-1.34e-12	3.2488e-07	-3.255e-07
0.68	-9.29e-08	6.9858e-10	1.2e-12	4.1752e-07	-3.253e-07	-5.34658e-08	3.898e-10	5.2e-13	3.7844e-07	-3.253e-07	-2.91682e-08	1.9498e-10	-1.94e-12	3.5426e-07	-3.2532e-07	-1.46634e-08	8.117e-11	1.09e-12	3.399e-07	-3.253e-07	-6.6409e-09	2.582e-11	-1.85e-12	3.3198e-07	-3.254e-07	-2.0918e-09	-7.21e-12	4e-13	3.2754e-07	-3.2546e-07	7.0546e-10	-1.177e-10	-1.9e-13	3.2492e-07	-3.2554e-07
0.675	-9.28468e-08	6.8673e-10	-4e-13	4.1738e-07	-3.2532e-07	-5.3405e-08	3.8077e-10	-2.6e-13	3.7842e-07	-3.2536e-07	-2.90806e-08	1.8681e-10	8.4e-13	3.5414e-07	-3.2528e-07	-1.4647e-08	7.671e-11	-7.3e-13	3.3996e-07	-3.2532e-07	-7.1506e-09	2.282e-11	-4.2e-13	3.325e-07	-3.2536e-07	-2.1223e-09	-5.55e-12	9.4e-13	3.2754e-07	-3.2544e-07	7.3603e-10	-1.2299e-10	1.03e-12	3.2492e-07	-3.255e-07
0.67	-9.27654e-08	6.7098e-10	-2.43e-12	4.1746e-07	-3.253e-07	-5.3489e-08	3.7526e-10	-5.7e-13	3.7846e-07	-3.2538e-07	-2.9012e-08	1.7925e-10	-1.8e-13	3.5406e-07	-3.253e-07	-1.46646e-08	7.762e-11	1.5e-13	3.398e-07	-3.2518e-07	-7.1536e-09	2.169e-11	8.4e-13	3.3254e-07	-3.2536e-07	-2.114e-09	-7.06e-12	-7.3e-13	3.276e-07	-3.2542e-07	7.2875e-10	-1.2962e-10	-8.9e-13	3.2492e-07	-3.2548e-07
0.665	-9.27402e-08	6.5802e-10	3.9e-13	4.174e-07	-3.2532e-07	-5.33026e-08	3.657e-10	2.8e-13	3.7828e-07	-3.2532e-07	-2.8995e-08	1.7856e-10	-7.2e-13	3.54e-07	-3.2526e-07	-1.46754e-08	7.522e-11	9.1e-13	3.3988e-07	-3.2526e-07	-6.6976e-09	2.328e-11	-4e-13	3.3208e-07	-3.253e-07	-2.116e-09	-1.086e-11	-1.6e-13	3.2764e-07	-3.255e-07	7.2053e-10	-1.411e-10	-1.6e-13	3.2492e-07	-3.255e-07
0.66	-9.26844e-08	6.4409e-10	2e-12	4.1742e-07	-3.2542e-07	-5.3334e-08	3.5777e-10	-9.1e-13	3.7828e-07	-3.2532e-07	-2.89928e-08	1.6987e-10	1.71e-12	3.541e-07	-3.2526e-07	-1.47308e-08	7.172e-11	-1.76e-12	3.3998e-07	-3.252e-07	-6.7013e-09	2.048e-11	-9.7e-13	3.3204e-07	-3.2538e-07	-2.0963e-09	-1.294e-11	-9e-14	3.2762e-07	-3.2548e-07	7.3101e-10	-1.4821e-10	1.38e-12	3.2486e-07	-3.2548e-07
0.655	-9.26986e-08	6.3022e-10	5.5e-13	4.1752e-07	-3.2534e-07	-5.32752e-08	3.4801e-10	-2.16e-12	3.7822e-07	-3.2536e-07	-2.89922e-08	1.6956e-10	-8.3e-13	3.5396e-07	-3.2524e-07	-1.47352e-08	6.539e-11	-2.8e-13	3.3998e-07	-3.253e-07	-6.7038e-09	1.845e-11	4.5e-13	3.3204e-07	-3.2538e-07	-2.089e-09	-1.256e-11	-1.61e-12	3.2766e-07	-3.2548e-07	7.5931e-10	-1.5734e-10	9.1e-13	3.2492e-07	-3.255e-07
0.65	-9.26708e-08	6.2066e-10	4.8e-13	4.1746e-07	-3.2538e-07	-5.33578e-08	3.3789e-10	5.5e-13	3.7836e-07	-3.2532e-07	-2.89504e-08	1.6482e-10	-5e-13	3.541e-07	-3.2534e-07	-1.47112e-08	6.233e-11	1.34e-12	3.3992e-07	-3.253e-07	-6.6972e-09	1.98e-11	-7.6e-13	3.3196e-07	-3.2536e-07	-2.0985e-09	-1.539e-11	-8.4e-13	3.2758e-07	-3.255e-07	7.7017e-10	-1.6726e-10	-8.1e-13	3.2488e-07	-3.2544e-07
0.645	-9.2508e-08	6.0979e-10	1.11e-12	4.1738e-07	-3.2538e-07	-5.33726e-08	3.3183e-10	5.2e-13	3.784e-07	-3.2532e-07	-2.89666e-08	1.5897e-10	9e-14	3.5408e-07	-3.2522e-07	-1.46948e-08	6.139e-11	1.24e-12	3.3992e-07	-3.2528e-07	-6.6966e-09	1.927e-11	2.4e-13	3.32e-07	-3.2528e-07	-2.0947e-09	-1.915e-11	-1.1e-13	3.276e-07	-3.255e-07	7.7356e-10	-1.795e-10	-7.7e-13	3.2494e-07	-3.2554e-07
0.64	-9.25386e-08	5.9838e-10	-4.3e-13	4.1728e-07	-3.2534e-07	-5.32782e-08	3.2411e-10	-2.3e-13	3.7834e-07	-3.2532e-07	-2.8957e-08	1.5188e-10	-1e-12	3.5408e-07	-3.2532e-07	-1.47134e-08	6.021e-11	-1.3e-13	3.4e-07	-3.253e-07	-6.708e-09	1.607e-11	-1.05e-12	3.3206e-07	-3.2536e-07	-2.0986e-09	-1.935e-11	-1.4e-13	3.2754e-07	-3.2542e-07	7.8308e-10	-1.8811e-10	7.7e-13	3.2488e-07	-3.2548e-07
0.635	-9.24738e-08	5.832e-10	-1.77e-12	4.173e-07	-3.2532e-07	-5.32518e-08	3.2103e-10	-4.7e-13	3.7826e-07	-3.2536e-07	-2.89958e-08	1.46e-10	-6e-13	3.5406e-07	-3.252e-07	-1.46966e-08	5.879e-11	-1.3e-13	3.4006e-07	-3.253e-07	-6.7235e-09	1.407e-11	2.1e-13	3.3214e-07	-3.2534e-07	-2.0549e-09	-2.171e-11	-6.2e-13	3.2756e-07	-3.255e-07	8.033e-10	-1.9901e-10	-1.98e-12	3.2482e-07	-3.2546e-07
0.63	-9.24254e-08	5.7352e-10	8e-13	4.1718e-07	-3.253e-07	-5.32448e-08	3.0842e-10	-1.93e-12	3.7826e-07	-3.253e-07	-2.89662e-08	1.4402e-10	1.92e-12	3.5404e-07	-3.2524e-07	-1.47422e-08	5.549e-11	-2.34e-12	3.3996e-07	-3.2526e-07	-6.7356e-09	1.62e-11	1.33e-12	3.3214e-07	-3.2538e-07	-2.0698e-09	-2.546e-11	1.4e-13	3.2754e-07	-3.2546e-07	8.1117e-10	-2.1207e-10	-6.6e-13	3.2486e-07	-3.2548e-07
0.625	-9.24292e-08	5.6155e-10	2e-13	4.173e-07	-3.2536e-07	-5.32752e-08	3.0219e-10	-1.14e-12	3.7826e-07	-3.2526e-07	-2.89818e-08	1.4059e-10	9.7e-13	3.5402e-07	-3.2524e-07	-1.47456e-08	5.272e-11	-8.7e-13	3.3996e-07	-3.253e-07	-6.7509e-09	1.374e-11	-1.85e-12	3.3214e-07	-3.253e-07	-2.0637e-09	-2.957e-11	-1.28e-12	3.2762e-07	-3.2552e-07	7.9873e-10	-2.2464e-10	7.5e-13	3.249e-07	-3.2556e-07
0.62	-9.23066e-08	5.5205e-10	-7.7e-13	4.1704e-07	-3.2532e-07	-5.3169e-08	2.9242e-10	1.9e-13	3.783e-07	-3.2534e-07	-2.89746e-08	1.3977e-10	-2.36e-12	3.5418e-07	-3.2532e-07	-1.47652e-08	4.873e-11	-6e-14	3.4006e-07	-3.253e-07	-6.7418e-09	1.044e-11	5.8e-13	3.3206e-07	-3.2542e-07	-2.0668e-09	-2.812e-11	7.6e-13	3.2758e-07	-3.2546e-07	8.1183e-10	-2.351e-10	-1.58e-12	3.2494e-07	-3.2546e-07
0.615	-9.22792e-08	5.4158e-10	7e-13	4.1718e-07	-3.2536e-07	-5.32076e-08	2.8793e-10	8.7e-13	3.783e-07	-3.2526e-07	-2.89502e-08	1.3145e-10	2.2e-13	3.5418e-07	-3.2532e-07	-1.47862e-08	4.681e-11	8.8e-13	3.4006e-07	-3.2536e-07	-6.7607e-09	1.155e-11	1.18e-12	3.3214e-07	-3.2538e-07	-2.0648e-09	-3.378e-11	-2.16e-12	3.2754e-07	-3.254e-07	8.2634e-10	-2.4723e-10	-2.3e-13	3.2484e-07	-3.255e-07
0.61	-9.2275e-08	5.3198e-10	-5.5e-13	4.17e-07	-3.2536e-07	-5.31606e-08	2.7907e-10	-5.7e-13	3.7832e-07	-3.253e-07	-2.89394e-08	1.2877e-10	-4e-13	3.5414e-07	-3.2538e-07	-1.48066e-08	4.66e-11	-1.14e-12	3.4012e-07	-3.2532e-07	-6.7581e-09	1.19e-11	-1.36e-12	3.3202e-07	-3.2536e-07	-2.0694e-09	-3.689e-11	-7.9e-13	3.2762e-07	-3.2548e-07	8.4e-10	-2.6412e-10	2.7e-13	3.2492e-07	-3.2552e-07
0.605	-9.2232e-08	5.1982e-10	-8.1e-13	4.17e-07	-3.2524e-07	-5.3193e-08	2.7485e-10	8e-14	3.782e-07	-3.253e-07	-2.90326e-08	1.2223e-10	-1.7e-12	3.543e-07	-3.2536e-07	-1.4842e-08	4.592e-11	4e-14	3.4008e-07	-3.2532e-07	-6.74e-09	9.09e-12	6.4e-13	3.3216e-07	-3.2536e-07	-2.0816e-09	-3.968e-11	7.4e-13	3.276e-07	-3.255e-07	8.4984e-10	-2.7263e-10	-8.8e-13	3.2494e-07	-3.2548e-07
0.6	-9.21514e-08	5.0777e-10	1.33e-12	4.1694e-07	-3.254e-07	-5.31608e-08	2.6664e-10	4.5e-13	3.7832e-07	-3.2538e-07	-2.90786e-08	1.1923e-10	2.4e-13	3.5424e-07	-3.2532e-07	-1.4837e-08	4.321e-11	4.2e-13	3.401e-07	-3.2528e-07	-6.7908e-09	7.28e-12	-1.1e-13	3.321e-07	-3.2538e-07	-2.0652e-09	-4.045e-11	-2.65e-12	3.2756e-07	-3.2542e-07	8.5859e-10	-2.879e-10	-9.8e-13	3.2496e-07	-3.255e-07
0.595	-9.2003e-08	4.9658e-10	1.4e-13	4.1686e-07	-3.2528e-07	-5.3114e-08	2.5983e-10	-1.8e-12	3.7828e-07	-3.254e-07	-2.90128e-08	1.1511e-10	1.11e-12	3.5432e-07	-3.2532e-07	-1.48104e-08	3.928e-11	-2.28e-12	3.4012e-07	-3.2536e-07	-6.7929e-09	7.84e-12	-1.29e-12	3.3202e-07	-3.252e-07	-2.0717e-09	-4.629e-11	3e-14	3.2754e-07	-3.2546e-07	8.8478e-10	-3.0311e-10	-5.9e-13	3.2494e-07	-3.2546e-07
0.59	-9.20052e-08	4.8714e-10	-4e-13	4.1676e-07	-3.253e-07	-5.3159e-08	2.5155e-10	-1.4e-12	3.7832e-07	-3.2536e-07	-2.90502e-08	1.1599e-10	2e-13	3.543e-07	-3.2538e-07	-1.4809e-08	3.671e-11	3e-14	3.4008e-07	-3.253e-07	-6.7704e-09	6.25e-12	-1.19e-12	3.32e-07	-3.2534e-07	-2.0544e-09	-5.036e-11	4.8e-13	3.2756e-07	-3.254e-07	8.9449e-10	-3.1696e-10	1.2e-13	3.2488e-07	-3.2548e-07
0.585	-9.18912e-08	4.8004e-10	1.04e-12	4.1678e-07	-3.2538e-07	-5.30926e-08	2.4321e-10	6.6e-13	3.7818e-07	-3.2536e-07	-2.90314e-08	1.1105e-10	-4.3e-13	3.5432e-07	-3.2542e-07	-1.4882e-08	3.523e-11	9.5e-13	3.4008e-07	-3.2528e-07	-6.7604e-09	4.04e-12	-1.19e-12	3.3206e-07	-3.2532e-07	-2.0297e-09	-5.188e-11	-5e-14	3.2754e-07	-3.2544e-07	9.0497e-10	-3.2993e-10	-3.3e-13	3.249e-07	-3.255e-07
0.58	-9.17966e-08	4.6997e-10	1.17e-12	4.167e-07	-3.252e-07	-5.31054e-08	2.4151e-10	-1.7e-13	3.7828e-07	-3.2534e-07	-2.903e-08	1.0404e-10	-1.43e-12	3.5428e-07	-3.2536e-07	-1.491e-08	3.42e-11	1.06e-12	3.402e-07	-3.2526e-07	-6.7592e-09	3.27e-12	-2.9e-13	3.321e-07	-3.253e-07	-2.0308e-09	-5.706e-11	-6.8e-13	3.2754e-07	-3.2556e-07	9.5308e-10	-3.4492e-10	-8e-13	3.2486e-07	-3.2556e-07
0.575	-9.17168e-08	4.5857e-10	-1.87e-12	4.1678e-07	-3.2542e-07	-5.31288e-08	2.3439e-10	-1.08e-12	3.7832e-07	-3.2538e-07	-2.90782e-08	1.0139e-10	-4.7e-13	3.543e-07	-3.253e-07	-1.48756e-08	3.282e-11	-8.8e-13	3.4016e-07	-3.2524e-07	-6.7441e-09	4.87e-12	1.5e-13	3.3206e-07	-3.2524e-07	-2.0183e-09	-6.264e-11	-3.5e-13	3.2754e-07	-3.2544e-07	9.6602e-10	-3.6303e-10	-8e-14	3.249e-07	-3.2556e-07
0.57	-9.17842e-08	4.477e-10	1e-13	4.1664e-07	-3.2526e-07	-5.31802e-08	2.3028e-10	-7.4e-13	3.7826e-07	-3.2538e-07	-2.90544e-08	9.609e-11	1.7e-13	3.5432e-07	-3.2536e-07	-1.49256e-08	3.304e-11	1.13e-12	3.4014e-07	-3.2532e-07	-6.7162e-09	3.3e-13	-2.6e-13	3.3202e-07	-3.2534e-07	-2.013e-09	-6.705e-11	1.37e-12	3.2752e-07	-3.255e-07	9.6965e-10	-3.7282e-10	1.03e-12	3.2496e-07	-3.2552e-07
0.565	-9.16668e-08	4.3842e-10	2e-14	4.167e-07	-3.2536e-07	-5.31256e-08	2.1933e-10	-1.12e-12	3.7828e-07	-3.2534e-07	-2.92324e-08	9.483e-11	2.28e-12	3.5456e-07	-3.254e-07	-1.49364e-08	2.961e-11	-1.38e-12	3.4016e-07	-3.2526e-07	-6.7506e-09	-7.4e-13	3.3e-13	3.3208e-07	-3.2538e-07	-2.0101e-09	-7.051e-11	2e-14	3.275e-07	-3.2546e-07	9.9332e-10	-3.8986e-10	-4e-14	3.249e-07	-3.2554e-07
0.56	-9.1713e-08	4.2919e-10	1.06e-12	4.1656e-07	-3.253e-07	-5.30274e-08	2.1663e-10	-6.2e-13	3.782e-07	-3.2538e-07	-2.92272e-08	9.178e-11	-2.08e-12	3.5458e-07	-3.2528e-07	-1.49292e-08	2.681e-11	-1.09e-12	3.4024e-07	-3.2528e-07	-6.7464e-09	6.9e-13	6.3e-13	3.3214e-07	-3.2542e-07	-2.0072e-09	-7.684e-11	-6.2e-13	3.2748e-07	-3.2542e-07	1.01157e-09	-4.0479e-10	-5.8e-13	3.2488e-07	-3.2552e-07
0.555	-9.16724e-08	4.21e-10	9.8e-13	4.1656e-07	-3.2526e-07	-5.30396e-08	2.0639e-10	1.39e-12	3.783e-07	-3.253e-07	-2.92688e-08	9.093e-11	-4.1e-13	3.5456e-07	-3.2536e-07	-1.4989e-08	2.387e-11	8e-13	3.4018e-07	-3.2524e-07	-6.7481e-09	-3e-13	-1.64e-12	3.3208e-07	-3.254e-07	-1.9961e-09	-8.269e-11	5.5e-13	3.2754e-07	-3.2536e-07	1.02191e-09	-4.2147e-10	6.9e-13	3.2484e-07	-3.255e-07
0.55	-9.16224e-08	4.1492e-10	-7e-14	4.1662e-07	-3.2532e-07	-5.3043e-08	2.0425e-10	4.2e-13	3.7818e-07	-3.2538e-07	-2.92686e-08	8.59e-11	5.4e-13	3.546e-07	-3.254e-07	-1.5002e-08	2.579e-11	2.04e-12	3.4018e-07	-3.2524e-07	-6.7411e-09	-2.88e-12	-2.9e-13	3.3208e-07	-3.2542e-07	-2.0029e-09	-8.434e-11	-2.1e-13	3.275e-07	-3.254e-07	1.03633e-09	-4.3218e-10	-3.3e-13	3.25e-07	-3.2558e-07
0.545	-9.1535e-08	4.0394e-10	-4.9e-13	4.1662e-07	-3.2532e-07	-5.30552e-08	1.9867e-10	3.8e-13	3.7824e-07	-3.2532e-07	-2.93016e-08	8.197e-11	-8e-13	3.5452e-07	-3.2538e-07	-1.49938e-08	2.388e-11	-7.3e-13	3.4024e-07	-3.253e-07	-6.7345e-09	-4.64e-12	8.8e-13	3.3212e-07	-3.254e-07	-2.0155e-09	-9.295e-11	-1.21e-12	3.275e-07	-3.254e-07	1.05668e-09	-4.5055e-10	-1.29e-12	3.2492e-07	-3.2554e-07
0.54	-9.14908e-08	3.9403e-10	-8.1e-13	4.1652e-07	-3.253e-07	-5.30432e-08	1.9636e-10	1.62e-12	3.782e-07	-3.253e-07	-2.93428e-08	7.699e-11	-1.41e-12	3.5456e-07	-3.253e-07	-1.50074e-08	2.174e-11	5.3e-13	3.4028e-07	-3.2526e-07	-6.7132e-09	-2.16e-12	-7.9e-13	3.3206e-07	-3.2536e-07	-1.973e-09	-9.852e-11	2.7e-13	3.2742e-07	-3.2544e-07	1.07236e-09	-4.6911e-10	2e-14	3.2492e-07	-3.2546e-07
0.535	-9.14522e-08	3.8248e-10	-7e-14	4.1642e-07	-3.2532e-07	-5.30356e-08	1.8892e-10	-1.83e-12	3.7828e-07	-3.2534e-07	-2.92876e-08	7.597e-11	2.21e-12	3.5454e-07	-3.2534e-07	-1.50308e-08	2.12e-11	-1.25e-12	3.4028e-07	-3.2526e-07	-6.7093e-09	-6.15e-12	-7.6e-13	3.3216e-07	-3.2536e-07	-1.9722e-09	-1.0786e-10	1.09e-12	3.2754e-07	-3.2542e-07	1.08414e-09	-4.8006e-10	9.9e-13	3.2482e-07	-3.255e-07
0.53	-9.15094e-08	3.7825e-10	7.7e-13	4.1644e-07	-3.2536e-07	-5.29634e-08	1.806e-10	-2.21e-12	3.7826e-07	-3.254e-07	-2.92842e-08	7.388e-11	1.9e-13	3.5462e-07	-3.2532e-07	-1.5064e-08	1.843e-11	-3.9e-13	3.403e-07	-3.2536e-07	-6.7379e-09	-8.31e-12	1.2e-13	3.3208e-07	-3.2536e-07	-1.956e-09	-1.1052e-10	3.1e-13	3.2742e-07	-3.2542e-07	1.10153e-09	-5.0038e-10	-6.8e-13	3.2492e-07	-3.255e-07
0.525	-9.14202e-08	3.6696e-10	1.16e-12	4.1646e-07	-3.2532e-07	-5.30556e-08	1.7642e-10	1.14e-12	3.782e-07	-3.2538e-07	-2.9353e-08	7.256e-11	-1.79e-12	3.5468e-07	-3.2542e-07	-1.50678e-08	1.75e-11	-2.5e-13	3.4032e-07	-3.2524e-07	-6.6985e-09	-8.98e-12	4e-13	3.321e-07	-3.2538e-07	-1.9695e-09	-1.205e-10	-6e-13	3.2742e-07	-3.2538e-07	1.11668e-09	-5.15e-10	3e-13	3.2492e-07	-3.2548e-07
0.52	-9.14604e-08	3.6262e-10	7.5e-13	4.164e-07	-3.2532e-07	-5.30552e-08	1.7064e-10	1.38e-12	3.7836e-07	-3.2536e-07	-2.9376e-08	6.879e-11	1.8e-13	3.546e-07	-3.2538e-07	-1.51126e-08	1.619e-11	1.37e-12	3.4044e-07	-3.253e-07	-6.7158e-09	-7.79e-12	6.5e-13	3.321e-07	-3.2542e-07	-1.9633e-09	-1.2995e-10	1.23e-12	3.2744e-07	-3.2536e-07	1.12814e-09	-5.345e-10	2.6e-13	3.249e-07	-3.2548e-07
0.515	-9.12482e-08	3.5262e-10	-1.62e-12	4.1626e-07	-3.2526e-07	-5.30322e-08	1.6979e-10	-1.6e-13	3.7826e-07	-3.2538e-07	-2.93046e-08	6.455e-11	3.7e-13	3.5456e-07	-3.2534e-07	-1.51298e-08	1.687e-11	4.5e-13	3.4036e-07	-3.253e-07	-6.6889e-09	-1.266e-11	6.4e-13	3.321e-07	-3.2542e-07	-1.959e-09	-1.3519e-10	-7.5e-13	3.2742e-07	-3.2536e-07	1.15004e-09	-5.4811e-10	3e-13	3.2492e-07	-3.2554e-07
0.51	-9.13648e-08	3.4447e-10	-5.4e-13	4.1626e-07	-3.2524e-07	-5.29872e-08	1.6289e-10	-2e-13	3.783e-07	-3.2546e-07	-2.93334e-08	6.164e-11	-3.3e-13	3.5462e-07	-3.253e-07	-1.51072e-08	1.701e-11	-8.2e-13	3.404e-07	-3.2528e-07	-6.6846e-09	-1.454e-11	-2.5e-13	3.3214e-07	-3.2536e-07	-1.9647e-09	-1.451e-10	-1.52e-12	3.2748e-07	-3.2538e-07	1.1644e-09	-5.6614e-10	-3.3e-13	3.2492e-07	-3.2556e-07
0.505	-9.12824e-08	3.3378e-10	4e-13	4.1638e-07	-3.253e-07	-5.30194e-08	1.6133e-10	1.3e-13	3.7818e-07	-3.2528e-07	-2.93874e-08	5.779e-11	1.85e-12	3.5472e-07	-3.2536e-07	-1.51548e-08	1.625e-11	-1.19e-12	3.4048e-07	-3.253e-07	-6.7313e-09	-1.372e-11	-7.7e-13	3.3212e-07	-3.254e-07	-1.9585e-09	-1.5432e-10	-4.3e-13	3.2738e-07	-3.253e-07	1.1916e-09	-5.8867e-10	-1.4e-13	3.2488e-07	-3.2556e-07
0.5	-9.13056e-08	3.2636e-10	-8.9e-13	4.1632e-07	-3.2526e-07	-5.30056e-08	1.5148e-10	-2.8e-13	3.7814e-07	-3.2536e-07	-2.93746e-08	5.717e-11	9.4e-13	3.5466e-07	-3.2526e-07	-1.51286e-08	1.203e-11	-3.7e-13	3.4044e-07	-3.2526e-07	-6.673e-09	-1.712e-11	-2.34e-12	3.3208e-07	-3.2536e-07	-1.9485e-09	-1.6572e-10	-4.8e-13	3.275e-07	-3.2538e-07	1.2119e-09	-6.0528e-10	-9.5e-13	3.2482e-07	-3.2548e-07
0.495	-9.13868e-08	3.205e-10	1.78e-12	4.164e-07	-3.2532e-07	-5.29678e-08	1.498e-10	-8.1e-13	3.7818e-07	-3.253e-07	-2.93404e-08	5.65e-11	-9.1e-13	3.5464e-07	-3.2536e-07	-1.5167e-08	9.24e-12	4.4e-13	3.4048e-07	-3.253e-07	-6.6655e-09	-2.097e-11	-5.8e-13	3.3202e-07	-3.2536e-07	-1.9364e-09	-1.7117e-10	1.4e-13	3.275e-07	-3.2538e-07	1.2263e-09	-6.2598e-10	-5.3e-13	3.2488e-07	-3.2546e-07
0.49	-9.12704e-08	3.1345e-10	3.4e-13	4.1634e-07	-3.2532e-07	-5.29964e-08	1.4187e-10	-5.7e-13	3.7818e-07	-3.2532e-07	-2.9368e-08	5.434e-11	1.04e-12	3.5464e-07	-3.2526e-07	-1.52214e-08	1.103e-11	1.95e-12	3.406e-07	-3.254e-07	-6.6803e-09	-2.163e-11	2.7e-13	3.32e-07	-3.2526e-07	-1.9248e-09	-1.848e-10	-1.61e-12	3.2746e-07	-3.254e-07	1.2515e-09	-6.3958e-10	-1.88e-12	3.2486e-07	-3.255e-07
0.485	-9.1193e-08	3.0746e-10	-1.26e-12	4.1622e-07	-3.253e-07	-5.30098e-08	1.4149e-10	-6.8e-13	3.7826e-07	-3.2532e-07	-2.93818e-08	4.904e-11	-4e-13	3.5466e-07	-3.254e-07	-1.52596e-08	1.061e-11	6.4e-13	3.406e-07	-3.2532e-07	-6.6573e-09	-2.271e-11	-1.82e-12	3.3196e-07	-3.2532e-07	-1.8917e-09	-1.9639e-10	5.8e-13	3.2756e-07	-3.2536e-07	1.275e-09	-6.682e-10	-1.27e-12	3.2488e-07	-3.255e-07
0.48	-9.12178e-08	2.9639e-10	-1.26e-12	4.1628e-07	-3.2524e-07	-5.29452e-08	1.3795e-10	1.06e-12	3.7814e-07	-3.2526e-07	-2.94504e-08	4.727e-11	-1.37e-12	3.5472e-07	-3.2532e-07	-1.52158e-08	1.133e-11	-4.6e-13	3.4054e-07	-3.2532e-07	-6.6892e-09	-2.866e-11	-3.5e-13	3.3202e-07	-3.253e-07	-1.8934e-09	-2.0629e-10	1.21e-12	3.275e-07	-3.2532e-07	1.2897e-09	-6.8319e-10	4.3e-13	3.2494e-07	-3.255e-07
0.475	-9.12508e-08	2.8965e-10	1.38e-12	4.1622e-07	-3.2528e-07	-5.3003e-08	1.3321e-10	-7.9e-13	3.7826e-07	-3.253e-07	-2.94536e-08	4.504e-11	3.1e-13	3.5466e-07	-3.2526e-07	-1.52604e-08	8.22e-12	-8e-14	3.4056e-07	-3.2528e-07	-6.6804e-09	-3.018e-11	2.4e-13	3.3202e-07	-3.2532e-07	-1.8721e-09	-2.1741e-10	-7.3e-13	3.275e-07	-3.254e-07	1.306e-09	-7.0313e-10	-1.2e-12	3.2492e-07	-3.2554e-07
0.47	-9.11538e-08	2.8118e-10	-5.6e-13	4.1604e-07	-3.252e-07	-5.30356e-08	1.2687e-10	-2.23e-12	3.7814e-07	-3.2532e-07	-2.94394e-08	4.256e-11	1.76e-12	3.5464e-07	-3.253e-07	-1.52664e-08	9.27e-12	4.5e-13	3.4052e-07	-3.2532e-07	-6.6788e-09	-2.969e-11	-7e-13	3.3198e-07	-3.2534e-07	-1.8456e-09	-2.2944e-10	-1e-14	3.2748e-07	-3.2538e-07	1.3278e-09	-7.2529e-10	-1.52e-12	3.25e-07	-3.256e-07
0.465	-9.11006e-08	2.7677e-10	2.3e-13	4.161e-07	-3.2536e-07	-5.304e-08	1.2127e-10	-4e-14	3.7818e-07	-3.2536e-07	-2.9429e-08	4.22e-11	-5e-13	3.5468e-07	-3.2542e-07	-1.52948e-08	4.14e-12	-1.35e-12	3.4062e-07	-3.2538e-07	-6.6724e-09	-3.415e-11	-1.15e-12	3.32e-07	-3.2532e-07	-1.8446e-09	-2.4417e-10	-5.3e-13	3.275e-07	-3.2538e-07	1.3462e-09	-7.486e-10	2e-14	3.2498e-07	-3.256e-07
0.46	-9.10774e-08	2.6743e-10	2.35e-12	4.1616e-07	-3.2532e-07	-5.30386e-08	1.1942e-10	9.1e-13	3.7822e-07	-3.2524e-07	-2.945e-08	3.983e-11	4e-14	3.5482e-07	-3.2536e-07	-1.53e-08	5.9e-12	-3e-13	3.406e-07	-3.2536e-07	-6.6925e-09	-3.828e-11	-7e-13	3.3198e-07	-3.253e-07	-1.8316e-09	-2.5249e-10	2e-13	3.2748e-07	-3.2532e-07	1.3679e-09	-7.6796e-10	7.3e-13	3.2496e-07	-3.2556e-07
0.455	-9.10908e-08	2.6527e-10	1.3e-13	4.1602e-07	-3.2532e-07	-5.3045e-08	1.1507e-10	3.1e-13	3.7822e-07	-3.2532e-07	-2.94704e-08	3.855e-11	-1e-14	3.5482e-07	-3.2534e-07	-1.52682e-08	4.51e-12	1.57e-12	3.407e-07	-3.253e-07	-6.666e-09	-4.236e-11	-6e-14	3.3202e-07	-3.2532e-07	-1.7986e-09	-2.6879e-10	1.5e-13	3.2742e-07	-3.254e-07	1.3929e-09	-7.8798e-10	3.22e-12	3.249e-07	-3.2552e-07
0.45	-9.0996e-08	2.5576e-10	-1.65e-12	4.1614e-07	-3.2536e-07	-5.30694e-08	1.1345e-10	3.2e-13	3.7836e-07	-3.2532e-07	-2.94978e-08	3.444e-11	-1.32e-12	3.548e-07	-3.2526e-07	-1.53006e-08	7.08e-12	2.5e-13	3.4064e-07	-3.2538e-07	-6.6658e-09	-4.058e-11	5.5e-13	3.3202e-07	-3.2536e-07	-1.7988e-09	-2.8098e-10	-3.9e-13	3.2744e-07	-3.2546e-07	1.4223e-09	-8.1244e-10	-2.99e-12	3.2498e-07	-3.2562e-07
0.445	-9.096e-08	2.484e-10	-7.5e-13	4.1608e-07	-3.2544e-07	-5.30728e-08	1.0968e-10	3.4e-13	3.7834e-07	-3.2532e-07	-2.95676e-08	3.23e-11	1.2e-12	3.5486e-07	-3.2524e-07	-1.53066e-08	3.85e-12	-6.2e-13	3.4066e-07	-3.2534e-07	-6.6626e-09	-4.813e-11	-1.1e-12	3.3202e-07	-3.2536e-07	-1.7871e-09	-2.9636e-10	7.4e-13	3.2742e-07	-3.2536e-07	1.4448e-09	-8.3731e-10	-1.87e-12	3.2498e-07	-3.256e-07
0.44	-9.08476e-08	2.4047e-10	8.8e-13	4.1596e-07	-3.2536e-07	-5.30964e-08	1.0658e-10	-1.43e-12	3.7838e-07	-3.253e-07	-2.95174e-08	2.989e-11	2.3e-12	3.548e-07	-3.2524e-07	-1.53224e-08	2.98e-12	-1.04e-12	3.406e-07	-3.2532e-07	-6.6272e-09	-5.183e-11	1.06e-12	3.32e-07	-3.2534e-07	-1.7699e-09	-3.0691e-10	6.9e-13	3.2748e-07	-3.2538e-07	1.4688e-09	-8.5884e-10	5.08e-12	3.2488e-07	-3.2556e-07
0.435	-9.09316e-08	2.3576e-10	6.6e-13	4.1602e-07	-3.2538e-07	-5.30904e-08	9.924e-11	-1.7e-13	3.7828e-07	-3.253e-07	-2.96154e-08	3.157e-11	-3e-13	3.548e-07	-3.2526e-07	-1.53256e-08	8e-13	4.7e-13	3.4074e-07	-3.253e-07	-6.6374e-09	-5.207e-11	-2.5e-13	3.3198e-07	-3.2532e-07	-1.7808e-09	-3.2405e-10	-6.3e-13	3.2748e-07	-3.2538e-07	1.4645e-09	-8.8088e-10	-3.48e-12	3.2496e-07	-3.255e-07
0.43	-9.09444e-08	2.3123e-10	4.7e-13	4.1602e-07	-3.2528e-07	-5.31532e-08	9.75e-11	-9.4e-13	3.7838e-07	-3.253e-07	-2.95868e-08	2.933e-11	-1.12e-12	3.5484e-07	-3.2528e-07	-1.53484e-08	-5.1e-13	-1.1e-13	3.4074e-07	-3.2538e-07	-6.6002e-09	-5.575e-11	-8.1e-13	3.32e-07	-3.253e-07	-1.762e-09	-3.407e-10	1.05e-12	3.2744e-07	-3.2528e-07	1.4833e-09	-9.0851e-10	-1.58e-12	3.2494e-07	-3.2552e-07
0.425	-9.09484e-08	2.2561e-10	-6.1e-13	4.1602e-07	-3.2538e-07	-5.30922e-08	9.28e-11	-4.7e-13	3.7836e-07	-3.253e-07	-2.9665e-08	2.641e-11	-3.7e-13	3.549e-07	-3.2526e-07	-1.53696e-08	2.1e-13	-6.7e-13	3.4076e-07	-3.2532e-07	-6.5766e-09	-6.42e-11	7e-13	3.3196e-07	-3.2534e-07	-1.7483e-09	-3.5217e-10	5.6e-13	3.2748e-07	-3.2538e-07	1.5026e-09	-9.2832e-10	-1.01e-12	3.2488e-07	-3.255e-07
0.42	-9.07954e-08	2.1959e-10	-1.63e-12	4.1586e-07	-3.2526e-07	-5.3042e-08	9.303e-11	-5.3e-13	3.7846e-07	-3.2548e-07	-2.96842e-08	2.383e-11	-9.8e-13	3.5486e-07	-3.2522e-07	-1.53804e-08	-1.42e-12	1.9e-13	3.406e-07	-3.2526e-07	-6.5732e-09	-6.619e-11	-5e-14	3.3198e-07	-3.2532e-07	-1.7265e-09	-3.6819e-10	-2.35e-12	3.2748e-07	-3.2538e-07	1.5213e-09	-9.5319e-10	-2.19e-12	3.2488e-07	-3.2546e-07
0.415	-9.08368e-08	2.1118e-10	1e-13	4.1586e-07	-3.2532e-07	-5.3197e-08	8.899e-11	-1.1e-13	3.7846e-07	-3.2538e-07	-2.97298e-08	2.26e-11	-1.25e-12	3.5502e-07	-3.2532e-07	-1.53634e-08	4.2e-13	-9e-14	3.4066e-07	-3.2528e-07	-6.575e-09	-6.838e-11	9.6e-13	3.3196e-07	-3.253e-07	-1.7139e-09	-3.8538e-10	-5.5e-13	3.2748e-07	-3.2536e-07	1.5564e-09	-9.8689e-10	1.63e-12	3.2486e-07	-3.2546e-07
0.41	-9.07214e-08	2.063e-10	1.13e-12	4.1586e-07	-3.2538e-07	-5.3143e-08	8.505e-11	-1.45e-12	3.7844e-07	-3.2538e-07	-2.97176e-08	2.079e-11	2.46e-12	3.5504e-07	-3.2534e-07	-1.5382e-08	-3.44e-12	-8.1e-13	3.4064e-07	-3.2526e-07	-6.5482e-09	-7.736e-11	-8.7e-13	3.3196e-07	-3.2534e-07	-1.6787e-09	-3.9899e-10	-2.8e-13	3.2754e-07	-3.2548e-07	1.618e-09	-1.01097e-09	1.26e-12	3.2486e-07	-3.2548e-07
0.405	-9.07184e-08	1.9808e-10	-2.5e-13	4.1582e-07	-3.2536e-07	-5.31024e-08	8.125e-11	-1.29e-12	3.7836e-07	-3.2532e-07	-2.9752e-08	2.005e-11	3.6e-13	3.551e-07	-3.2532e-07	-1.53528e-08	-3.5e-12	-7.9e-13	3.4062e-07	-3.2532e-07	-6.562e-09	-8.026e-11	-6.5e-13	3.32e-07	-3.253e-07	-1.6638e-09	-4.1397e-10	-1.2e-12	3.275e-07	-3.2538e-07	1.6385e-09	-1.042e-09	-8.2e-13	3.2488e-07	-3.2554e-07
0.4	-9.07568e-08	1.954e-10	5.3e-13	4.1594e-07	-3.254e-07	-5.3136e-08	7.712e-11	3.8e-13	3.7832e-07	-3.2532e-07	-2.97886e-08	2.171e-11	-8e-13	3.5508e-07	-3.2532e-07	-1.53628e-08	-8.75e-12	-9.4e-13	3.4068e-07	-3.2526e-07	-6.5586e-09	-8.646e-11	-4e-13	3.3192e-07	-3.2534e-07	-1.658e-09	-4.3055e-10	-5.7e-13	3.2748e-07	-3.254e-07	1.6667e-09	-1.06837e-09	7.9e-13	3.2488e-07	-3.2544e-07
0.395	-9.06882e-08	1.9083e-10	6.4e-13	4.1586e-07	-3.2538e-07	-5.31948e-08	7.421e-11	1.57e-12	3.7838e-07	-3.2528e-07	-2.98326e-08	1.723e-11	7.9e-13	3.5508e-07	-3.253e-07	-1.53248e-08	-4.63e-12	6.7e-13	3.4066e-07	-3.253e-07	-6.5315e-09	-9.026e-11	-1.69e-12	3.32e-07	-3.2532e-07	-1.6361e-09	-4.4955e-10	-7e-14	3.275e-07	-3.2546e-07	1.6992e-09	-1.10061e-09	-1.57e-12	3.2488e-07	-3.2544e-07
0.39	-9.07076e-08	1.8761e-10	-7.1e-13	4.1602e-07	-3.2528e-07	-5.31646e-08	7.297e-11	-4.2e-13	3.785e-07	-3.2526e-07	-2.98104e-08	1.686e-11	-1.25e-12	3.5514e-07	-3.253e-07	-1.53142e-08	-6.78e-12	-3e-14	3.4064e-07	-3.2532e-07	-6.5344e-09	-9.853e-11	-1.56e-12	3.3196e-07	-3.253e-07	-1.6225e-09	-4.6062e-10	-1e-14	3.276e-07	-3.2546e-07	1.7338e-09	-1.1317e-09	-9.6e-13	3.2482e-07	-3.2546e-07
0.385	-9.07248e-08	1.7833e-10	-1.33e-12	4.1594e-07	-3.2532e-07	-5.3245e-08	7.154e-11	1.1e-13	3.786e-07	-3.2534e-07	-2.99064e-08	1.152e-11	-7.5e-13	3.5516e-07	-3.2534e-07	-1.53218e-08	-6.75e-12	-6.7e-13	3.4064e-07	-3.2526e-07	-6.5173e-09	-1.0634e-10	1.71e-12	3.3206e-07	-3.2542e-07	-1.6358e-09	-4.7822e-10	-3.7e-13	3.2748e-07	-3.2546e-07	1.7513e-09	-1.1633e-09	-2.14e-12	3.249e-07	-3.2548e-07
0.38	-9.06838e-08	1.7278e-10	-7.4e-13	4.1594e-07	-3.2536e-07	-5.31498e-08	6.796e-11	-8.7e-13	3.785e-07	-3.2536e-07	-2.9896e-08	1.421e-11	2.18e-12	3.5526e-07	-3.2534e-07	-1.53156e-08	-1.075e-11	-2.6e-12	3.4064e-07	-3.253e-07	-6.5097e-09	-1.0849e-10	3e-14	3.3198e-07	-3.253e-07	-1.6232e-09	-4.9513e-10	-1.14e-12	3.2748e-07	-3.2544e-07	1.7961e-09	-1.1986e-09	1.32e-12	3.2494e-07	-3.2548e-07
0.375	-9.07562e-08	1.6794e-10	7e-14	4.1598e-07	-3.2538e-07	-5.31794e-08	6.224e-11	-6.1e-13	3.7848e-07	-3.253e-07	-2.99114e-08	1.294e-11	-1.5e-13	3.5522e-07	-3.2526e-07	-1.53118e-08	-1.221e-11	-9.8e-13	3.4062e-07	-3.2528e-07	-6.4957e-09	-1.1798e-10	-1.02e-12	3.3192e-07	-3.2536e-07	-1.601e-09	-5.1358e-10	1.07e-12	3.2754e-07	-3.2534e-07	1.8325e-09	-1.2304e-09	-1.33e-12	3.2484e-07	-3.2544e-07
0.37	-9.06354e-08	1.6362e-10	-2.2e-13	4.158e-07	-3.253e-07	-5.32034e-08	6.018e-11	1.2e-13	3.7856e-07	-3.2532e-07	-2.99418e-08	1.379e-11	-1.88e-12	3.5514e-07	-3.2532e-07	-1.53226e-08	-1.376e-11	1.3e-12	3.406e-07	-3.2524e-07	-6.4983e-09	-1.292e-10	6.3e-13	3.3198e-07	-3.2538e-07	-1.5807e-09	-5.265e-10	-4.1e-13	3.2748e-07	-3.2546e-07	1.8649e-09	-1.2694e-09	-2.09e-12	3.2484e-07	-3.255e-07
0.365	-9.0738e-08	1.6073e-10	6.4e-13	4.1586e-07	-3.2538e-07	-5.32286e-08	5.732e-11	1.45e-12	3.7848e-07	-3.253e-07	-2.9932e-08	9.74e-12	8.7e-13	3.5516e-07	-3.2526e-07	-1.53152e-08	-1.539e-11	1.76e-12	3.4062e-07	-3.2532e-07	-6.4715e-09	-1.3291e-10	-9.9e-13	3.3192e-07	-3.2528e-07	-1.5317e-09	-5.4658e-10	-2.76e-12	3.2748e-07	-3.2536e-07	1.8919e-09	-1.299e-09	-4.7e-13	3.2492e-07	-3.255e-07
0.36	-9.0597e-08	1.5478e-10	-1.19e-12	4.1574e-07	-3.253e-07	-5.31592e-08	5.731e-11	1.4e-12	3.7848e-07	-3.2526e-07	-2.9939e-08	9.66e-12	5.2e-13	3.552e-07	-3.2526e-07	-1.52936e-08	-1.529e-11	-2e-13	3.4068e-07	-3.2532e-07	-6.4585e-09	-1.4089e-10	-6.2e-13	3.3198e-07	-3.2528e-07	-1.5136e-09	-5.6307e-10	9.3e-13	3.2744e-07	-3.2538e-07	1.9347e-09	-1.3389e-09	-3.04e-12	3.2488e-07	-3.255e-07
0.355	-9.0655e-08	1.5215e-10	-7.2e-13	4.1582e-07	-3.2522e-07	-5.3216e-08	5.406e-11	-6.1e-13	3.7858e-07	-3.2534e-07	-3.00504e-08	7.6e-12	-3.2e-13	3.5534e-07	-3.2526e-07	-1.53098e-08	-1.676e-11	-4e-14	3.406e-07	-3.2528e-07	-6.4876e-09	-1.542e-10	4e-13	3.3194e-07	-3.2538e-07	-1.5021e-09	-5.8042e-10	-1.8e-13	3.2742e-07	-3.2538e-07	1.9757e-09	-1.3778e-09	3.26e-12	3.2496e-07	-3.255e-07
0.35	-9.0686e-08	1.4402e-10	5.3e-13	4.158e-07	-3.2526e-07	-5.32604e-08	5.357e-11	-6e-13	3.7854e-07	-3.2532e-07	-3.00402e-08	5.79e-12	8.4e-13	3.553e-07	-3.2528e-07	-1.53036e-08	-1.793e-11	-1.38e-12	3.4056e-07	-3.2526e-07	-6.4805e-09	-1.5858e-10	-1.8e-13	3.32e-07	-3.2532e-07	-1.476e-09	-5.9891e-10	-7.1e-13	3.2752e-07	-3.2536e-07	2.0213e-09	-1.4194e-09	1.09e-12	3.2486e-07	-3.2552e-07
0.345	-9.06834e-08	1.3911e-10	-1.2e-13	4.1576e-07	-3.252e-07	-5.3216e-08	4.857e-11	-3.8e-13	3.7846e-07	-3.2524e-07	-3.0045e-08	7.08e-12	1.52e-12	3.5534e-07	-3.2532e-07	-1.52884e-08	-2.334e-11	-1.12e-12	3.4054e-07	-3.2526e-07	-6.4589e-09	-1.6799e-10	-8.9e-13	3.3192e-07	-3.2528e-07	-1.4818e-09	-6.2019e-10	7e-13	3.2744e-07	-3.2538e-07	2.0548e-09	-1.4598e-09	-2.32e-12	3.249e-07	-3.2548e-07
0.34	-9.05948e-08	1.3515e-10	4.6e-13	4.1568e-07	-3.2526e-07	-5.31856e-08	4.458e-11	4e-13	3.7856e-07	-3.253e-07	-3.01076e-08	7.02e-12	-1.8e-13	3.5536e-07	-3.2524e-07	-1.52288e-08	-2.427e-11	-3.2e-13	3.4056e-07	-3.253e-07	-6.4433e-09	-1.7972e-10	-6.3e-13	3.3194e-07	-3.2538e-07	-1.4407e-09	-6.3783e-10	6.2e-13	3.2742e-07	-3.2536e-07	2.085e-09	-1.5016e-09	7.6e-13	3.2488e-07	-3.2546e-07
0.335	-9.0659e-08	1.3382e-10	5.5e-13	4.1574e-07	-3.2524e-07	-5.33276e-08	4.102e-11	6.6e-13	3.7862e-07	-3.2532e-07	-3.0153e-08	7.85e-12	-2e-13	3.5542e-07	-3.2524e-07	-1.52372e-08	-2.807e-11	-5.7e-13	3.4054e-07	-3.2526e-07	-6.4142e-09	-1.9072e-10	-9.4e-13	3.3192e-07	-3.253e-07	-1.4238e-09	-6.5524e-10	1.3e-13	3.2748e-07	-3.2536e-07	2.145e-09	-1.5425e-09	-1.6e-13	3.2492e-07	-3.2544e-07
0.33	-9.05602e-08	1.2965e-10	-1.54e-12	4.1578e-07	-3.2522e-07	-5.33534e-08	4.213e-11	8e-14	3.7868e-07	-3.2532e-07	-3.02196e-08	2.93e-12	-9.1e-13	3.5538e-07	-3.2524e-07	-1.52388e-08	-2.643e-11	3.8e-13	3.4056e-07	-3.2528e-07	-6.4181e-09	-2.0153e-10	1.45e-12	3.3192e-07	-3.2532e-07	-1.4011e-09	-6.778e-10	-2.1e-13	3.2742e-07	-3.254e-07	2.1863e-09	-1.5846e-09	-7e-14	3.2484e-07	-3.2548e-07
0.325	-9.06748e-08	1.2473e-10	-2.09e-12	4.1576e-07	-3.252e-07	-5.33634e-08	4.017e-11	8.9e-13	3.7868e-07	-3.253e-07	-3.02214e-08	3.47e-12	-6.8e-13	3.555e-07	-3.2526e-07	-1.5237e-08	-3.068e-11	-2e-14	3.4056e-07	-3.253e-07	-6.4083e-09	-2.1032e-10	-7.6e-13	3.3188e-07	-3.2532e-07	-1.3887e-09	-6.9952e-10	-5.9e-13	3.2746e-07	-3.2532e-07	2.241e-09	-1.6336e-09	2e-14	3.2482e-07	-3.2548e-07
0.32	-9.06182e-08	1.2007e-10	1.71e-12	4.159e-07	-3.253e-07	-5.33934e-08	3.828e-11	-7e-13	3.7866e-07	-3.2532e-07	-3.02314e-08	6.7e-13	2.7e-13	3.5544e-07	-3.2526e-07	-1.52388e-08	-3.132e-11	-4.5e-13	3.4056e-07	-3.2526e-07	-6.4012e-09	-2.26e-10	-1.79e-12	3.3192e-07	-3.2538e-07	-1.3354e-09	-7.1959e-10	3.2e-13	3.275e-07	-3.2544e-07	2.273e-09	-1.6753e-09	-2.99e-12	3.249e-07	-3.2546e-07
0.315	-9.06572e-08	1.1403e-10	3.1e-13	4.1574e-07	-3.2522e-07	-5.34298e-08	3.531e-11	-1.06e-12	3.7874e-07	-3.2524e-07	-3.02514e-08	3.15e-12	1.79e-12	3.5554e-07	-3.2528e-07	-1.52354e-08	-3.535e-11	-1.34e-12	3.405e-07	-3.253e-07	-6.3468e-09	-2.3864e-10	2.09e-12	3.3192e-07	-3.2536e-07	-1.3229e-09	-7.3848e-10	-1.1e-12	3.2742e-07	-3.2534e-07	2.294e-09	-1.7254e-09	-7e-13	3.2484e-07	-3.253e-07
0.31	-9.06174e-08	1.1075e-10	-1.6e-12	4.1584e-07	-3.2522e-07	-5.34696e-08	3.223e-11	-4e-14	3.7856e-07	-3.252e-07	-3.03418e-08	3.1e-13	-1.65e-12	3.556e-07	-3.2526e-07	-1.52174e-08	-3.958e-11	-4.8e-13	3.4054e-07	-3.2532e-07	-6.3727e-09	-2.4678e-10	1.5e-13	3.3192e-07	-3.2526e-07	-1.2982e-09	-7.6396e-10	-9.1e-13	3.2744e-07	-3.2532e-07	2.3404e-09	-1.7651e-09	1.7e-13	3.2488e-07	-3.255e-07
0.305	-9.06638e-08	1.0847e-10	1.58e-12	4.1566e-07	-3.2528e-07	-5.34766e-08	2.997e-11	4.3e-13	3.787e-07	-3.2524e-07	-3.03406e-08	2.32e-12	-9.1e-13	3.5564e-07	-3.2524e-07	-1.51864e-08	-4.304e-11	9.5e-13	3.4058e-07	-3.253e-07	-6.336e-09	-2.633e-10	-3.6e-13	3.319e-07	-3.2536e-07	-1.279e-09	-7.8554e-10	1.05e-12	3.2746e-07	-3.2536e-07	2.4011e-09	-1.823e-09	-2.25e-12	3.249e-07	-3.2548e-07
0.3	-9.05104e-08	1.0717e-10	-8.8e-13	4.156e-07	-3.2526e-07	-5.35784e-08	2.705e-11	-3.7e-13	3.7878e-07	-3.2526e-07	-3.03566e-08	-9.8e-13	5.1e-13	3.5554e-07	-3.253e-07	-1.52e-08	-4.603e-11	8.4e-13	3.405e-07	-3.2532e-07	-6.3294e-09	-2.7678e-10	1.92e-12	3.3194e-07	-3.2532e-07	-1.2579e-09	-8.0817e-10	-3.3e-13	3.2744e-07	-3.2538e-07	2.4444e-09	-1.8736e-09	1.23e-12	3.2484e-07	-3.2542e-07
0.295	-9.05906e-08	1.0232e-10	-1.25e-12	4.1564e-07	-3.2526e-07	-5.35954e-08	2.831e-11	4.1e-13	3.789e-07	-3.253e-07	-3.03986e-08	-5.9e-13	-1.2e-12	3.557e-07	-3.2532e-07	-1.5183e-08	-4.516e-11	3.8e-13	3.4052e-07	-3.2528e-07	-6.3274e-09	-2.8869e-10	-1e-14	3.319e-07	-3.2536e-07	-1.218e-09	-8.3133e-10	-1.44e-12	3.2748e-07	-3.2538e-07	2.4956e-09	-1.9224e-09	8e-14	3.2484e-07	-3.2542e-07
0.29	-9.05826e-08	9.71e-11	3e-13	4.1578e-07	-3.2524e-07	-5.36184e-08	2.689e-11	1.19e-12	3.7892e-07	-3.2542e-07	-3.04672e-08	-4.23e-12	-2.3e-13	3.5574e-07	-3.252e-07	-1.51508e-08	-5.132e-11	-1.43e-12	3.4048e-07	-3.2524e-07	-6.312e-09	-3.0191e-10	2.1e-13	3.3192e-07	-3.2532e-07	-1.2065e-09	-8.5637e-10	8.9e-13	3.2742e-07	-3.2538e-07	2.5471e-09	-1.9749e-09	-1.58e-12	3.2488e-07	-3.2542e-07
0.285	-9.0595e-08	9.104e-11	-1.24e-12	4.1592e-07	-3.2532e-07	-5.3655e-08	2.625e-11	-2.09e-12	3.788e-07	-3.2526e-07	-3.04918e-08	-3.86e-12	7.3e-13	3.5578e-07	-3.252e-07	-1.51286e-08	-5.489e-11	-5.3e-13	3.4054e-07	-3.2532e-07	-6.2685e-09	-3.2044e-10	1.06e-12	3.319e-07	-3.2536e-07	-1.1795e-09	-8.7889e-10	1e-13	3.2752e-07	-3.254e-07	2.6104e-09	-2.0315e-09	1.84e-12	3.2492e-07	-3.2544e-07
0.28	-9.05768e-08	8.908e-11	5.4e-13	4.1572e-07	-3.252e-07	-5.35904e-08	2.055e-11	-5.1e-13	3.7896e-07	-3.2534e-07	-3.04564e-08	-2.19e-12	1.3e-13	3.5562e-07	-3.252e-07	-1.51468e-08	-5.933e-11	1.3e-13	3.405e-07	-3.253e-07	-6.2525e-09	-3.3104e-10	3.2e-13	3.319e-07	-3.253e-07	-1.1549e-09	-9.0056e-10	-5e-13	3.274e-07	-3.254e-07	2.6736e-09	-2.0871e-09	2.5e-13	3.249e-07	-3.2548e-07
0.275	-9.0607e-08	8.767e-11	1.2e-12	4.1584e-07	-3.2524e-07	-5.357e-08	1.964e-11	-2e-13	3.788e-07	-3.2528e-07	-3.05042e-08	-3.15e-12	-5.8e-13	3.5572e-07	-3.2518e-07	-1.51634e-08	-6.539e-11	2e-13	3.4052e-07	-3.2526e-07	-6.2529e-09	-3.4838e-10	8e-13	3.3192e-07	-3.2532e-07	-1.1541e-09	-9.3225e-10	-6.3e-13	3.2736e-07	-3.253e-07	2.7199e-09	-2.142e-09	-9.8e-13	3.2482e-07	-3.2546e-07
0.27	-9.2253e-08	8.451e-11	1.7e-13	4.1748e-07	-3.252e-07	-5.36434e-08	1.743e-11	6.9e-13	3.7898e-07	-3.2534e-07	-3.05072e-08	-3.89e-12	-9.5e-13	3.5576e-07	-3.2526e-07	-1.51616e-08	-6.843e-11	8.1e-13	3.4048e-07	-3.2532e-07	-6.2566e-09	-3.6083e-10	-1.1e-12	3.3192e-07	-3.2536e-07	-1.1318e-09	-9.5533e-10	-1.6e-12	3.2738e-07	-3.2534e-07	2.7738e-09	-2.2017e-09	-2.4e-13	3.2486e-07	-3.254e-07
0.265	-9.2317e-08	8.287e-11	-1.78e-12	4.1754e-07	-3.2536e-07	-5.36992e-08	1.854e-11	-2e-14	3.7902e-07	-3.2532e-07	-3.0403e-08	-8e-12	-4.4e-13	3.5572e-07	-3.2526e-07	-1.51118e-08	-7.19e-11	1.2e-12	3.4044e-07	-3.253e-07	-6.2374e-09	-3.8259e-10	8e-14	3.3192e-07	-3.2532e-07	-1.1093e-09	-9.8234e-10	-8.6e-13	3.2736e-07	-3.2526e-07	2.8393e-09	-2.2573e-09	-1.46e-12	3.2488e-07	-3.2548e-07
0.26	-9.06914e-08	7.566e-11	-4.5e-13	4.1584e-07	-3.2542e-07	-5.37446e-08	1.562e-11	-2.5e-13	3.7904e-07	-3.2528e-07	-3.0378e-08	-7.24e-12	-8e-13	3.5566e-07	-3.2524e-07	-1.50686e-08	-7.391e-11	-1.17e-12	3.4048e-07	-3.2524e-07	-6.1955e-09	-3.9329e-10	1.9e-13	3.3196e-07	-3.253e-07	-1.0495e-09	-1.0062e-09	-1.46e-12	3.2738e-07	-3.2532e-07	2.9082e-09	-2.3223e-09	-4e-14	3.2486e-07	-3.2542e-07
0.255	-9.07216e-08	7.413e-11	1.76e-12	4.1588e-07	-3.253e-07	-5.3793e-08	1.699e-11	-2.2e-13	3.7902e-07	-3.2528e-07	-3.0464e-08	-1.143e-11	1.27e-12	3.5566e-07	-3.2522e-07	-1.50512e-08	-8.113e-11	-1.39e-12	3.404e-07	-3.2526e-07	-6.1977e-09	-4.1137e-10	-1.21e-12	3.3198e-07	-3.2534e-07	-1.0174e-09	-1.03571e-09	-7.8e-13	3.2736e-07	-3.2532e-07	2.9593e-09	-2.3818e-09	8e-13	3.2488e-07	-3.2554e-07
0.25	-9.06474e-08	6.772e-11	-1.4e-12	4.1614e-07	-3.2534e-07	-5.37804e-08	1.317e-11	-1.35e-12	3.7914e-07	-3.2526e-07	-3.0429e-08	-8.16e-12	-4.3e-13	3.5572e-07	-3.2524e-07	-1.50884e-08	-8.648e-11	-8.5e-13	3.4044e-07	-3.2526e-07	-6.1625e-09	-4.2676e-10	-3.4e-13	3.3194e-07	-3.2534e-07	-1.0155e-09	-1.06514e-09	8.6e-13	3.2754e-07	-3.2532e-07	3.0248e-09	-2.4478e-09	-1.69e-12	3.2496e-07	-3.255e-07
0.245	-9.07578e-08	7.028e-11	9.9e-13	4.1598e-07	-3.2532e-07	-5.39038e-08	1.08e-11	-3.2e-13	3.7926e-07	-3.2528e-07	-3.0463e-08	-9.88e-12	-6.6e-13	3.5578e-07	-3.2524e-07	-1.50728e-08	-9.558e-11	-4e-14	3.4048e-07	-3.2528e-07	-6.1356e-09	-4.4243e-10	1.81e-12	3.3192e-07	-3.2538e-07	-9.6438e-10	-1.09328e-09	-1.67e-12	3.2744e-07	-3.2536e-07	3.0918e-09	-2.5144e-09	1.14e-12	3.2496e-07	-3.2554e-07
0.24	-9.08494e-08	6.617e-11	1.24e-12	4.1608e-07	-3.2528e-07	-5.39796e-08	8.39e-12	-5e-14	3.7922e-07	-3.2524e-07	-3.04496e-08	-8.98e-12	9.8e-13	3.5568e-07	-3.2526e-07	-1.50442e-08	-9.704e-11	7.4e-13	3.404e-07	-3.2532e-07	-6.1304e-09	-4.5653e-10	-2.7e-13	3.3194e-07	-3.2532e-07	-9.5262e-10	-1.127e-09	-9e-14	3.2738e-07	-3.2532e-07	3.153e-09	-2.5783e-09	2.2e-13	3.2494e-07	-3.255e-07
0.235	-9.08056e-08	6.564e-11	-1.82e-12	4.1608e-07	-3.2532e-07	-5.39596e-08	8.04e-12	6e-13	3.792e-07	-3.253e-07	-3.04896e-08	-1.408e-11	-4.8e-13	3.558e-07	-3.2524e-07	-1.50192e-08	-1.0463e-10	-5.3e-13	3.4042e-07	-3.2532e-07	-6.0826e-09	-4.7682e-10	-5.9e-13	3.3196e-07	-3.2532e-07	-9.0503e-10	-1.1567e-09	6.3e-13	3.2746e-07	-3.2538e-07	3.2246e-09	-2.6466e-09	-1.91e-12	3.2496e-07	-3.255e-07
0.23	-9.07756e-08	5.796e-11	-5.1e-13	4.1606e-07	-3.253e-07	-5.39936e-08	9.66e-12	1.62e-12	3.7932e-07	-3.2526e-07	-3.04804e-08	-1.489e-11	-1.93e-12	3.5574e-07	-3.2526e-07	-1.50414e-08	-1.0915e-10	-1.1e-13	3.4038e-07	-3.253e-07	-6.0823e-09	-4.9235e-10	1.04e-12	3.319e-07	-3.2532e-07	-8.7217e-10	-1.1891e-09	-4.5e-13	3.2746e-07	-3.254e-07	3.3004e-09	-2.72e-09	1.35e-12	3.2488e-07	-3.2548e-07
0.225	-9.08008e-08	5.681e-11	6.3e-13	4.1608e-07	-3.2526e-07	-5.41422e-08	7.91e-12	-2.38e-12	3.794e-07	-3.253e-07	-3.0475e-08	-1.691e-11	-9.1e-13	3.558e-07	-3.2524e-07	-1.50286e-08	-1.1801e-10	-7.9e-13	3.4038e-07	-3.252e-07	-6.0461e-09	-5.078e-10	-2.2e-13	3.3194e-07	-3.2536e-07	-8.3138e-10	-1.2197e-09	-1.48e-12	3.2742e-07	-3.2542e-07	3.3744e-09	-2.7952e-09	5.4e-13	3.2494e-07	-3.2554e-07
0.22	-9.08314e-08	5.315e-11	-5.9e-13	4.1622e-07	-3.2534e-07	-5.41696e-08	6.58e-12	-1.66e-12	3.794e-07	-3.2526e-07	-3.0511e-08	-1.651e-11	8.6e-13	3.5586e-07	-3.2526e-07	-1.50136e-08	-1.2357e-10	-1.56e-12	3.4036e-07	-3.2518e-07	-6.0404e-09	-5.2324e-10	-3e-13	3.3192e-07	-3.2536e-07	-7.9969e-10	-1.2543e-09	-1.4e-13	3.2738e-07	-3.2532e-07	3.4468e-09	-2.8669e-09	1.3e-13	3.25e-07	-3.256e-07
0.215	-9.08552e-08	5.275e-11	1.74e-12	4.1612e-07	-3.253e-07	-5.41802e-08	3.16e-12	9.6e-13	3.795e-07	-3.2532e-07	-3.05438e-08	-1.68e-11	-4.2e-13	3.558e-07	-3.253e-07	-1.4978e-08	-1.3421e-10	-4e-14	3.404e-07	-3.2524e-07	-6.0111e-09	-5.4526e-10	-1.32e-12	3.319e-07	-3.2532e-07	-7.644e-10	-1.2929e-09	-1.1e-13	3.274e-07	-3.2532e-07	3.5254e-09	-2.9512e-09	5.7e-13	3.2498e-07	-3.2556e-07
0.21	-9.07682e-08	4.935e-11	1.61e-12	4.1612e-07	-3.2528e-07	-5.42428e-08	3.89e-12	8.9e-13	3.7958e-07	-3.2532e-07	-3.05582e-08	-1.901e-11	-1.28e-12	3.558e-07	-3.253e-07	-1.4979e-08	-1.4103e-10	2.1e-13	3.4044e-07	-3.253e-07	-5.9919e-09	-5.605e-10	4.4e-13	3.3188e-07	-3.2534e-07	-7.4533e-10	-1.3251e-09	2.7e-13	3.2744e-07	-3.2548e-07	3.6088e-09	-3.0243e-09	-1.38e-12	3.25e-07	-3.256e-07
0.205	-9.08964e-08	4.868e-11	-1.52e-12	4.161e-07	-3.2526e-07	-5.43532e-08	1.61e-12	-5.3e-13	3.7966e-07	-3.2526e-07	-3.05426e-08	-1.952e-11	2.6e-13	3.5584e-07	-3.2524e-07	-1.4939e-08	-1.4859e-10	1.37e-12	3.4038e-07	-3.2534e-07	-5.9814e-09	-5.7875e-10	2e-13	3.3192e-07	-3.2538e-07	-7.0511e-10	-1.3693e-09	-3.2e-13	3.2748e-07	-3.2546e-07	3.6847e-09	-3.1047e-09	-9e-14	3.25e-07	-3.2556e-07
0.2	-9.09478e-08	4.504e-11	-2.33e-12	4.1616e-07	-3.253e-07	-5.43686e-08	2.25e-12	2e-14	3.7964e-07	-3.2536e-07	-3.04614e-08	-2.468e-11	-1.21e-12	3.5574e-07	-3.2526e-07	-1.49364e-08	-1.5693e-10	2e-13	3.4036e-07	-3.2526e-07	-5.9489e-09	-5.9319e-10	-1.09e-12	3.3182e-07	-3.2534e-07	-6.3916e-10	-1.4106e-09	-5.1e-13	3.2742e-07	-3.254e-07	3.7685e-09	-3.1845e-09	3.3e-13	3.249e-07	-3.255e-07
0.195	-9.10194e-08	4.109e-11	1.2e-12	4.1616e-07	-3.2526e-07	-5.43382e-08	1.68e-12	7.6e-13	3.7972e-07	-3.253e-07	-3.04762e-08	-2.681e-11	6.5e-13	3.5566e-07	-3.2516e-07	-1.49184e-08	-1.6557e-10	-1.5e-13	3.4038e-07	-3.2526e-07	-5.9384e-09	-6.1578e-10	1e-12	3.3192e-07	-3.253e-07	-6.0654e-10	-1.4476e-09	1.22e-12	3.274e-07	-3.254e-07	3.8459e-09	-3.2731e-09	-2.05e-12	3.2488e-07	-3.255e-07
0.19	-9.1003e-08	3.901e-11	-4e-13	4.1616e-07	-3.2526e-07	-5.43728e-08	2.28e-12	-1.82e-12	3.7972e-07	-3.2536e-07	-3.04916e-08	-2.735e-11	3.3e-13	3.5572e-07	-3.2514e-07	-1.48516e-08	-1.7812e-10	-6.2e-13	3.4036e-07	-3.2536e-07	-5.924e-09	-6.3437e-10	9.9e-13	3.3186e-07	-3.2526e-07	-5.5666e-10	-1.4885e-09	-9.9e-13	3.274e-07	-3.2536e-07	3.9312e-09	-3.3612e-09	1.21e-12	3.2498e-07	-3.2552e-07
0.185	-9.10118e-08	3.601e-11	2e-13	4.1618e-07	-3.2526e-07	-5.44816e-08	-1.8e-12	3.7e-13	3.7982e-07	-3.2524e-07	-3.04194e-08	-2.657e-11	4.9e-13	3.5566e-07	-3.2526e-07	-1.48244e-08	-1.8713e-10	-3.5e-13	3.403e-07	-3.2536e-07	-5.8827e-09	-6.5049e-10	-1.04e-12	3.3188e-07	-3.2524e-07	-5.4749e-10	-1.5282e-09	-2.8e-13	3.274e-07	-3.2534e-07	4.0199e-09	-3.4466e-09	2.7e-13	3.2498e-07	-3.2558e-07
0.18	-9.1023e-08	3.856e-11	1.13e-12	4.1628e-07	-3.2522e-07	-5.45154e-08	-3.42e-12	-6.9e-13	3.7986e-07	-3.2534e-07	-3.0382e-08	-2.916e-11	-4.1e-13	3.5562e-07	-3.2522e-07	-1.48184e-08	-1.9877e-10	-1.2e-13	3.4032e-07	-3.2532e-07	-5.8814e-09	-6.7426e-10	6.3e-13	3.3184e-07	-3.253e-07	-4.7741e-10	-1.5745e-09	4.7e-13	3.2738e-07	-3.2538e-07	4.1146e-09	-3.5402e-09	-1.53e-12	3.249e-07	-3.2548e-07
0.175	-9.1053e-08	3.263e-11	-3.9e-13	4.1638e-07	-3.253e-07	-5.45546e-08	-3.47e-12	9.8e-13	3.7982e-07	-3.253e-07	-3.03722e-08	-3.344e-11	-9.8e-13	3.5562e-07	-3.2524e-07	-1.48054e-08	-2.0826e-10	7.2e-13	3.4036e-07	-3.2542e-07	-5.8541e-09	-6.9406e-10	1.18e-12	3.3186e-07	-3.2536e-07	-4.4064e-10	-1.613e-09	-5.4e-13	3.2744e-07	-3.2532e-07	4.2117e-09	-3.6363e-09	-2.1e-13	3.2488e-07	-3.255e-07
0.17	-9.10788e-08	3.29e-11	-1.51e-12	4.1622e-07	-3.252e-07	-5.45588e-08	-2.38e-12	-7.3e-13	3.7996e-07	-3.2526e-07	-3.02976e-08	-3.654e-11	-7.3e-13	3.5566e-07	-3.252e-07	-1.47876e-08	-2.2087e-10	-5.7e-13	3.4036e-07	-3.2522e-07	-5.7971e-09	-7.1341e-10	-1.33e-12	3.319e-07	-3.2526e-07	-3.9172e-10	-1.6625e-09	1.8e-13	3.2736e-07	-3.254e-07	4.311e-09	-3.7334e-09	5.5e-13	3.2496e-07	-3.2556e-07
0.165	-9.11006e-08	2.711e-11	-1e-13	4.1632e-07	-3.2524e-07	-5.4628e-08	-3.15e-12	6.6e-13	3.7988e-07	-3.2526e-07	-3.02772e-08	-4.006e-11	-6e-14	3.5562e-07	-3.2526e-07	-1.4757e-08	-2.295e-10	-4e-14	3.4024e-07	-3.2526e-07	-5.7838e-09	-7.3455e-10	-1.34e-12	3.3184e-07	-3.2532e-07	-3.4746e-10	-1.708e-09	2.8e-13	3.2744e-07	-3.253e-07	4.4013e-09	-3.8258e-09	3.9e-13	3.2482e-07	-3.2542e-07
0.16	-9.10716e-08	2.729e-11	3.3e-13	4.1624e-07	-3.2526e-07	-5.47242e-08	-4.17e-12	-2.94e-12	3.8002e-07	-3.2526e-07	-3.02706e-08	-4.091e-11	3.9e-13	3.5562e-07	-3.2526e-07	-1.47126e-08	-2.4326e-10	-1.91e-12	3.403e-07	-3.2524e-07	-5.7645e-09	-7.5966e-10	-9.5e-13	3.3188e-07	-3.2532e-07	-3.0143e-10	-1.7545e-09	9.5e-13	3.2742e-07	-3.2536e-07	4.5006e-09	-3.935e-09	5.3e-13	3.2484e-07	-3.2548e-07
0.155	-9.1224e-08	2.271e-11	5.9e-13	4.1648e-07	-3.2524e-07	-5.4822e-08	-4.96e-12	-9.9e-13	3.801e-07	-3.2524e-07	-3.02694e-08	-4.462e-11	6.9e-13	3.5556e-07	-3.2528e-07	-1.47214e-08	-2.5825e-10	-9.3e-13	3.4024e-07	-3.2536e-07	-5.7812e-09	-7.7785e-10	5.5e-13	3.3188e-07	-3.2532e-07	-2.6498e-10	-1.8043e-09	-2e-14	3.2744e-07	-3.2534e-07	4.6151e-09	-4.0357e-09	-1.6e-13	3.249e-07	-3.2544e-07
0.15	-9.12466e-08	2.319e-11	1.16e-12	4.1642e-07	-3.2526e-07	-5.48634e-08	-8.49e-12	-3.3e-13	3.8012e-07	-3.253e-07	-3.03028e-08	-4.482e-11	7.3e-13	3.555e-07	-3.2522e-07	-1.47246e-08	-2.7316e-10	5e-13	3.4036e-07	-3.2532e-07	-5.7362e-09	-8.014e-10	6.6e-13	3.3174e-07	-3.2526e-07	-2.2104e-10	-1.8546e-09	-1.12e-12	3.2742e-07	-3.2536e-07	4.7082e-09	-4.1439e-09	9e-14	3.2488e-07	-3.2548e-07
0.145	-9.11598e-08	2.231e-11	1.32e-12	4.165e-07	-3.253e-07	-5.49432e-08	-8.47e-12	6.8e-13	3.8022e-07	-3.253e-07	-3.02798e-08	-5.002e-11	-1.32e-12	3.5562e-07	-3.252e-07	-1.46834e-08	-2.8514e-10	1.32e-12	3.4024e-07	-3.2522e-07	-5.7109e-09	-8.2645e-10	-5.2e-13	3.3186e-07	-3.2524e-07	-1.4953e-10	-1.9062e-09	4e-14	3.2732e-07	-3.253e-07	4.8354e-09	-4.251e-09	-7.9e-13	3.2488e-07	-3.2548e-07
0.14	-9.12866e-08	2.078e-11	-2.25e-12	4.1644e-07	-3.2526e-07	-5.48764e-08	-9.13e-12	-1.04e-12	3.8018e-07	-3.253e-07	-3.0237e-08	-5.397e-11	1.4e-13	3.5554e-07	-3.252e-07	-1.4727e-08	-2.9731e-10	1.25e-12	3.4032e-07	-3.2524e-07	-5.6506e-09	-8.5057e-10	1e-13	3.318e-07	-3.2526e-07	-9.062e-11	-1.9539e-09	1.2e-13	3.2732e-07	-3.2532e-07	4.9289e-09	-4.363e-09	-9.7e-13	3.2492e-07	-3.2548e-07
0.135	-9.13608e-08	1.681e-11	-2.7e-13	4.1664e-07	-3.252e-07	-5.4967e-08	-7.42e-12	3.7e-13	3.8028e-07	-3.253e-07	-3.02516e-08	-6.01e-11	-2.9e-13	3.5556e-07	-3.252e-07	-1.46344e-08	-3.1224e-10	-1.72e-12	3.4024e-07	-3.253e-07	-5.6056e-09	-8.7531e-10	8.4e-13	3.318e-07	-3.2524e-07	-3.883e-11	-2.0115e-09	-2.45e-12	3.2736e-07	-3.2532e-07	5.0377e-09	-4.4785e-09	8.6e-13	3.2488e-07	-3.2548e-07
0.13	-9.14804e-08	1.253e-11	4e-13	4.1662e-07	-3.252e-07	-5.50774e-08	-7.35e-12	1.3e-13	3.8034e-07	-3.2524e-07	-3.01964e-08	-6.093e-11	1.62e-12	3.556e-07	-3.2524e-07	-1.4639e-08	-3.2673e-10	-1.1e-12	3.4036e-07	-3.2536e-07	-5.6291e-09	-8.9602e-10	-1.92e-12	3.3174e-07	-3.2526e-07	2.349e-11	-2.067e-09	3.7e-13	3.2738e-07	-3.253e-07	5.1572e-09	-4.5931e-09	-6.4e-13	3.2496e-07	-3.2548e-07
0.125	-9.14788e-08	1.374e-11	-2.6e-13	4.166e-07	-3.2518e-07	-5.51414e-08	-1.095e-11	-2.2e-13	3.8042e-07	-3.2526e-07	-3.03264e-08	-6.418e-11	0	3.5566e-07	-3.252e-07	-1.4665e-08	-3.4387e-10	-3.2e-13	3.4032e-07	-3.2532e-07	-5.5596e-09	-9.2851e-10	3.9e-13	3.3174e-07	-3.2528e-07	7.06e-11	-2.1226e-09	2.2e-13	3.2736e-07	-3.2534e-07	5.2974e-09	-4.7143e-09	-2.22e-12	3.2484e-07	-3.2542e-07
0.12	-9.16482e-08	1.198e-11	1.89e-12	4.168e-07	-3.2514e-07	-5.51246e-08	-1.339e-11	-9.8e-13	3.8052e-07	-3.253e-07	-3.03702e-08	-6.681e-11	3.6e-13	3.5564e-07	-3.2526e-07	-1.4606e-08	-3.5868e-10	3e-14	3.4026e-07	-3.2538e-07	-5.5937e-09	-9.4854e-10	1.32e-12	3.3184e-07	-3.252e-07	1.3579e-10	-2.1794e-09	-8.2e-13	3.2744e-07	-3.2528e-07	5.4008e-09	-4.841e-09	5.3e-13	3.2492e-07	-3.2546e-07
0.115	-9.1567e-08	1.335e-11	-1.9e-13	4.1672e-07	-3.2524e-07	-5.5246e-08	-1.468e-11	8.1e-13	3.805e-07	-3.2518e-07	-3.0334e-08	-7.293e-11	-9.6e-13	3.5572e-07	-3.2522e-07	-1.45822e-08	-3.77e-10	4.3e-13	3.402e-07	-3.252e-07	-5.5454e-09	-9.746e-10	-1.68e-12	3.318e-07	-3.253e-07	1.9469e-10	-2.2397e-09	2.4e-13	3.2736e-07	-3.2528e-07	5.52e-09	-4.9649e-09	5e-14	3.2486e-07	-3.2548e-07
0.11	-9.16208e-08	9.04e-12	-2.13e-12	4.1676e-07	-3.2528e-07	-5.53594e-08	-1.238e-11	1.88e-12	3.8066e-07	-3.2528e-07	-3.0318e-08	-7.906e-11	2.3e-13	3.5566e-07	-3.253e-07	-1.45638e-08	-3.8832e-10	-3.9e-13	3.4026e-07	-3.2524e-07	-5.4647e-09	-1.00175e-09	-3.1e-13	3.318e-07	-3.2534e-07	2.4916e-10	-2.3031e-09	7.6e-13	3.2746e-07	-3.2538e-07	5.647e-09	-5.0924e-09	-6.8e-13	3.2488e-07	-3.2548e-07
0.105	-9.17502e-08	8.19e-12	7.1e-13	4.1698e-07	-3.2524e-07	-5.54306e-08	-1.437e-11	2.1e-13	3.8064e-07	-3.2524e-07	-3.02768e-08	-8.276e-11	-4.5e-13	3.5558e-07	-3.2526e-07	-1.45328e-08	-4.0481e-10	8.6e-13	3.4026e-07	-3.2526e-07	-5.476e-09	-1.03113e-09	-3.4e-13	3.318e-07	-3.2528e-07	2.9114e-10	-2.3616e-09	-3.5e-13	3.274e-07	-3.2534e-07	5.7872e-09	-5.2221e-09	-4.4e-13	3.2486e-07	-3.255e-07
0.1	-9.18198e-08	3.96e-12	1.28e-12	4.1702e-07	-3.2524e-07	-5.54408e-08	-1.319e-11	-6.6e-13	3.8076e-07	-3.2536e-07	-3.0228e-08	-9.09e-11	-1.5e-13	3.5566e-07	-3.2538e-07	-1.44656e-08	-4.1941e-10	-1.47e-12	3.402e-07	-3.252e-07	-5.4412e-09	-1.05601e-09	7.5e-13	3.3184e-07	-3.2534e-07	3.5485e-10	-2.4301e-09	-2.08e-12	3.2744e-07	-3.254e-07	5.916e-09	-5.3624e-09	-9e-14	3.2486e-07	-3.2544e-07
0.095	-9.18486e-08	4.12e-12	-4.6e-13	4.1704e-07	-3.2524e-07	-5.5468e-08	-1.579e-11	-4.9e-13	3.8086e-07	-3.2532e-07	-3.02046e-08	-9.344e-11	1.13e-12	3.5566e-07	-3.2532e-07	-1.44886e-08	-4.3833e-10	-8.5e-13	3.4024e-07	-3.2526e-07	-5.3888e-09	-1.0868e-09	4.3e-13	3.3172e-07	-3.2532e-07	4.461e-10	-2.4932e-09	1.7e-13	3.2742e-07	-3.2536e-07	6.0552e-09	-5.4943e-09	6.9e-13	3.2488e-07	-3.2546e-07
0.09	-9.18548e-08	2.45e-12	2.1e-13	4.172e-07	-3.2522e-07	-5.55286e-08	-1.783e-11	0	3.8088e-07	-3.253e-07	-3.02192e-08	-9.937e-11	1.1e-13	3.5572e-07	-3.2534e-07	-1.44844e-08	-4.56e-10	-4.1e-13	3.4018e-07	-3.253e-07	-5.3697e-09	-1.1153e-09	-6.5e-13	3.3184e-07	-3.2536e-07	5.1044e-10	-2.5609e-09	-8.1e-13	3.274e-07	-3.2532e-07	6.1919e-09	-5.63e-09	-1.02e-12	3.2494e-07	-3.2548e-07
0.085	-9.19696e-08	3.64e-12	2.02e-12	4.1722e-07	-3.2524e-07	-5.5503e-08	-2.005e-11	-2.2e-13	3.8092e-07	-3.2532e-07	-3.01544e-08	-1.0301e-10	-8.8e-13	3.5556e-07	-3.2536e-07	-1.44128e-08	-4.7293e-10	2e-12	3.402e-07	-3.2524e-07	-5.3274e-09	-1.1481e-09	-1.5e-13	3.318e-07	-3.2528e-07	5.5675e-10	-2.6313e-09	-5.4e-13	3.275e-07	-3.2536e-07	6.3421e-09	-5.7782e-09	-4e-13	3.25e-07	-3.2548e-07
0.08	-9.1956e-08	2.63e-12	-6.2e-13	4.172e-07	-3.252e-07	-5.56058e-08	-2.011e-11	9.4e-13	3.8098e-07	-3.2534e-07	-3.01364e-08	-1.1353e-10	-2.7e-13	3.5556e-07	-3.2536e-07	-1.44238e-08	-4.8771e-10	5.1e-13	3.4024e-07	-3.2524e-07	-5.292e-09	-1.1802e-09	-6.4e-13	3.3178e-07	-3.2536e-07	6.1841e-10	-2.7003e-09	5e-13	3.2748e-07	-3.2532e-07	6.4902e-09	-5.9408e-09	1.37e-12	3.2492e-07	-3.2548e-07
0.075	-9.2061e-08	-1.34e-12	-2.43e-12	4.1728e-07	-3.2524e-07	-5.5674e-08	-1.861e-11	2.1e-13	3.8102e-07	-3.2542e-07	-3.01222e-08	-1.1929e-10	-3.6e-13	3.5556e-07	-3.253e-07	-1.43876e-08	-5.0509e-10	-8.2e-13	3.4018e-07	-3.252e-07	-5.3027e-09	-1.212e-09	9.5e-13	3.3186e-07	-3.2532e-07	7.1889e-10	-2.7741e-09	7.5e-13	3.2746e-07	-3.2536e-07	6.6423e-09	-6.0801e-09	-1e-14	3.2494e-07	-3.2548e-07
0.07	-9.20692e-08	-2e-12	2.11e-12	4.1728e-07	-3.2524e-07	-5.56694e-08	-2.118e-11	-7e-14	3.8098e-07	-3.2532e-07	-3.01176e-08	-1.2729e-10	7.5e-13	3.5564e-07	-3.2532e-07	-1.43722e-08	-5.2221e-10	-7.2e-13	3.4014e-07	-3.252e-07	-5.2726e-09	-1.2459e-09	-1.99e-12	3.3184e-07	-3.2528e-07	7.8839e-10	-2.8448e-09	2.6e-13	3.2736e-07	-3.2534e-07	6.7918e-09	-6.2354e-09	-1.85e-12	3.2494e-07	-3.255e-07
0.065	-9.21318e-08	-4.95e-12	9.1e-13	4.1734e-07	-3.252e-07	-5.56544e-08	-2.207e-11	-1.63e-12	3.8096e-07	-3.2532e-07	-3.01e-08	-1.3278e-10	-8e-13	3.5544e-07	-3.2524e-07	-1.43566e-08	-5.3996e-10	-4.4e-13	3.4018e-07	-3.2518e-07	-5.2124e-09	-1.2833e-09	2.3e-13	3.3174e-07	-3.253e-07	8.6367e-10	-2.9235e-09	-8e-13	3.2736e-07	-3.2532e-07	6.9547e-09	-6.3929e-09	2.8e-13	3.2498e-07	-3.2554e-07
0.06	-9.22422e-08	-3.31e-12	-2e-13	4.1758e-07	-3.2524e-07	-5.56472e-08	-2.608e-11	4.3e-13	3.809e-07	-3.2532e-07	-3.007e-08	-1.4003e-10	1.9e-13	3.555e-07	-3.253e-07	-1.43278e-08	-5.6027e-10	-6.5e-13	3.4014e-07	-3.2526e-07	-5.1932e-09	-1.3169e-09	9.6e-13	3.3174e-07	-3.2524e-07	9.4536e-10	-3.0005e-09	-1.5e-13	3.2742e-07	-3.2536e-07	7.1193e-09	-6.5583e-09	4e-14	3.2498e-07	-3.2554e-07
0.055	-9.23616e-08	-5.24e-12	4.7e-13	4.177e-07	-3.2526e-07	-5.56574e-08	-2.625e-11	-4.2e-13	3.8102e-07	-3.253e-07	-2.9923e-08	-1.4863e-10	-4.6e-13	3.5532e-07	-3.252e-07	-1.42748e-08	-5.7651e-10	0	3.4024e-07	-3.253e-07	-5.1208e-09	-1.3549e-09	-2.57e-12	3.3178e-07	-3.253e-07	1.02044e-09	-3.0791e-09	-7.8e-13	3.274e-07	-3.2534e-07	7.2704e-09	-6.7248e-09	-2.2e-13	3.249e-07	-3.2548e-07
0.05	-9.24536e-08	-3.58e-12	-8.6e-13	4.177e-07	-3.252e-07	-5.56258e-08	-3.063e-11	1.7e-13	3.8112e-07	-3.2524e-07	-2.98618e-08	-1.5553e-10	-3.1e-13	3.553e-07	-3.2518e-07	-1.42922e-08	-5.9603e-10	-1.2e-13	3.4012e-07	-3.2532e-07	-5.0974e-09	-1.3937e-09	-3.8e-13	3.318e-07	-3.253e-07	1.10666e-09	-3.1595e-09	-1.09e-12	3.2744e-07	-3.2538e-07	7.4457e-09	-6.8976e-09	6.1e-13	3.25e-07	-3.255e-07
0.045	-9.24424e-08	-6.42e-12	-2.22e-12	4.1764e-07	-3.2522e-07	-5.57684e-08	-2.907e-11	1.41e-12	3.8098e-07	-3.2534e-07	-2.98954e-08	-1.6797e-10	-8.3e-13	3.5526e-07	-3.252e-07	-1.42844e-08	-6.1143e-10	7e-13	3.4026e-07	-3.2534e-07	-5.0425e-09	-1.4317e-09	7.8e-13	3.3176e-07	-3.2536e-07	1.1884e-09	-3.2429e-09	-2e-13	3.2742e-07	-3.254e-07	7.6088e-09	-7.0622e-09	-2.8e-13	3.2486e-07	-3.2542e-07
0.04	-9.25382e-08	-8.07e-12	6.2e-13	4.1782e-07	-3.2526e-07	-5.57336e-08	-3.151e-11	1.06e-12	3.8112e-07	-3.2526e-07	-2.98048e-08	-1.769e-10	-2e-13	3.5526e-07	-3.252e-07	-1.42426e-08	-6.3226e-10	-6.4e-13	3.4012e-07	-3.2524e-07	-4.9928e-09	-1.4742e-09	-1.29e-12	3.3178e-07	-3.2526e-07	1.2746e-09	-3.3365e-09	-6.1e-13	3.2736e-07	-3.2532e-07	7.7766e-09	-7.2446e-09	4e-13	3.2488e-07	-3.2538e-07
0.035	-9.26606e-08	-1.146e-11	9.9e-13	4.1796e-07	-3.2524e-07	-5.57186e-08	-3.169e-11	-8.6e-13	3.8106e-07	-3.253e-07	-2.98336e-08	-1.8802e-10	1.17e-12	3.5524e-07	-3.252e-07	-1.42424e-08	-6.5273e-10	-1.23e-12	3.401e-07	-3.2528e-07	-4.9729e-09	-1.518e-09	-1.1e-13	3.3184e-07	-3.2538e-07	1.3686e-09	-3.4208e-09	5.9e-13	3.2732e-07	-3.2526e-07	7.9686e-09	-7.417e-09	-1.35e-12	3.2486e-07	-3.2544e-07
0.03	-9.27166e-08	-9.92e-12	-9.7e-13	4.1796e-07	-3.253e-07	-5.569e-08	-3.673e-11	-7.4e-13	3.8108e-07	-3.2532e-07	-2.97732e-08	-1.9416e-10	3.7e-13	3.5514e-07	-3.2524e-07	-1.41956e-08	-6.7475e-10	-5e-14	3.4014e-07	-3.252e-07	-4.9102e-09	-1.5606e-09	-2.3e-13	3.318e-07	-3.2536e-07	1.4523e-09	-3.5139e-09	-3.2e-13	3.274e-07	-3.2532e-07	8.1444e-09	-7.5962e-09	-9.2e-13	3.2492e-07	-3.2548e-07
0.025	-9.2753e-08	-9.58e-12	2.06e-12	4.1814e-07	-3.2528e-07	-5.56718e-08	-3.933e-11	2.7e-13	3.8098e-07	-3.2526e-07	-2.97918e-08	-2.0731e-10	-1.08e-12	3.5524e-07	-3.2522e-07	-1.41548e-08	-6.9331e-10	-7.6e-13	3.4018e-07	-3.253e-07	-4.8748e-09	-1.6039e-09	-5e-13	3.3184e-07	-3.2538e-07	1.5464e-09	-3.6039e-09	-2.03e-12	3.274e-07	-3.254e-07	8.3286e-09	-7.7932e-09	3.9e-13	3.2486e-07	-3.2542e-07
0.02	-9.28708e-08	-1.121e-11	5.9e-13	4.1822e-07	-3.2524e-07	-5.56526e-08	-4.225e-11	-3.6e-13	3.8102e-07	-3.2526e-07	-2.97874e-08	-2.1787e-10	-1.08e-12	3.5524e-07	-3.2522e-07	-1.4112e-08	-7.148e-10	2.14e-12	3.401e-07	-3.2526e-07	-4.8177e-09	-1.6452e-09	1.5e-12	3.318e-07	-3.2534e-07	1.6545e-09	-3.7101e-09	-7e-13	3.2742e-07	-3.2532e-07	8.5143e-09	-7.9707e-09	-1.24e-12	3.2492e-07	-3.2552e-07
0.015	-9.3057e-08	-1.163e-11	-2.82e-12	4.1828e-07	-3.2524e-07	-5.5596e-08	-4.421e-11	8e-13	3.8092e-07	-3.253e-07	-2.97026e-08	-2.334e-10	1.09e-12	3.5522e-07	-3.2526e-07	-1.41366e-08	-7.3314e-10	2.6e-13	3.4006e-07	-3.2524e-07	-4.77e-09	-1.6951e-09	-7.9e-13	3.3186e-07	-3.2536e-07	1.7518e-09	-3.8019e-09	-2.1e-13	3.2736e-07	-3.2536e-07	8.707e-09	-8.1651e-09	-2.12e-12	3.2488e-07	-3.2544e-07
0.01	-9.30502e-08	-1.564e-11	8.4e-13	4.1832e-07	-3.2518e-07	-5.5595e-08	-4.547e-11	4.5e-13	3.8086e-07	-3.2516e-07	-2.9699e-08	-2.4472e-10	1.04e-12	3.5512e-07	-3.2522e-07	-1.40942e-08	-7.5497e-10	-1.03e-12	3.4006e-07	-3.2518e-07	-4.7269e-09	-1.7414e-09	8.9e-13	3.3182e-07	-3.2532e-07	1.8475e-09	-3.9027e-09	-1.19e-12	3.2742e-07	-3.2532e-07	8.9039e-09	-8.3602e-09	2.7e-13	3.2488e-07	-3.2542e-07
0.005	-9.30734e-08	-1.554e-11	1.82e-12	4.1842e-07	-3.2526e-07	-5.55294e-08	-4.939e-11	-5.1e-13	3.8078e-07	-3.2518e-07	-2.9599e-08	-2.5819e-10	4.3e-13	3.5514e-07	-3.2522e-07	-1.40386e-08	-7.7824e-10	-1.94e-12	3.4014e-07	-3.2522e-07	-4.7162e-09	-1.7883e-09	1.59e-12	3.3192e-07	-3.2534e-07	1.951e-09	-4.0093e-09	-5.2e-13	3.2732e-07	-3.2532e-07	9.0822e-09	-8.549e-09	-3.1e-13	3.2488e-07	-3.2544e-07
0	-9.32474e-08	-1.808e-11	-6.4e-13	4.1848e-07	-3.2518e-07	-5.56014e-08	-4.997e-11	-1.32e-12	3.8088e-07	-3.253e-07	-2.9595e-08	-2.6951e-10	1.07e-12	3.551e-07	-3.2522e-07	-1.39948e-08	-8.0307e-10	-1.25e-12	3.4012e-07	-3.253e-07	-4.6593e-09	-1.8377e-09	-2.11e-12	3.3186e-07	-3.2538e-07	2.0571e-09	-4.1104e-09	2e-13	3.2742e-07	-3.2536e-07	9.3187e-09	-8.7705e-09	-1.57e-12	3.2492e-07	-3.255e-07
