vd	id_vg = 0V	ig_vg = 0V	is_vg = 0V	iavdd_vg = 0V	ignd_vg = 0V	id_vg = 0.15V	ig_vg = 0.15V	is_vg = 0.15V	iavdd_vg = 0.15V	ignd_vg = 0.15V	id_vg = 0.3V	ig_vg = 0.3V	is_vg = 0.3V	iavdd_vg = 0.3V	ignd_vg = 0.3V	id_vg = 0.45V	ig_vg = 0.45V	is_vg = 0.45V	iavdd_vg = 0.45V	ignd_vg = 0.45V	id_vg = 0.6V	ig_vg = 0.6V	is_vg = 0.6V	iavdd_vg = 0.6V	ignd_vg = 0.6V	id_vg = 0.75V	ig_vg = 0.75V	is_vg = 0.75V	iavdd_vg = 0.75V	ignd_vg = 0.75V	id_vg = 0.9V	ig_vg = 0.9V	is_vg = 0.9V	iavdd_vg = 0.9V	ignd_vg = 0.9V
0	-9.30924e-08	-1.565e-11	2.86e-12	4.201e-07	-3.2554e-07	-9.12226e-08	2.434e-11	-1.01e-12	4.1638e-07	-3.2524e-07	-9.05854e-08	1.0949e-10	-1.63e-12	4.1578e-07	-3.2514e-07	-9.09592e-08	2.5611e-10	-2e-13	4.1604e-07	-3.2506e-07	-9.20714e-08	5.1044e-10	-2.7e-13	4.1676e-07	-3.2508e-07	-9.3953e-08	8.9441e-10	1.5e-13	4.182e-07	-3.2508e-07	-9.70802e-08	1.4425e-09	-5.6e-13	4.2062e-07	-3.25e-07
0.005	-9.32578e-08	-1.831e-11	3.72e-12	4.1882e-07	-3.255e-07	-8.98866e-08	2.176e-11	8e-14	4.1508e-07	-3.2524e-07	-8.92212e-08	1.0435e-10	3e-14	4.1414e-07	-3.2512e-07	-8.96252e-08	2.4903e-10	-3e-13	4.1444e-07	-3.2506e-07	-9.0563e-08	4.9938e-10	3e-13	4.1516e-07	-3.2508e-07	-9.2444e-08	8.7968e-10	-6.2e-13	4.167e-07	-3.2514e-07	-9.52818e-08	1.422e-09	-6.1e-13	4.189e-07	-3.2502e-07
0.01	-9.17704e-08	-1.537e-11	-8.9e-13	4.1734e-07	-3.2556e-07	-8.84444e-08	1.758e-11	1.45e-12	4.1348e-07	-3.2526e-07	-8.77764e-08	9.899e-11	-2.4e-13	4.1284e-07	-3.2512e-07	-8.79696e-08	2.4264e-10	4.3e-13	4.1288e-07	-3.2508e-07	-8.89918e-08	4.8784e-10	4.7e-13	4.1358e-07	-3.2508e-07	-9.08038e-08	8.6296e-10	4.7e-13	4.1504e-07	-3.2508e-07	-9.35388e-08	1.4008e-09	-1.03e-12	4.1718e-07	-3.2508e-07
0.015	-9.03662e-08	-1.509e-11	-2e-13	4.1582e-07	-3.2552e-07	-8.6976e-08	1.912e-11	2.6e-13	4.1216e-07	-3.2522e-07	-8.62666e-08	9.579e-11	-1.93e-12	4.1134e-07	-3.2522e-07	-8.64688e-08	2.3877e-10	1.68e-12	4.1124e-07	-3.2506e-07	-8.74882e-08	4.7882e-10	4.2e-13	4.1192e-07	-3.2506e-07	-8.9205e-08	8.518e-10	1.35e-12	4.1352e-07	-3.2516e-07	-9.18786e-08	1.3824e-09	-1.71e-12	4.156e-07	-3.2502e-07
0.02	-8.897e-08	-1.697e-11	4.4e-13	4.1442e-07	-3.2556e-07	-8.55082e-08	1.939e-11	6e-13	4.1072e-07	-3.2522e-07	-8.48042e-08	9.285e-11	-1.06e-12	4.099e-07	-3.252e-07	-8.50302e-08	2.3141e-10	1.28e-12	4.0986e-07	-3.2508e-07	-8.5975e-08	4.7244e-10	8.9e-13	4.1056e-07	-3.2506e-07	-8.76184e-08	8.3751e-10	8.7e-13	4.1192e-07	-3.2514e-07	-9.02834e-08	1.3632e-09	3e-13	4.139e-07	-3.25e-07
0.025	-8.74848e-08	-2e-11	2e-14	4.1154e-07	-3.2542e-07	-8.4139e-08	1.719e-11	-5.4e-13	4.0924e-07	-3.2522e-07	-8.34186e-08	8.917e-11	9.3e-13	4.0844e-07	-3.2516e-07	-8.35692e-08	2.2637e-10	-3.8e-13	4.0854e-07	-3.2512e-07	-8.44482e-08	4.6457e-10	-4.9e-13	4.0908e-07	-3.2506e-07	-8.6059e-08	8.2648e-10	5.7e-13	4.1038e-07	-3.2508e-07	-8.8697e-08	1.3418e-09	-9e-14	4.1232e-07	-3.2506e-07
0.03	-8.46304e-08	-1.973e-11	-7.6e-13	4.102e-07	-3.2554e-07	-8.27592e-08	1.45e-11	-4.1e-13	4.0816e-07	-3.2526e-07	-8.20418e-08	8.381e-11	-1e-13	4.07e-07	-3.2514e-07	-8.21004e-08	2.2287e-10	2.01e-12	4.0692e-07	-3.2508e-07	-8.2984e-08	4.5336e-10	3.8e-13	4.0748e-07	-3.2508e-07	-8.4525e-08	8.0965e-10	2e-13	4.0888e-07	-3.2508e-07	-8.70608e-08	1.3226e-09	-1.16e-12	4.1086e-07	-3.2502e-07
0.035	-8.33282e-08	-2.027e-11	2.4e-13	4.0888e-07	-3.255e-07	-8.1569e-08	1.304e-11	-8.5e-13	4.0674e-07	-3.2518e-07	-8.05002e-08	8.13e-11	7.2e-13	4.055e-07	-3.2518e-07	-8.0686e-08	2.171e-10	-4e-14	4.0566e-07	-3.2514e-07	-8.14148e-08	4.4437e-10	-1.45e-12	4.0604e-07	-3.2502e-07	-8.30556e-08	7.9833e-10	-7.2e-13	4.072e-07	-3.2508e-07	-8.5403e-08	1.305e-09	7e-13	4.0908e-07	-3.2506e-07
0.04	-8.20026e-08	-2.403e-11	6.1e-13	4.0752e-07	-3.2552e-07	-8.01686e-08	1.334e-11	2.9e-13	4.0524e-07	-3.252e-07	-7.91826e-08	8.026e-11	1.29e-12	4.0426e-07	-3.2514e-07	-7.92954e-08	2.1052e-10	-5e-14	4.0412e-07	-3.251e-07	-7.99266e-08	4.3569e-10	-1.55e-12	4.0456e-07	-3.2506e-07	-8.14756e-08	7.8549e-10	-8.8e-13	4.0572e-07	-3.2502e-07	-8.37978e-08	1.2877e-09	1.08e-12	4.0754e-07	-3.2498e-07
0.045	-8.069e-08	-2.241e-11	-4.3e-13	4.0626e-07	-3.256e-07	-7.87738e-08	1.022e-11	-1.04e-12	4.0402e-07	-3.2518e-07	-7.77954e-08	7.775e-11	-5e-14	4.0292e-07	-3.2514e-07	-7.78682e-08	2.0285e-10	-1.42e-12	4.028e-07	-3.2512e-07	-7.85622e-08	4.2663e-10	-4.3e-13	4.0324e-07	-3.2502e-07	-8.00792e-08	7.6964e-10	-1.25e-12	4.0436e-07	-3.2502e-07	-8.23324e-08	1.2706e-09	8.9e-13	4.061e-07	-3.2506e-07
0.05	-7.9395e-08	-2.126e-11	1.85e-12	4.0496e-07	-3.255e-07	-7.7448e-08	7.24e-12	-3e-14	4.0278e-07	-3.2526e-07	-7.65494e-08	7.5e-11	6.5e-13	4.0156e-07	-3.2516e-07	-7.6552e-08	1.9797e-10	-1.3e-13	4.0146e-07	-3.2512e-07	-7.73398e-08	4.1629e-10	3.3e-13	4.0192e-07	-3.2502e-07	-7.85876e-08	7.5492e-10	-1.06e-12	4.0298e-07	-3.2502e-07	-8.08336e-08	1.2503e-09	-5.5e-13	4.0448e-07	-3.25e-07
0.055	-7.81356e-08	-2.267e-11	2.15e-12	4.0364e-07	-3.255e-07	-7.61732e-08	6.46e-12	1.1e-13	4.0144e-07	-3.2524e-07	-7.51838e-08	7.151e-11	-6.7e-13	4.0026e-07	-3.2516e-07	-7.52624e-08	1.9256e-10	1.8e-13	3.9996e-07	-3.25e-07	-7.5924e-08	4.0533e-10	-2.6e-13	4.0062e-07	-3.2514e-07	-7.7254e-08	7.4053e-10	-6.9e-13	4.0142e-07	-3.25e-07	-7.9332e-08	1.2356e-09	-1e-13	4.0306e-07	-3.2498e-07
0.06	-7.68448e-08	-2.373e-11	8.5e-13	4.0228e-07	-3.2556e-07	-7.50124e-08	7.19e-12	0	4.002e-07	-3.2526e-07	-7.39434e-08	7.249e-11	-1.02e-12	3.9886e-07	-3.2506e-07	-7.38096e-08	1.8647e-10	1.65e-12	3.9886e-07	-3.2508e-07	-7.4541e-08	4.0059e-10	1.08e-12	3.9916e-07	-3.2514e-07	-7.58546e-08	7.313e-10	1.59e-12	4.0008e-07	-3.2506e-07	-7.78264e-08	1.2168e-09	1.8e-13	4.0158e-07	-3.2504e-07
0.065	-7.55388e-08	-2.331e-11	1.71e-12	4.0124e-07	-3.255e-07	-7.37618e-08	6.39e-12	1.09e-12	3.9898e-07	-3.2528e-07	-7.26458e-08	6.752e-11	-1.8e-13	3.9762e-07	-3.2512e-07	-7.25944e-08	1.8338e-10	-1.4e-13	3.9754e-07	-3.2512e-07	-7.32122e-08	3.9105e-10	1.9e-13	3.9786e-07	-3.251e-07	-7.44028e-08	7.1763e-10	5.6e-13	3.988e-07	-3.2502e-07	-7.64452e-08	1.1982e-09	-1.27e-12	4.0036e-07	-3.2506e-07
0.07	-7.42576e-08	-2.308e-11	5.8e-13	4e-07	-3.255e-07	-7.25226e-08	3.58e-12	1.9e-13	3.9774e-07	-3.2524e-07	-7.13868e-08	6.254e-11	-1.33e-12	3.9648e-07	-3.2518e-07	-7.12818e-08	1.7927e-10	-2.6e-13	3.962e-07	-3.2514e-07	-7.19654e-08	3.8375e-10	7e-14	3.9666e-07	-3.251e-07	-7.29914e-08	7.0444e-10	9e-14	3.9736e-07	-3.251e-07	-7.49802e-08	1.1797e-09	-7.3e-13	3.9882e-07	-3.2508e-07
0.075	-7.31818e-08	-2.503e-11	-1.48e-12	3.987e-07	-3.255e-07	-7.13346e-08	5.88e-12	-4e-13	3.9658e-07	-3.252e-07	-7.00962e-08	6.017e-11	-1.32e-12	3.9512e-07	-3.2514e-07	-6.99962e-08	1.7575e-10	1.04e-12	3.9496e-07	-3.2516e-07	-7.06724e-08	3.7578e-10	2.1e-13	3.9534e-07	-3.2508e-07	-7.17412e-08	6.9442e-10	-3.4e-13	3.9614e-07	-3.2512e-07	-7.35894e-08	1.1613e-09	-8e-13	3.9736e-07	-3.2506e-07
0.08	-7.18868e-08	-2.666e-11	5e-13	3.9748e-07	-3.2556e-07	-7.006e-08	6.14e-12	-7.3e-13	3.9524e-07	-3.252e-07	-6.88812e-08	5.745e-11	-4e-13	3.94e-07	-3.2518e-07	-6.86648e-08	1.7015e-10	-1.42e-12	3.9368e-07	-3.2512e-07	-6.93158e-08	3.6863e-10	5e-13	3.9398e-07	-3.2504e-07	-7.04038e-08	6.8212e-10	-3.6e-13	3.9484e-07	-3.2514e-07	-7.22296e-08	1.1448e-09	-8.1e-13	3.9618e-07	-3.2512e-07
0.085	-7.05672e-08	-2.908e-11	-5.7e-13	3.9612e-07	-3.255e-07	-6.89002e-08	3.21e-12	-3.5e-13	3.9422e-07	-3.2518e-07	-6.77302e-08	5.618e-11	3.6e-13	3.928e-07	-3.2518e-07	-6.7493e-08	1.6433e-10	-3.6e-13	3.924e-07	-3.2514e-07	-6.80318e-08	3.6184e-10	3.3e-13	3.9274e-07	-3.2508e-07	-6.91324e-08	6.7087e-10	-3.5e-13	3.9356e-07	-3.2508e-07	-7.08958e-08	1.1275e-09	1.24e-12	3.9496e-07	-3.2512e-07
0.09	-6.93788e-08	-2.877e-11	-7.8e-13	3.9494e-07	-3.2548e-07	-6.77462e-08	3.5e-13	-9.4e-13	3.9302e-07	-3.2526e-07	-6.65086e-08	5.264e-11	-2.9e-13	3.9154e-07	-3.2516e-07	-6.62308e-08	1.6083e-10	-9.3e-13	3.913e-07	-3.2514e-07	-6.6864e-08	3.5108e-10	-9.6e-13	3.9152e-07	-3.2512e-07	-6.77906e-08	6.546e-10	-6.4e-13	3.922e-07	-3.2514e-07	-6.95814e-08	1.1111e-09	-4.6e-13	3.9352e-07	-3.25e-07
0.095	-6.81834e-08	-3.166e-11	6.4e-13	3.936e-07	-3.2548e-07	-6.65744e-08	-6.8e-13	-4.5e-13	3.9186e-07	-3.2526e-07	-6.53412e-08	5.118e-11	-8e-14	3.9048e-07	-3.2514e-07	-6.5118e-08	1.5498e-10	-1.25e-12	3.9006e-07	-3.2514e-07	-6.5566e-08	3.4345e-10	-1.6e-13	3.903e-07	-3.252e-07	-6.65678e-08	6.44e-10	-9.9e-13	3.9102e-07	-3.2518e-07	-6.82712e-08	1.0953e-09	3.3e-13	3.9222e-07	-3.251e-07
0.1	-6.69718e-08	-3.563e-11	5.8e-13	3.9252e-07	-3.2548e-07	-6.54024e-08	5.9e-13	6e-14	3.9066e-07	-3.253e-07	-6.42286e-08	5.148e-11	6.4e-13	3.8924e-07	-3.2514e-07	-6.3959e-08	1.497e-10	1.2e-13	3.8902e-07	-3.2512e-07	-6.44192e-08	3.3429e-10	-8.4e-13	3.8902e-07	-3.2514e-07	-6.52874e-08	6.3457e-10	-6.3e-13	3.8974e-07	-3.2508e-07	-6.703e-08	1.0803e-09	-6e-14	3.9092e-07	-3.2506e-07
0.105	-6.58084e-08	-3.235e-11	1.9e-13	3.9136e-07	-3.2556e-07	-6.43626e-08	-1.84e-12	-2e-14	3.8956e-07	-3.2528e-07	-6.3092e-08	4.891e-11	-9.6e-13	3.8828e-07	-3.2512e-07	-6.28228e-08	1.4494e-10	1.9e-13	3.8786e-07	-3.2512e-07	-6.32086e-08	3.2867e-10	2.2e-13	3.8792e-07	-3.2508e-07	-6.40858e-08	6.1964e-10	4.2e-13	3.8866e-07	-3.2518e-07	-6.57166e-08	1.0643e-09	7.3e-13	3.8976e-07	-3.2504e-07
0.11	-6.46908e-08	-3.36e-11	8.7e-13	3.9018e-07	-3.255e-07	-6.3152e-08	-4.16e-12	4.8e-13	3.8846e-07	-3.2522e-07	-6.19648e-08	4.601e-11	9.6e-13	3.8712e-07	-3.252e-07	-6.16634e-08	1.4312e-10	8.5e-13	3.8666e-07	-3.2514e-07	-6.20296e-08	3.1907e-10	4.9e-13	3.8688e-07	-3.2514e-07	-6.28996e-08	6.0857e-10	5.9e-13	3.8724e-07	-3.2514e-07	-6.44768e-08	1.049e-09	-7.4e-13	3.8836e-07	-3.251e-07
0.115	-6.34432e-08	-3.592e-11	4e-13	3.89e-07	-3.2556e-07	-6.21262e-08	-1.27e-12	4.4e-13	3.8732e-07	-3.2524e-07	-6.09148e-08	4.291e-11	-1.42e-12	3.8584e-07	-3.2512e-07	-6.04698e-08	1.3921e-10	-4.2e-13	3.8558e-07	-3.2522e-07	-6.0814e-08	3.1301e-10	-8.7e-13	3.857e-07	-3.2512e-07	-6.16558e-08	5.9942e-10	8e-14	3.8614e-07	-3.2518e-07	-6.31904e-08	1.0319e-09	-1.17e-12	3.8722e-07	-3.2514e-07
0.12	-6.22476e-08	-3.832e-11	-5.2e-13	3.8784e-07	-3.2548e-07	-6.10392e-08	-6.7e-13	-6.9e-13	3.8624e-07	-3.2524e-07	-5.9744e-08	4.209e-11	-7.8e-13	3.8478e-07	-3.252e-07	-5.94608e-08	1.3478e-10	2.7e-13	3.8446e-07	-3.2516e-07	-5.97166e-08	3.089e-10	8.6e-13	3.8438e-07	-3.2508e-07	-6.0488e-08	5.9126e-10	-2.7e-13	3.851e-07	-3.252e-07	-6.19738e-08	1.0158e-09	-1.9e-13	3.86e-07	-3.2508e-07
0.125	-6.10994e-08	-3.921e-11	-9e-14	3.8674e-07	-3.255e-07	-6.00426e-08	-1.88e-12	-1.8e-13	3.8534e-07	-3.2524e-07	-5.87214e-08	3.887e-11	2.7e-13	3.8376e-07	-3.2524e-07	-5.8325e-08	1.3317e-10	-1.25e-12	3.8338e-07	-3.2518e-07	-5.86212e-08	3.0151e-10	-5.5e-13	3.8336e-07	-3.2502e-07	-5.9359e-08	5.7903e-10	-1e-13	3.8406e-07	-3.2512e-07	-6.08496e-08	1.0003e-09	-9.5e-13	3.8486e-07	-3.2512e-07
0.13	-6.0048e-08	-4.101e-11	-9.7e-13	3.8542e-07	-3.2546e-07	-5.90518e-08	-4.3e-12	3.8e-13	3.8424e-07	-3.2532e-07	-5.75698e-08	3.482e-11	1.97e-12	3.828e-07	-3.252e-07	-5.7256e-08	1.2767e-10	-3e-13	3.8226e-07	-3.2518e-07	-5.7555e-08	2.9389e-10	3.7e-13	3.8226e-07	-3.2512e-07	-5.82546e-08	5.6716e-10	3.7e-13	3.8282e-07	-3.251e-07	-5.96512e-08	9.8314e-10	-1.5e-13	3.8372e-07	-3.2508e-07
0.135	-5.88784e-08	-4.637e-11	-9.7e-13	3.8434e-07	-3.2546e-07	-5.80124e-08	-4.38e-12	-2.77e-12	3.8328e-07	-3.252e-07	-5.6569e-08	3.452e-11	-5.2e-13	3.8178e-07	-3.252e-07	-5.61854e-08	1.2473e-10	-3e-13	3.8114e-07	-3.2514e-07	-5.63976e-08	2.8711e-10	-1.44e-12	3.8122e-07	-3.2518e-07	-5.7172e-08	5.5645e-10	-1.41e-12	3.8164e-07	-3.2518e-07	-5.8543e-08	9.6707e-10	-9e-14	3.8268e-07	-3.2504e-07
0.14	-5.77796e-08	-4.882e-11	9.7e-13	3.8328e-07	-3.2548e-07	-5.70436e-08	-2.35e-12	-6e-13	3.8234e-07	-3.253e-07	-5.55936e-08	3.255e-11	2.52e-12	3.8076e-07	-3.2522e-07	-5.508e-08	1.2034e-10	-4.9e-13	3.801e-07	-3.2512e-07	-5.53398e-08	2.8042e-10	-9.6e-13	3.8024e-07	-3.2514e-07	-5.60002e-08	5.4627e-10	1.2e-13	3.8064e-07	-3.2514e-07	-5.73134e-08	9.5439e-10	1.78e-12	3.816e-07	-3.2508e-07
0.145	-5.667e-08	-5.218e-11	-2.9e-13	3.8232e-07	-3.2554e-07	-5.60232e-08	-7.43e-12	-3.4e-13	3.8134e-07	-3.253e-07	-5.45276e-08	3.273e-11	5e-14	3.7982e-07	-3.252e-07	-5.4186e-08	1.1415e-10	-6e-13	3.7922e-07	-3.2512e-07	-5.43618e-08	2.734e-10	1.4e-13	3.7922e-07	-3.2508e-07	-5.49438e-08	5.3537e-10	-1.7e-13	3.7954e-07	-3.252e-07	-5.62906e-08	9.3964e-10	5.2e-13	3.8046e-07	-3.2512e-07
0.15	-5.5565e-08	-5.138e-11	-4.8e-13	3.812e-07	-3.255e-07	-5.50646e-08	-8.28e-12	-4.8e-13	3.8034e-07	-3.253e-07	-5.36196e-08	2.997e-11	3e-13	3.788e-07	-3.2522e-07	-5.3061e-08	1.1139e-10	1.4e-12	3.7808e-07	-3.2512e-07	-5.333e-08	2.6336e-10	3.3e-13	3.7818e-07	-3.2506e-07	-5.38902e-08	5.2305e-10	1.35e-12	3.7856e-07	-3.2526e-07	-5.51404e-08	9.2492e-10	-7.3e-13	3.7934e-07	-3.2506e-07
0.155	-5.45338e-08	-5.601e-11	2.19e-12	3.8008e-07	-3.2552e-07	-5.409e-08	-8.26e-12	-3.6e-13	3.7934e-07	-3.2528e-07	-5.25508e-08	2.854e-11	1.4e-13	3.7776e-07	-3.252e-07	-5.21104e-08	1.0729e-10	7e-14	3.7712e-07	-3.2514e-07	-5.23114e-08	2.5864e-10	-3.6e-13	3.7706e-07	-3.2512e-07	-5.2855e-08	5.1361e-10	-1.18e-12	3.7742e-07	-3.251e-07	-5.40912e-08	9.1155e-10	-2.5e-13	3.7826e-07	-3.2502e-07
0.16	-5.3456e-08	-5.999e-11	-5.3e-13	3.7898e-07	-3.2552e-07	-5.31276e-08	-6.35e-12	1.16e-12	3.7834e-07	-3.2524e-07	-5.16426e-08	2.792e-11	-7.6e-13	3.7682e-07	-3.2524e-07	-5.12388e-08	1.0665e-10	9.2e-13	3.7636e-07	-3.2516e-07	-5.1353e-08	2.5454e-10	6e-13	3.7618e-07	-3.2512e-07	-5.1861e-08	5.0677e-10	1.64e-12	3.7648e-07	-3.2516e-07	-5.30748e-08	8.9589e-10	-1.9e-13	3.7722e-07	-3.2508e-07
0.165	-5.23638e-08	-5.884e-11	7e-13	3.7794e-07	-3.2552e-07	-5.21164e-08	-8.36e-12	8.4e-13	3.774e-07	-3.2528e-07	-5.07342e-08	2.506e-11	-2.26e-12	3.7586e-07	-3.2524e-07	-5.02472e-08	1.0105e-10	1.08e-12	3.7526e-07	-3.2518e-07	-5.03828e-08	2.4919e-10	8.6e-13	3.7514e-07	-3.251e-07	-5.08788e-08	4.9467e-10	6.9e-13	3.7558e-07	-3.2524e-07	-5.20112e-08	8.8106e-10	-1.57e-12	3.7624e-07	-3.2508e-07
0.17	-5.13516e-08	-6.391e-11	-1.5e-13	3.77e-07	-3.2562e-07	-5.12178e-08	-8.65e-12	-6.8e-13	3.7654e-07	-3.253e-07	-4.9788e-08	2.28e-11	4.7e-13	3.7496e-07	-3.2516e-07	-4.92702e-08	1.008e-10	-1.06e-12	3.7428e-07	-3.2512e-07	-4.9367e-08	2.4259e-10	-5.6e-13	3.7422e-07	-3.2512e-07	-4.99428e-08	4.8695e-10	-7.8e-13	3.7456e-07	-3.2516e-07	-5.10108e-08	8.648e-10	4e-14	3.7516e-07	-3.2508e-07
0.175	-5.03384e-08	-7.01e-11	-6.6e-13	3.7598e-07	-3.255e-07	-5.0343e-08	-6.23e-12	2.6e-13	3.7552e-07	-3.2532e-07	-4.88836e-08	1.909e-11	6e-14	3.7406e-07	-3.2518e-07	-4.83008e-08	9.833e-11	4.8e-13	3.7334e-07	-3.2512e-07	-4.84594e-08	2.3645e-10	-8e-13	3.7336e-07	-3.2512e-07	-4.89474e-08	4.7785e-10	1.27e-12	3.7352e-07	-3.2514e-07	-5.00416e-08	8.511e-10	2.2e-13	3.7426e-07	-3.2508e-07
0.18	-4.93736e-08	-7.501e-11	-8.2e-13	3.7498e-07	-3.255e-07	-4.94052e-08	-7.4e-12	-1.18e-12	3.7474e-07	-3.253e-07	-4.79532e-08	1.97e-11	-1.12e-12	3.7306e-07	-3.2518e-07	-4.7468e-08	9.353e-11	-1.27e-12	3.7242e-07	-3.2514e-07	-4.74584e-08	2.3281e-10	-7.2e-13	3.723e-07	-3.2506e-07	-4.79406e-08	4.7019e-10	-1.33e-12	3.727e-07	-3.2518e-07	-4.8988e-08	8.3789e-10	-9e-14	3.733e-07	-3.2514e-07
0.185	-4.83848e-08	-7.834e-11	-2.2e-13	3.7394e-07	-3.255e-07	-4.85274e-08	-8.99e-12	-8e-13	3.7384e-07	-3.253e-07	-4.7097e-08	1.897e-11	2.02e-12	3.723e-07	-3.2514e-07	-4.6504e-08	8.973e-11	-1.01e-12	3.716e-07	-3.2514e-07	-4.65294e-08	2.2242e-10	-9.6e-13	3.7142e-07	-3.2516e-07	-4.69526e-08	4.5937e-10	4e-14	3.717e-07	-3.2518e-07	-4.79898e-08	8.2178e-10	5.6e-13	3.7234e-07	-3.2516e-07
0.19	-4.7407e-08	-8.226e-11	5.6e-13	3.73e-07	-3.2552e-07	-4.76594e-08	-1.214e-11	-1.01e-12	3.729e-07	-3.2528e-07	-4.63002e-08	1.723e-11	5.1e-13	3.7148e-07	-3.2524e-07	-4.56396e-08	8.519e-11	-3.4e-13	3.7072e-07	-3.2512e-07	-4.55736e-08	2.1633e-10	-1.6e-13	3.7052e-07	-3.251e-07	-4.60002e-08	4.4819e-10	-1.5e-12	3.7074e-07	-3.252e-07	-4.70952e-08	8.1158e-10	1.41e-12	3.714e-07	-3.2512e-07
0.195	-4.64668e-08	-9.009e-11	-2.08e-12	3.7206e-07	-3.2552e-07	-4.67774e-08	-1.265e-11	-1.33e-12	3.7206e-07	-3.253e-07	-4.54346e-08	1.843e-11	-4.4e-13	3.7064e-07	-3.2524e-07	-4.47492e-08	8.374e-11	2.5e-13	3.6984e-07	-3.2524e-07	-4.46862e-08	2.1182e-10	6.3e-13	3.6956e-07	-3.2508e-07	-4.51186e-08	4.3996e-10	2.2e-13	3.6978e-07	-3.2518e-07	-4.61102e-08	7.9685e-10	-7.1e-13	3.704e-07	-3.2508e-07
0.2	-4.55412e-08	-9.28e-11	1.86e-12	3.711e-07	-3.2554e-07	-4.5929e-08	-1.218e-11	-1.7e-13	3.7114e-07	-3.253e-07	-4.45704e-08	1.638e-11	1.5e-13	3.6984e-07	-3.252e-07	-4.39238e-08	7.984e-11	-1.6e-13	3.689e-07	-3.252e-07	-4.38066e-08	2.0908e-10	-3.4e-13	3.6876e-07	-3.2518e-07	-4.43092e-08	4.3133e-10	2.2e-13	3.6898e-07	-3.2518e-07	-4.52634e-08	7.8619e-10	4.3e-13	3.6956e-07	-3.2514e-07
0.205	-4.45752e-08	-9.692e-11	1.19e-12	3.701e-07	-3.255e-07	-4.51438e-08	-1.537e-11	-6.4e-13	3.705e-07	-3.2526e-07	-4.3776e-08	1.582e-11	-5.6e-13	3.6902e-07	-3.252e-07	-4.30048e-08	7.622e-11	9e-14	3.6818e-07	-3.2516e-07	-4.3012e-08	2.0178e-10	1.02e-12	3.6794e-07	-3.251e-07	-4.33552e-08	4.2267e-10	6.2e-13	3.6812e-07	-3.2516e-07	-4.42838e-08	7.7211e-10	9e-14	3.6872e-07	-3.2512e-07
0.21	-4.36936e-08	-1.0027e-10	-2.7e-13	3.6926e-07	-3.255e-07	-4.42898e-08	-1.469e-11	7.5e-13	3.6952e-07	-3.252e-07	-4.29516e-08	1.358e-11	-8.8e-13	3.682e-07	-3.2522e-07	-4.2217e-08	7.507e-11	1.41e-12	3.6746e-07	-3.2524e-07	-4.21124e-08	1.9665e-10	2.5e-13	3.67e-07	-3.2516e-07	-4.24712e-08	4.1398e-10	3.5e-13	3.673e-07	-3.2518e-07	-4.3466e-08	7.5605e-10	-2.14e-12	3.6774e-07	-3.2514e-07
0.215	-4.2782e-08	-1.0628e-10	1.84e-12	3.6842e-07	-3.2552e-07	-4.33694e-08	-1.449e-11	-5.4e-13	3.6862e-07	-3.2524e-07	-4.21668e-08	1.117e-11	-1.58e-12	3.674e-07	-3.2514e-07	-4.14168e-08	7.365e-11	-1.3e-12	3.6648e-07	-3.252e-07	-4.1321e-08	1.9529e-10	-4e-14	3.6628e-07	-3.252e-07	-4.16272e-08	4.0659e-10	-2.2e-13	3.664e-07	-3.2514e-07	-4.25246e-08	7.4334e-10	9.4e-13	3.6692e-07	-3.2512e-07
0.22	-4.19332e-08	-1.152e-10	-2e-13	3.6752e-07	-3.2552e-07	-4.25448e-08	-1.467e-11	1e-12	3.6778e-07	-3.2532e-07	-4.13494e-08	1.065e-11	9.4e-13	3.6658e-07	-3.2518e-07	-4.0597e-08	7.252e-11	6.1e-13	3.657e-07	-3.2522e-07	-4.04964e-08	1.902e-10	-1.32e-12	3.6546e-07	-3.2516e-07	-4.08502e-08	3.995e-10	3.8e-13	3.6564e-07	-3.2512e-07	-4.16672e-08	7.2958e-10	-5.7e-13	3.66e-07	-3.2512e-07
0.225	-4.10458e-08	-1.1932e-10	-7e-13	3.6668e-07	-3.255e-07	-4.17122e-08	-1.521e-11	-8.1e-13	3.6694e-07	-3.2524e-07	-4.05964e-08	8.82e-12	-1.6e-12	3.6588e-07	-3.2518e-07	-3.98096e-08	6.751e-11	-6e-13	3.6492e-07	-3.2524e-07	-3.96866e-08	1.8271e-10	-4.1e-13	3.6472e-07	-3.2512e-07	-4.00608e-08	3.9004e-10	-1.38e-12	3.6484e-07	-3.2518e-07	-4.08586e-08	7.1836e-10	-3.5e-13	3.6522e-07	-3.2514e-07
0.23	-4.01586e-08	-1.2791e-10	-4.8e-13	3.6576e-07	-3.2558e-07	-4.09208e-08	-1.829e-11	-6e-13	3.662e-07	-3.253e-07	-3.98452e-08	8.31e-12	1.71e-12	3.6504e-07	-3.2518e-07	-3.91034e-08	6.531e-11	-1.91e-12	3.642e-07	-3.2522e-07	-3.8935e-08	1.7569e-10	-1.18e-12	3.6388e-07	-3.2516e-07	-3.92004e-08	3.8158e-10	-1.31e-12	3.6388e-07	-3.2512e-07	-4.00258e-08	7.0345e-10	1.2e-13	3.6442e-07	-3.252e-07
0.235	-3.92974e-08	-1.3609e-10	-3.4e-13	3.6498e-07	-3.2552e-07	-4.01384e-08	-1.806e-11	-1.22e-12	3.6546e-07	-3.2534e-07	-3.91234e-08	6.94e-12	-4.9e-13	3.6442e-07	-3.2524e-07	-3.84162e-08	6.328e-11	-7.4e-13	3.635e-07	-3.2522e-07	-3.81384e-08	1.728e-10	-1.14e-12	3.6308e-07	-3.2514e-07	-3.84014e-08	3.7444e-10	-1.03e-12	3.6316e-07	-3.2516e-07	-3.92066e-08	6.9324e-10	8.7e-13	3.6356e-07	-3.251e-07
0.24	-3.85498e-08	-1.4459e-10	1.2e-13	3.642e-07	-3.2542e-07	-3.92978e-08	-2.101e-11	-1.01e-12	3.6468e-07	-3.2532e-07	-3.84008e-08	8.33e-12	-1.6e-13	3.6362e-07	-3.252e-07	-3.76226e-08	5.921e-11	-2e-14	3.6282e-07	-3.2516e-07	-3.74106e-08	1.6913e-10	-1.2e-13	3.6236e-07	-3.2514e-07	-3.76234e-08	3.6394e-10	-1.08e-12	3.6252e-07	-3.2518e-07	-3.83384e-08	6.8391e-10	-6.4e-13	3.6276e-07	-3.2514e-07
0.245	-3.76916e-08	-1.5392e-10	1.6e-13	3.633e-07	-3.255e-07	-3.85078e-08	-2.418e-11	-6.2e-13	3.6382e-07	-3.2526e-07	-3.76652e-08	7.42e-12	1.44e-12	3.6296e-07	-3.2524e-07	-3.6887e-08	5.648e-11	-1.3e-12	3.6202e-07	-3.2522e-07	-3.6606e-08	1.6166e-10	4e-13	3.6164e-07	-3.2508e-07	-3.68154e-08	3.5589e-10	6.6e-13	3.617e-07	-3.2516e-07	-3.75562e-08	6.7083e-10	1.9e-13	3.6202e-07	-3.2512e-07
0.25	-3.6889e-08	-1.611e-10	-2.8e-13	3.6258e-07	-3.2548e-07	-3.76674e-08	-2.65e-11	3e-13	3.6292e-07	-3.2534e-07	-3.6916e-08	7.09e-12	-9.7e-13	3.6218e-07	-3.2524e-07	-3.61762e-08	5.306e-11	6.7e-13	3.6128e-07	-3.2518e-07	-3.59194e-08	1.5833e-10	3.9e-13	3.6088e-07	-3.251e-07	-3.6105e-08	3.4799e-10	-3.5e-13	3.6088e-07	-3.2514e-07	-3.68076e-08	6.5882e-10	5.4e-13	3.6126e-07	-3.2512e-07
0.255	-3.61348e-08	-1.6884e-10	-4.6e-13	3.6184e-07	-3.2546e-07	-3.69018e-08	-2.677e-11	-4.1e-13	3.623e-07	-3.2524e-07	-3.62182e-08	7.04e-12	-1.12e-12	3.6156e-07	-3.253e-07	-3.54748e-08	5.434e-11	1e-12	3.6064e-07	-3.2514e-07	-3.5135e-08	1.5554e-10	-1.6e-13	3.6008e-07	-3.2506e-07	-3.53586e-08	3.4168e-10	-8.2e-13	3.6018e-07	-3.2506e-07	-3.60134e-08	6.4594e-10	-1.15e-12	3.6046e-07	-3.2518e-07
0.26	-3.53646e-08	-1.7797e-10	2.35e-12	3.6104e-07	-3.255e-07	-3.61468e-08	-2.587e-11	8e-14	3.6152e-07	-3.2526e-07	-3.54964e-08	4.39e-12	-9e-13	3.6068e-07	-3.252e-07	-3.47622e-08	5.212e-11	-6.3e-13	3.5998e-07	-3.2524e-07	-3.44598e-08	1.5425e-10	-8.24e-12	3.5936e-07	-3.2512e-07	-3.46406e-08	3.3509e-10	1.3e-12	3.5948e-07	-3.2518e-07	-3.526e-08	6.3734e-10	1.32e-12	3.5966e-07	-3.251e-07
0.265	-3.4554e-08	-1.8707e-10	-2.7e-13	3.6038e-07	-3.2544e-07	-3.53828e-08	-2.934e-11	1.4e-13	3.608e-07	-3.2524e-07	-3.4831e-08	4.03e-12	3.9e-13	3.6014e-07	-3.2522e-07	-3.40604e-08	4.78e-11	2e-13	3.5926e-07	-3.2518e-07	-3.37632e-08	1.4768e-10	1.207e-11	3.5882e-07	-3.2524e-07	-3.39296e-08	3.2853e-10	1.4e-13	3.5868e-07	-3.2518e-07	-3.44532e-08	6.2377e-10	-7.1e-13	3.5894e-07	-3.2508e-07
0.27	-3.38926e-08	-1.9614e-10	-1.55e-12	3.596e-07	-3.2556e-07	-3.47054e-08	-3.009e-11	-1.32e-12	3.6002e-07	-3.2536e-07	-3.41808e-08	3.2e-12	-1.49e-12	3.5944e-07	-3.2526e-07	-3.33952e-08	4.795e-11	9e-14	3.5854e-07	-3.252e-07	-3.3037e-08	1.4043e-10	-1.06e-11	3.581e-07	-3.2514e-07	-3.32238e-08	3.2072e-10	-8.6e-13	3.5812e-07	-3.2522e-07	-3.37602e-08	6.0931e-10	-3.3e-13	3.5834e-07	-3.2508e-07
0.275	-3.31494e-08	-2.0677e-10	-7e-14	3.5882e-07	-3.255e-07	-3.39636e-08	-3.22e-11	1.9e-13	3.5928e-07	-3.253e-07	-3.35244e-08	1.18e-12	6.4e-13	3.5876e-07	-3.253e-07	-3.26586e-08	4.684e-11	-1.91e-12	3.5792e-07	-3.2518e-07	-3.23484e-08	1.4067e-10	-5.6e-13	3.574e-07	-3.2518e-07	-3.25152e-08	3.1432e-10	-1.52e-12	3.5728e-07	-3.2514e-07	-3.30482e-08	6.0088e-10	5.7e-13	3.5754e-07	-3.251e-07
0.28	-3.23944e-08	-2.2143e-10	-1.05e-12	3.5818e-07	-3.2552e-07	-3.32506e-08	-3.516e-11	-5.4e-13	3.586e-07	-3.2538e-07	-3.28644e-08	1.32e-12	6e-13	3.5808e-07	-3.2526e-07	-3.20764e-08	4.455e-11	-1.33e-12	3.5722e-07	-3.2524e-07	-3.16726e-08	1.3603e-10	7.97e-12	3.5678e-07	-3.2514e-07	-3.17664e-08	3.0834e-10	-1.09e-12	3.5668e-07	-3.2512e-07	-3.2324e-08	5.8999e-10	6e-14	3.5682e-07	-3.2512e-07
0.285	-3.17122e-08	-2.338e-10	-1.57e-12	3.5742e-07	-3.2548e-07	-3.24636e-08	-3.811e-11	-1.48e-12	3.5786e-07	-3.2524e-07	-3.21982e-08	1.11e-12	2e-14	3.5744e-07	-3.2526e-07	-3.14056e-08	3.92e-11	-4e-13	3.5662e-07	-3.2516e-07	-3.1057e-08	1.343e-10	-1.008e-11	3.5602e-07	-3.2514e-07	-3.11258e-08	2.9743e-10	-1.12e-12	3.56e-07	-3.2506e-07	-3.16314e-08	5.7933e-10	4e-13	3.5616e-07	-3.2512e-07
0.29	-3.1016e-08	-2.4585e-10	1.4e-12	3.5674e-07	-3.2554e-07	-3.17708e-08	-4.334e-11	-1.32e-12	3.5718e-07	-3.253e-07	-3.1574e-08	2.47e-12	-4.4e-13	3.5688e-07	-3.2526e-07	-3.07882e-08	3.683e-11	-1.57e-12	3.5596e-07	-3.252e-07	-3.03804e-08	1.2181e-10	4.83e-12	3.5544e-07	-3.252e-07	-3.04104e-08	2.9024e-10	9e-14	3.5526e-07	-3.2508e-07	-3.09488e-08	5.681e-10	1.64e-12	3.5556e-07	-3.2512e-07
0.295	-3.03098e-08	-2.593e-10	5.8e-13	3.5602e-07	-3.2554e-07	-3.11416e-08	-4.389e-11	-1.1e-13	3.565e-07	-3.253e-07	-3.09352e-08	1.05e-12	-4.8e-13	3.5622e-07	-3.253e-07	-3.01428e-08	3.791e-11	2.3e-13	3.5526e-07	-3.2518e-07	-2.97674e-08	1.238e-10	-8.6e-13	3.5474e-07	-3.252e-07	-2.9771e-08	2.8567e-10	3.4e-13	3.5468e-07	-3.2514e-07	-3.02864e-08	5.5763e-10	-9.1e-13	3.5486e-07	-3.2506e-07
0.3	-2.96338e-08	-2.7139e-10	-8e-13	3.5552e-07	-3.2548e-07	-3.04076e-08	-4.822e-11	6e-14	3.5588e-07	-3.2536e-07	-3.03284e-08	4.2e-13	-1.06e-12	3.5574e-07	-3.2524e-07	-2.9555e-08	3.441e-11	1.88e-12	3.5474e-07	-3.252e-07	-2.91386e-08	1.1855e-10	-5.6e-13	3.5426e-07	-3.2526e-07	-2.91894e-08	2.7798e-10	-1.12e-12	3.5412e-07	-3.2518e-07	-2.96776e-08	5.5116e-10	-5.9e-13	3.5418e-07	-3.2508e-07
0.305	-2.89864e-08	-2.8633e-10	8.1e-13	3.5486e-07	-3.2556e-07	-2.98004e-08	-5.095e-11	2.1e-13	3.5514e-07	-3.2532e-07	-2.97108e-08	1.26e-12	1.1e-13	3.55e-07	-3.2526e-07	-2.89396e-08	3.303e-11	-3.9e-13	3.5418e-07	-3.2518e-07	-2.85252e-08	1.2121e-10	2.55e-12	3.5366e-07	-3.2512e-07	-2.85446e-08	2.7216e-10	2.08e-12	3.5342e-07	-3.2514e-07	-2.90144e-08	5.4048e-10	-2e-14	3.5358e-07	-3.251e-07
0.31	-2.8322e-08	-2.9763e-10	5.3e-13	3.541e-07	-3.2552e-07	-2.90844e-08	-5.331e-11	1.44e-12	3.5454e-07	-3.2536e-07	-2.90928e-08	-8.6e-13	-1.63e-12	3.5434e-07	-3.253e-07	-2.83306e-08	3.17e-11	1.2e-13	3.5344e-07	-3.252e-07	-2.79474e-08	1.1492e-10	-3.3e-12	3.53e-07	-3.2524e-07	-2.79606e-08	2.6711e-10	-1.88e-12	3.5278e-07	-3.2506e-07	-2.84102e-08	5.2752e-10	-1.62e-12	3.5304e-07	-3.2512e-07
0.315	-2.77002e-08	-3.1122e-10	-1e-12	3.5358e-07	-3.2554e-07	-2.84458e-08	-5.615e-11	-1.82e-12	3.5382e-07	-3.253e-07	-2.849e-08	-2.93e-12	-1.35e-12	3.5378e-07	-3.2526e-07	-2.776e-08	3.379e-11	-1.15e-12	3.5288e-07	-3.252e-07	-2.73282e-08	1.07e-10	4.14e-12	3.5244e-07	-3.2512e-07	-2.73388e-08	2.6168e-10	-1.31e-12	3.5224e-07	-3.2514e-07	-2.77134e-08	5.1764e-10	-9.4e-13	3.5246e-07	-3.2514e-07
0.32	-2.70648e-08	-3.2831e-10	6.8e-13	3.53e-07	-3.2552e-07	-2.7875e-08	-5.852e-11	1.33e-12	3.5324e-07	-3.2528e-07	-2.78826e-08	-4.47e-12	3.2e-13	3.5324e-07	-3.2526e-07	-2.72066e-08	3.156e-11	-2.3e-13	3.5246e-07	-3.2518e-07	-2.67408e-08	1.0929e-10	-5.74e-12	3.5284e-07	-3.252e-07	-2.67658e-08	2.5596e-10	3.6e-13	3.516e-07	-3.2516e-07	-2.71266e-08	5.0743e-10	9.2e-13	3.518e-07	-3.2518e-07
0.325	-2.64676e-08	-3.454e-10	-1e-12	3.523e-07	-3.2558e-07	-2.72586e-08	-6.41e-11	-1.2e-13	3.5262e-07	-3.2536e-07	-2.7319e-08	-4.57e-12	-1.6e-13	3.526e-07	-3.253e-07	-2.65972e-08	2.658e-11	-2.71e-12	3.5186e-07	-3.2526e-07	-2.71526e-08	1.0272e-10	4.36e-12	3.5228e-07	-3.2518e-07	-2.61508e-08	2.4826e-10	-1.4e-12	3.5104e-07	-3.2512e-07	-2.6544e-08	4.9833e-10	-1.25e-12	3.5122e-07	-3.2514e-07
0.33	-2.58396e-08	-3.5836e-10	-2.2e-12	3.517e-07	-3.255e-07	-2.66042e-08	-6.745e-11	-1.88e-12	3.52e-07	-3.2536e-07	-2.6776e-08	-3.87e-12	1.2e-13	3.5196e-07	-3.2526e-07	-2.6056e-08	2.695e-11	1.9e-13	3.5126e-07	-3.253e-07	-2.56258e-08	1.0361e-10	-4.5e-12	3.5076e-07	-3.252e-07	-2.55386e-08	2.4136e-10	-9.3e-13	3.5056e-07	-3.2518e-07	-2.59536e-08	4.8717e-10	5.3e-13	3.5068e-07	-3.2518e-07
0.335	-2.5243e-08	-3.7412e-10	8.6e-13	3.511e-07	-3.2556e-07	-2.60012e-08	-7.385e-11	-1.3e-13	3.5144e-07	-3.2532e-07	-2.62374e-08	-6.32e-12	1.7e-13	3.516e-07	-3.2532e-07	-2.55074e-08	2.469e-11	-1.39e-12	3.5068e-07	-3.2526e-07	-2.50368e-08	9.46e-11	-1.07e-12	3.5008e-07	-3.2516e-07	-2.50066e-08	2.3436e-10	-8.7e-13	3.4996e-07	-3.2518e-07	-2.53724e-08	4.7852e-10	8.8e-13	3.5014e-07	-3.2514e-07
0.34	-2.46844e-08	-3.9488e-10	-1.1e-13	3.5062e-07	-3.2554e-07	-2.54294e-08	-7.855e-11	-1.1e-12	3.508e-07	-3.253e-07	-2.56474e-08	-5.17e-12	-6.7e-13	3.51e-07	-3.253e-07	-2.49414e-08	2.289e-11	-7.8e-13	3.5028e-07	-3.2532e-07	-2.45168e-08	9.499e-11	1.38e-12	3.4972e-07	-3.252e-07	-2.44654e-08	2.2973e-10	1.52e-12	3.4942e-07	-3.2516e-07	-2.48388e-08	4.7066e-10	-1.23e-12	3.4962e-07	-3.2512e-07
0.345	-2.40728e-08	-4.0836e-10	-7.4e-13	3.4996e-07	-3.255e-07	-2.47664e-08	-8.307e-11	2.2e-13	3.5024e-07	-3.2518e-07	-2.5121e-08	-4e-12	3.8e-13	3.504e-07	-3.2534e-07	-2.44546e-08	1.899e-11	-4.6e-13	3.497e-07	-3.2526e-07	-2.39944e-08	9.226e-11	-3.16e-12	3.4904e-07	-3.2516e-07	-2.39084e-08	2.2292e-10	-1.36e-12	3.4888e-07	-3.252e-07	-2.42524e-08	4.6205e-10	3.3e-13	3.49e-07	-3.2518e-07
0.35	-2.34948e-08	-4.229e-10	2.37e-12	3.4942e-07	-3.2554e-07	-2.42244e-08	-8.816e-11	-9e-14	3.496e-07	-3.2528e-07	-2.45696e-08	-5.54e-12	-6.7e-13	3.4982e-07	-3.253e-07	-2.39584e-08	1.972e-11	1.5e-13	3.492e-07	-3.2522e-07	-2.34654e-08	8.392e-11	1.15e-12	3.4868e-07	-3.252e-07	-2.33818e-08	2.1872e-10	2.2e-12	3.4834e-07	-3.252e-07	-2.3707e-08	4.5379e-10	-7.8e-13	3.4846e-07	-3.252e-07
0.355	-2.2914e-08	-4.3908e-10	-1.4e-13	3.4892e-07	-3.2554e-07	-2.36914e-08	-9.355e-11	1.01e-12	3.4902e-07	-3.2528e-07	-2.40024e-08	-8.15e-12	-1.02e-12	3.493e-07	-3.2524e-07	-2.3427e-08	2.215e-11	2.06e-12	3.4862e-07	-3.2522e-07	-2.29714e-08	8.442e-11	3.4e-13	3.4818e-07	-3.252e-07	-2.2853e-08	2.1602e-10	2.3e-13	3.478e-07	-3.2518e-07	-2.31664e-08	4.4264e-10	-1.9e-12	3.4798e-07	-3.252e-07
0.36	-2.23766e-08	-4.5577e-10	-1.3e-13	3.4834e-07	-3.2554e-07	-2.31322e-08	-9.796e-11	-4.9e-13	3.4848e-07	-3.2534e-07	-2.3496e-08	-1.079e-11	-2.54e-12	3.4882e-07	-3.2526e-07	-2.29734e-08	1.95e-11	8e-14	3.4826e-07	-3.253e-07	-2.24826e-08	8.196e-11	-7.6e-13	3.476e-07	-3.252e-07	-2.23512e-08	2.0994e-10	9.9e-13	3.4736e-07	-3.2514e-07	-2.26576e-08	4.3702e-10	-1.63e-12	3.4746e-07	-3.2518e-07
0.365	-2.18782e-08	-4.7469e-10	-1.03e-12	3.478e-07	-3.255e-07	-2.2609e-08	-1.0295e-10	7.7e-13	3.4798e-07	-3.2524e-07	-2.30282e-08	-9.82e-12	3.4e-13	3.4824e-07	-3.2532e-07	-2.24514e-08	1.832e-11	-1.18e-12	3.4776e-07	-3.2526e-07	-2.19666e-08	8.53e-11	2.32e-12	3.4716e-07	-3.2526e-07	-2.18436e-08	2.0654e-10	-9.1e-13	3.4686e-07	-3.2518e-07	-2.21734e-08	4.2604e-10	-5.4e-13	3.4694e-07	-3.252e-07
0.37	-2.13384e-08	-4.9058e-10	-1.5e-13	3.474e-07	-3.2558e-07	-2.20804e-08	-1.0875e-10	-9e-14	3.4746e-07	-3.253e-07	-2.24576e-08	-1.22e-11	-5e-13	3.477e-07	-3.253e-07	-2.20138e-08	1.657e-11	-3.1e-13	3.4722e-07	-3.2522e-07	-2.14748e-08	7.692e-11	-1.21e-12	3.4674e-07	-3.2522e-07	-2.1365e-08	1.9719e-10	-1.41e-12	3.4634e-07	-3.252e-07	-2.16614e-08	4.158e-10	-2.11e-12	3.4644e-07	-3.2528e-07
0.375	-2.0815e-08	-5.078e-10	-1.35e-12	3.468e-07	-3.2556e-07	-2.1549e-08	-1.1715e-10	-1.52e-12	3.4696e-07	-3.253e-07	-2.19338e-08	-1.451e-11	-4.9e-13	3.472e-07	-3.253e-07	-2.15172e-08	1.803e-11	-9.3e-13	3.4682e-07	-3.2526e-07	-2.09924e-08	7.275e-11	-5.1e-13	3.4626e-07	-3.2528e-07	-2.08588e-08	1.9292e-10	-9.1e-13	3.4584e-07	-3.252e-07	-2.11716e-08	4.0671e-10	1.6e-12	3.4598e-07	-3.2524e-07
0.38	-2.0303e-08	-5.2897e-10	1.01e-12	3.4634e-07	-3.2554e-07	-2.1073e-08	-1.2401e-10	-5.6e-13	3.4646e-07	-3.2532e-07	-2.1442e-08	-1.677e-11	1.8e-13	3.468e-07	-3.2532e-07	-2.10712e-08	1.582e-11	-4.1e-13	3.4624e-07	-3.2526e-07	-2.05672e-08	7.566e-11	-2.12e-12	3.4578e-07	-3.252e-07	-2.04182e-08	1.8927e-10	1.8e-13	3.4548e-07	-3.2518e-07	-2.07088e-08	4.007e-10	-6.5e-13	3.4554e-07	-3.252e-07
0.385	-1.98012e-08	-5.468e-10	1.01e-12	3.4582e-07	-3.2548e-07	-2.05696e-08	-1.3153e-10	-1.75e-12	3.4598e-07	-3.2536e-07	-2.09718e-08	-1.643e-11	2.1e-13	3.4634e-07	-3.2526e-07	-2.0638e-08	1.182e-11	-6.3e-13	3.4588e-07	-3.252e-07	-2.00776e-08	6.926e-11	1.41e-12	3.4532e-07	-3.253e-07	-1.9929e-08	1.8359e-10	-6.2e-13	3.4494e-07	-3.251e-07	-2.02466e-08	3.9322e-10	5.4e-13	3.45e-07	-3.2526e-07
0.39	-1.92842e-08	-5.6287e-10	-4.9e-13	3.4534e-07	-3.2544e-07	-2.00512e-08	-1.4039e-10	-8.3e-13	3.4562e-07	-3.2536e-07	-2.04988e-08	-1.478e-11	-6.2e-13	3.458e-07	-3.2522e-07	-2.02438e-08	1.114e-11	7.1e-13	3.4544e-07	-3.2526e-07	-1.96866e-08	6.766e-11	-6.5e-13	3.449e-07	-3.2532e-07	-1.94896e-08	1.7777e-10	-4.8e-13	3.4446e-07	-3.252e-07	-1.97852e-08	3.8505e-10	1.3e-13	3.4456e-07	-3.2522e-07
0.395	-1.88438e-08	-5.7969e-10	2.38e-12	3.4482e-07	-3.2554e-07	-1.9569e-08	-1.5002e-10	3.8e-13	3.4512e-07	-3.2532e-07	-2.0011e-08	-1.863e-11	-6.1e-13	3.4538e-07	-3.2528e-07	-1.97546e-08	1.283e-11	-1.1e-12	3.4494e-07	-3.2528e-07	-1.92278e-08	5.951e-11	-2.55e-12	3.4446e-07	-3.253e-07	-1.90714e-08	1.7311e-10	1.63e-12	3.4406e-07	-3.252e-07	-1.93134e-08	3.7651e-10	-8.1e-13	3.4418e-07	-3.2514e-07
0.4	-1.82946e-08	-6.025e-10	-1.1e-13	3.4446e-07	-3.255e-07	-1.91066e-08	-1.5856e-10	-7.1e-13	3.4458e-07	-3.2536e-07	-1.94934e-08	-2.059e-11	-6.6e-13	3.4482e-07	-3.252e-07	-1.93292e-08	1.208e-11	9.6e-13	3.446e-07	-3.253e-07	-1.8792e-08	6.051e-11	5.21e-12	3.441e-07	-3.2538e-07	-1.86356e-08	1.7274e-10	-2.9e-13	3.4364e-07	-3.2518e-07	-1.88654e-08	3.7078e-10	-4.3e-13	3.437e-07	-3.2522e-07
0.405	-1.78548e-08	-6.1652e-10	-1.19e-12	3.4396e-07	-3.2562e-07	-1.8667e-08	-1.6679e-10	7.9e-13	3.4422e-07	-3.2532e-07	-1.9072e-08	-1.978e-11	-1.06e-12	3.4442e-07	-3.2528e-07	-1.8884e-08	9.15e-12	8.9e-13	3.4422e-07	-3.253e-07	-1.83606e-08	6.301e-11	-2.9e-12	3.437e-07	-3.2526e-07	-1.81952e-08	1.6811e-10	-3.2e-13	3.4316e-07	-3.252e-07	-1.84154e-08	3.6233e-10	-4.7e-13	3.433e-07	-3.2524e-07
0.41	-1.7322e-08	-6.3519e-10	-1e-14	3.4354e-07	-3.2558e-07	-1.82108e-08	-1.7583e-10	1.24e-12	3.438e-07	-3.2534e-07	-1.8612e-08	-2.229e-11	-9.7e-13	3.4394e-07	-3.2524e-07	-1.84666e-08	1.05e-11	-5.5e-13	3.4372e-07	-3.2524e-07	-1.79534e-08	5.834e-11	1.38e-12	3.4316e-07	-3.2536e-07	-1.77806e-08	1.6295e-10	-1.19e-12	3.428e-07	-3.2516e-07	-1.794e-08	3.5333e-10	-4.8e-13	3.429e-07	-3.253e-07
0.415	-1.69292e-08	-6.5647e-10	-1.42e-12	3.433e-07	-3.2556e-07	-1.77768e-08	-1.8727e-10	1e-13	3.4328e-07	-3.253e-07	-1.81776e-08	-2.795e-11	-1e-14	3.4348e-07	-3.253e-07	-1.81148e-08	1.341e-11	-7.5e-13	3.4328e-07	-3.252e-07	-1.75174e-08	5.523e-11	1.37e-12	3.428e-07	-3.253e-07	-1.7375e-08	1.5707e-10	-4e-13	3.425e-07	-3.2514e-07	-1.75362e-08	3.4331e-10	-1.93e-12	3.4246e-07	-3.2528e-07
0.42	-1.65308e-08	-6.7728e-10	-1.72e-12	3.4272e-07	-3.255e-07	-1.73042e-08	-1.9633e-10	-5.8e-13	3.4288e-07	-3.2532e-07	-1.77426e-08	-3.115e-11	-1e-12	3.4306e-07	-3.2522e-07	-1.76862e-08	8.53e-12	-1.43e-12	3.4298e-07	-3.2524e-07	-1.71632e-08	5.428e-11	-3.47e-12	3.424e-07	-3.2532e-07	-1.70094e-08	1.5322e-10	-1.44e-12	3.4196e-07	-3.2518e-07	-1.7114e-08	3.3823e-10	1.65e-12	3.4192e-07	-3.2514e-07
0.425	-1.6092e-08	-6.9883e-10	6.4e-13	3.424e-07	-3.2558e-07	-1.68646e-08	-2.0692e-10	1.5e-13	3.4242e-07	-3.2526e-07	-1.73336e-08	-3.153e-11	2.9e-13	3.4266e-07	-3.253e-07	-1.73044e-08	7.86e-12	-1.67e-12	3.425e-07	-3.253e-07	-1.67964e-08	5.492e-11	1.06e-12	3.4202e-07	-3.2536e-07	-1.65818e-08	1.5066e-10	6e-13	3.4156e-07	-3.252e-07	-1.66966e-08	3.3007e-10	-4.4e-13	3.4162e-07	-3.2518e-07
0.43	-1.56608e-08	-7.1821e-10	6.1e-13	3.4186e-07	-3.2548e-07	-1.64798e-08	-2.1884e-10	-1.17e-12	3.4204e-07	-3.253e-07	-1.69326e-08	-3.28e-11	8.7e-13	3.4222e-07	-3.2532e-07	-1.69268e-08	7.33e-12	-1.22e-12	3.4216e-07	-3.2524e-07	-1.63974e-08	4.93e-11	-1.64e-12	3.4174e-07	-3.2526e-07	-1.61608e-08	1.4328e-10	-1.93e-12	3.4122e-07	-3.252e-07	-1.62858e-08	3.2158e-10	-1.5e-13	3.4124e-07	-3.253e-07
0.435	-1.525e-08	-7.4109e-10	-7.8e-13	3.4156e-07	-3.255e-07	-1.60024e-08	-2.336e-10	-1.44e-12	3.4164e-07	-3.254e-07	-1.64684e-08	-3.691e-11	9e-14	3.4184e-07	-3.2528e-07	-1.65488e-08	6.71e-12	-5e-14	3.418e-07	-3.2528e-07	-1.59996e-08	4.345e-11	-1e-14	3.4122e-07	-3.2532e-07	-1.5773e-08	1.3841e-10	1.5e-13	3.4084e-07	-3.2528e-07	-1.59328e-08	3.1808e-10	1.51e-12	3.4088e-07	-3.2524e-07
0.44	-1.48412e-08	-7.627e-10	1.18e-12	3.412e-07	-3.2556e-07	-1.55682e-08	-2.4653e-10	-6.6e-13	3.4124e-07	-3.2544e-07	-1.60804e-08	-3.791e-11	-1.12e-12	3.4154e-07	-3.253e-07	-1.61582e-08	5.73e-12	0	3.4144e-07	-3.2536e-07	-1.56688e-08	4.648e-11	-1.44e-12	3.41e-07	-3.2528e-07	-1.53884e-08	1.3744e-10	-3.3e-13	3.4048e-07	-3.2516e-07	-1.5539e-08	3.1115e-10	-1.08e-12	3.4048e-07	-3.2526e-07
0.445	-1.44108e-08	-7.8406e-10	-1.4e-13	3.4076e-07	-3.2554e-07	-1.52058e-08	-2.5856e-10	7.2e-13	3.4094e-07	-3.2538e-07	-1.57058e-08	-3.976e-11	5.9e-13	3.4106e-07	-3.2534e-07	-1.57712e-08	1.83e-12	1.2e-13	3.41e-07	-3.253e-07	-1.52944e-08	4.173e-11	1.57e-12	3.4046e-07	-3.2532e-07	-1.50412e-08	1.3305e-10	9e-14	3.4026e-07	-3.253e-07	-1.51652e-08	3.0479e-10	-1.83e-12	3.4018e-07	-3.2526e-07
0.45	-1.40252e-08	-8.0424e-10	-5.7e-13	3.4032e-07	-3.2554e-07	-1.48116e-08	-2.7395e-10	-1.04e-12	3.4042e-07	-3.2548e-07	-1.52658e-08	-4.181e-11	-2.14e-12	3.4066e-07	-3.2536e-07	-1.53936e-08	4.48e-12	1.5e-13	3.4066e-07	-3.2526e-07	-1.49218e-08	4.176e-11	1.25e-12	3.4026e-07	-3.2532e-07	-1.4688e-08	1.3113e-10	-4.3e-13	3.398e-07	-3.253e-07	-1.47828e-08	2.9714e-10	7.6e-13	3.3984e-07	-3.2534e-07
0.455	-1.36128e-08	-8.2828e-10	5e-13	3.4006e-07	-3.2548e-07	-1.44042e-08	-2.8649e-10	1.2e-13	3.401e-07	-3.255e-07	-1.49008e-08	-5.003e-11	-7e-13	3.4032e-07	-3.253e-07	-1.50436e-08	5.5e-12	2e-14	3.403e-07	-3.253e-07	-1.45642e-08	4.076e-11	-1.64e-12	3.3978e-07	-3.2524e-07	-1.43292e-08	1.2519e-10	5e-13	3.3948e-07	-3.2528e-07	-1.44316e-08	2.892e-10	-2.11e-12	3.394e-07	-3.253e-07
0.46	-1.32564e-08	-8.5261e-10	-4e-14	3.3964e-07	-3.2554e-07	-1.405e-08	-3.0008e-10	1.54e-12	3.3974e-07	-3.2548e-07	-1.45486e-08	-5.159e-11	-6.2e-13	3.3988e-07	-3.2532e-07	-1.46734e-08	4.57e-12	2.2e-13	3.3998e-07	-3.253e-07	-1.42208e-08	3.812e-11	3.47e-12	3.3942e-07	-3.2524e-07	-1.40184e-08	1.2508e-10	-8.6e-13	3.3906e-07	-3.2522e-07	-1.40466e-08	2.8256e-10	-2.11e-12	3.3902e-07	-3.2526e-07
0.465	-1.28802e-08	-8.7797e-10	-2.89e-12	3.393e-07	-3.256e-07	-1.36656e-08	-3.1362e-10	-7.2e-13	3.3942e-07	-3.2548e-07	-1.41638e-08	-5.523e-11	-1.08e-12	3.3964e-07	-3.2532e-07	-1.4324e-08	2.82e-12	-7e-13	3.3958e-07	-3.2532e-07	-1.39206e-08	3.919e-11	-2.43e-12	3.3916e-07	-3.253e-07	-1.36444e-08	1.2248e-10	-7.7e-13	3.3874e-07	-3.2524e-07	-1.372e-08	2.7646e-10	1.14e-12	3.387e-07	-3.253e-07
0.47	-1.24976e-08	-9.0051e-10	-2.2e-13	3.3892e-07	-3.256e-07	-1.3301e-08	-3.2933e-10	9.1e-13	3.3904e-07	-3.2542e-07	-1.38342e-08	-5.941e-11	-1.8e-13	3.3916e-07	-3.2538e-07	-1.3965e-08	2.66e-12	-1.04e-12	3.3916e-07	-3.2522e-07	-1.35694e-08	3.657e-11	-1.5e-12	3.3882e-07	-3.2534e-07	-1.33114e-08	1.1668e-10	-1.69e-12	3.3842e-07	-3.2526e-07	-1.3375e-08	2.6937e-10	-9.6e-13	3.3838e-07	-3.2528e-07
0.475	-1.21558e-08	-9.2792e-10	-1e-13	3.3868e-07	-3.2556e-07	-1.29362e-08	-3.4534e-10	-7.9e-13	3.3932e-07	-3.2542e-07	-1.34494e-08	-6.509e-11	1.29e-12	3.3892e-07	-3.2538e-07	-1.36306e-08	1.85e-12	-2.58e-12	3.3894e-07	-3.2524e-07	-1.32094e-08	3.378e-11	2e-14	3.385e-07	-3.2538e-07	-1.29914e-08	1.1006e-10	-1.19e-12	3.3816e-07	-3.2526e-07	-1.3061e-08	2.6117e-10	-6.3e-13	3.3804e-07	-3.2532e-07
0.48	-1.17478e-08	-9.5623e-10	-1.45e-12	3.3832e-07	-3.256e-07	-1.3193e-08	-3.6033e-10	-7.7e-13	3.3904e-07	-3.2542e-07	-1.30926e-08	-6.577e-11	-2e-14	3.384e-07	-3.2536e-07	-1.32916e-08	-7.7e-13	-5.3e-13	3.386e-07	-3.2536e-07	-1.29192e-08	3.106e-11	-2.05e-12	3.3816e-07	-3.253e-07	-1.26622e-08	1.0791e-10	-1.57e-12	3.3786e-07	-3.2526e-07	-1.27206e-08	2.5912e-10	2.11e-12	3.3768e-07	-3.252e-07
0.485	-1.14058e-08	-9.82e-10	3.8e-13	3.3796e-07	-3.256e-07	-1.28352e-08	-3.777e-10	-4.5e-13	3.3864e-07	-3.2542e-07	-1.27598e-08	-6.785e-11	5.7e-13	3.3816e-07	-3.2538e-07	-1.29724e-08	-2.76e-12	-6.3e-13	3.3834e-07	-3.253e-07	-1.26084e-08	3.09e-11	-1.6e-13	3.3792e-07	-3.253e-07	-1.23904e-08	1.075e-10	2.4e-13	3.3748e-07	-3.2526e-07	-1.23814e-08	2.5505e-10	-3e-14	3.3734e-07	-3.2518e-07
0.49	-1.10296e-08	-1.00684e-09	3.8e-13	3.3768e-07	-3.2558e-07	-1.24972e-08	-3.948e-10	-2.1e-13	3.3838e-07	-3.2548e-07	-1.24124e-08	-7.594e-11	-2.5e-13	3.3792e-07	-3.2538e-07	-1.26474e-08	-3.91e-12	-1.2e-13	3.3794e-07	-3.2528e-07	-1.2359e-08	2.863e-11	-6.2e-13	3.376e-07	-3.2536e-07	-1.20688e-08	1.0155e-10	4.9e-13	3.3722e-07	-3.2522e-07	-1.20532e-08	2.4595e-10	-2.55e-12	3.3714e-07	-3.2526e-07
0.495	-1.07216e-08	-1.034e-09	7.6e-13	3.3736e-07	-3.2556e-07	-1.21566e-08	-4.1263e-10	-7e-13	3.3748e-07	-3.2552e-07	-1.20822e-08	-8.155e-11	-7.1e-13	3.3752e-07	-3.2534e-07	-1.23176e-08	-2.17e-12	8e-14	3.377e-07	-3.2534e-07	-1.20248e-08	2.517e-11	2.1e-13	3.3726e-07	-3.253e-07	-1.17454e-08	9.742e-11	7.9e-13	3.3698e-07	-3.2528e-07	-1.17768e-08	2.4108e-10	1.68e-12	3.369e-07	-3.2526e-07
0.5	-1.03944e-08	-1.06384e-09	4.8e-13	3.3706e-07	-3.2556e-07	-1.1201e-08	-4.2797e-10	5.9e-13	3.3716e-07	-3.2548e-07	-1.17882e-08	-8.674e-11	-1.63e-12	3.3716e-07	-3.2532e-07	-1.19772e-08	-3.42e-12	1.48e-12	3.3734e-07	-3.2526e-07	-1.17272e-08	2.938e-11	-1.24e-12	3.3704e-07	-3.253e-07	-1.14692e-08	9.828e-11	7.4e-13	3.3664e-07	-3.2526e-07	-1.14544e-08	2.3782e-10	-1.93e-12	3.365e-07	-3.2526e-07
0.505	-1.00726e-08	-1.09141e-09	-1e-13	3.3676e-07	-3.2554e-07	-1.08584e-08	-4.4279e-10	9e-14	3.3678e-07	-3.2548e-07	-1.1452e-08	-9.115e-11	9.5e-13	3.3696e-07	-3.2542e-07	-1.1671e-08	-4.99e-12	-1.24e-12	3.3702e-07	-3.253e-07	-1.14534e-08	2.569e-11	1.31e-12	3.367e-07	-3.2526e-07	-1.11644e-08	9.715e-11	-4.2e-13	3.3642e-07	-3.2534e-07	-1.11496e-08	2.3099e-10	-2.75e-12	3.363e-07	-3.2532e-07
0.51	-9.7552e-09	-1.12275e-09	3e-14	3.3638e-07	-3.2556e-07	-1.05824e-08	-4.6046e-10	-6.5e-13	3.3654e-07	-3.2546e-07	-1.11386e-08	-9.911e-11	-8.4e-13	3.3666e-07	-3.2544e-07	-1.1345e-08	-4.71e-12	-1.7e-13	3.3666e-07	-3.253e-07	-1.1143e-08	2.504e-11	6.1e-13	3.3642e-07	-3.2528e-07	-1.08836e-08	9.222e-11	3.7e-13	3.3616e-07	-3.2526e-07	-1.0861e-08	2.2273e-10	1e-12	3.3594e-07	-3.253e-07
0.515	-9.4635e-09	-1.1547e-09	2.13e-12	3.3614e-07	-3.2548e-07	-1.02288e-08	-4.7749e-10	1.9e-13	3.3618e-07	-3.2552e-07	-1.08384e-08	-1.0765e-10	-6.7e-13	3.3634e-07	-3.254e-07	-1.10536e-08	-5.62e-12	3.9e-13	3.3632e-07	-3.2538e-07	-1.08916e-08	2.737e-11	-2.73e-12	3.3612e-07	-3.2522e-07	-1.05734e-08	8.72e-11	-1.43e-12	3.3588e-07	-3.2526e-07	-1.05768e-08	2.1696e-10	-1.23e-12	3.356e-07	-3.253e-07
0.52	-9.0862e-09	-1.184e-09	-1e-14	3.3578e-07	-3.256e-07	-9.9218e-09	-4.9347e-10	-1.06e-12	3.359e-07	-3.2546e-07	-1.05164e-08	-1.0974e-10	1.44e-12	3.3604e-07	-3.2546e-07	-1.0722e-08	-7.73e-12	-2.61e-12	3.3608e-07	-3.2536e-07	-1.0618e-08	2.213e-11	2.62e-12	3.3584e-07	-3.2526e-07	-1.0321e-08	8.571e-11	-7e-13	3.3548e-07	-3.2524e-07	-1.03066e-08	2.1408e-10	-1.08e-12	3.3542e-07	-3.253e-07
0.525	-8.7729e-09	-1.2169e-09	-1.15e-12	3.3558e-07	-3.2556e-07	-9.627e-09	-5.1501e-10	3.8e-13	3.3562e-07	-3.2546e-07	-1.02284e-08	-1.1732e-10	-1.3e-13	3.3576e-07	-3.2546e-07	-1.0423e-08	-1.086e-11	2.8e-13	3.3576e-07	-3.253e-07	-1.03242e-08	2.252e-11	-2.98e-12	3.3558e-07	-3.253e-07	-1.00448e-08	8.495e-11	-1.08e-12	3.352e-07	-3.2526e-07	-1.00132e-08	2.0974e-10	2.06e-12	3.3518e-07	-3.253e-07
0.53	-8.466e-09	-1.254e-09	6.7e-13	3.3536e-07	-3.2558e-07	-9.3467e-09	-5.3012e-10	5e-13	3.353e-07	-3.2544e-07	-9.9258e-09	-1.2444e-10	-6e-14	3.3548e-07	-3.2544e-07	-1.01596e-08	-1.228e-11	-1.77e-12	3.3552e-07	-3.2534e-07	-1.00344e-08	2.091e-11	-2.49e-12	3.3532e-07	-3.2536e-07	-9.7794e-09	7.772e-11	3e-13	3.3496e-07	-3.2522e-07	-9.7414e-09	2.0316e-10	-1.85e-12	3.3482e-07	-3.253e-07
0.535	-8.1985e-09	-1.2855e-09	-5e-14	3.3506e-07	-3.256e-07	-9.0269e-09	-5.4783e-10	-2.4e-13	3.3512e-07	-3.2546e-07	-9.6674e-09	-1.3301e-10	-1.89e-12	3.352e-07	-3.2542e-07	-9.8876e-09	-1.284e-11	-1.18e-12	3.352e-07	-3.2532e-07	-9.8038e-09	1.657e-11	-1.02e-12	3.351e-07	-3.253e-07	-9.5558e-09	7.655e-11	1.21e-12	3.347e-07	-3.2524e-07	-9.5145e-09	1.9919e-10	8.2e-13	3.3458e-07	-3.2528e-07
0.54	-7.8573e-09	-1.3206e-09	-4.4e-13	3.347e-07	-3.2556e-07	-8.7345e-09	-5.6572e-10	-1.59e-12	3.3474e-07	-3.2546e-07	-9.3646e-09	-1.4302e-10	-2.3e-13	3.3498e-07	-3.2542e-07	-9.608e-09	-1.568e-11	-3e-13	3.3496e-07	-3.2532e-07	-9.5687e-09	1.731e-11	2.81e-12	3.3482e-07	-3.2532e-07	-9.2591e-09	7.541e-11	-1.9e-13	3.3446e-07	-3.2532e-07	-9.2647e-09	1.937e-10	7.9e-13	3.3436e-07	-3.2528e-07
0.545	-7.5723e-09	-1.359e-09	4.5e-13	3.3454e-07	-3.2554e-07	-8.4841e-09	-5.8626e-10	6e-14	3.3452e-07	-3.2542e-07	-9.0991e-09	-1.5133e-10	-1.3e-13	3.3466e-07	-3.255e-07	-9.3481e-09	-1.586e-11	-1.8e-13	3.3466e-07	-3.253e-07	-9.314e-09	2.148e-11	-1.19e-12	3.346e-07	-3.253e-07	-9.0366e-09	7.316e-11	-6.3e-13	3.3412e-07	-3.2524e-07	-8.9822e-09	1.9096e-10	-2.49e-12	3.341e-07	-3.253e-07
0.55	-7.2959e-09	-1.3979e-09	-3.1e-13	3.3428e-07	-3.2554e-07	-8.2512e-09	-6.0121e-10	4e-13	3.3426e-07	-3.2546e-07	-8.8273e-09	-1.596e-10	-5e-13	3.344e-07	-3.2544e-07	-9.0505e-09	-1.676e-11	-7.6e-13	3.345e-07	-3.2542e-07	-9.0401e-09	1.368e-11	-1.23e-12	3.3434e-07	-3.2532e-07	-8.7767e-09	6.752e-11	3.4e-13	3.3404e-07	-3.2536e-07	-8.7307e-09	1.8552e-10	1.6e-13	3.3386e-07	-3.253e-07
0.555	-7.0159e-09	-1.4338e-09	1.7e-13	3.3406e-07	-3.256e-07	-7.9505e-09	-6.21e-10	-1.44e-12	3.3402e-07	-3.2542e-07	-8.5419e-09	-1.6724e-10	7.2e-13	3.3416e-07	-3.255e-07	-8.8425e-09	-1.911e-11	-7.6e-13	3.3416e-07	-3.2536e-07	-8.7841e-09	1.55e-11	2.1e-13	3.341e-07	-3.2534e-07	-8.5573e-09	6.967e-11	7.1e-13	3.338e-07	-3.253e-07	-8.4668e-09	1.7881e-10	-6.9e-13	3.3356e-07	-3.2532e-07
0.56	-6.7234e-09	-1.4737e-09	1.7e-13	3.3374e-07	-3.2556e-07	-7.6578e-09	-6.4175e-10	-6e-13	3.3374e-07	-3.2542e-07	-8.2951e-09	-1.8173e-10	-8e-13	3.3392e-07	-3.2548e-07	-8.5515e-09	-2.412e-11	-3.4e-13	3.3402e-07	-3.2546e-07	-8.558e-09	1.659e-11	-1.4e-13	3.3382e-07	-3.2536e-07	-8.3236e-09	6.608e-11	-7.5e-13	3.3358e-07	-3.2532e-07	-8.2307e-09	1.7602e-10	-1.2e-13	3.3328e-07	-3.2524e-07
0.565	-6.428e-09	-1.5171e-09	-1.01e-12	3.3352e-07	-3.2562e-07	-7.4213e-09	-6.6016e-10	-1e-13	3.335e-07	-3.2542e-07	-8.0208e-09	-1.8893e-10	1.31e-12	3.3368e-07	-3.2538e-07	-8.3187e-09	-2.248e-11	2.36e-12	3.3376e-07	-3.2538e-07	-8.3769e-09	1.729e-11	6.4e-13	3.3362e-07	-3.2534e-07	-8.0815e-09	6.315e-11	-2.5e-13	3.3332e-07	-3.2528e-07	-8.0184e-09	1.7334e-10	2.4e-13	3.331e-07	-3.2532e-07
0.57	-6.1556e-09	-1.5611e-09	1.43e-12	3.3334e-07	-3.257e-07	-7.1801e-09	-6.8096e-10	6.3e-13	3.3336e-07	-3.2548e-07	-7.7766e-09	-1.9921e-10	-1.3e-13	3.334e-07	-3.2548e-07	-8.064e-09	-2.615e-11	-1.3e-13	3.3352e-07	-3.2542e-07	-8.1279e-09	1.332e-11	-6.3e-13	3.3348e-07	-3.2536e-07	-7.8616e-09	6.158e-11	4.3e-13	3.3316e-07	-3.2534e-07	-7.7624e-09	1.6422e-10	-1.01e-12	3.329e-07	-3.253e-07
0.575	-5.9231e-09	-1.6086e-09	-7e-13	3.3316e-07	-3.2564e-07	-6.9055e-09	-7.0157e-10	8e-14	3.3304e-07	-3.255e-07	-7.5159e-09	-2.1298e-10	-2.09e-12	3.3318e-07	-3.2544e-07	-7.8215e-09	-2.925e-11	1.18e-12	3.3322e-07	-3.2544e-07	-7.8701e-09	1.226e-11	9.3e-13	3.3314e-07	-3.2538e-07	-7.6607e-09	5.993e-11	-3.1e-13	3.3292e-07	-3.253e-07	-7.5601e-09	1.6396e-10	1.67e-12	3.3268e-07	-3.2526e-07
0.58	-5.6418e-09	-1.6544e-09	-1.58e-12	3.329e-07	-3.2562e-07	-6.6558e-09	-7.2663e-10	3.6e-13	3.3286e-07	-3.2546e-07	-7.279e-09	-2.2545e-10	7.8e-13	3.3294e-07	-3.2548e-07	-7.6024e-09	-3.209e-11	9.7e-13	3.3308e-07	-3.254e-07	-7.6654e-09	1.068e-11	1.46e-12	3.3302e-07	-3.2544e-07	-7.4481e-09	5.828e-11	-1e-14	3.327e-07	-3.253e-07	-7.3265e-09	1.5973e-10	3.1e-13	3.3246e-07	-3.2536e-07
0.585	-5.3653e-09	-1.7009e-09	1.2e-12	3.327e-07	-3.2566e-07	-6.4002e-09	-7.4254e-10	1.04e-12	3.3252e-07	-3.2544e-07	-7.0274e-09	-2.3679e-10	9e-14	3.3276e-07	-3.255e-07	-7.3548e-09	-3.227e-11	1.2e-13	3.3276e-07	-3.2536e-07	-7.4597e-09	1.376e-11	-1.95e-12	3.3272e-07	-3.2526e-07	-7.1984e-09	5.197e-11	9.5e-13	3.3244e-07	-3.2534e-07	-7.1058e-09	1.5573e-10	-1.7e-12	3.323e-07	-3.2538e-07
0.59	-5.092e-09	-1.7481e-09	-8.4e-13	3.3248e-07	-3.2562e-07	-6.17e-09	-7.6591e-10	-6.5e-13	3.3234e-07	-3.2544e-07	-6.8028e-09	-2.4847e-10	-2.11e-12	3.3248e-07	-3.2548e-07	-7.103e-09	-3.713e-11	-1.68e-12	3.326e-07	-3.2542e-07	-7.2152e-09	9.29e-12	-1e-12	3.3254e-07	-3.253e-07	-6.9957e-09	5.503e-11	8.8e-13	3.3238e-07	-3.2536e-07	-6.9156e-09	1.4982e-10	1.7e-13	3.3206e-07	-3.2526e-07
0.595	-4.8601e-09	-1.7931e-09	-8.6e-13	3.3228e-07	-3.2562e-07	-5.9101e-09	-7.915e-10	-4e-14	3.3226e-07	-3.2548e-07	-6.5842e-09	-2.6601e-10	3.1e-13	3.3226e-07	-3.2548e-07	-6.9078e-09	-4.106e-11	-6e-14	3.3234e-07	-3.2548e-07	-7.0067e-09	9.86e-12	8.3e-13	3.3242e-07	-3.2538e-07	-6.8128e-09	5.215e-11	-1.13e-12	3.321e-07	-3.2536e-07	-6.7002e-09	1.4889e-10	-5.5e-13	3.3192e-07	-3.2532e-07
0.6	-4.5961e-09	-1.8484e-09	1.58e-12	3.3208e-07	-3.256e-07	-5.715e-09	-8.1239e-10	8e-13	3.3192e-07	-3.2546e-07	-6.3196e-09	-2.766e-10	1.1e-13	3.3206e-07	-3.2544e-07	-6.7053e-09	-4.189e-11	1.5e-13	3.3222e-07	-3.2546e-07	-6.8256e-09	1.128e-11	-6.6e-13	3.3222e-07	-3.2542e-07	-6.5959e-09	4.81e-11	4.6e-13	3.3192e-07	-3.2538e-07	-6.4925e-09	1.4418e-10	-1.79e-12	3.3168e-07	-3.2532e-07
0.605	-4.3287e-09	-1.8984e-09	-1.5e-13	3.3192e-07	-3.2566e-07	-5.4531e-09	-8.3755e-10	-7.3e-13	3.3178e-07	-3.2554e-07	-6.1309e-09	-2.89e-10	-2.5e-13	3.3174e-07	-3.2536e-07	-6.4816e-09	-4.584e-11	-1.31e-12	3.3194e-07	-3.2546e-07	-6.5895e-09	3.22e-12	3.5e-13	3.32e-07	-3.2536e-07	-6.4067e-09	4.785e-11	1.5e-13	3.3174e-07	-3.2542e-07	-6.3066e-09	1.3835e-10	1.83e-12	3.3152e-07	-3.2532e-07
0.61	-4.099e-09	-1.9501e-09	-2.8e-13	3.3168e-07	-3.2572e-07	-5.2562e-09	-8.5882e-10	-1.4e-13	3.3164e-07	-3.2552e-07	-5.8955e-09	-3.0585e-10	-4e-14	3.3156e-07	-3.2538e-07	-6.2585e-09	-5.099e-11	4.6e-13	3.3174e-07	-3.2538e-07	-6.3934e-09	1.007e-11	2.06e-12	3.3184e-07	-3.2542e-07	-6.2415e-09	4.665e-11	-7e-14	3.3156e-07	-3.2542e-07	-6.1128e-09	1.3635e-10	-3.3e-13	3.3134e-07	-3.253e-07
0.615	-3.8498e-09	-2.0024e-09	-8.1e-13	3.3146e-07	-3.2562e-07	-5.0443e-09	-8.8699e-10	1.51e-12	3.3138e-07	-3.2552e-07	-5.6779e-09	-3.2134e-10	-9.1e-13	3.3144e-07	-3.2548e-07	-6.0303e-09	-5.474e-11	1.4e-12	3.3166e-07	-3.2548e-07	-6.205e-09	6.2e-12	-1.8e-12	3.3172e-07	-3.2548e-07	-6.0219e-09	4.384e-11	-6.2e-13	3.3126e-07	-3.253e-07	-5.9211e-09	1.3316e-10	1e-13	3.3112e-07	-3.2536e-07
0.62	-3.5984e-09	-2.061e-09	-1.48e-12	3.3126e-07	-3.2566e-07	-4.8211e-09	-9.0785e-10	2.2e-13	3.3126e-07	-3.2552e-07	-5.4717e-09	-3.352e-10	6.9e-13	3.3128e-07	-3.2548e-07	-5.8286e-09	-5.72e-11	7.1e-13	3.314e-07	-3.2548e-07	-5.9843e-09	4.62e-12	2.4e-13	3.3144e-07	-3.2548e-07	-5.8367e-09	4.027e-11	7.8e-13	3.3112e-07	-3.253e-07	-5.7235e-09	1.2986e-10	2.24e-12	3.3098e-07	-3.2532e-07
0.625	-3.35e-09	-2.1142e-09	5.3e-13	3.3112e-07	-3.2566e-07	-4.5989e-09	-9.348e-10	-4.1e-13	3.3104e-07	-3.2548e-07	-5.2523e-09	-3.5064e-10	-1.09e-12	3.3112e-07	-3.2552e-07	-5.6281e-09	-6.302e-11	-2.4e-13	3.3114e-07	-3.2552e-07	-5.7681e-09	2.62e-12	-2.2e-13	3.3118e-07	-3.2542e-07	-5.6805e-09	4.191e-11	8.8e-13	3.3092e-07	-3.2534e-07	-5.5502e-09	1.2449e-10	-1.12e-12	3.3072e-07	-3.2532e-07
0.63	-3.1026e-09	-2.1688e-09	-4.4e-13	3.3088e-07	-3.2562e-07	-4.3898e-09	-9.6167e-10	-4e-14	3.3084e-07	-3.255e-07	-5.0696e-09	-3.6794e-10	-3e-14	3.3094e-07	-3.255e-07	-5.4606e-09	-6.837e-11	3.6e-13	3.3102e-07	-3.2542e-07	-5.5967e-09	1.18e-12	1.5e-13	3.3102e-07	-3.2548e-07	-5.481e-09	3.956e-11	-1.27e-12	3.3072e-07	-3.2526e-07	-5.3563e-09	1.2484e-10	8.5e-13	3.3066e-07	-3.2538e-07
0.635	-2.8427e-09	-2.2332e-09	-1.02e-12	3.3076e-07	-3.2562e-07	-4.2071e-09	-9.8574e-10	-4.8e-13	3.3072e-07	-3.2552e-07	-4.8898e-09	-3.8182e-10	1.88e-12	3.3076e-07	-3.255e-07	-5.2763e-09	-7.074e-11	-1.25e-12	3.308e-07	-3.2548e-07	-5.4184e-09	5.01e-12	-1.4e-12	3.3082e-07	-3.254e-07	-5.3109e-09	3.663e-11	-5.1e-13	3.306e-07	-3.2538e-07	-5.1905e-09	1.2021e-10	-1.52e-12	3.3028e-07	-3.2524e-07
0.64	-2.6375e-09	-2.2951e-09	1.15e-12	3.3058e-07	-3.2566e-07	-4.0039e-09	-1.014e-09	-1.31e-12	3.3058e-07	-3.2552e-07	-4.6748e-09	-3.9799e-10	-2.3e-13	3.305e-07	-3.254e-07	-5.0752e-09	-7.55e-11	-1.79e-12	3.3064e-07	-3.2544e-07	-5.2234e-09	-1.96e-12	-1.3e-12	3.3062e-07	-3.2546e-07	-5.1551e-09	3.6e-11	4.6e-13	3.3042e-07	-3.2532e-07	-5.0256e-09	1.1516e-10	-6.5e-13	3.302e-07	-3.2532e-07
0.645	-2.3924e-09	-2.3572e-09	1.34e-12	3.305e-07	-3.2576e-07	-3.7892e-09	-1.04233e-09	-1.42e-12	3.3036e-07	-3.2558e-07	-4.4757e-09	-4.1618e-10	-8.2e-13	3.3036e-07	-3.255e-07	-4.8966e-09	-8.139e-11	-4.8e-13	3.304e-07	-3.2542e-07	-5.0642e-09	8e-13	-4e-13	3.3042e-07	-3.2546e-07	-4.9802e-09	3.582e-11	-1.31e-12	3.3032e-07	-3.2532e-07	-4.8535e-09	1.1462e-10	1.69e-12	3.3002e-07	-3.253e-07
0.65	-2.1774e-09	-2.4165e-09	1e-14	3.3036e-07	-3.2572e-07	-3.5974e-09	-1.07356e-09	2.7e-13	3.3024e-07	-3.256e-07	-4.2931e-09	-4.3351e-10	8.4e-13	3.3018e-07	-3.2546e-07	-4.6986e-09	-8.777e-11	-4.4e-13	3.3026e-07	-3.2544e-07	-4.8689e-09	-2.9e-12	-1.1e-13	3.3024e-07	-3.2542e-07	-4.8273e-09	3.365e-11	-1.6e-12	3.301e-07	-3.2536e-07	-4.6869e-09	1.109e-10	-9e-13	3.3e-07	-3.2546e-07
0.655	-1.925e-09	-2.4876e-09	-4.7e-13	3.3016e-07	-3.2578e-07	-3.4057e-09	-1.09938e-09	1e-12	3.3006e-07	-3.2552e-07	-4.1013e-09	-4.463e-10	-9.5e-13	3.3004e-07	-3.255e-07	-4.5594e-09	-9.033e-11	-3.8e-13	3.3006e-07	-3.2542e-07	-4.6706e-09	-5.6e-13	-1.24e-12	3.3004e-07	-3.253e-07	-4.657e-09	2.92e-11	2e-13	3.3e-07	-3.2536e-07	-4.5634e-09	1.0609e-10	-4.9e-13	3.2982e-07	-3.2536e-07
0.66	-1.7151e-09	-2.5528e-09	4e-14	3.3002e-07	-3.2578e-07	-3.2021e-09	-1.12952e-09	-1.61e-12	3.2984e-07	-3.256e-07	-3.9399e-09	-4.6433e-10	-1.39e-12	3.2988e-07	-3.2548e-07	-4.3712e-09	-1.0004e-10	-7.8e-13	3.2992e-07	-3.2546e-07	-4.5145e-09	-6.87e-12	2.7e-13	3.2982e-07	-3.2538e-07	-4.5038e-09	3.091e-11	9.1e-13	3.2982e-07	-3.253e-07	-4.3856e-09	1.0236e-10	1.98e-12	3.2956e-07	-3.2528e-07
0.665	-1.4993e-09	-2.6214e-09	-3.3e-13	3.2986e-07	-3.2574e-07	-2.9918e-09	-1.1613e-09	-1.01e-12	3.2974e-07	-3.2556e-07	-3.7643e-09	-4.8319e-10	-3e-13	3.2976e-07	-3.2548e-07	-4.1975e-09	-1.0626e-10	1.6e-13	3.2974e-07	-3.2536e-07	-4.3585e-09	-1.9e-12	3e-14	3.2982e-07	-3.2542e-07	-4.3609e-09	2.973e-11	-1.29e-12	3.2974e-07	-3.2528e-07	-4.2297e-09	1.0373e-10	-2.3e-13	3.294e-07	-3.2532e-07
0.67	-1.2594e-09	-2.6906e-09	-3.8e-13	3.2974e-07	-3.2572e-07	-2.8381e-09	-1.1963e-09	-1.44e-12	3.2962e-07	-3.256e-07	-3.5725e-09	-4.9786e-10	-2.9e-13	3.2964e-07	-3.2552e-07	-4.0555e-09	-1.1143e-10	-3e-14	3.296e-07	-3.2546e-07	-4.1836e-09	-7.05e-12	-2.43e-12	3.2958e-07	-3.2536e-07	-4.206e-09	2.677e-11	7.8e-13	3.295e-07	-3.2536e-07	-4.0776e-09	9.725e-11	-1.15e-12	3.2934e-07	-3.253e-07
0.675	-1.0752e-09	-2.7678e-09	-6.1e-13	3.2956e-07	-3.2578e-07	-2.6629e-09	-1.2299e-09	6.7e-13	3.2956e-07	-3.257e-07	-3.417e-09	-5.1467e-10	4.2e-13	3.2946e-07	-3.255e-07	-3.8643e-09	-1.1918e-10	-6e-13	3.2936e-07	-3.2542e-07	-4.0459e-09	-1.049e-11	-5e-14	3.2948e-07	-3.254e-07	-4.0641e-09	2.721e-11	-4.1e-13	3.294e-07	-3.2536e-07	-3.9419e-09	9.655e-11	9.8e-13	3.2922e-07	-3.2534e-07
0.68	-8.4168e-10	-2.8396e-09	8e-14	3.2942e-07	-3.2578e-07	-2.4656e-09	-1.2615e-09	5.9e-13	3.2926e-07	-3.256e-07	-3.2358e-09	-5.3415e-10	-4.4e-13	3.293e-07	-3.2548e-07	-3.7009e-09	-1.2787e-10	-1.14e-12	3.2922e-07	-3.2546e-07	-3.8788e-09	-9.56e-12	-4.4e-13	3.2936e-07	-3.2542e-07	-3.9124e-09	2.728e-11	-9.4e-13	3.2922e-07	-3.254e-07	-3.8157e-09	9.18e-11	-9.9e-13	3.291e-07	-3.2536e-07
0.685	-6.4172e-10	-2.9155e-09	-5.4e-13	3.2934e-07	-3.2578e-07	-2.2582e-09	-1.2978e-09	-2.39e-12	3.292e-07	-3.2554e-07	-3.076e-09	-5.5287e-10	6.4e-13	3.2918e-07	-3.2556e-07	-3.5442e-09	-1.3682e-10	7e-13	3.2906e-07	-3.2544e-07	-3.7434e-09	-9.35e-12	-1.83e-12	3.2918e-07	-3.2548e-07	-3.7555e-09	2.397e-11	-1.27e-12	3.2904e-07	-3.2532e-07	-3.6672e-09	9.285e-11	1.9e-13	3.2896e-07	-3.2536e-07
0.69	-4.0469e-10	-2.9956e-09	-7.8e-13	3.2912e-07	-3.2576e-07	-2.0921e-09	-1.3342e-09	-4.7e-13	3.2898e-07	-3.2566e-07	-2.9189e-09	-5.6719e-10	-2.1e-13	3.2898e-07	-3.255e-07	-3.3862e-09	-1.4105e-10	-1.04e-12	3.2894e-07	-3.2538e-07	-3.5845e-09	-1.389e-11	4.6e-13	3.2906e-07	-3.2544e-07	-3.6255e-09	2.205e-11	2e-14	3.2904e-07	-3.2534e-07	-3.517e-09	8.722e-11	-5.8e-13	3.2886e-07	-3.2538e-07
0.695	-1.8314e-10	-3.0776e-09	1.75e-12	3.2898e-07	-3.257e-07	-1.9261e-09	-1.375e-09	1.31e-12	3.289e-07	-3.256e-07	-2.7794e-09	-5.8644e-10	-2.93e-12	3.2888e-07	-3.2548e-07	-3.255e-09	-1.537e-10	-4.3e-13	3.2876e-07	-3.2544e-07	-3.4474e-09	-1.492e-11	7.9e-13	3.2888e-07	-3.2542e-07	-3.5114e-09	2.411e-11	2e-13	3.288e-07	-3.2532e-07	-3.3835e-09	8.323e-11	-3e-13	3.2868e-07	-3.2532e-07
0.7	3.275e-11	-3.1561e-09	-2.4e-13	3.2882e-07	-3.2576e-07	-1.7501e-09	-1.4111e-09	-7.1e-13	3.2876e-07	-3.2562e-07	-2.623e-09	-6.0609e-10	-4.9e-13	3.287e-07	-3.255e-07	-3.1025e-09	-1.6459e-10	1.68e-12	3.2872e-07	-3.2542e-07	-3.2898e-09	-1.744e-11	4.2e-13	3.288e-07	-3.2546e-07	-3.3573e-09	2.13e-11	-1.75e-12	3.2866e-07	-3.2536e-07	-3.259e-09	8.366e-11	4.5e-13	3.285e-07	-3.2532e-07
0.705	2.5968e-10	-3.247e-09	-5.9e-13	3.2876e-07	-3.2576e-07	-1.5893e-09	-1.4523e-09	-1.8e-13	3.2862e-07	-3.2556e-07	-2.454e-09	-6.2318e-10	-1.7e-13	3.2862e-07	-3.2556e-07	-2.9414e-09	-1.7108e-10	-8.1e-13	3.2858e-07	-3.2546e-07	-3.1457e-09	-1.635e-11	-1.21e-12	3.2864e-07	-3.2548e-07	-3.2194e-09	1.985e-11	3.3e-13	3.2866e-07	-3.254e-07	-3.1243e-09	7.959e-11	-2.31e-12	3.284e-07	-3.2532e-07
0.71	4.4838e-10	-3.333e-09	-3.1e-13	3.2864e-07	-3.258e-07	-1.4213e-09	-1.4922e-09	2.1e-13	3.285e-07	-3.2566e-07	-2.3248e-09	-6.4243e-10	-1.13e-12	3.2854e-07	-3.2554e-07	-2.8075e-09	-1.8361e-10	-1.13e-12	3.2852e-07	-3.2542e-07	-3.0138e-09	-2.128e-11	2.5e-13	3.2848e-07	-3.2546e-07	-3.0968e-09	1.957e-11	3.5e-13	3.2844e-07	-3.2534e-07	-3.0218e-09	7.592e-11	-9e-13	3.2834e-07	-3.2538e-07
0.715	6.9184e-10	-3.4232e-09	-1.8e-13	3.2852e-07	-3.258e-07	-1.2388e-09	-1.5338e-09	5e-14	3.2838e-07	-3.2562e-07	-2.1821e-09	-6.6451e-10	7e-13	3.2838e-07	-3.2546e-07	-2.6761e-09	-1.9351e-10	4.3e-13	3.2828e-07	-3.2546e-07	-2.8803e-09	-2.15e-11	6.7e-13	3.284e-07	-3.2554e-07	-2.9719e-09	2.061e-11	-3e-13	3.2836e-07	-3.2538e-07	-2.8876e-09	7.528e-11	8.4e-13	3.2816e-07	-3.2536e-07
0.72	9.3462e-10	-3.5198e-09	-2.1e-12	3.2844e-07	-3.2584e-07	-1.0647e-09	-1.5752e-09	7e-14	3.2818e-07	-3.2562e-07	-2.0155e-09	-6.857e-10	1.48e-12	3.2822e-07	-3.2556e-07	-2.5264e-09	-2.0666e-10	-4.6e-13	3.2822e-07	-3.2554e-07	-2.7378e-09	-2.297e-11	-9.5e-13	3.2828e-07	-3.256e-07	-2.8388e-09	1.766e-11	-4.6e-13	3.2816e-07	-3.254e-07	-2.7699e-09	7.368e-11	-1.14e-12	3.281e-07	-3.254e-07
0.725	1.1518e-09	-3.6072e-09	-1.86e-12	3.2824e-07	-3.2582e-07	-9.0633e-10	-1.621e-09	2.5e-13	3.2814e-07	-3.2556e-07	-1.8755e-09	-7.0356e-10	-6.5e-13	3.281e-07	-3.2562e-07	-2.4002e-09	-2.1391e-10	3.5e-13	3.281e-07	-3.2546e-07	-2.6224e-09	-2.862e-11	1.07e-12	3.2818e-07	-3.2554e-07	-2.7085e-09	1.551e-11	-6.5e-13	3.2808e-07	-3.2538e-07	-2.6672e-09	7.019e-11	-9.2e-13	3.2796e-07	-3.254e-07
0.73	1.3591e-09	-3.7077e-09	9.6e-13	3.2814e-07	-3.2586e-07	-7.4694e-10	-1.6663e-09	-8.5e-13	3.2798e-07	-3.2562e-07	-1.7444e-09	-7.276e-10	-7.6e-13	3.2802e-07	-3.2558e-07	-2.2562e-09	-2.3104e-10	4e-13	3.28e-07	-3.2548e-07	-2.5087e-09	-2.997e-11	4.3e-13	3.2804e-07	-3.2556e-07	-2.5917e-09	1.714e-11	-6.1e-13	3.2794e-07	-3.2532e-07	-2.5141e-09	6.63e-11	1.09e-12	3.2788e-07	-3.2538e-07
0.735	1.5701e-09	-3.8033e-09	-1.7e-13	3.2806e-07	-3.2578e-07	-8.1395e-10	-1.7113e-09	-7.1e-13	3.282e-07	-3.257e-07	-1.6037e-09	-7.4941e-10	-2.5e-13	3.2784e-07	-3.2556e-07	-2.1414e-09	-2.4239e-10	6.8e-13	3.2784e-07	-3.2546e-07	-2.38e-09	-3.074e-11	9e-14	3.2798e-07	-3.2554e-07	-2.4616e-09	1.517e-11	-1.28e-12	3.2778e-07	-3.2536e-07	-2.4327e-09	6.781e-11	-8.1e-13	3.2772e-07	-3.2544e-07
0.74	1.7857e-09	-3.9053e-09	-1.44e-12	3.28e-07	-3.2584e-07	-6.5253e-10	-1.7636e-09	-3.6e-13	3.2784e-07	-3.2572e-07	-1.4585e-09	-7.7053e-10	7.1e-13	3.2774e-07	-3.2554e-07	-2.0184e-09	-2.5441e-10	6e-13	3.2774e-07	-3.2546e-07	-2.2692e-09	-3.452e-11	-8e-13	3.2784e-07	-3.2562e-07	-2.3258e-09	1.334e-11	-1.7e-13	3.2774e-07	-3.2542e-07	-2.3053e-09	6.262e-11	-1.47e-12	3.2766e-07	-3.2538e-07
0.745	2.0085e-09	-4.0067e-09	-5.4e-13	3.278e-07	-3.2584e-07	-2.7248e-10	-1.8116e-09	7.6e-13	3.277e-07	-3.2564e-07	-1.3254e-09	-7.9135e-10	-8.2e-13	3.2766e-07	-3.2558e-07	-1.8858e-09	-2.6851e-10	-3.5e-13	3.2762e-07	-3.2544e-07	-2.139e-09	-4.161e-11	5.1e-13	3.2768e-07	-3.255e-07	-2.2188e-09	1.213e-11	1.73e-12	3.2766e-07	-3.2532e-07	-2.203e-09	6.123e-11	9e-14	3.2754e-07	-3.2542e-07
0.75	2.2257e-09	-4.1151e-09	1.2e-13	3.277e-07	-3.2576e-07	-1.1086e-10	-1.86e-09	-4.7e-13	3.2756e-07	-3.2556e-07	-1.1931e-09	-8.1644e-10	-5.1e-13	3.2752e-07	-3.2552e-07	-1.7535e-09	-2.8374e-10	1.2e-13	3.2756e-07	-3.255e-07	-2.021e-09	-4.175e-11	6.8e-13	3.276e-07	-3.2548e-07	-2.1126e-09	1.423e-11	1.47e-12	3.2754e-07	-3.2548e-07	-2.1026e-09	5.728e-11	-6.2e-13	3.2748e-07	-3.2542e-07
0.755	2.4358e-09	-4.2253e-09	3.4e-13	3.2762e-07	-3.2582e-07	4.724e-11	-1.9111e-09	-1.72e-12	3.2752e-07	-3.2572e-07	-1.0619e-09	-8.4083e-10	1.42e-12	3.2746e-07	-3.256e-07	-1.6455e-09	-2.9901e-10	1.41e-12	3.2744e-07	-3.2562e-07	-1.9151e-09	-4.426e-11	-3.9e-13	3.275e-07	-3.2558e-07	-1.9986e-09	8.97e-12	-1.1e-12	3.2748e-07	-3.255e-07	-2.0122e-09	5.931e-11	-8e-14	3.2736e-07	-3.2538e-07
0.76	2.6598e-09	-4.3415e-09	-4.4e-13	3.2748e-07	-3.2576e-07	2.0636e-10	-1.9686e-09	4.4e-13	3.2742e-07	-3.2568e-07	-9.2517e-10	-8.6209e-10	-7.1e-13	3.2736e-07	-3.2562e-07	-1.5129e-09	-3.0908e-10	-4e-14	3.2728e-07	-3.255e-07	-1.8065e-09	-5.025e-11	-4.4e-13	3.2748e-07	-3.2552e-07	-1.8931e-09	9.51e-12	-1.4e-13	3.2732e-07	-3.2546e-07	-1.9036e-09	5.53e-11	-4.9e-13	3.273e-07	-3.2552e-07
0.765	2.878e-09	-4.4541e-09	-4e-13	3.2742e-07	-3.2578e-07	3.55e-10	-2.021e-09	-4.8e-13	3.2734e-07	-3.2566e-07	-8.0607e-10	-8.8812e-10	-6.4e-13	3.2724e-07	-3.2558e-07	-1.3937e-09	-3.2762e-10	-1.87e-12	3.2718e-07	-3.2552e-07	-1.6997e-09	-5.306e-11	-2.2e-13	3.2726e-07	-3.255e-07	-1.7729e-09	8.87e-12	2e-13	3.272e-07	-3.2542e-07	-1.7936e-09	5.279e-11	-2.3e-13	3.2714e-07	-3.2544e-07
0.77	3.106e-09	-4.5766e-09	1.2e-13	3.2728e-07	-3.2582e-07	5.1424e-10	-2.0738e-09	-1.43e-12	3.2724e-07	-3.257e-07	-6.7154e-10	-9.1408e-10	6.4e-13	3.2714e-07	-3.256e-07	-1.2819e-09	-3.4165e-10	1.17e-12	3.2718e-07	-3.2546e-07	-1.5915e-09	-5.885e-11	1.9e-13	3.2724e-07	-3.2556e-07	-1.6814e-09	8.77e-12	-1.27e-12	3.271e-07	-3.2548e-07	-1.7057e-09	5.478e-11	-1.4e-13	3.2704e-07	-3.254e-07
0.775	3.3061e-09	-4.6879e-09	2.3e-13	3.2732e-07	-3.259e-07	6.7064e-10	-2.1341e-09	-1.25e-12	3.2718e-07	-3.2568e-07	-5.4185e-10	-9.3677e-10	6.6e-13	3.2706e-07	-3.2562e-07	-1.1664e-09	-3.5506e-10	-5.6e-13	3.2702e-07	-3.2556e-07	-1.4868e-09	-5.961e-11	-1.53e-12	3.2714e-07	-3.256e-07	-1.5668e-09	5.77e-12	-9e-13	3.2704e-07	-3.2554e-07	-1.5937e-09	4.985e-11	-2.1e-12	3.2712e-07	-3.2548e-07
0.78	3.5184e-09	-4.8168e-09	-1.57e-12	3.2724e-07	-3.2588e-07	8.1893e-10	-2.1912e-09	1.01e-12	3.2712e-07	-3.257e-07	-4.159e-10	-9.6653e-10	2.7e-13	3.27e-07	-3.2562e-07	-1.0496e-09	-3.7125e-10	-1.32e-12	3.2694e-07	-3.2554e-07	-1.3815e-09	-6.947e-11	-7.5e-13	3.2704e-07	-3.256e-07	-1.4771e-09	4.25e-12	1e-12	3.2702e-07	-3.255e-07	-1.5063e-09	4.79e-11	-5.6e-13	3.269e-07	-3.2554e-07
0.785	3.7445e-09	-4.9443e-09	3.5e-13	3.2704e-07	-3.259e-07	9.7268e-10	-2.2508e-09	7.2e-13	3.27e-07	-3.2574e-07	-2.9324e-10	-9.9244e-10	1.6e-12	3.2686e-07	-3.2554e-07	-9.3944e-10	-3.8591e-10	-4.9e-13	3.2688e-07	-3.2554e-07	-1.2934e-09	-6.942e-11	6.8e-13	3.2684e-07	-3.2554e-07	-1.3843e-09	5.67e-12	-8.5e-13	3.2688e-07	-3.2554e-07	-1.4041e-09	4.743e-11	2.2e-13	3.2678e-07	-3.2546e-07
0.79	3.9496e-09	-5.0734e-09	-9.2e-13	3.27e-07	-3.2584e-07	1.117e-09	-2.3091e-09	-1.16e-12	3.2694e-07	-3.2576e-07	-1.789e-10	-1.01804e-09	4.4e-13	3.2678e-07	-3.2558e-07	-8.3313e-10	-4.0041e-10	-2.9e-13	3.2676e-07	-3.2548e-07	-1.1881e-09	-7.604e-11	-1.55e-12	3.2676e-07	-3.2548e-07	-1.2767e-09	1.89e-12	6e-14	3.2682e-07	-3.2556e-07	-1.3078e-09	4.644e-11	-5.8e-13	3.267e-07	-3.255e-07
0.795	4.1896e-09	-5.2074e-09	-7.9e-13	3.2692e-07	-3.259e-07	1.281e-09	-2.3772e-09	-1.13e-12	3.2678e-07	-3.2572e-07	-5.888e-11	-1.04664e-09	-1.8e-12	3.2676e-07	-3.256e-07	-7.2463e-10	-4.1742e-10	-1.26e-12	3.267e-07	-3.255e-07	-1.0872e-09	-8.233e-11	-2.7e-13	3.2676e-07	-3.255e-07	-1.1882e-09	9.8e-13	5.4e-13	3.2666e-07	-3.2556e-07	-1.2307e-09	4.193e-11	-1.13e-12	3.2666e-07	-3.255e-07
0.8	4.4061e-09	-5.3435e-09	-6.1e-13	3.2674e-07	-3.2588e-07	1.4344e-09	-2.4442e-09	1.11e-12	3.2682e-07	-3.2574e-07	4.818e-11	-1.0761e-09	-3.5e-13	3.2666e-07	-3.2562e-07	-6.1667e-10	-4.3395e-10	-8.5e-13	3.2666e-07	-3.2558e-07	-9.942e-10	-8.844e-11	-3.8e-13	3.2662e-07	-3.2556e-07	-1.0874e-09	-1.02e-12	3.1e-13	3.2662e-07	-3.2552e-07	-1.128e-09	4.182e-11	9.7e-13	3.2658e-07	-3.2546e-07
0.805	4.6363e-09	-5.4856e-09	-8.2e-13	3.2678e-07	-3.2596e-07	1.586e-09	-2.5079e-09	1e-13	3.2662e-07	-3.258e-07	1.6403e-10	-1.10891e-09	5.3e-13	3.2658e-07	-3.2564e-07	-5.1979e-10	-4.51e-10	7.7e-13	3.2656e-07	-3.256e-07	-9.1073e-10	-9.336e-11	1.76e-12	3.2662e-07	-3.2556e-07	-1.0042e-09	1.6e-12	-7.6e-13	3.2656e-07	-3.2554e-07	-1.0453e-09	4.181e-11	-8.1e-13	3.2642e-07	-3.255e-07
0.81	4.8617e-09	-5.6231e-09	1e-13	3.2664e-07	-3.2584e-07	1.7391e-09	-2.5731e-09	-1.5e-13	3.2654e-07	-3.2574e-07	2.7794e-10	-1.13322e-09	-6.1e-13	3.2646e-07	-3.2562e-07	-4.1382e-10	-4.6361e-10	-7.2e-13	3.2638e-07	-3.256e-07	-8.1137e-10	-9.859e-11	1.1e-13	3.2648e-07	-3.2562e-07	-9.1357e-10	-2.5e-12	-2e-13	3.2644e-07	-3.255e-07	-9.5917e-10	3.526e-11	-1.4e-12	3.2638e-07	-3.255e-07
0.815	5.0832e-09	-5.7717e-09	-1.11e-12	3.2656e-07	-3.259e-07	1.8873e-09	-2.6429e-09	3e-13	3.2644e-07	-3.2572e-07	4.0332e-10	-1.1689e-09	-3.8e-13	3.2632e-07	-3.2558e-07	-3.1254e-10	-4.8368e-10	8e-14	3.2638e-07	-3.2556e-07	-7.2392e-10	-1.0669e-10	-1.4e-13	3.2636e-07	-3.2552e-07	-8.2207e-10	-3.54e-12	5.9e-13	3.2644e-07	-3.256e-07	-8.5413e-10	3.485e-11	5e-14	3.2634e-07	-3.255e-07
0.82	5.3283e-09	-5.9155e-09	3e-14	3.2642e-07	-3.2588e-07	2.0683e-09	-2.7184e-09	-1.9e-13	3.2654e-07	-3.2574e-07	5.0661e-10	-1.2019e-09	-1.2e-12	3.2634e-07	-3.2568e-07	-2.1177e-10	-4.9813e-10	4.6e-13	3.263e-07	-3.2562e-07	-6.2249e-10	-1.1555e-10	4e-14	3.262e-07	-3.255e-07	-7.2591e-10	-2.19e-12	-9.4e-13	3.263e-07	-3.256e-07	-7.8267e-10	3.684e-11	-1.3e-13	3.2626e-07	-3.2554e-07
0.825	5.5543e-09	-6.0723e-09	2.9e-13	3.265e-07	-3.2592e-07	2.2147e-09	-2.7896e-09	9e-14	3.2632e-07	-3.2572e-07	6.2257e-10	-1.2395e-09	-8.1e-13	3.2628e-07	-3.2558e-07	-1.098e-10	-5.1486e-10	-8e-13	3.261e-07	-3.2548e-07	-5.2084e-10	-1.2132e-10	1.01e-12	3.2618e-07	-3.2556e-07	-6.4906e-10	-6.73e-12	-8.7e-13	3.2618e-07	-3.2564e-07	-6.6531e-10	3.098e-11	-1.23e-12	3.2618e-07	-3.2552e-07
0.83	5.7935e-09	-6.2218e-09	7.7e-13	3.2642e-07	-3.2596e-07	2.3781e-09	-2.8634e-09	-8.6e-13	3.2626e-07	-3.2588e-07	7.419e-10	-1.2697e-09	-2.9e-13	3.2618e-07	-3.2564e-07	-3.69e-12	-5.3228e-10	-8.9e-13	3.2604e-07	-3.2556e-07	-4.4284e-10	-1.287e-10	-7.5e-13	3.261e-07	-3.256e-07	-5.5892e-10	-9.38e-12	4.4e-13	3.2618e-07	-3.2562e-07	-6.0474e-10	3.062e-11	9.7e-13	3.2608e-07	-3.255e-07
0.835	6.033e-09	-6.3865e-09	-1.74e-12	3.262e-07	-3.259e-07	2.525e-09	-2.9411e-09	-6.7e-13	3.262e-07	-3.258e-07	8.704e-10	-1.3058e-09	-1.85e-12	3.2602e-07	-3.2564e-07	8.527e-11	-5.5088e-10	1.6e-13	3.2604e-07	-3.2548e-07	-3.354e-10	-1.4031e-10	1e-14	3.2602e-07	-3.255e-07	-4.7452e-10	-6.7e-12	-1.63e-12	3.2604e-07	-3.2556e-07	-5.1426e-10	3.05e-11	-7.3e-13	3.2594e-07	-3.2556e-07
0.84	6.2927e-09	-6.5457e-09	3.5e-13	3.2626e-07	-3.2598e-07	2.6769e-09	-3.0207e-09	8.9e-13	3.2604e-07	-3.257e-07	9.8986e-10	-1.3456e-09	-7e-14	3.2604e-07	-3.2562e-07	1.856e-10	-5.6815e-10	8.8e-13	3.2584e-07	-3.2546e-07	-2.3848e-10	-1.4739e-10	1.12e-12	3.26e-07	-3.256e-07	-3.7048e-10	-1.355e-11	-1.02e-12	3.2602e-07	-3.2556e-07	-5.1512e-10	2.929e-11	-1.85e-12	3.2604e-07	-3.256e-07
0.845	6.5142e-09	-6.7042e-09	5.7e-13	3.2618e-07	-3.2602e-07	2.8399e-09	-3.1005e-09	-3e-13	3.2588e-07	-3.2572e-07	1.0994e-09	-1.383e-09	-5e-13	3.2594e-07	-3.2566e-07	2.8413e-10	-5.8581e-10	-4.1e-13	3.2578e-07	-3.2548e-07	-1.4831e-10	-1.5663e-10	-1.1e-13	3.259e-07	-3.2562e-07	-2.8487e-10	-1.231e-11	-8.8e-13	3.2582e-07	-3.2556e-07	-4.3006e-10	2.705e-11	-1.22e-12	3.2586e-07	-3.2554e-07
0.85	6.7559e-09	-6.8703e-09	-6.3e-13	3.26e-07	-3.2588e-07	3.0022e-09	-3.1843e-09	-1.97e-12	3.2582e-07	-3.2576e-07	1.2145e-09	-1.4225e-09	1e-13	3.2598e-07	-3.2574e-07	4.0926e-10	-6.0711e-10	-1.26e-12	3.2572e-07	-3.255e-07	-6.383e-11	-1.6555e-10	-1.55e-12	3.2582e-07	-3.2562e-07	-2.2189e-10	-1.588e-11	4.3e-13	3.2582e-07	-3.2562e-07	-3.2678e-10	2.505e-11	-5.2e-13	3.2592e-07	-3.2556e-07
0.855	7.0191e-09	-7.0454e-09	-2.1e-13	3.2602e-07	-3.2588e-07	3.1767e-09	-3.2752e-09	3.2e-13	3.2582e-07	-3.2572e-07	1.3444e-09	-1.4613e-09	-1.6e-13	3.257e-07	-3.2562e-07	4.8278e-10	-6.2426e-10	1.3e-12	3.2568e-07	-3.2552e-07	3.152e-11	-1.7947e-10	7.5e-13	3.2584e-07	-3.2566e-07	-1.3247e-10	-1.516e-11	-6.2e-13	3.2574e-07	-3.2558e-07	-2.4364e-10	2.664e-11	-1.32e-12	3.2576e-07	-3.256e-07
0.86	7.2976e-09	-7.231e-09	3.4e-13	3.2594e-07	-3.26e-07	3.3405e-09	-3.3565e-09	-4.6e-13	3.257e-07	-3.2572e-07	1.4646e-09	-1.5059e-09	-1.12e-12	3.2566e-07	-3.256e-07	5.8615e-10	-6.4437e-10	-6.6e-13	3.2554e-07	-3.2548e-07	1.4446e-10	-1.8671e-10	-8.5e-13	3.2562e-07	-3.2554e-07	-2.942e-11	-2.2e-11	-9.9e-13	3.257e-07	-3.2556e-07	-1.4368e-10	2.117e-11	8.7e-13	3.2566e-07	-3.2556e-07
0.865	7.5753e-09	-7.4171e-09	-3.6e-13	3.2586e-07	-3.2596e-07	3.5188e-09	-3.4485e-09	-5.2e-13	3.2572e-07	-3.258e-07	1.5932e-09	-1.5479e-09	-4.2e-13	3.2562e-07	-3.2568e-07	6.9771e-10	-6.6639e-10	-1.31e-12	3.2554e-07	-3.2556e-07	2.277e-10	-1.9978e-10	-8.4e-13	3.256e-07	-3.256e-07	4.418e-11	-2.23e-11	8.5e-13	3.2564e-07	-3.2556e-07	1.792e-11	2.177e-11	2.9e-13	3.255e-07	-3.256e-07
0.87	7.8489e-09	-7.5971e-09	-2.56e-12	3.2576e-07	-3.2602e-07	3.6932e-09	-3.5391e-09	-1.5e-13	3.2564e-07	-3.2588e-07	1.726e-09	-1.5911e-09	-6.3e-13	3.256e-07	-3.257e-07	8.0092e-10	-6.8659e-10	-4e-13	3.2552e-07	-3.2566e-07	3.1936e-10	-2.1245e-10	-3.1e-13	3.2556e-07	-3.2566e-07	1.2075e-10	-2.31e-11	-1.41e-12	3.2548e-07	-3.2556e-07	8.787e-11	2.107e-11	7.7e-13	3.2536e-07	-3.2554e-07
0.875	8.117e-09	-7.779e-09	-5.9e-13	3.2564e-07	-3.26e-07	3.8855e-09	-3.6357e-09	1.5e-13	3.2562e-07	-3.2578e-07	1.8608e-09	-1.6342e-09	-2.6e-13	3.2554e-07	-3.2572e-07	9.1974e-10	-7.0549e-10	-5.8e-13	3.2546e-07	-3.2568e-07	4.2742e-10	-2.2341e-10	9.3e-13	3.2548e-07	-3.257e-07	2.2555e-10	-2.81e-11	-7.9e-13	3.2546e-07	-3.256e-07	1.8825e-10	1.996e-11	-1.5e-12	3.2534e-07	-3.2558e-07
0.88	8.3785e-09	-7.9785e-09	-8e-13	3.2558e-07	-3.26e-07	4.0763e-09	-3.7285e-09	3.7e-13	3.2558e-07	-3.2584e-07	1.9985e-09	-1.6821e-09	-1.17e-12	3.253e-07	-3.2578e-07	1.0269e-09	-7.2522e-10	-5.9e-13	3.2536e-07	-3.256e-07	5.2947e-10	-2.3564e-10	1.2e-13	3.2544e-07	-3.257e-07	3.0933e-10	-3.065e-11	5.3e-13	3.2536e-07	-3.2568e-07	2.819e-10	1.651e-11	-1.25e-12	3.2526e-07	-3.2556e-07
0.885	8.6734e-09	-8.1642e-09	-5e-13	3.2552e-07	-3.26e-07	4.2757e-09	-3.8273e-09	5.1e-13	3.2546e-07	-3.259e-07	2.1354e-09	-1.7302e-09	3.7e-13	3.2528e-07	-3.2574e-07	1.1465e-09	-7.4891e-10	-2.11e-12	3.2528e-07	-3.2572e-07	6.3048e-10	-2.494e-10	-1.5e-13	3.2536e-07	-3.2566e-07	4.1162e-10	-3.187e-11	-1.76e-12	3.2528e-07	-3.2572e-07	3.8691e-10	1.874e-11	6.4e-13	3.2518e-07	-3.2558e-07
0.89	8.9669e-09	-8.3696e-09	-8.2e-13	3.2544e-07	-3.2608e-07	4.4765e-09	-3.9336e-09	-5.7e-13	3.2536e-07	-3.258e-07	2.2763e-09	-1.7763e-09	-3.5e-13	3.2518e-07	-3.2566e-07	1.2591e-09	-7.699e-10	-9.6e-13	3.2512e-07	-3.2566e-07	7.4854e-10	-2.6407e-10	3.4e-13	3.2516e-07	-3.2574e-07	5.1482e-10	-3.497e-11	-1.4e-13	3.2516e-07	-3.2566e-07	4.8159e-10	1.748e-11	-1.52e-12	3.251e-07	-3.2562e-07
0.895	9.2526e-09	-8.5733e-09	7.8e-13	3.2528e-07	-3.2598e-07	4.6813e-09	-4.0375e-09	1.05e-12	3.2516e-07	-3.2584e-07	2.4311e-09	-1.8287e-09	-6.3e-13	3.2514e-07	-3.2568e-07	1.3824e-09	-7.9322e-10	5.6e-13	3.2506e-07	-3.2566e-07	8.6227e-10	-2.7437e-10	-1.7e-13	3.251e-07	-3.2566e-07	6.2153e-10	-4.03e-11	1.2e-13	3.2504e-07	-3.2564e-07	5.8769e-10	1.431e-11	-2.7e-13	3.25e-07	-3.256e-07
0.9	9.5605e-09	-8.774e-09	8.6e-13	3.2522e-07	-3.26e-07	4.8989e-09	-4.1436e-09	4.8e-13	3.2516e-07	-3.2584e-07	2.583e-09	-1.8779e-09	-6.6e-13	3.25e-07	-3.257e-07	1.5122e-09	-8.124e-10	3e-13	3.25e-07	-3.257e-07	9.8696e-10	-2.8982e-10	-9.9e-13	3.2498e-07	-3.257e-07	7.3242e-10	-4.288e-11	-7e-13	3.2498e-07	-3.2564e-07	7.0197e-10	1.44e-11	1.78e-12	3.2492e-07	-3.2558e-07
