vd	id_vg = 0.0V	ig_vg = 0.0V	is_vg = 0.0V	iavdd_vg = 0.0V	ignd_vg = 0.0V	id_vg = 0.15V	ig_vg = 0.15V	is_vg = 0.15V	iavdd_vg = 0.15V	ignd_vg = 0.15V	id_vg = 0.3V	ig_vg = 0.3V	is_vg = 0.3V	iavdd_vg = 0.3V	ignd_vg = 0.3V	id_vg = 0.45V	ig_vg = 0.45V	is_vg = 0.45V	iavdd_vg = 0.45V	ignd_vg = 0.45V	id_vg = 0.6V	ig_vg = 0.6V	is_vg = 0.6V	iavdd_vg = 0.6V	ignd_vg = 0.6V	id_vg = 0.75V	ig_vg = 0.75V	is_vg = 0.75V	iavdd_vg = 0.75V	ignd_vg = 0.75V	id_vg = 0.9V	ig_vg = 0.9V	is_vg = 0.9V	iavdd_vg = 0.9V	ignd_vg = 0.9V
0	-1.5193e-10	-3.4e-12	9.769e-11	3.2212e-07	-3.2194e-07	-1.5161e-08	1.7113e-10	1.48794e-08	3.212e-07	-3.2116e-07	-1.8731e-06	1.0336e-09	1.9197e-06	3.2128e-07	-3.2116e-07	-2.6268e-05	5.7587e-09	3.943e-05	3.2128e-07	-3.2126e-07	-2.8098e-05	2.19114e-08	5.6162e-05	3.2106e-07	-3.2094e-07	-0.00012604	7.98916e-08	0.00012486	3.2184e-07	-3.2172e-07	-0.00014006	3.284e-07	0.00014156	3.2284e-07	-3.2274e-07
0.005	4.9733e-10	-4.94e-12	-5.3302e-10	3.2208e-07	-3.2204e-07	8.08018e-08	1.6853e-10	-8.11022e-08	3.2118e-07	-3.2106e-07	1.01071e-05	1.0024e-09	-1.00976e-05	3.2076e-07	-3.2064e-07	6.84e-05	5.6088e-09	-0.00022426	3.2134e-07	-3.2124e-07	0.0005639	2.13814e-08	-0.0005677	3.2092e-07	-3.2086e-07	0.00074544	7.76752e-08	-0.00074318	3.2176e-07	-3.2178e-07	0.00082718	3.1842e-07	-0.00082834	3.2274e-07	-3.2278e-07
0.01	1.04187e-09	-6.89e-12	-1.06383e-09	3.2202e-07	-3.2208e-07	1.614e-07	1.6123e-10	-1.615e-07	3.2128e-07	-3.2118e-07	2.0446e-05	9.7408e-10	-2.0444e-05	3.2116e-07	-3.2122e-07	0.00047462	5.4619e-09	-0.0004752	3.2124e-07	-3.2122e-07	0.0012266	2.08408e-08	-0.0012262	3.2096e-07	-3.2088e-07	0.0016194	7.55514e-08	-0.0016202	3.2166e-07	-3.215e-07	0.0018108	3.0854e-07	-0.0018124	3.2258e-07	-3.2242e-07
0.015	1.4832e-09	-9.7e-12	-1.4959e-09	3.222e-07	-3.2204e-07	2.2724e-07	1.5795e-10	-2.276e-07	3.2124e-07	-3.2124e-07	2.906e-05	9.3922e-10	-2.9064e-05	3.213e-07	-3.2122e-07	0.00070384	5.3218e-09	-0.00070448	3.2068e-07	-3.2058e-07	0.0018624	2.03322e-08	-0.00186	3.2092e-07	-3.2082e-07	0.002478	7.351e-08	-0.002477	3.2162e-07	-3.2156e-07	0.0027726	2.9916e-07	-0.0027718	3.2254e-07	-3.2246e-07
0.02	1.8623e-09	-1.341e-11	-1.8598e-09	3.219e-07	-3.2198e-07	2.8272e-07	1.5378e-10	-2.8254e-07	3.2068e-07	-3.207e-07	3.6442e-05	9.1486e-10	-3.6432e-05	3.2124e-07	-3.2118e-07	0.00092026	5.1904e-09	-0.00092158	3.2126e-07	-3.2116e-07	0.0024922	1.9828e-08	-0.0024938	3.2086e-07	-3.209e-07	0.0033412	7.15302e-08	-0.0033396	3.2156e-07	-3.2152e-07	0.0037448	2.8998e-07	-0.0037458	3.2178e-07	-3.2236e-07
0.025	2.1708e-09	-1.617e-11	-2.1538e-09	3.2198e-07	-3.22e-07	3.2754e-07	1.5225e-10	-3.275e-07	3.2124e-07	-3.2122e-07	4.262e-05	8.9726e-10	-4.2592e-05	3.213e-07	-3.2058e-07	0.00111734	5.0654e-09	-0.00111636	3.207e-07	-3.2124e-07	0.0031032	1.9342e-08	-0.0031032	3.2102e-07	-3.2084e-07	0.0041864	6.96116e-08	-0.0041812	3.2082e-07	-3.2148e-07	0.0046972	2.8116e-07	-0.0047018	3.2246e-07	-3.22e-07
0.03	2.4338e-09	-1.942e-11	-2.4001e-09	3.2204e-07	-3.2194e-07	3.6528e-07	1.4955e-10	-3.6534e-07	3.2128e-07	-3.2136e-07	4.784e-05	8.7651e-10	-4.7878e-05	3.2124e-07	-3.2118e-07	0.0013012	4.9455e-09	-0.0013008	3.2068e-07	-3.2062e-07	0.0037052	1.8874e-08	-0.003706	3.2094e-07	-3.2096e-07	0.0050314	6.77472e-08	-0.00503	3.2158e-07	-3.2158e-07	0.0056652	2.7276e-07	-0.0056676	3.2242e-07	-3.2234e-07
0.035	2.6443e-09	-2.298e-11	-2.606e-09	3.2196e-07	-3.2202e-07	3.9652e-07	1.4179e-10	-3.9638e-07	3.2128e-07	-3.2136e-07	5.2252e-05	8.5163e-10	-5.222e-05	3.2112e-07	-3.2116e-07	0.001469	4.8304e-09	-0.0014684	3.2118e-07	-3.2124e-07	0.004285	1.8433e-08	-0.0042858	3.2092e-07	-3.2092e-07	0.0058592	6.59556e-08	-0.005857	3.2154e-07	-3.2152e-07	0.0066156	2.646e-07	-0.0066118	3.223e-07	-3.2238e-07
0.04	2.8322e-09	-2.876e-11	-2.7704e-09	3.22e-07	-3.2198e-07	4.2222e-07	1.3821e-10	-4.2244e-07	3.2128e-07	-3.213e-07	5.593e-05	8.3202e-10	-5.5938e-05	3.2116e-07	-3.2122e-07	0.0016218	4.7258e-09	-0.0016194	3.2068e-07	-3.2064e-07	0.0048534	1.79862e-08	-0.004853	3.2092e-07	-3.2028e-07	0.00668	6.42404e-08	-0.0066802	3.2154e-07	-3.2142e-07	0.0075592	2.5678e-07	-0.0075584	3.2242e-07	-3.223e-07
0.045	2.9849e-09	-3.029e-11	-2.9132e-09	3.22e-07	-3.2196e-07	4.4352e-07	1.3792e-10	-4.4394e-07	3.2124e-07	-3.2134e-07	5.9066e-05	8.1288e-10	-5.9096e-05	3.2118e-07	-3.2122e-07	0.0017628	4.6212e-09	-0.0017622	3.2122e-07	-3.2112e-07	0.0054106	1.75654e-08	-0.0054118	3.209e-07	-3.2102e-07	0.0075058	6.25118e-08	-0.007506	3.2156e-07	-3.2146e-07	0.0085124	2.4898e-07	-0.0085124	3.2226e-07	-3.2228e-07
0.05	3.1072e-09	-3.782e-11	-3.03e-09	3.2202e-07	-3.2202e-07	4.618e-07	1.3671e-10	-4.6198e-07	3.208e-07	-3.2082e-07	6.1744e-05	7.9845e-10	-6.1734e-05	3.2068e-07	-3.2122e-07	0.0018894	4.5212e-09	-0.0018888	3.2116e-07	-3.2128e-07	0.0059484	1.71636e-08	-0.005947	3.2088e-07	-3.2088e-07	0.0083122	6.0881e-08	-0.0083102	3.2146e-07	-3.215e-07	0.0094476	2.4164e-07	-0.0094478	3.223e-07	-3.2174e-07
0.055	3.2212e-09	-3.893e-11	-3.1244e-09	3.2124e-07	-3.2136e-07	4.762e-07	1.3359e-10	-4.765e-07	3.2076e-07	-3.2134e-07	6.3964e-05	7.8676e-10	-6.4e-05	3.2064e-07	-3.2118e-07	0.002007	4.4341e-09	-0.0020068	3.2122e-07	-3.2124e-07	0.006476	1.6764e-08	-0.0064746	3.2092e-07	-3.209e-07	0.0091204	5.92884e-08	-0.0091208	3.2146e-07	-3.215e-07	0.010393	2.344e-07	-0.0103952	3.2226e-07	-3.2232e-07
0.06	3.3117e-09	-4.64e-11	-3.203e-09	3.208e-07	-3.2086e-07	4.8928e-07	1.2877e-10	-4.8962e-07	3.212e-07	-3.2128e-07	6.5842e-05	7.7226e-10	-6.5834e-05	3.2112e-07	-3.2124e-07	0.002111	4.3504e-09	-0.0021114	3.2124e-07	-3.2124e-07	0.0069828	1.63862e-08	-0.006983	3.2092e-07	-3.2092e-07	0.0099132	5.77714e-08	-0.009914	3.2146e-07	-3.2148e-07	0.0113212	2.2758e-07	-0.0113214	3.2222e-07	-3.2234e-07
0.065	3.3957e-09	-4.804e-11	-3.274e-09	3.2076e-07	-3.209e-07	4.9968e-07	1.2422e-10	-4.9942e-07	3.2124e-07	-3.2132e-07	6.7446e-05	7.5274e-10	-6.7426e-05	3.2112e-07	-3.2066e-07	0.0022066	4.2694e-09	-0.0022066	3.2118e-07	-3.2128e-07	0.0074798	1.60094e-08	-0.0074798	3.2094e-07	-3.2098e-07	0.0107054	5.62754e-08	-0.0107026	3.2142e-07	-3.2144e-07	0.01229	2.2076e-07	-0.012268	3.2224e-07	-3.2228e-07
0.07	3.4583e-09	-5.591e-11	-3.3303e-09	3.2136e-07	-3.2142e-07	5.0832e-07	1.254e-10	-5.0832e-07	3.2082e-07	-3.2072e-07	6.8776e-05	7.4018e-10	-6.8762e-05	3.2118e-07	-3.212e-07	0.002292	4.1954e-09	-0.0022916	3.2126e-07	-3.2124e-07	0.0079528	1.56596e-08	-0.0079558	3.2094e-07	-3.2096e-07	0.0114744	5.48818e-08	-0.011477	3.2146e-07	-3.2154e-07	0.01321	2.1436e-07	-0.013184	3.2218e-07	-3.222e-07
0.075	3.5211e-09	-5.673e-11	-3.3782e-09	3.2134e-07	-3.2138e-07	5.1596e-07	1.2372e-10	-5.156e-07	3.207e-07	-3.2086e-07	6.9888e-05	7.3123e-10	-6.9866e-05	3.2114e-07	-3.2134e-07	0.00237	4.1195e-09	-0.0023694	3.2124e-07	-3.2136e-07	0.0084218	1.53152e-08	-0.0084212	3.2098e-07	-3.2096e-07	0.012282	5.34834e-08	-0.012262	3.2134e-07	-3.2148e-07	0.014142	2.0812e-07	-0.014118	3.2218e-07	-3.2224e-07
0.08	3.5725e-09	-6.663e-11	-3.4159e-09	3.2144e-07	-3.2142e-07	5.2202e-07	1.1866e-10	-5.2106e-07	3.2124e-07	-3.2138e-07	7.0846e-05	7.2579e-10	-7.0862e-05	3.2122e-07	-3.213e-07	0.0024386	4.0508e-09	-0.0024372	3.2118e-07	-3.213e-07	0.008866	1.4989e-08	-0.0088656	3.2094e-07	-3.2108e-07	0.01304	5.21596e-08	-0.01302	3.215e-07	-3.2148e-07	0.015046	2.0206e-07	-0.015028	3.2212e-07	-3.2222e-07
0.085	3.6202e-09	-6.656e-11	-3.4525e-09	3.214e-07	-3.2152e-07	5.2704e-07	1.1628e-10	-5.2718e-07	3.2124e-07	-3.213e-07	7.1646e-05	7.152e-10	-7.1684e-05	3.2068e-07	-3.2072e-07	0.002501	3.9932e-09	-0.0025004	3.208e-07	-3.2068e-07	0.0092992	1.4662e-08	-0.0093002	3.2092e-07	-3.2098e-07	0.013792	5.08446e-08	-0.013778	3.213e-07	-3.215e-07	0.015968	1.9628e-07	-0.015946	3.2214e-07	-3.2212e-07
0.09	3.6665e-09	-7.789e-11	-3.48e-09	3.2136e-07	-3.2154e-07	5.3152e-07	1.1196e-10	-5.317e-07	3.2128e-07	-3.2134e-07	7.2452e-05	7.0403e-10	-7.2398e-05	3.2118e-07	-3.2124e-07	0.0025556	3.9358e-09	-0.0025546	3.2122e-07	-3.214e-07	0.0097102	1.43534e-08	-0.0097106	3.2098e-07	-3.2112e-07	0.01453	4.9613e-08	-0.014514	3.2136e-07	-3.2148e-07	0.016866	1.9068e-07	-0.016854	3.2212e-07	-3.2222e-07
0.095	3.706e-09	-8.023e-11	-3.5035e-09	3.2148e-07	-3.2152e-07	5.3532e-07	1.1114e-10	-5.353e-07	3.2118e-07	-3.2142e-07	7.3046e-05	6.9294e-10	-7.2962e-05	3.2114e-07	-3.213e-07	0.0026048	3.8809e-09	-0.0026044	3.2068e-07	-3.2104e-07	0.0101136	1.40602e-08	-0.010113	3.2092e-07	-3.21e-07	0.015266	4.8378e-08	-0.01525	3.2136e-07	-3.2152e-07	0.017774	1.8516e-07	-0.017752	3.2214e-07	-3.222e-07
0.1	3.7425e-09	-9.206e-11	-3.5214e-09	3.208e-07	-3.2086e-07	5.3868e-07	1.1226e-10	-5.3864e-07	3.2076e-07	-3.209e-07	7.351e-05	6.8528e-10	-7.3492e-05	3.2122e-07	-3.2134e-07	0.0026488	3.8304e-09	-0.0026476	3.2128e-07	-3.2136e-07	0.010494	1.3781e-08	-0.010494	3.2022e-07	-3.2112e-07	0.015984	4.7181e-08	-0.015968	3.2146e-07	-3.2154e-07	0.018662	1.7992e-07	-0.018646	3.2206e-07	-3.2226e-07
0.105	3.7774e-09	-9.542e-11	-3.542e-09	3.2142e-07	-3.2156e-07	5.414e-07	1.092e-10	-5.4092e-07	3.213e-07	-3.214e-07	7.3922e-05	6.8036e-10	-7.396e-05	3.212e-07	-3.2136e-07	0.0026866	3.7795e-09	-0.002686	3.2122e-07	-3.2136e-07	0.010862	1.35056e-08	-0.0108594	3.2112e-07	-3.2114e-07	0.016694	4.60422e-08	-0.016674	3.2152e-07	-3.2088e-07	0.01955	1.7486e-07	-0.019524	3.2218e-07	-3.2226e-07
0.11	3.8174e-09	-1.0585e-10	-3.5544e-09	3.2136e-07	-3.2154e-07	5.4352e-07	1.0572e-10	-5.4376e-07	3.2124e-07	-3.2142e-07	7.4378e-05	6.7724e-10	-7.4362e-05	3.2058e-07	-3.2136e-07	0.0027214	3.7394e-09	-0.0027212	3.213e-07	-3.2136e-07	0.0112134	1.32344e-08	-0.0112126	3.204e-07	-3.2044e-07	0.017402	4.49212e-08	-0.017382	3.217e-07	-3.216e-07	0.02044	1.7e-07	-0.020418	3.2188e-07	-3.2218e-07
0.115	3.8397e-09	-1.1264e-10	-3.5688e-09	3.2136e-07	-3.216e-07	5.4608e-07	1.0203e-10	-5.4636e-07	3.2068e-07	-3.2082e-07	7.47e-05	6.6722e-10	-7.4672e-05	3.2116e-07	-3.213e-07	0.0027532	3.6989e-09	-0.0027516	3.2134e-07	-3.2136e-07	0.011576	1.2993e-08	-0.011552	3.2106e-07	-3.2116e-07	0.018088	4.38662e-08	-0.018072	3.2152e-07	-3.2154e-07	0.021314	1.6532e-07	-0.021296	3.2216e-07	-3.2152e-07
0.12	3.8743e-09	-1.2397e-10	-3.5798e-09	3.209e-07	-3.2098e-07	5.4796e-07	1.0038e-10	-5.4826e-07	3.2114e-07	-3.214e-07	7.499e-05	6.5909e-10	-7.5004e-05	3.2116e-07	-3.2134e-07	0.0027792	3.6626e-09	-0.0027786	3.2122e-07	-3.2136e-07	0.011898	1.2739e-08	-0.011878	3.211e-07	-3.2122e-07	0.018774	4.28298e-08	-0.018758	3.2152e-07	-3.2162e-07	0.022196	1.6058e-07	-0.022178	3.2216e-07	-3.222e-07
0.125	3.9036e-09	-1.2877e-10	-3.5908e-09	3.2134e-07	-3.2152e-07	5.4944e-07	1.0112e-10	-5.4982e-07	3.2126e-07	-3.2136e-07	7.5246e-05	6.5239e-10	-7.5258e-05	3.2118e-07	-3.213e-07	0.0028038	3.6238e-09	-0.0028028	3.2076e-07	-3.208e-07	0.012204	1.25058e-08	-0.01218	3.2112e-07	-3.2132e-07	0.019444	4.18412e-08	-0.019422	3.2156e-07	-3.2162e-07	0.023062	1.5612e-07	-0.023042	3.2224e-07	-3.2234e-07
0.13	3.9345e-09	-1.4068e-10	-3.5959e-09	3.2136e-07	-3.2158e-07	5.5154e-07	9.911e-11	-5.507e-07	3.2122e-07	-3.2136e-07	7.547e-05	6.4936e-10	-7.547e-05	3.2122e-07	-3.2136e-07	0.002826	3.5901e-09	-0.0028254	3.2124e-07	-3.2144e-07	0.012496	1.22872e-08	-0.012474	3.2112e-07	-3.2132e-07	0.020108	4.08598e-08	-0.020084	3.2158e-07	-3.2174e-07	0.023934	1.5178e-07	-0.023914	3.2218e-07	-3.223e-07
0.135	3.9621e-09	-1.5006e-10	-3.6041e-09	3.2138e-07	-3.2118e-07	5.5256e-07	9.422e-11	-5.523e-07	3.2064e-07	-3.2082e-07	7.5696e-05	6.4687e-10	-7.5714e-05	3.2118e-07	-3.2134e-07	0.0028454	3.5608e-09	-0.0028438	3.2086e-07	-3.2144e-07	0.01277	1.20784e-08	-0.012752	3.211e-07	-3.2136e-07	0.020752	3.9927e-08	-0.02073	3.217e-07	-3.2166e-07	0.024784	1.4758e-07	-0.024764	3.2154e-07	-3.223e-07
0.14	3.9988e-09	-1.6004e-10	-3.6138e-09	3.2134e-07	-3.2158e-07	5.5378e-07	9.109e-11	-5.5382e-07	3.2118e-07	-3.214e-07	7.5944e-05	6.4189e-10	-7.5866e-05	3.2118e-07	-3.214e-07	0.0028624	3.5315e-09	-0.0028616	3.213e-07	-3.2142e-07	0.013036	1.18672e-08	-0.013012	3.212e-07	-3.2134e-07	0.021388	3.90078e-08	-0.021374	3.2162e-07	-3.2184e-07	0.02564	1.4366e-07	-0.025622	3.2222e-07	-3.2244e-07
0.145	4.0192e-09	-1.6934e-10	-3.622e-09	3.2138e-07	-3.2152e-07	5.55e-07	8.779e-11	-5.5486e-07	3.2064e-07	-3.2088e-07	7.6092e-05	6.3501e-10	-7.6062e-05	3.2122e-07	-3.214e-07	0.0028774	3.5074e-09	-0.0028764	3.2122e-07	-3.2148e-07	0.013276	1.16672e-08	-0.01326	3.2118e-07	-3.2136e-07	0.022012	3.81398e-08	-0.021994	3.2154e-07	-3.2176e-07	0.02648	1.3978e-07	-0.026458	3.2228e-07	-3.224e-07
0.15	4.0399e-09	-1.7948e-10	-3.6268e-09	3.213e-07	-3.2158e-07	5.5608e-07	8.852e-11	-5.5588e-07	3.2122e-07	-3.2092e-07	7.6252e-05	6.2918e-10	-7.6292e-05	3.2122e-07	-3.2142e-07	0.0028912	3.4773e-09	-0.0028908	3.2128e-07	-3.2144e-07	0.013512	1.14948e-08	-0.013496	3.2118e-07	-3.2134e-07	0.02263	3.72764e-08	-0.02262	3.2162e-07	-3.2174e-07	0.027326	1.3594e-07	-0.02731	3.2224e-07	-3.2246e-07
0.155	4.0774e-09	-1.9476e-10	-3.6334e-09	3.2136e-07	-3.2158e-07	5.569e-07	8.599e-11	-5.569e-07	3.2114e-07	-3.211e-07	7.641e-05	6.2679e-10	-7.6412e-05	3.212e-07	-3.2136e-07	0.0029036	3.4531e-09	-0.0029022	3.207e-07	-3.2092e-07	0.013732	1.13156e-08	-0.013716	3.2116e-07	-3.2134e-07	0.023238	3.64534e-08	-0.023216	3.216e-07	-3.2178e-07	0.02815	1.3238e-07	-0.02813	3.2228e-07	-3.2246e-07
0.16	4.1073e-09	-2.0263e-10	-3.6403e-09	3.214e-07	-3.2164e-07	5.5776e-07	8.235e-11	-5.5762e-07	3.2126e-07	-3.2148e-07	7.6522e-05	6.231e-10	-7.6548e-05	3.2126e-07	-3.2152e-07	0.0029138	3.4354e-09	-0.0029134	3.2074e-07	-3.2096e-07	0.013944	1.11406e-08	-0.01392	3.212e-07	-3.2138e-07	0.023826	3.56474e-08	-0.023806	3.2154e-07	-3.2184e-07	0.028982	1.288e-07	-0.028962	3.2234e-07	-3.224e-07
0.165	4.1288e-09	-2.1866e-10	-3.6449e-09	3.2136e-07	-3.2166e-07	5.5908e-07	7.806e-11	-5.5918e-07	3.207e-07	-3.2148e-07	7.6646e-05	6.2166e-10	-7.6634e-05	3.2124e-07	-3.215e-07	0.0029238	3.419e-09	-0.0029226	3.2074e-07	-3.2108e-07	0.014134	1.09864e-08	-0.014116	3.213e-07	-3.2136e-07	0.0244	3.48802e-08	-0.024386	3.217e-07	-3.2198e-07	0.029794	1.2538e-07	-0.029774	3.2236e-07	-3.2254e-07
0.17	4.1702e-09	-2.2677e-10	-3.652e-09	3.2128e-07	-3.2158e-07	5.601e-07	7.32e-11	-5.5976e-07	3.2112e-07	-3.215e-07	7.6824e-05	6.1951e-10	-7.68e-05	3.2068e-07	-3.2094e-07	0.0029334	3.4e-09	-0.0029326	3.2132e-07	-3.2152e-07	0.014316	1.0834e-08	-0.014302	3.21e-07	-3.208e-07	0.024962	3.41452e-08	-0.024942	3.2174e-07	-3.2194e-07	0.0306	1.2216e-07	-0.030586	3.2166e-07	-3.2258e-07
0.175	4.2028e-09	-2.4496e-10	-3.654e-09	3.2138e-07	-3.216e-07	5.6066e-07	7.523e-11	-5.6008e-07	3.2128e-07	-3.2148e-07	7.689e-05	6.1174e-10	-7.694e-05	3.2122e-07	-3.2146e-07	0.0029412	3.3805e-09	-0.0029402	3.2128e-07	-3.2156e-07	0.01449	1.06948e-08	-0.014466	3.2118e-07	-3.2148e-07	0.025518	3.34192e-08	-0.025502	3.2178e-07	-3.2196e-07	0.031408	1.19e-07	-0.031394	3.224e-07	-3.2192e-07
0.18	4.2232e-09	-2.5462e-10	-3.6611e-09	3.2136e-07	-3.2158e-07	5.6128e-07	7.451e-11	-5.6126e-07	3.2122e-07	-3.2154e-07	7.7008e-05	6.0766e-10	-7.7042e-05	3.2118e-07	-3.2152e-07	0.0029498	3.3621e-09	-0.0029482	3.2124e-07	-3.216e-07	0.01465	1.05486e-08	-0.014628	3.2128e-07	-3.2152e-07	0.026058	3.27338e-08	-0.026038	3.2176e-07	-3.2208e-07	0.032202	1.1588e-07	-0.032184	3.2242e-07	-3.2254e-07
0.185	4.2581e-09	-2.7422e-10	-3.6649e-09	3.2134e-07	-3.2162e-07	5.6218e-07	6.643e-11	-5.6192e-07	3.2118e-07	-3.2152e-07	7.711e-05	6.0763e-10	-7.7182e-05	3.2124e-07	-3.215e-07	0.0029552	3.349e-09	-0.002954	3.213e-07	-3.215e-07	0.014798	1.04158e-08	-0.01478	3.2122e-07	-3.2166e-07	0.026588	3.20492e-08	-0.026578	3.218e-07	-3.2214e-07	0.032998	1.129e-07	-0.032986	3.2242e-07	-3.227e-07
0.19	4.2908e-09	-2.832e-10	-3.6676e-09	3.213e-07	-3.2162e-07	5.6322e-07	6.364e-11	-5.6312e-07	3.2122e-07	-3.2156e-07	7.7288e-05	6.0376e-10	-7.725e-05	3.2122e-07	-3.2152e-07	0.0029616	3.3332e-09	-0.0029602	3.2084e-07	-3.2154e-07	0.014936	1.02982e-08	-0.014918	3.2062e-07	-3.2138e-07	0.0271	3.14172e-08	-0.027084	3.218e-07	-3.2206e-07	0.033776	1.1e-07	-0.033754	3.2242e-07	-3.227e-07
0.195	4.3246e-09	-3.0394e-10	-3.6713e-09	3.2134e-07	-3.217e-07	5.6362e-07	5.847e-11	-5.6334e-07	3.2116e-07	-3.215e-07	7.7402e-05	6.0156e-10	-7.7346e-05	3.2116e-07	-3.2154e-07	0.002968	3.3206e-09	-0.0029676	3.2128e-07	-3.2164e-07	0.015068	1.01854e-08	-0.015048	3.2132e-07	-3.2166e-07	0.02761	3.07722e-08	-0.027588	3.2152e-07	-3.2212e-07	0.034556	1.0722e-07	-0.03454	3.2242e-07	-3.2272e-07
0.2	4.3601e-09	-3.1661e-10	-3.6762e-09	3.2134e-07	-3.217e-07	5.6504e-07	5.639e-11	-5.6394e-07	3.2116e-07	-3.2158e-07	7.7478e-05	5.9954e-10	-7.7496e-05	3.2112e-07	-3.2156e-07	0.002973	3.3045e-09	-0.0029732	3.2134e-07	-3.2154e-07	0.015186	1.00646e-08	-0.01517	3.2134e-07	-3.2166e-07	0.028094	3.01812e-08	-0.028076	3.218e-07	-3.2128e-07	0.03532	1.0452e-07	-0.035304	3.226e-07	-3.2282e-07
0.205	4.3834e-09	-3.383e-10	-3.6817e-09	3.213e-07	-3.217e-07	5.651e-07	5.467e-11	-5.6518e-07	3.207e-07	-3.2102e-07	7.758e-05	5.9298e-10	-7.757e-05	3.211e-07	-3.2156e-07	0.002977	3.2893e-09	-0.0029774	3.2136e-07	-3.216e-07	0.015298	9.962e-09	-0.015278	3.2134e-07	-3.2174e-07	0.028576	2.95854e-08	-0.028556	3.2186e-07	-3.2212e-07	0.036084	1.0186e-07	-0.036068	3.226e-07	-3.2284e-07
0.21	4.4182e-09	-3.4974e-10	-3.6861e-09	3.2134e-07	-3.217e-07	5.6572e-07	4.732e-11	-5.6554e-07	3.207e-07	-3.2128e-07	7.7678e-05	5.9298e-10	-7.7658e-05	3.2116e-07	-3.216e-07	0.0029832	3.2783e-09	-0.0029826	3.2124e-07	-3.2166e-07	0.0154	9.8664e-09	-0.015384	3.2138e-07	-3.2108e-07	0.029038	2.90264e-08	-0.029014	3.2182e-07	-3.2216e-07	0.03683	9.93472e-08	-0.036814	3.2268e-07	-3.2294e-07
0.215	4.4727e-09	-3.7405e-10	-3.6861e-09	3.2128e-07	-3.2164e-07	5.6626e-07	3.957e-11	-5.6602e-07	3.2068e-07	-3.2104e-07	7.7784e-05	5.8992e-10	-7.7798e-05	3.2114e-07	-3.2114e-07	0.0029876	3.272e-09	-0.002986	3.2128e-07	-3.217e-07	0.015498	9.7688e-09	-0.015484	3.214e-07	-3.2174e-07	0.029486	2.8488e-08	-0.02947	3.2192e-07	-3.223e-07	0.03758	9.68702e-08	-0.037562	3.2272e-07	-3.2296e-07
0.22	4.5142e-09	-3.8873e-10	-3.6933e-09	3.2134e-07	-3.2174e-07	5.6722e-07	3.672e-11	-5.6666e-07	3.2068e-07	-3.2162e-07	7.7896e-05	5.8693e-10	-7.7886e-05	3.2068e-07	-3.2114e-07	0.0029908	3.2597e-09	-0.002992	3.2136e-07	-3.2164e-07	0.015584	9.6798e-09	-0.015568	3.2146e-07	-3.2184e-07	0.02992	2.79666e-08	-0.0299	3.219e-07	-3.2226e-07	0.038312	9.45274e-08	-0.038292	3.2272e-07	-3.2296e-07
0.225	4.5555e-09	-4.0998e-10	-3.6977e-09	3.2132e-07	-3.218e-07	5.6754e-07	3.292e-11	-5.6716e-07	3.2124e-07	-3.216e-07	7.7988e-05	5.8766e-10	-7.8e-05	3.2122e-07	-3.2166e-07	0.0029962	3.2502e-09	-0.0029948	3.2118e-07	-3.2174e-07	0.01567	9.5821e-09	-0.015646	3.2148e-07	-3.2184e-07	0.030352	2.74558e-08	-0.03033	3.22e-07	-3.2232e-07	0.039038	9.22092e-08	-0.039024	3.2214e-07	-3.2318e-07
0.23	4.597e-09	-4.2598e-10	-3.7025e-09	3.208e-07	-3.217e-07	5.6898e-07	2.969e-11	-5.682e-07	3.2122e-07	-3.216e-07	7.8086e-05	5.8512e-10	-7.8104e-05	3.2116e-07	-3.2162e-07	0.0029992	3.2413e-09	-0.0029996	3.2134e-07	-3.2174e-07	0.015744	9.5067e-09	-0.015726	3.2144e-07	-3.2192e-07	0.030758	2.6987e-08	-0.030738	3.221e-07	-3.2246e-07	0.039756	9.00208e-08	-0.039736	3.2284e-07	-3.2308e-07
0.235	4.63e-09	-4.4818e-10	-3.7052e-09	3.2134e-07	-3.2174e-07	5.6906e-07	2.094e-11	-5.6846e-07	3.212e-07	-3.2172e-07	7.8182e-05	5.7745e-10	-7.8164e-05	3.2124e-07	-3.216e-07	0.0030032	3.2264e-09	-0.003003	3.2128e-07	-3.2146e-07	0.015812	9.4257e-09	-0.015794	3.2142e-07	-3.2192e-07	0.03115	2.65074e-08	-0.03113	3.2208e-07	-3.224e-07	0.040458	8.78742e-08	-0.040438	3.229e-07	-3.2314e-07
0.24	4.6653e-09	-4.69e-10	-3.7109e-09	3.214e-07	-3.2184e-07	5.7022e-07	1.277e-11	-5.6914e-07	3.2068e-07	-3.2106e-07	7.8324e-05	5.7732e-10	-7.8298e-05	3.212e-07	-3.2166e-07	0.0030068	3.2221e-09	-0.0030068	3.2134e-07	-3.2176e-07	0.015878	9.3574e-09	-0.015862	3.2148e-07	-3.2188e-07	0.031536	2.60556e-08	-0.03152	3.2208e-07	-3.2248e-07	0.041162	8.57988e-08	-0.041146	3.2296e-07	-3.2326e-07
0.245	4.715e-09	-4.9151e-10	-3.717e-09	3.2128e-07	-3.2188e-07	5.7064e-07	8.71e-12	-5.6988e-07	3.2118e-07	-3.2166e-07	7.834e-05	5.7769e-10	-7.8382e-05	3.2114e-07	-3.217e-07	0.00301	3.2176e-09	-0.0030092	3.2122e-07	-3.2174e-07	0.015936	9.301e-09	-0.015922	3.2154e-07	-3.2188e-07	0.031902	2.56222e-08	-0.031884	3.222e-07	-3.2256e-07	0.041848	8.37922e-08	-0.041832	3.229e-07	-3.2334e-07
0.25	4.7605e-09	-5.1233e-10	-3.7203e-09	3.2128e-07	-3.2174e-07	5.7134e-07	2.31e-12	-5.703e-07	3.2116e-07	-3.2174e-07	7.8422e-05	5.7354e-10	-7.8362e-05	3.2066e-07	-3.2174e-07	0.0030138	3.2069e-09	-0.0030132	3.2134e-07	-3.218e-07	0.01599	9.237e-09	-0.015972	3.216e-07	-3.2206e-07	0.03226	2.52234e-08	-0.032242	3.2226e-07	-3.2264e-07	0.042538	8.185e-08	-0.042514	3.2294e-07	-3.2344e-07
0.255	4.7952e-09	-5.3636e-10	-3.7227e-09	3.2132e-07	-3.218e-07	5.7164e-07	-3.21e-12	-5.7148e-07	3.2124e-07	-3.2174e-07	7.8548e-05	5.7504e-10	-7.851e-05	3.2116e-07	-3.2176e-07	0.0030168	3.1949e-09	-0.0030162	3.2134e-07	-3.2194e-07	0.016044	9.1799e-09	-0.016024	3.2156e-07	-3.22e-07	0.032602	2.48134e-08	-0.032586	3.2154e-07	-3.2272e-07	0.043204	7.9962e-08	-0.04319	3.2294e-07	-3.2318e-07
0.26	4.8499e-09	-5.587e-10	-3.7238e-09	3.2136e-07	-3.2188e-07	5.7262e-07	-1.286e-11	-5.718e-07	3.2068e-07	-3.218e-07	7.8626e-05	5.7009e-10	-7.8658e-05	3.213e-07	-3.2172e-07	0.0030208	3.1885e-09	-0.0030206	3.2134e-07	-3.2184e-07	0.016086	9.1281e-09	-0.016072	3.2158e-07	-3.2202e-07	0.032936	2.44346e-08	-0.032916	3.223e-07	-3.2212e-07	0.043874	7.8139e-08	-0.043852	3.2296e-07	-3.2348e-07
0.265	4.8991e-09	-5.8372e-10	-3.7299e-09	3.2078e-07	-3.2134e-07	5.7348e-07	-2.434e-11	-5.7252e-07	3.212e-07	-3.2178e-07	7.8718e-05	5.6518e-10	-7.8746e-05	3.2118e-07	-3.2176e-07	0.0030232	3.1797e-09	-0.0030222	3.2132e-07	-3.2184e-07	0.016132	9.0788e-09	-0.016116	3.2152e-07	-3.2206e-07	0.033252	2.40574e-08	-0.033234	3.2156e-07	-3.221e-07	0.04452	7.6414e-08	-0.044504	3.231e-07	-3.2354e-07
0.27	4.9409e-09	-6.0953e-10	-3.7329e-09	3.2128e-07	-3.2192e-07	5.7434e-07	-2.811e-11	-5.7322e-07	3.2116e-07	-3.2184e-07	7.883e-05	5.6484e-10	-7.881e-05	3.2122e-07	-3.2178e-07	0.0030268	3.1757e-09	-0.0030256	3.2134e-07	-3.2188e-07	0.016172	9.0332e-09	-0.016158	3.2162e-07	-3.2212e-07	0.033558	2.37042e-08	-0.03354	3.2246e-07	-3.2288e-07	0.045172	7.47104e-08	-0.045152	3.2316e-07	-3.2366e-07
0.275	4.9988e-09	-6.3393e-10	-3.7382e-09	3.2138e-07	-3.2196e-07	5.7444e-07	-3.891e-11	-5.7368e-07	3.2112e-07	-3.2178e-07	7.8862e-05	5.6041e-10	-7.8842e-05	3.2114e-07	-3.217e-07	0.0030286	3.1711e-09	-0.0030284	3.2134e-07	-3.2188e-07	0.01621	8.9905e-09	-0.016192	3.2158e-07	-3.2218e-07	0.03385	2.33744e-08	-0.033834	3.2244e-07	-3.2296e-07	0.045796	7.30566e-08	-0.04578	3.232e-07	-3.2374e-07
0.28	5.0492e-09	-6.609e-10	-3.7377e-09	3.209e-07	-3.2146e-07	5.7512e-07	-4.611e-11	-5.7444e-07	3.2122e-07	-3.2184e-07	7.898e-05	5.6268e-10	-7.8964e-05	3.2074e-07	-3.213e-07	0.0030318	3.1614e-09	-0.003032	3.2136e-07	-3.2194e-07	0.016244	8.9453e-09	-0.016226	3.2164e-07	-3.222e-07	0.034132	2.30424e-08	-0.034114	3.2248e-07	-3.2294e-07	0.046424	7.1483e-08	-0.046408	3.2328e-07	-3.238e-07
0.285	5.0931e-09	-6.8584e-10	-3.7416e-09	3.208e-07	-3.2146e-07	5.7584e-07	-5.701e-11	-5.7488e-07	3.211e-07	-3.2178e-07	7.9074e-05	5.6282e-10	-7.9084e-05	3.2116e-07	-3.2184e-07	0.003035	3.1543e-09	-0.0030336	3.2132e-07	-3.2192e-07	0.016276	8.9057e-09	-0.016258	3.2164e-07	-3.223e-07	0.0344	2.27344e-08	-0.03438	3.2256e-07	-3.2302e-07	0.047032	6.99386e-08	-0.047014	3.2328e-07	-3.2386e-07
0.29	5.1492e-09	-7.1578e-10	-3.745e-09	3.2136e-07	-3.2196e-07	5.7646e-07	-6.813e-11	-5.7534e-07	3.2118e-07	-3.2186e-07	7.9174e-05	5.5335e-10	-7.9122e-05	3.212e-07	-3.2184e-07	0.003038	3.1444e-09	-0.003037	3.2128e-07	-3.2194e-07	0.01631	8.8718e-09	-0.016288	3.2172e-07	-3.2238e-07	0.034652	2.24468e-08	-0.03463	3.2258e-07	-3.2316e-07	0.04763	6.84422e-08	-0.047612	3.2338e-07	-3.239e-07
0.295	5.2061e-09	-7.4125e-10	-3.7493e-09	3.2134e-07	-3.22e-07	5.771e-07	-7.644e-11	-5.7586e-07	3.213e-07	-3.2194e-07	7.922e-05	5.5023e-10	-7.9248e-05	3.2122e-07	-3.2192e-07	0.0030404	3.1438e-09	-0.0030396	3.2136e-07	-3.2172e-07	0.016336	8.8387e-09	-0.016318	3.21e-07	-3.217e-07	0.034898	2.21626e-08	-0.034882	3.2262e-07	-3.2314e-07	0.048226	6.69986e-08	-0.048214	3.2352e-07	-3.2402e-07
0.3	5.2576e-09	-7.7234e-10	-3.754e-09	3.213e-07	-3.2198e-07	5.7782e-07	-8.85e-11	-5.768e-07	3.212e-07	-3.2172e-07	7.9322e-05	5.5025e-10	-7.9362e-05	3.2112e-07	-3.2194e-07	0.0030438	3.1401e-09	-0.0030422	3.212e-07	-3.2212e-07	0.016362	8.8115e-09	-0.016344	3.2172e-07	-3.2238e-07	0.035128	2.18952e-08	-0.035114	3.226e-07	-3.2334e-07	0.048804	6.5615e-08	-0.048788	3.2362e-07	-3.2418e-07
0.305	5.2941e-09	-8.0126e-10	-3.7543e-09	3.2134e-07	-3.2146e-07	5.778e-07	-9.915e-11	-5.7778e-07	3.212e-07	-3.2194e-07	7.9398e-05	5.486e-10	-7.9364e-05	3.2122e-07	-3.22e-07	0.0030458	3.1347e-09	-0.0030442	3.2134e-07	-3.2206e-07	0.016388	8.7812e-09	-0.01637	3.218e-07	-3.2196e-07	0.035356	2.16338e-08	-0.035338	3.2254e-07	-3.233e-07	0.049376	6.42606e-08	-0.04936	3.2368e-07	-3.2348e-07
0.31	5.3734e-09	-8.3478e-10	-3.7596e-09	3.2076e-07	-3.2154e-07	5.7904e-07	-1.0926e-10	-5.7794e-07	3.2124e-07	-3.2196e-07	7.9522e-05	5.491e-10	-7.9494e-05	3.2116e-07	-3.2174e-07	0.0030478	3.1247e-09	-0.003048	3.2134e-07	-3.2208e-07	0.016412	8.7508e-09	-0.01639	3.218e-07	-3.2246e-07	0.035566	2.13954e-08	-0.035548	3.2278e-07	-3.2336e-07	0.049932	6.29654e-08	-0.049916	3.2368e-07	-3.237e-07
0.315	5.4297e-09	-8.6466e-10	-3.7661e-09	3.2128e-07	-3.2202e-07	5.796e-07	-1.2374e-10	-5.7936e-07	3.2118e-07	-3.2198e-07	7.9546e-05	5.4618e-10	-7.9568e-05	3.2124e-07	-3.22e-07	0.0030516	3.1206e-09	-0.0030508	3.2136e-07	-3.2208e-07	0.01643	8.7202e-09	-0.016416	3.2182e-07	-3.227e-07	0.03577	2.11518e-08	-0.035746	3.2282e-07	-3.2348e-07	0.050488	6.17058e-08	-0.050466	3.2382e-07	-3.2444e-07
0.32	5.4966e-09	-8.9879e-10	-3.768e-09	3.2136e-07	-3.2212e-07	5.808e-07	-1.3634e-10	-5.7908e-07	3.2124e-07	-3.2202e-07	7.9648e-05	5.3833e-10	-7.963e-05	3.2122e-07	-3.2164e-07	0.003054	3.1169e-09	-0.0030538	3.2142e-07	-3.2224e-07	0.016452	8.6992e-09	-0.016436	3.218e-07	-3.2254e-07	0.035954	2.09338e-08	-0.035934	3.2292e-07	-3.2348e-07	0.051022	6.05438e-08	-0.051006	3.2392e-07	-3.245e-07
0.325	5.5221e-09	-9.311e-10	-3.7726e-09	3.212e-07	-3.2208e-07	5.8096e-07	-1.4998e-10	-5.7982e-07	3.2124e-07	-3.2206e-07	7.9668e-05	5.3333e-10	-7.9668e-05	3.2062e-07	-3.214e-07	0.003056	3.1135e-09	-0.0030566	3.2142e-07	-3.2222e-07	0.016474	8.671e-09	-0.016456	3.2114e-07	-3.2188e-07	0.036138	2.07204e-08	-0.036116	3.2298e-07	-3.2356e-07	0.051554	5.93438e-08	-0.051534	3.2392e-07	-3.245e-07
0.33	5.619e-09	-9.6461e-10	-3.7766e-09	3.2122e-07	-3.2152e-07	5.8184e-07	-1.613e-10	-5.8048e-07	3.2126e-07	-3.2194e-07	7.9786e-05	5.323e-10	-7.9798e-05	3.2118e-07	-3.2206e-07	0.0030592	3.1134e-09	-0.003059	3.2148e-07	-3.223e-07	0.016488	8.6429e-09	-0.016474	3.2184e-07	-3.2266e-07	0.036304	2.0515e-08	-0.036286	3.23e-07	-3.2358e-07	0.05206	5.82244e-08	-0.052046	3.2402e-07	-3.2462e-07
0.335	5.6911e-09	-9.9862e-10	-3.7804e-09	3.2078e-07	-3.2166e-07	5.8238e-07	-1.7773e-10	-5.8104e-07	3.2126e-07	-3.2216e-07	7.993e-05	5.3221e-10	-7.989e-05	3.2118e-07	-3.2198e-07	0.0030616	3.105e-09	-0.0030608	3.2146e-07	-3.2228e-07	0.016508	8.6222e-09	-0.01649	3.2188e-07	-3.2262e-07	0.036468	2.03298e-08	-0.03645	3.2302e-07	-3.2384e-07	0.052574	5.71464e-08	-0.052556	3.2414e-07	-3.2478e-07
0.34	5.7483e-09	-1.03264e-09	-3.783e-09	3.2086e-07	-3.2216e-07	5.8302e-07	-1.9216e-10	-5.8174e-07	3.2128e-07	-3.2212e-07	7.996e-05	5.329e-10	-8.0006e-05	3.2122e-07	-3.2212e-07	0.0030636	3.0992e-09	-0.003064	3.2142e-07	-3.2234e-07	0.016526	8.6074e-09	-0.016508	3.2186e-07	-3.2278e-07	0.03662	2.01546e-08	-0.036604	3.231e-07	-3.2348e-07	0.05306	5.60972e-08	-0.053042	3.2332e-07	-3.243e-07
0.345	5.8077e-09	-1.06955e-09	-3.7852e-09	3.213e-07	-3.2224e-07	5.8392e-07	-2.0714e-10	-5.8238e-07	3.2118e-07	-3.2216e-07	8.0132e-05	5.227e-10	-8.008e-05	3.2122e-07	-3.2216e-07	0.0030656	3.0994e-09	-0.0030674	3.2146e-07	-3.2224e-07	0.01654	8.585e-09	-0.016522	3.2186e-07	-3.227e-07	0.036766	1.99746e-08	-0.036746	3.2308e-07	-3.2394e-07	0.053538	5.5085e-08	-0.053524	3.2422e-07	-3.2486e-07
0.35	5.8787e-09	-1.10442e-09	-3.7887e-09	3.213e-07	-3.2224e-07	5.8424e-07	-2.2608e-10	-5.8282e-07	3.2122e-07	-3.2168e-07	8.0122e-05	5.1346e-10	-8.0178e-05	3.2112e-07	-3.2164e-07	0.00307	3.0933e-09	-0.0030684	3.2142e-07	-3.2232e-07	0.016558	8.5603e-09	-0.01654	3.22e-07	-3.227e-07	0.036896	1.98102e-08	-0.036884	3.2318e-07	-3.2396e-07	0.054006	5.41002e-08	-0.053988	3.2434e-07	-3.2502e-07
0.355	5.9523e-09	-1.14459e-09	-3.7935e-09	3.2122e-07	-3.2228e-07	5.8514e-07	-2.3855e-10	-5.8322e-07	3.2126e-07	-3.222e-07	8.0196e-05	5.1282e-10	-8.0254e-05	3.2122e-07	-3.2224e-07	0.0030718	3.0929e-09	-0.0030724	3.2146e-07	-3.2236e-07	0.01657	8.5456e-09	-0.016554	3.2202e-07	-3.2282e-07	0.037024	1.96596e-08	-0.03701	3.2316e-07	-3.239e-07	0.054472	5.31438e-08	-0.054452	3.2436e-07	-3.2512e-07
0.36	6.0247e-09	-1.1834e-09	-3.793e-09	3.2056e-07	-3.2158e-07	5.8544e-07	-2.5659e-10	-5.835e-07	3.2118e-07	-3.2222e-07	8.0302e-05	5.1348e-10	-8.0284e-05	3.2122e-07	-3.2228e-07	0.0030732	3.0885e-09	-0.0030736	3.2074e-07	-3.2188e-07	0.016586	8.5305e-09	-0.016568	3.2208e-07	-3.2296e-07	0.037148	1.95116e-08	-0.037132	3.2322e-07	-3.2412e-07	0.054916	5.22476e-08	-0.05489	3.2448e-07	-3.252e-07
0.365	6.0908e-09	-1.2225e-09	-3.7985e-09	3.2122e-07	-3.2234e-07	5.8618e-07	-2.7419e-10	-5.8452e-07	3.212e-07	-3.222e-07	8.0382e-05	5.0944e-10	-8.0348e-05	3.2122e-07	-3.223e-07	0.0030766	3.0843e-09	-0.003075	3.2088e-07	-3.218e-07	0.016602	8.5116e-09	-0.016582	3.2194e-07	-3.229e-07	0.03726	1.93742e-08	-0.037244	3.2322e-07	-3.2402e-07	0.05535	5.13678e-08	-0.055326	3.2452e-07	-3.253e-07
0.37	6.1345e-09	-1.2639e-09	-3.805e-09	3.2064e-07	-3.2178e-07	5.868e-07	-2.9334e-10	-5.85e-07	3.212e-07	-3.2232e-07	8.0492e-05	5.0203e-10	-8.048e-05	3.2122e-07	-3.2222e-07	0.0030786	3.0787e-09	-0.0030778	3.214e-07	-3.2254e-07	0.016614	8.4931e-09	-0.016592	3.2134e-07	-3.223e-07	0.037368	1.9247e-08	-0.037348	3.2332e-07	-3.2418e-07	0.055766	5.05152e-08	-0.055746	3.246e-07	-3.2542e-07
0.375	6.241e-09	-1.3052e-09	-3.8092e-09	3.213e-07	-3.2232e-07	5.8754e-07	-3.1346e-10	-5.8572e-07	3.2122e-07	-3.223e-07	8.0536e-05	4.9206e-10	-8.055e-05	3.212e-07	-3.2228e-07	0.0030816	3.0761e-09	-0.0030806	3.2136e-07	-3.2252e-07	0.016628	8.4779e-09	-0.016608	3.2196e-07	-3.2304e-07	0.037468	1.91162e-08	-0.037448	3.2338e-07	-3.2426e-07	0.056176	4.96964e-08	-0.05616	3.2466e-07	-3.2546e-07
0.38	6.3098e-09	-1.3452e-09	-3.8107e-09	3.2134e-07	-3.2232e-07	5.8784e-07	-3.2888e-10	-5.8662e-07	3.209e-07	-3.218e-07	8.0622e-05	4.8545e-10	-8.0606e-05	3.2118e-07	-3.2234e-07	0.003083	3.0753e-09	-0.003083	3.214e-07	-3.2258e-07	0.016642	8.4617e-09	-0.016618	3.2204e-07	-3.2302e-07	0.037562	1.90052e-08	-0.037546	3.233e-07	-3.2436e-07	0.05658	4.8921e-08	-0.05656	3.2478e-07	-3.2562e-07
0.385	6.4013e-09	-1.3876e-09	-3.8118e-09	3.2134e-07	-3.2248e-07	5.888e-07	-3.4801e-10	-5.8756e-07	3.212e-07	-3.2236e-07	8.0692e-05	4.839e-10	-8.067e-05	3.2066e-07	-3.2192e-07	0.0030862	3.0736e-09	-0.0030854	3.2142e-07	-3.2258e-07	0.016654	8.4477e-09	-0.016632	3.2202e-07	-3.231e-07	0.03765	1.88984e-08	-0.037634	3.2344e-07	-3.2442e-07	0.056966	4.81792e-08	-0.056948	3.2484e-07	-3.257e-07
0.39	6.4672e-09	-1.4321e-09	-3.8185e-09	3.213e-07	-3.2246e-07	5.8942e-07	-3.7088e-10	-5.874e-07	3.2122e-07	-3.2252e-07	8.0784e-05	4.7964e-10	-8.079e-05	3.212e-07	-3.2234e-07	0.0030886	3.0663e-09	-0.0030878	3.2142e-07	-3.2256e-07	0.016662	8.434e-09	-0.016646	3.2198e-07	-3.2316e-07	0.037736	1.87942e-08	-0.037716	3.235e-07	-3.2458e-07	0.057344	4.74414e-08	-0.057322	3.2428e-07	-3.2592e-07
0.395	6.5466e-09	-1.4786e-09	-3.8163e-09	3.2054e-07	-3.2178e-07	5.8978e-07	-3.94e-10	-5.8758e-07	3.2118e-07	-3.2246e-07	8.082e-05	4.7524e-10	-8.0854e-05	3.2116e-07	-3.224e-07	0.003091	3.0603e-09	-0.0030898	3.2142e-07	-3.2268e-07	0.01668	8.4227e-09	-0.016658	3.221e-07	-3.2318e-07	0.037814	1.86874e-08	-0.037798	3.2362e-07	-3.2378e-07	0.057706	4.67324e-08	-0.057688	3.2452e-07	-3.2598e-07
0.4	6.6279e-09	-1.5207e-09	-3.8234e-09	3.2128e-07	-3.2198e-07	5.9082e-07	-4.1279e-10	-5.8882e-07	3.2078e-07	-3.2248e-07	8.0914e-05	4.6463e-10	-8.0938e-05	3.2124e-07	-3.2242e-07	0.0030928	3.0574e-09	-0.0030916	3.2148e-07	-3.227e-07	0.01669	8.4037e-09	-0.016672	3.2216e-07	-3.233e-07	0.037886	1.86052e-08	-0.03787	3.2368e-07	-3.2478e-07	0.058054	4.60678e-08	-0.05804	3.251e-07	-3.2604e-07
0.405	6.7177e-09	-1.5692e-09	-3.826e-09	3.2122e-07	-3.226e-07	5.9126e-07	-4.3619e-10	-5.8936e-07	3.2126e-07	-3.2254e-07	8.1028e-05	4.5206e-10	-8.097e-05	3.2122e-07	-3.2252e-07	0.0030952	3.0568e-09	-0.0030962	3.2136e-07	-3.2276e-07	0.0167	8.3922e-09	-0.016684	3.2216e-07	-3.2342e-07	0.037958	1.8522e-08	-0.037942	3.2366e-07	-3.2476e-07	0.058402	4.54156e-08	-0.05838	3.2514e-07	-3.2614e-07
0.41	6.8045e-09	-1.6157e-09	-3.8285e-09	3.2124e-07	-3.2264e-07	5.9172e-07	-4.5921e-10	-5.9008e-07	3.2122e-07	-3.226e-07	8.1064e-05	4.4689e-10	-8.1054e-05	3.2094e-07	-3.2182e-07	0.0030972	3.0555e-09	-0.0030968	3.2146e-07	-3.2272e-07	0.016714	8.3888e-09	-0.016692	3.2214e-07	-3.2338e-07	0.038022	1.8434e-08	-0.038002	3.2374e-07	-3.2478e-07	0.058724	4.48006e-08	-0.058706	3.2528e-07	-3.2622e-07
0.415	6.8915e-09	-1.6671e-09	-3.8322e-09	3.2056e-07	-3.219e-07	5.9248e-07	-4.8269e-10	-5.904e-07	3.213e-07	-3.2266e-07	8.1206e-05	4.4536e-10	-8.1116e-05	3.2068e-07	-3.2254e-07	0.0030996	3.0532e-09	-0.0030996	3.2148e-07	-3.2278e-07	0.016722	8.3749e-09	-0.016702	3.2214e-07	-3.2338e-07	0.038082	1.8356e-08	-0.038064	3.2384e-07	-3.249e-07	0.059046	4.41912e-08	-0.059026	3.2528e-07	-3.2626e-07
0.42	6.9816e-09	-1.7144e-09	-3.8372e-09	3.2068e-07	-3.221e-07	5.9284e-07	-5.1194e-10	-5.9048e-07	3.2124e-07	-3.2264e-07	8.124e-05	4.3772e-10	-8.1282e-05	3.2122e-07	-3.226e-07	0.0031012	3.0445e-09	-0.0031016	3.2146e-07	-3.2284e-07	0.016734	8.3623e-09	-0.016712	3.222e-07	-3.2348e-07	0.038136	1.82854e-08	-0.03812	3.2392e-07	-3.2498e-07	0.059346	4.36192e-08	-0.059334	3.2546e-07	-3.2652e-07
0.425	7.0874e-09	-1.7652e-09	-3.8431e-09	3.2124e-07	-3.2272e-07	5.935e-07	-5.3399e-10	-5.9132e-07	3.2118e-07	-3.2264e-07	8.1352e-05	4.2518e-10	-8.1308e-05	3.2116e-07	-3.2262e-07	0.0031048	3.0417e-09	-0.0031034	3.2142e-07	-3.23e-07	0.016748	8.3532e-09	-0.016726	3.2164e-07	-3.2362e-07	0.038192	1.82282e-08	-0.038172	3.2398e-07	-3.2508e-07	0.05965	4.30752e-08	-0.059632	3.2544e-07	-3.2652e-07
0.43	7.1651e-09	-1.8166e-09	-3.8427e-09	3.2128e-07	-3.2272e-07	5.9422e-07	-5.5653e-10	-5.917e-07	3.2124e-07	-3.2278e-07	8.1406e-05	4.1397e-10	-8.1382e-05	3.212e-07	-3.2274e-07	0.0031066	3.0418e-09	-0.0031062	3.2142e-07	-3.2284e-07	0.016758	8.3339e-09	-0.016734	3.223e-07	-3.2356e-07	0.038246	1.8151e-08	-0.038222	3.2396e-07	-3.251e-07	0.059932	4.25542e-08	-0.059908	3.2564e-07	-3.2672e-07
0.435	7.2327e-09	-1.8692e-09	-3.8466e-09	3.2134e-07	-3.2274e-07	5.9524e-07	-5.8734e-10	-5.922e-07	3.2122e-07	-3.227e-07	8.1492e-05	4.0242e-10	-8.1472e-05	3.2124e-07	-3.227e-07	0.0031096	3.0385e-09	-0.0031088	3.2114e-07	-3.2238e-07	0.016766	8.3299e-09	-0.01675	3.2226e-07	-3.237e-07	0.038292	1.80828e-08	-0.038276	3.2404e-07	-3.253e-07	0.060208	4.2057e-08	-0.060192	3.2566e-07	-3.2678e-07
0.44	7.3409e-09	-1.9234e-09	-3.8509e-09	3.2124e-07	-3.2278e-07	5.9558e-07	-6.1194e-10	-5.9288e-07	3.2072e-07	-3.2222e-07	8.1558e-05	3.9612e-10	-8.1554e-05	3.2112e-07	-3.227e-07	0.003111	3.0359e-09	-0.0031108	3.215e-07	-3.2294e-07	0.016776	8.3193e-09	-0.016752	3.2224e-07	-3.2376e-07	0.038336	1.80222e-08	-0.03832	3.2408e-07	-3.2544e-07	0.060474	4.15818e-08	-0.060454	3.2582e-07	-3.2702e-07
0.445	7.456e-09	-1.9747e-09	-3.8542e-09	3.2122e-07	-3.2288e-07	5.963e-07	-6.4244e-10	-5.94e-07	3.2124e-07	-3.2288e-07	8.1628e-05	3.8897e-10	-8.1608e-05	3.2118e-07	-3.2272e-07	0.0031144	3.0346e-09	-0.0031132	3.2146e-07	-3.2302e-07	0.016786	8.3124e-09	-0.016764	3.2162e-07	-3.2308e-07	0.038386	1.79778e-08	-0.038368	3.2414e-07	-3.2542e-07	0.060726	4.11188e-08	-0.060702	3.2582e-07	-3.2688e-07
0.45	7.5665e-09	-2.0327e-09	-3.8565e-09	3.2074e-07	-3.2234e-07	5.967e-07	-6.6945e-10	-5.9442e-07	3.2122e-07	-3.2288e-07	8.1596e-05	3.796e-10	-8.17e-05	3.2114e-07	-3.2286e-07	0.0031156	3.0202e-09	-0.0031142	3.2142e-07	-3.2306e-07	0.016792	8.2994e-09	-0.016778	3.2224e-07	-3.2378e-07	0.038424	1.79258e-08	-0.038406	3.2422e-07	-3.2552e-07	0.060964	4.06906e-08	-0.060948	3.2592e-07	-3.2722e-07
0.455	7.6617e-09	-2.0869e-09	-3.86e-09	3.2124e-07	-3.2296e-07	5.9772e-07	-6.9758e-10	-5.9438e-07	3.2126e-07	-3.2294e-07	8.1776e-05	3.629e-10	-8.1694e-05	3.2048e-07	-3.222e-07	0.0031178	3.0241e-09	-0.003117	3.2142e-07	-3.2312e-07	0.016806	8.2852e-09	-0.01679	3.2238e-07	-3.238e-07	0.038466	1.78686e-08	-0.038446	3.2404e-07	-3.256e-07	0.0612	4.0269e-08	-0.06118	3.2604e-07	-3.2728e-07
0.46	7.7704e-09	-2.1469e-09	-3.863e-09	3.2116e-07	-3.2294e-07	5.9794e-07	-7.2896e-10	-5.9544e-07	3.206e-07	-3.2228e-07	8.183e-05	3.4991e-10	-8.1824e-05	3.212e-07	-3.2282e-07	0.0031194	3.0189e-09	-0.00312	3.2092e-07	-3.231e-07	0.016818	8.2837e-09	-0.016794	3.2236e-07	-3.24e-07	0.038502	1.78226e-08	-0.038484	3.2416e-07	-3.251e-07	0.061424	3.9873e-08	-0.061406	3.2612e-07	-3.2734e-07
0.465	7.8623e-09	-2.2017e-09	-3.8704e-09	3.212e-07	-3.2306e-07	5.9912e-07	-7.614e-10	-5.9574e-07	3.2122e-07	-3.2292e-07	8.1914e-05	3.3833e-10	-8.1842e-05	3.2116e-07	-3.2296e-07	0.0031222	3.0135e-09	-0.0031228	3.2148e-07	-3.2326e-07	0.01683	8.2729e-09	-0.016802	3.224e-07	-3.2408e-07	0.038538	1.77754e-08	-0.038516	3.2442e-07	-3.2572e-07	0.061648	3.9485e-08	-0.061622	3.2624e-07	-3.2748e-07
0.47	7.9606e-09	-2.2646e-09	-3.8696e-09	3.2124e-07	-3.23e-07	5.9934e-07	-7.932e-10	-5.9656e-07	3.2078e-07	-3.2248e-07	8.1996e-05	3.2974e-10	-8.1938e-05	3.2116e-07	-3.2298e-07	0.0031246	3.0145e-09	-0.0031236	3.2146e-07	-3.2322e-07	0.016834	8.26e-09	-0.016816	3.2236e-07	-3.2404e-07	0.038568	1.7733e-08	-0.038556	3.2368e-07	-3.2516e-07	0.061842	3.9125e-08	-0.061822	3.2624e-07	-3.2724e-07
0.475	8.0718e-09	-2.3226e-09	-3.8723e-09	3.2124e-07	-3.2306e-07	5.996e-07	-8.2327e-10	-5.9692e-07	3.2128e-07	-3.2314e-07	8.2076e-05	3.1667e-10	-8.2016e-05	3.2124e-07	-3.2304e-07	0.0031274	3.0053e-09	-0.0031256	3.2148e-07	-3.2318e-07	0.016848	8.2517e-09	-0.016824	3.2236e-07	-3.2412e-07	0.038608	1.76836e-08	-0.03859	3.2444e-07	-3.2596e-07	0.062036	3.8769e-08	-0.062014	3.2634e-07	-3.2766e-07
0.48	8.184e-09	-2.3844e-09	-3.8744e-09	3.213e-07	-3.2312e-07	6.003e-07	-8.568e-10	-5.9748e-07	3.2078e-07	-3.2314e-07	8.2134e-05	3.0164e-10	-8.2106e-05	3.2122e-07	-3.2298e-07	0.0031292	3e-09	-0.0031282	3.215e-07	-3.2332e-07	0.016854	8.245e-09	-0.016834	3.2252e-07	-3.2424e-07	0.038632	1.76432e-08	-0.038616	3.2448e-07	-3.261e-07	0.062222	3.84458e-08	-0.062202	3.265e-07	-3.271e-07
0.485	8.3109e-09	-2.4436e-09	-3.8843e-09	3.2124e-07	-3.2322e-07	6.011e-07	-8.9158e-10	-5.9846e-07	3.2126e-07	-3.2318e-07	8.2198e-05	2.8448e-10	-8.2146e-05	3.212e-07	-3.2308e-07	0.0031312	3.0027e-09	-0.00313	3.2148e-07	-3.2344e-07	0.016864	8.2449e-09	-0.016842	3.2252e-07	-3.2424e-07	0.038666	1.7609e-08	-0.038648	3.246e-07	-3.2616e-07	0.062402	3.8124e-08	-0.062382	3.2654e-07	-3.28e-07
0.49	8.3817e-09	-2.5095e-09	-3.8818e-09	3.212e-07	-3.2324e-07	6.02e-07	-9.2842e-10	-5.9874e-07	3.2122e-07	-3.232e-07	8.2252e-05	2.7199e-10	-8.2224e-05	3.2116e-07	-3.2312e-07	0.0031328	2.9988e-09	-0.0031326	3.2152e-07	-3.2342e-07	0.01687	8.2377e-09	-0.016856	3.2248e-07	-3.2438e-07	0.038692	1.75842e-08	-0.038674	3.239e-07	-3.2556e-07	0.06257	3.78312e-08	-0.062548	3.2662e-07	-3.2808e-07
0.495	8.5305e-09	-2.5719e-09	-3.8875e-09	3.2068e-07	-3.2266e-07	6.0194e-07	-9.6356e-10	-5.9924e-07	3.213e-07	-3.2336e-07	8.229e-05	2.5604e-10	-8.2286e-05	3.2116e-07	-3.2324e-07	0.0031354	2.9922e-09	-0.0031344	3.214e-07	-3.2354e-07	0.01688	8.2227e-09	-0.016862	3.2252e-07	-3.2438e-07	0.03872	1.75442e-08	-0.038698	3.2472e-07	-3.2636e-07	0.06273	3.75474e-08	-0.062716	3.2674e-07	-3.282e-07
0.5	8.6599e-09	-2.6367e-09	-3.8924e-09	3.212e-07	-3.2326e-07	6.027e-07	-9.9807e-10	-5.9932e-07	3.2128e-07	-3.2332e-07	8.2426e-05	2.4457e-10	-8.2406e-05	3.2068e-07	-3.2274e-07	0.0031364	2.9859e-09	-0.0031366	3.2096e-07	-3.2356e-07	0.01689	8.2198e-09	-0.016874	3.2256e-07	-3.2448e-07	0.03874	1.75136e-08	-0.038726	3.2466e-07	-3.2642e-07	0.062882	3.72756e-08	-0.062864	3.2686e-07	-3.284e-07
0.505	8.7623e-09	-2.7029e-09	-3.893e-09	3.2128e-07	-3.2342e-07	6.038e-07	-1.03622e-09	-6.0012e-07	3.2126e-07	-3.2338e-07	8.2522e-05	2.2678e-10	-8.2422e-05	3.2118e-07	-3.2332e-07	0.0031388	2.9794e-09	-0.0031382	3.2152e-07	-3.236e-07	0.0169	8.2065e-09	-0.01688	3.2254e-07	-3.2402e-07	0.038768	1.7481e-08	-0.038754	3.2472e-07	-3.2658e-07	0.06303	3.69962e-08	-0.06301	3.2694e-07	-3.2848e-07
0.51	8.8987e-09	-2.7687e-09	-3.8956e-09	3.2124e-07	-3.2346e-07	6.0362e-07	-1.07528e-09	-6.0106e-07	3.2128e-07	-3.2342e-07	8.2562e-05	2.0737e-10	-8.2548e-05	3.2118e-07	-3.2338e-07	0.0031418	2.98e-09	-0.0031404	3.2152e-07	-3.2372e-07	0.016908	8.2069e-09	-0.016892	3.2264e-07	-3.2386e-07	0.038796	1.74564e-08	-0.038778	3.2488e-07	-3.267e-07	0.063168	3.67766e-08	-0.063148	3.2692e-07	-3.2868e-07
0.515	9.0187e-09	-2.8412e-09	-3.9019e-09	3.212e-07	-3.2344e-07	6.0456e-07	-1.1138e-09	-6.0104e-07	3.2126e-07	-3.2346e-07	8.2646e-05	1.9234e-10	-8.2586e-05	3.2118e-07	-3.2348e-07	0.0031428	2.9734e-09	-0.0031422	3.2152e-07	-3.2364e-07	0.016918	8.1977e-09	-0.0169	3.226e-07	-3.2468e-07	0.038822	1.74234e-08	-0.038802	3.2482e-07	-3.2682e-07	0.0633	3.6516e-08	-0.063286	3.2712e-07	-3.2876e-07
0.52	9.1274e-09	-2.907e-09	-3.9022e-09	3.2118e-07	-3.2352e-07	6.0516e-07	-1.1525e-09	-6.019e-07	3.2128e-07	-3.2356e-07	8.2728e-05	1.7435e-10	-8.2678e-05	3.2114e-07	-3.2344e-07	0.0031464	2.9619e-09	-0.0031454	3.2148e-07	-3.232e-07	0.016928	8.1898e-09	-0.016906	3.2264e-07	-3.2486e-07	0.038846	1.73966e-08	-0.038828	3.2496e-07	-3.2688e-07	0.063424	3.63004e-08	-0.063404	3.2712e-07	-3.2888e-07
0.525	9.2724e-09	-2.9818e-09	-3.9026e-09	3.212e-07	-3.236e-07	6.0612e-07	-1.1957e-09	-6.0314e-07	3.2116e-07	-3.2356e-07	8.2786e-05	1.5512e-10	-8.2828e-05	3.2118e-07	-3.2344e-07	0.0031478	2.9598e-09	-0.003147	3.2154e-07	-3.238e-07	0.016936	8.1807e-09	-0.016916	3.2272e-07	-3.2486e-07	0.038868	1.73674e-08	-0.038846	3.2496e-07	-3.2616e-07	0.063546	3.6092e-08	-0.063526	3.2734e-07	-3.29e-07
0.53	9.398e-09	-3.0486e-09	-3.9056e-09	3.2124e-07	-3.2372e-07	6.07e-07	-1.236e-09	-6.0294e-07	3.213e-07	-3.2356e-07	8.2856e-05	1.3933e-10	-8.282e-05	3.2118e-07	-3.236e-07	0.0031504	2.9571e-09	-0.0031488	3.2154e-07	-3.2386e-07	0.016944	8.1726e-09	-0.016926	3.2248e-07	-3.2486e-07	0.038888	1.73492e-08	-0.038874	3.2502e-07	-3.2704e-07	0.063656	3.5893e-08	-0.063636	3.2738e-07	-3.292e-07
0.535	9.5301e-09	-3.1278e-09	-3.9104e-09	3.2126e-07	-3.238e-07	6.0762e-07	-1.2759e-09	-6.0342e-07	3.2118e-07	-3.2366e-07	8.2924e-05	1.1524e-10	-8.2928e-05	3.211e-07	-3.2364e-07	0.0031528	2.9524e-09	-0.0031514	3.2152e-07	-3.2388e-07	0.01695	8.1743e-09	-0.016936	3.2266e-07	-3.25e-07	0.038912	1.73222e-08	-0.03889	3.251e-07	-3.2712e-07	0.063762	3.57074e-08	-0.063748	3.2752e-07	-3.2932e-07
0.54	9.7098e-09	-3.1935e-09	-3.9175e-09	3.213e-07	-3.2378e-07	6.0808e-07	-1.3201e-09	-6.0402e-07	3.2118e-07	-3.2374e-07	8.2982e-05	9.423e-11	-8.2982e-05	3.2116e-07	-3.2356e-07	0.0031538	2.9464e-09	-0.0031538	3.21e-07	-3.2354e-07	0.016964	8.1713e-09	-0.016944	3.2266e-07	-3.2504e-07	0.038934	1.72998e-08	-0.038914	3.2514e-07	-3.2724e-07	0.063862	3.55344e-08	-0.063844	3.2754e-07	-3.2944e-07
0.545	9.8249e-09	-3.2756e-09	-3.9196e-09	3.2128e-07	-3.2382e-07	6.091e-07	-1.3687e-09	-6.047e-07	3.2126e-07	-3.2394e-07	8.31e-05	7.528e-11	-8.3082e-05	3.2102e-07	-3.2326e-07	0.0031568	2.9342e-09	-0.0031562	3.2166e-07	-3.2386e-07	0.016966	8.1564e-09	-0.016954	3.228e-07	-3.2514e-07	0.038952	1.72792e-08	-0.038938	3.2516e-07	-3.2736e-07	0.063964	3.5364e-08	-0.06394	3.2768e-07	-3.2892e-07
0.55	9.9558e-09	-3.3445e-09	-3.9268e-09	3.2124e-07	-3.2392e-07	6.0974e-07	-1.4114e-09	-6.0526e-07	3.2122e-07	-3.239e-07	8.3096e-05	5.535e-11	-8.3124e-05	3.2118e-07	-3.2366e-07	0.0031576	2.9254e-09	-0.003157	3.2158e-07	-3.2416e-07	0.01698	8.151e-09	-0.01696	3.227e-07	-3.252e-07	0.038972	1.72552e-08	-0.038952	3.2526e-07	-3.2744e-07	0.06405	3.52016e-08	-0.064038	3.2772e-07	-3.2978e-07
0.555	1.00828e-08	-3.4279e-09	-3.9263e-09	3.2124e-07	-3.24e-07	6.1012e-07	-1.4556e-09	-6.0562e-07	3.2124e-07	-3.2386e-07	8.318e-05	3.29e-11	-8.3198e-05	3.2114e-07	-3.2384e-07	0.0031598	2.9201e-09	-0.003159	3.2152e-07	-3.242e-07	0.016988	8.1408e-09	-0.01697	3.2278e-07	-3.2532e-07	0.038994	1.72364e-08	-0.038976	3.2528e-07	-3.2758e-07	0.064134	3.50408e-08	-0.064118	3.2752e-07	-3.2992e-07
0.56	1.02506e-08	-3.4995e-09	-3.9289e-09	3.213e-07	-3.2418e-07	6.108e-07	-1.5023e-09	-6.0622e-07	3.2128e-07	-3.2412e-07	8.3262e-05	1.089e-11	-8.3248e-05	3.2124e-07	-3.2392e-07	0.003163	2.9126e-09	-0.003162	3.2158e-07	-3.2434e-07	0.016996	8.1432e-09	-0.016976	3.2272e-07	-3.2536e-07	0.03901	1.72054e-08	-0.038998	3.2532e-07	-3.2772e-07	0.064222	3.4896e-08	-0.064202	3.2788e-07	-3.301e-07
0.565	1.03811e-08	-3.5859e-09	-3.9335e-09	3.2132e-07	-3.2404e-07	6.1104e-07	-1.5495e-09	-6.0636e-07	3.2124e-07	-3.24e-07	8.3384e-05	-1.74e-11	-8.3324e-05	3.2122e-07	-3.2324e-07	0.0031642	2.9059e-09	-0.0031634	3.2098e-07	-3.243e-07	0.017002	8.1374e-09	-0.016986	3.2276e-07	-3.255e-07	0.039036	1.71846e-08	-0.039012	3.254e-07	-3.2772e-07	0.064298	3.47688e-08	-0.06428	3.2726e-07	-3.2952e-07
0.57	1.05371e-08	-3.66e-09	-3.9351e-09	3.2068e-07	-3.2374e-07	6.1152e-07	-1.6e-09	-6.0704e-07	3.207e-07	-3.2356e-07	8.3398e-05	-3.769e-11	-8.338e-05	3.2046e-07	-3.2338e-07	0.0031658	2.8966e-09	-0.003166	3.2158e-07	-3.2442e-07	0.01701	8.1219e-09	-0.016996	3.2288e-07	-3.2552e-07	0.03905	1.71646e-08	-0.039032	3.2542e-07	-3.2796e-07	0.06437	3.46356e-08	-0.064354	3.2804e-07	-3.3032e-07
0.575	1.06746e-08	-3.7481e-09	-3.9376e-09	3.2128e-07	-3.2432e-07	6.1244e-07	-1.6501e-09	-6.0818e-07	3.2122e-07	-3.2418e-07	8.3514e-05	-6.356e-11	-8.3448e-05	3.2126e-07	-3.2408e-07	0.0031688	2.8798e-09	-0.0031684	3.2158e-07	-3.2446e-07	0.017016	8.124e-09	-0.017002	3.229e-07	-3.2556e-07	0.039068	1.71514e-08	-0.039052	3.255e-07	-3.2786e-07	0.06444	3.45154e-08	-0.064428	3.2818e-07	-3.3048e-07
0.58	1.0881e-08	-3.8248e-09	-3.9444e-09	3.2118e-07	-3.242e-07	6.1328e-07	-1.6991e-09	-6.0902e-07	3.2118e-07	-3.2424e-07	8.3552e-05	-8.879e-11	-8.3498e-05	3.2118e-07	-3.2418e-07	0.0031702	2.8716e-09	-0.0031712	3.2148e-07	-3.2458e-07	0.017028	8.1105e-09	-0.017012	3.2284e-07	-3.2574e-07	0.039084	1.71282e-08	-0.039066	3.2556e-07	-3.2806e-07	0.06451	3.44076e-08	-0.06449	3.2836e-07	-3.3066e-07
0.585	1.10072e-08	-3.9135e-09	-3.945e-09	3.2116e-07	-3.2442e-07	6.1408e-07	-1.7484e-09	-6.0892e-07	3.2124e-07	-3.2426e-07	8.3624e-05	-1.1397e-10	-8.361e-05	3.2062e-07	-3.2374e-07	0.0031712	2.8706e-09	-0.003172	3.2114e-07	-3.2424e-07	0.017036	8.1109e-09	-0.017016	3.2296e-07	-3.2574e-07	0.039106	1.71114e-08	-0.039088	3.2556e-07	-3.2822e-07	0.064572	3.43052e-08	-0.064554	3.2844e-07	-3.3068e-07
0.59	1.11748e-08	-3.9927e-09	-3.9506e-09	3.2122e-07	-3.2444e-07	6.1478e-07	-1.8014e-09	-6.0962e-07	3.2128e-07	-3.24e-07	8.3636e-05	-1.4262e-10	-8.364e-05	3.2064e-07	-3.2428e-07	0.0031734	2.8585e-09	-0.0031734	3.2118e-07	-3.2424e-07	0.017042	8.1045e-09	-0.01703	3.2222e-07	-3.2582e-07	0.03912	1.71e-08	-0.039102	3.2566e-07	-3.284e-07	0.06463	3.41914e-08	-0.064614	3.2838e-07	-3.3018e-07
0.595	1.13227e-08	-4.084e-09	-3.9506e-09	3.2126e-07	-3.245e-07	6.151e-07	-1.8577e-09	-6.1006e-07	3.2074e-07	-3.2398e-07	8.3742e-05	-1.7196e-10	-8.3798e-05	3.212e-07	-3.2442e-07	0.0031768	2.8433e-09	-0.0031758	3.2116e-07	-3.2426e-07	0.017058	8.0938e-09	-0.017036	3.2294e-07	-3.2588e-07	0.039142	1.70774e-08	-0.039118	3.2572e-07	-3.2852e-07	0.064688	3.40852e-08	-0.064668	3.2852e-07	-3.303e-07
0.6	1.15078e-08	-4.1671e-09	-3.9544e-09	3.2068e-07	-3.2394e-07	6.1572e-07	-1.9111e-09	-6.1046e-07	3.2126e-07	-3.2458e-07	8.3818e-05	-1.9988e-10	-8.3788e-05	3.2124e-07	-3.2438e-07	0.0031778	2.8291e-09	-0.003178	3.2128e-07	-3.244e-07	0.017062	8.0868e-09	-0.017044	3.2286e-07	-3.2596e-07	0.03916	1.70664e-08	-0.03914	3.257e-07	-3.2864e-07	0.064744	3.40116e-08	-0.064724	3.2868e-07	-3.3114e-07
0.605	1.16746e-08	-4.2605e-09	-3.9583e-09	3.2122e-07	-3.2466e-07	6.1658e-07	-1.9646e-09	-6.1106e-07	3.2122e-07	-3.2462e-07	8.3848e-05	-2.255e-10	-8.3894e-05	3.2058e-07	-3.246e-07	0.003181	2.82e-09	-0.0031794	3.2118e-07	-3.2454e-07	0.017072	8.0825e-09	-0.01705	3.2302e-07	-3.2606e-07	0.039176	1.7047e-08	-0.03916	3.2586e-07	-3.2874e-07	0.064792	3.39338e-08	-0.064778	3.2876e-07	-3.313e-07
0.61	1.18546e-08	-4.3503e-09	-3.9579e-09	3.2122e-07	-3.2422e-07	6.1734e-07	-2.0209e-09	-6.1162e-07	3.2122e-07	-3.2462e-07	8.3972e-05	-2.5672e-10	-8.3964e-05	3.2122e-07	-3.246e-07	0.0031816	2.8113e-09	-0.0031808	3.2122e-07	-3.2454e-07	0.017076	8.0789e-09	-0.017062	3.2298e-07	-3.2614e-07	0.039192	1.70384e-08	-0.03917	3.2582e-07	-3.288e-07	0.064846	3.3856e-08	-0.064826	3.2878e-07	-3.3144e-07
0.615	1.20362e-08	-4.4401e-09	-3.9689e-09	3.2124e-07	-3.2478e-07	6.1798e-07	-2.0789e-09	-6.1236e-07	3.2126e-07	-3.247e-07	8.401e-05	-2.8971e-10	-8.3996e-05	3.2118e-07	-3.247e-07	0.0031836	2.8022e-09	-0.003182	3.2116e-07	-3.245e-07	0.017088	8.0749e-09	-0.01707	3.2234e-07	-3.2612e-07	0.039204	1.70196e-08	-0.039188	3.2594e-07	-3.2902e-07	0.064894	3.37602e-08	-0.064874	3.289e-07	-3.3166e-07
0.62	1.22014e-08	-4.5288e-09	-3.9706e-09	3.2128e-07	-3.2494e-07	6.1834e-07	-2.1401e-09	-6.129e-07	3.2052e-07	-3.2426e-07	8.4084e-05	-3.1908e-10	-8.4128e-05	3.2122e-07	-3.2486e-07	0.0031862	2.7823e-09	-0.0031852	3.2118e-07	-3.248e-07	0.017094	8.0609e-09	-0.017078	3.2308e-07	-3.2634e-07	0.039224	1.70094e-08	-0.039208	3.2604e-07	-3.2912e-07	0.064944	3.36818e-08	-0.064916	3.29e-07	-3.3176e-07
0.625	1.23656e-08	-4.6291e-09	-3.971e-09	3.2122e-07	-3.2496e-07	6.1972e-07	-2.1978e-09	-6.1366e-07	3.2124e-07	-3.249e-07	8.416e-05	-3.5024e-10	-8.4168e-05	3.2116e-07	-3.2476e-07	0.0031876	2.7678e-09	-0.003188	3.2124e-07	-3.247e-07	0.017104	8.0567e-09	-0.017084	3.2216e-07	-3.2558e-07	0.039238	1.6985e-08	-0.039222	3.2604e-07	-3.2912e-07	0.064982	3.3621e-08	-0.064964	3.2838e-07	-3.3188e-07
0.63	1.25512e-08	-4.7211e-09	-3.9756e-09	3.2118e-07	-3.2448e-07	6.199e-07	-2.2554e-09	-6.1322e-07	3.2126e-07	-3.2504e-07	8.424e-05	-3.8532e-10	-8.4226e-05	3.2124e-07	-3.249e-07	0.0031896	2.7515e-09	-0.0031902	3.2118e-07	-3.2492e-07	0.017108	8.053e-09	-0.017092	3.2302e-07	-3.2654e-07	0.039258	1.69818e-08	-0.039236	3.2614e-07	-3.293e-07	0.065032	3.3552e-08	-0.065006	3.292e-07	-3.3214e-07
0.635	1.2724e-08	-4.8158e-09	-3.9792e-09	3.2118e-07	-3.2502e-07	6.2082e-07	-2.316e-09	-6.1396e-07	3.2118e-07	-3.2492e-07	8.4324e-05	-4.1676e-10	-8.4294e-05	3.2122e-07	-3.25e-07	0.0031908	2.7402e-09	-0.003192	3.2124e-07	-3.2494e-07	0.01712	8.0502e-09	-0.017096	3.231e-07	-3.2666e-07	0.039272	1.69684e-08	-0.039254	3.261e-07	-3.2936e-07	0.06506	3.34866e-08	-0.06504	3.2938e-07	-3.3228e-07
0.64	1.2933e-08	-4.9139e-09	-3.9798e-09	3.2124e-07	-3.252e-07	6.2116e-07	-2.3793e-09	-6.1512e-07	3.2118e-07	-3.251e-07	8.4352e-05	-4.5262e-10	-8.4356e-05	3.2118e-07	-3.2504e-07	0.0031938	2.7309e-09	-0.003193	3.2124e-07	-3.2508e-07	0.017126	8.0423e-09	-0.01711	3.2308e-07	-3.268e-07	0.03929	1.69494e-08	-0.03927	3.2608e-07	-3.2942e-07	0.065104	3.3425e-08	-0.065084	3.2934e-07	-3.318e-07
0.645	1.31022e-08	-5.0176e-09	-3.986e-09	3.2126e-07	-3.2522e-07	6.2196e-07	-2.4466e-09	-6.1576e-07	3.2118e-07	-3.2522e-07	8.4454e-05	-4.8809e-10	-8.445e-05	3.21e-07	-3.2472e-07	0.0031954	2.7125e-09	-0.003196	3.2124e-07	-3.2518e-07	0.017132	8.0322e-09	-0.017116	3.232e-07	-3.2682e-07	0.0393	1.69344e-08	-0.039286	3.262e-07	-3.2966e-07	0.065138	3.33776e-08	-0.065118	3.2888e-07	-3.3192e-07
0.65	1.32926e-08	-5.113e-09	-3.9898e-09	3.212e-07	-3.2538e-07	6.223e-07	-2.5065e-09	-6.161e-07	3.2124e-07	-3.2518e-07	8.4536e-05	-5.2367e-10	-8.4476e-05	3.212e-07	-3.252e-07	0.0031978	2.6945e-09	-0.0031972	3.212e-07	-3.2544e-07	0.017144	8.024e-09	-0.017126	3.2326e-07	-3.27e-07	0.03932	1.6921e-08	-0.039302	3.2626e-07	-3.299e-07	0.065174	3.33332e-08	-0.065162	3.296e-07	-3.3282e-07
0.655	1.35184e-08	-5.2159e-09	-3.9917e-09	3.2122e-07	-3.2548e-07	6.2306e-07	-2.5717e-09	-6.1644e-07	3.2118e-07	-3.2532e-07	8.4622e-05	-5.6282e-10	-8.457e-05	3.206e-07	-3.2534e-07	0.0031986	2.6786e-09	-0.0031992	3.2122e-07	-3.254e-07	0.01715	8.0208e-09	-0.017128	3.2322e-07	-3.27e-07	0.039336	1.69168e-08	-0.039312	3.2634e-07	-3.2994e-07	0.065206	3.32676e-08	-0.065188	3.2982e-07	-3.331e-07
0.66	1.36628e-08	-5.3149e-09	-4.0006e-09	3.2122e-07	-3.2556e-07	6.242e-07	-2.6414e-09	-6.1776e-07	3.2124e-07	-3.2546e-07	8.4682e-05	-5.99e-10	-8.4648e-05	3.212e-07	-3.254e-07	0.0032018	2.6644e-09	-0.0032006	3.2116e-07	-3.2532e-07	0.01716	8.0169e-09	-0.01714	3.2336e-07	-3.273e-07	0.039346	1.68986e-08	-0.039334	3.265e-07	-3.3e-07	0.065238	3.32232e-08	-0.06522	3.2986e-07	-3.3324e-07
0.665	1.38522e-08	-5.4251e-09	-3.9987e-09	3.2122e-07	-3.2566e-07	6.2494e-07	-2.7061e-09	-6.1746e-07	3.2122e-07	-3.255e-07	8.4728e-05	-6.3661e-10	-8.474e-05	3.2122e-07	-3.2546e-07	0.0032034	2.6482e-09	-0.0032026	3.2124e-07	-3.2552e-07	0.017168	8.0105e-09	-0.017146	3.233e-07	-3.2724e-07	0.039362	1.68814e-08	-0.039344	3.2656e-07	-3.3014e-07	0.065276	3.31808e-08	-0.065256	3.2996e-07	-3.3342e-07
0.67	1.41088e-08	-5.5216e-09	-4.0035e-09	3.2124e-07	-3.257e-07	6.2544e-07	-2.7815e-09	-6.1826e-07	3.2116e-07	-3.251e-07	8.482e-05	-6.7856e-10	-8.4764e-05	3.206e-07	-3.2496e-07	0.003206	2.629e-09	-0.0032046	3.213e-07	-3.2558e-07	0.017172	7.9983e-09	-0.017156	3.233e-07	-3.2746e-07	0.03938	1.68754e-08	-0.039364	3.2662e-07	-3.3026e-07	0.065302	3.31264e-08	-0.065288	3.2998e-07	-3.3352e-07
0.675	1.43006e-08	-5.634e-09	-4.0076e-09	3.2122e-07	-3.2534e-07	6.2596e-07	-2.8454e-09	-6.19e-07	3.212e-07	-3.2574e-07	8.48e-05	-7.1737e-10	-8.4856e-05	3.2116e-07	-3.2562e-07	0.003207	2.6097e-09	-0.0032056	3.2126e-07	-3.256e-07	0.017184	7.9935e-09	-0.017162	3.2322e-07	-3.2752e-07	0.039396	1.68672e-08	-0.039374	3.2656e-07	-3.304e-07	0.065332	3.30856e-08	-0.065316	3.3018e-07	-3.3376e-07
0.68	1.45106e-08	-5.7379e-09	-4.0081e-09	3.2126e-07	-3.2594e-07	6.2692e-07	-2.9138e-09	-6.1934e-07	3.2118e-07	-3.2588e-07	8.5004e-05	-7.5977e-10	-8.4886e-05	3.2082e-07	-3.2586e-07	0.0032084	2.5922e-09	-0.003209	3.2122e-07	-3.2574e-07	0.017194	7.9879e-09	-0.017168	3.2332e-07	-3.2766e-07	0.039408	1.6852e-08	-0.03939	3.2664e-07	-3.3062e-07	0.065364	3.30482e-08	-0.065342	3.3014e-07	-3.339e-07
0.685	1.47408e-08	-5.8517e-09	-4.0134e-09	3.2066e-07	-3.255e-07	6.279e-07	-2.9866e-09	-6.1954e-07	3.2124e-07	-3.259e-07	8.4996e-05	-7.9864e-10	-8.5028e-05	3.2124e-07	-3.2586e-07	0.003211	2.5715e-09	-0.0032104	3.2118e-07	-3.259e-07	0.017196	7.9861e-09	-0.017176	3.2338e-07	-3.2772e-07	0.039422	1.68318e-08	-0.039404	3.2668e-07	-3.3082e-07	0.06539	3.30014e-08	-0.065372	3.3024e-07	-3.3396e-07
0.69	1.49794e-08	-5.9569e-09	-4.0162e-09	3.2126e-07	-3.2612e-07	6.281e-07	-3.0617e-09	-6.205e-07	3.2062e-07	-3.2572e-07	8.504e-05	-8.4496e-10	-8.5036e-05	3.2124e-07	-3.2538e-07	0.0032128	2.5522e-09	-0.0032128	3.2126e-07	-3.2592e-07	0.017204	7.9724e-09	-0.017184	3.2332e-07	-3.2782e-07	0.039436	1.68384e-08	-0.03942	3.2598e-07	-3.3018e-07	0.065418	3.2965e-08	-0.065404	3.3038e-07	-3.3416e-07
0.695	1.52192e-08	-6.0722e-09	-4.0219e-09	3.2118e-07	-3.2626e-07	6.292e-07	-3.1379e-09	-6.2074e-07	3.2116e-07	-3.2614e-07	8.51e-05	-8.8665e-10	-8.5132e-05	3.2112e-07	-3.2604e-07	0.0032152	2.5288e-09	-0.003214	3.206e-07	-3.2582e-07	0.017206	7.9646e-09	-0.017192	3.2336e-07	-3.2792e-07	0.039454	1.6822e-08	-0.039434	3.2688e-07	-3.3104e-07	0.065448	3.29248e-08	-0.06543	3.3052e-07	-3.3426e-07
0.7	1.541e-08	-6.1843e-09	-4.0238e-09	3.2124e-07	-3.2634e-07	6.2984e-07	-3.2092e-09	-6.2092e-07	3.207e-07	-3.2564e-07	8.521e-05	-9.2718e-10	-8.5244e-05	3.212e-07	-3.2616e-07	0.0032172	2.5068e-09	-0.0032162	3.2126e-07	-3.262e-07	0.01722	7.9562e-09	-0.0172	3.2344e-07	-3.2804e-07	0.039466	1.68068e-08	-0.039446	3.2676e-07	-3.3114e-07	0.065476	3.28922e-08	-0.065454	3.3062e-07	-3.3446e-07
0.705	1.56502e-08	-6.3013e-09	-4.0237e-09	3.2122e-07	-3.2638e-07	6.301e-07	-3.2831e-09	-6.2184e-07	3.2128e-07	-3.26e-07	8.5286e-05	-9.7543e-10	-8.53e-05	3.2118e-07	-3.2634e-07	0.0032176	2.4826e-09	-0.0032192	3.2054e-07	-3.256e-07	0.017224	7.9518e-09	-0.017206	3.2348e-07	-3.2824e-07	0.039484	1.67938e-08	-0.039466	3.2692e-07	-3.3136e-07	0.065502	3.28532e-08	-0.065482	3.307e-07	-3.3476e-07
0.71	1.58696e-08	-6.4141e-09	-4.029e-09	3.2128e-07	-3.2662e-07	6.308e-07	-3.3659e-09	-6.2234e-07	3.2052e-07	-3.2584e-07	8.535e-05	-1.02669e-09	-8.5396e-05	3.2044e-07	-3.2574e-07	0.0032216	2.4628e-09	-0.0032198	3.2054e-07	-3.2618e-07	0.017236	7.9426e-09	-0.017212	3.2344e-07	-3.2832e-07	0.039494	1.67848e-08	-0.03948	3.2688e-07	-3.3138e-07	0.06552	3.28256e-08	-0.065504	3.308e-07	-3.349e-07
0.715	1.60502e-08	-6.5349e-09	-4.0365e-09	3.2122e-07	-3.2658e-07	6.3196e-07	-3.4408e-09	-6.226e-07	3.2076e-07	-3.2656e-07	8.5454e-05	-1.0694e-09	-8.548e-05	3.2122e-07	-3.265e-07	0.0032228	2.445e-09	-0.0032216	3.212e-07	-3.265e-07	0.017242	7.9318e-09	-0.017224	3.2342e-07	-3.2852e-07	0.039508	1.67814e-08	-0.03949	3.2632e-07	-3.3098e-07	0.06555	3.27976e-08	-0.065532	3.3084e-07	-3.35e-07
0.72	1.62524e-08	-6.6498e-09	-4.0381e-09	3.2122e-07	-3.2688e-07	6.326e-07	-3.522e-09	-6.2352e-07	3.2112e-07	-3.2668e-07	8.552e-05	-1.11703e-09	-8.5502e-05	3.2118e-07	-3.2664e-07	0.0032236	2.4221e-09	-0.0032242	3.2128e-07	-3.2664e-07	0.017248	7.9161e-09	-0.01723	3.235e-07	-3.2842e-07	0.03952	1.67626e-08	-0.039504	3.2698e-07	-3.3116e-07	0.06557	3.2756e-08	-0.065554	3.3096e-07	-3.3526e-07
0.725	1.65266e-08	-6.7734e-09	-4.0419e-09	3.2124e-07	-3.2682e-07	6.3298e-07	-3.6016e-09	-6.2384e-07	3.2118e-07	-3.267e-07	8.5556e-05	-1.1675e-09	-8.561e-05	3.2116e-07	-3.2672e-07	0.0032272	2.3942e-09	-0.0032266	3.2128e-07	-3.2666e-07	0.017258	7.9104e-09	-0.01724	3.2348e-07	-3.2874e-07	0.039536	1.6751e-08	-0.03952	3.2718e-07	-3.3198e-07	0.065596	3.2737e-08	-0.06558	3.311e-07	-3.3536e-07
0.73	1.66848e-08	-6.8904e-09	-4.0428e-09	3.2118e-07	-3.2688e-07	6.3366e-07	-3.6821e-09	-6.245e-07	3.2122e-07	-3.2688e-07	8.5704e-05	-1.2119e-09	-8.5606e-05	3.2116e-07	-3.268e-07	0.0032272	2.3673e-09	-0.0032266	3.2124e-07	-3.2682e-07	0.017262	7.902e-09	-0.017246	3.2352e-07	-3.2884e-07	0.039554	1.67446e-08	-0.039532	3.2646e-07	-3.3166e-07	0.065618	3.26994e-08	-0.065598	3.311e-07	-3.3556e-07
0.735	1.69688e-08	-7.0181e-09	-4.0472e-09	3.2124e-07	-3.2718e-07	6.3488e-07	-3.7651e-09	-6.2544e-07	3.2058e-07	-3.2616e-07	8.5674e-05	-1.2696e-09	-8.5724e-05	3.2058e-07	-3.265e-07	0.0032312	2.3451e-09	-0.0032294	3.213e-07	-3.2696e-07	0.017268	7.8949e-09	-0.017252	3.236e-07	-3.289e-07	0.039564	1.67394e-08	-0.039546	3.2722e-07	-3.3216e-07	0.065644	3.26724e-08	-0.065624	3.3128e-07	-3.3584e-07
0.74	1.72434e-08	-7.1398e-09	-4.0537e-09	3.2118e-07	-3.2722e-07	6.3578e-07	-3.8519e-09	-6.2598e-07	3.2076e-07	-3.2722e-07	8.5838e-05	-1.3226e-09	-8.5744e-05	3.2068e-07	-3.2712e-07	0.0032324	2.319e-09	-0.0032314	3.213e-07	-3.271e-07	0.017278	7.8784e-09	-0.01726	3.2368e-07	-3.2918e-07	0.039574	1.67292e-08	-0.039562	3.2728e-07	-3.3224e-07	0.065668	3.26466e-08	-0.065646	3.314e-07	-3.3608e-07
0.745	1.75074e-08	-7.2659e-09	-4.0552e-09	3.2124e-07	-3.2734e-07	6.362e-07	-3.9365e-09	-6.2668e-07	3.2072e-07	-3.272e-07	8.5874e-05	-1.3714e-09	-8.5846e-05	3.2062e-07	-3.267e-07	0.0032338	2.2882e-09	-0.0032348	3.2134e-07	-3.2698e-07	0.017284	7.8619e-09	-0.017266	3.2364e-07	-3.2926e-07	0.039592	1.6716e-08	-0.039574	3.2734e-07	-3.3266e-07	0.065688	3.26276e-08	-0.065666	3.315e-07	-3.3634e-07
0.75	1.77722e-08	-7.3964e-09	-4.0622e-09	3.211e-07	-3.274e-07	6.3714e-07	-4.0198e-09	-6.269e-07	3.2124e-07	-3.2738e-07	8.5988e-05	-1.4228e-09	-8.5918e-05	3.2112e-07	-3.2726e-07	0.0032364	2.2612e-09	-0.0032362	3.2136e-07	-3.2736e-07	0.017292	7.8542e-09	-0.01727	3.2368e-07	-3.293e-07	0.039602	1.6706e-08	-0.039586	3.2742e-07	-3.3284e-07	0.06571	3.25878e-08	-0.065692	3.3152e-07	-3.3646e-07
0.755	1.80044e-08	-7.5237e-09	-4.0626e-09	3.2058e-07	-3.2704e-07	6.3796e-07	-4.1112e-09	-6.2728e-07	3.2112e-07	-3.2754e-07	8.5996e-05	-1.4787e-09	-8.5976e-05	3.205e-07	-3.2692e-07	0.0032382	2.2307e-09	-0.003238	3.2132e-07	-3.2724e-07	0.0173	7.8432e-09	-0.01728	3.2362e-07	-3.2936e-07	0.039618	1.6702e-08	-0.039598	3.2748e-07	-3.3286e-07	0.065728	3.25778e-08	-0.06571	3.318e-07	-3.3652e-07
0.76	1.82616e-08	-7.6541e-09	-4.0648e-09	3.2122e-07	-3.2766e-07	6.3894e-07	-4.198e-09	-6.2806e-07	3.2048e-07	-3.27e-07	8.6078e-05	-1.5359e-09	-8.6014e-05	3.206e-07	-3.2752e-07	0.0032396	2.203e-09	-0.00324	3.213e-07	-3.2746e-07	0.017308	7.8298e-09	-0.017288	3.2368e-07	-3.2964e-07	0.039632	1.67006e-08	-0.039612	3.2748e-07	-3.3306e-07	0.065748	3.25572e-08	-0.06573	3.318e-07	-3.3682e-07
0.765	1.85446e-08	-7.7858e-09	-4.0658e-09	3.2122e-07	-3.2772e-07	6.394e-07	-4.2877e-09	-6.2852e-07	3.207e-07	-3.2714e-07	8.6102e-05	-1.5944e-09	-8.6084e-05	3.2122e-07	-3.2768e-07	0.0032414	2.1714e-09	-0.0032404	3.2122e-07	-3.2762e-07	0.017314	7.819e-09	-0.017296	3.2374e-07	-3.298e-07	0.039642	1.66806e-08	-0.03963	3.2758e-07	-3.3328e-07	0.065774	3.25348e-08	-0.065758	3.3188e-07	-3.3698e-07
0.77	1.88302e-08	-7.9203e-09	-4.0689e-09	3.2118e-07	-3.274e-07	6.4012e-07	-4.3811e-09	-6.2886e-07	3.206e-07	-3.2724e-07	8.6216e-05	-1.6504e-09	-8.6178e-05	3.2114e-07	-3.2782e-07	0.0032436	2.1414e-09	-0.0032426	3.2124e-07	-3.277e-07	0.017322	7.8043e-09	-0.017304	3.2368e-07	-3.2996e-07	0.03966	1.6668e-08	-0.039644	3.2766e-07	-3.335e-07	0.065794	3.25186e-08	-0.06578	3.3196e-07	-3.3666e-07
0.775	1.91158e-08	-8.0534e-09	-4.0738e-09	3.2122e-07	-3.28e-07	6.409e-07	-4.4705e-09	-6.2942e-07	3.2126e-07	-3.2796e-07	8.6236e-05	-1.7066e-09	-8.6232e-05	3.2122e-07	-3.2802e-07	0.0032454	2.1093e-09	-0.0032442	3.2052e-07	-3.2788e-07	0.017328	7.7935e-09	-0.017306	3.2372e-07	-3.3012e-07	0.039674	1.66664e-08	-0.039656	3.277e-07	-3.337e-07	0.065812	3.248e-08	-0.06579	3.3198e-07	-3.3734e-07
0.78	1.9316e-08	-8.1903e-09	-4.0787e-09	3.212e-07	-3.283e-07	6.4174e-07	-4.5654e-09	-6.3042e-07	3.2122e-07	-3.2804e-07	8.6302e-05	-1.7669e-09	-8.6302e-05	3.2124e-07	-3.279e-07	0.003247	2.078e-09	-0.0032468	3.2132e-07	-3.2796e-07	0.017338	7.7787e-09	-0.017316	3.2382e-07	-3.3032e-07	0.039686	1.6658e-08	-0.039668	3.2772e-07	-3.3372e-07	0.065832	3.24676e-08	-0.065814	3.32e-07	-3.37e-07
0.785	1.95974e-08	-8.3272e-09	-4.0811e-09	3.2122e-07	-3.2842e-07	6.4262e-07	-4.6604e-09	-6.304e-07	3.2116e-07	-3.2824e-07	8.6394e-05	-1.8262e-09	-8.6388e-05	3.2056e-07	-3.2744e-07	0.0032484	2.0464e-09	-0.0032474	3.213e-07	-3.2806e-07	0.017344	7.7702e-09	-0.017322	3.238e-07	-3.305e-07	0.039694	1.6646e-08	-0.039678	3.278e-07	-3.3384e-07	0.065852	3.24426e-08	-0.065836	3.322e-07	-3.3784e-07
0.79	1.99174e-08	-8.4691e-09	-4.0819e-09	3.2122e-07	-3.2856e-07	6.4378e-07	-4.7572e-09	-6.3106e-07	3.2118e-07	-3.2838e-07	8.6482e-05	-1.8913e-09	-8.6478e-05	3.2122e-07	-3.2792e-07	0.0032514	2.0081e-09	-0.0032502	3.2136e-07	-3.2842e-07	0.01735	7.7476e-09	-0.017332	3.2384e-07	-3.3064e-07	0.039712	1.66376e-08	-0.039698	3.277e-07	-3.3414e-07	0.065872	3.24236e-08	-0.065854	3.3236e-07	-3.3812e-07
0.795	2.0205e-08	-8.6084e-09	-4.0851e-09	3.2118e-07	-3.2854e-07	6.4446e-07	-4.8524e-09	-6.3216e-07	3.2118e-07	-3.2846e-07	8.65e-05	-1.9539e-09	-8.65e-05	3.2116e-07	-3.2842e-07	0.0032524	1.9707e-09	-0.0032528	3.213e-07	-3.2866e-07	0.017356	7.7351e-09	-0.017334	3.2376e-07	-3.3068e-07	0.039724	1.66384e-08	-0.039708	3.2788e-07	-3.342e-07	0.065892	3.24012e-08	-0.065876	3.324e-07	-3.383e-07
0.8	2.05058e-08	-8.7485e-09	-4.0899e-09	3.212e-07	-3.287e-07	6.449e-07	-4.9518e-09	-6.3212e-07	3.2118e-07	-3.2858e-07	8.6608e-05	-2.0164e-09	-8.6606e-05	3.2118e-07	-3.2846e-07	0.0032538	1.9397e-09	-0.003253	3.213e-07	-3.2856e-07	0.017362	7.7184e-09	-0.017342	3.2394e-07	-3.3078e-07	0.039736	1.66266e-08	-0.039722	3.2796e-07	-3.3448e-07	0.065914	3.23842e-08	-0.065892	3.327e-07	-3.3842e-07
0.805	2.07812e-08	-8.8938e-09	-4.095e-09	3.2118e-07	-3.2896e-07	6.4578e-07	-5.0532e-09	-6.329e-07	3.2116e-07	-3.2872e-07	8.6646e-05	-2.0782e-09	-8.6654e-05	3.2066e-07	-3.2802e-07	0.0032564	1.9004e-09	-0.0032558	3.2064e-07	-3.284e-07	0.017372	7.7098e-09	-0.017352	3.2388e-07	-3.3104e-07	0.039748	1.66184e-08	-0.03973	3.2808e-07	-3.347e-07	0.065926	3.23866e-08	-0.065912	3.3264e-07	-3.3872e-07
0.81	2.09864e-08	-9.0373e-09	-4.1006e-09	3.212e-07	-3.29e-07	6.4622e-07	-5.1549e-09	-6.3326e-07	3.211e-07	-3.2896e-07	8.6742e-05	-2.147e-09	-8.6736e-05	3.212e-07	-3.2876e-07	0.003259	1.8698e-09	-0.0032576	3.2132e-07	-3.2888e-07	0.01738	7.6866e-09	-0.017358	3.2396e-07	-3.3116e-07	0.03976	1.6597e-08	-0.039748	3.2818e-07	-3.3492e-07	0.06595	3.23674e-08	-0.065926	3.3274e-07	-3.3904e-07
0.815	2.13414e-08	-9.1854e-09	-4.0995e-09	3.2118e-07	-3.2932e-07	6.471e-07	-5.2557e-09	-6.337e-07	3.2112e-07	-3.2908e-07	8.675e-05	-2.2114e-09	-8.6794e-05	3.2118e-07	-3.2892e-07	0.0032596	1.829e-09	-0.0032586	3.2148e-07	-3.29e-07	0.017388	7.6665e-09	-0.01737	3.2396e-07	-3.3138e-07	0.039776	1.66016e-08	-0.039756	3.2816e-07	-3.3506e-07	0.065962	3.23436e-08	-0.06595	3.3278e-07	-3.3906e-07
0.82	2.17418e-08	-9.3345e-09	-4.1049e-09	3.2122e-07	-3.2932e-07	6.4744e-07	-5.3618e-09	-6.3424e-07	3.2112e-07	-3.292e-07	8.6876e-05	-2.2826e-09	-8.6886e-05	3.2124e-07	-3.2906e-07	0.0032612	1.7839e-09	-0.0032598	3.2146e-07	-3.2918e-07	0.01739	7.6462e-09	-0.01737	3.241e-07	-3.3136e-07	0.039788	1.65848e-08	-0.039768	3.282e-07	-3.3534e-07	0.065984	3.23208e-08	-0.065964	3.3294e-07	-3.3934e-07
0.825	2.19834e-08	-9.4846e-09	-4.1084e-09	3.2128e-07	-3.2948e-07	6.4858e-07	-5.4649e-09	-6.3498e-07	3.2122e-07	-3.2948e-07	8.6948e-05	-2.3494e-09	-8.6914e-05	3.2064e-07	-3.2866e-07	0.0032634	1.7491e-09	-0.0032628	3.214e-07	-3.2942e-07	0.0174	7.6355e-09	-0.017382	3.2396e-07	-3.3146e-07	0.0398	1.65782e-08	-0.039782	3.283e-07	-3.3554e-07	0.066004	3.23076e-08	-0.065984	3.3306e-07	-3.396e-07
0.83	2.22894e-08	-9.6384e-09	-4.1103e-09	3.2122e-07	-3.2962e-07	6.496e-07	-5.5688e-09	-6.3564e-07	3.2118e-07	-3.2942e-07	8.697e-05	-2.4165e-09	-8.6966e-05	3.212e-07	-3.2938e-07	0.0032652	1.7116e-09	-0.0032656	3.2146e-07	-3.2928e-07	0.017406	7.6189e-09	-0.017388	3.2402e-07	-3.3174e-07	0.039816	1.65654e-08	-0.039794	3.2838e-07	-3.3574e-07	0.066024	3.22848e-08	-0.066002	3.3312e-07	-3.3994e-07
0.835	2.26502e-08	-9.7819e-09	-4.1149e-09	3.2068e-07	-3.2932e-07	6.5058e-07	-5.6814e-09	-6.3648e-07	3.2062e-07	-3.29e-07	8.7054e-05	-2.4878e-09	-8.7058e-05	3.2118e-07	-3.2964e-07	0.003268	1.6734e-09	-0.0032658	3.2136e-07	-3.2968e-07	0.017414	7.5955e-09	-0.017396	3.2402e-07	-3.3186e-07	0.039822	1.656e-08	-0.039804	3.2838e-07	-3.3584e-07	0.066042	3.2267e-08	-0.06602	3.3322e-07	-3.3994e-07
0.84	2.29486e-08	-9.9434e-09	-4.1216e-09	3.2064e-07	-3.2954e-07	6.5122e-07	-5.7867e-09	-6.3632e-07	3.2118e-07	-3.2968e-07	8.7136e-05	-2.5624e-09	-8.715e-05	3.2118e-07	-3.2962e-07	0.0032692	1.6315e-09	-0.0032684	3.2144e-07	-3.2984e-07	0.017422	7.5693e-09	-0.0174	3.2408e-07	-3.3204e-07	0.03984	1.65514e-08	-0.03982	3.2846e-07	-3.3602e-07	0.066048	3.225e-08	-0.06604	3.3328e-07	-3.4026e-07
0.845	2.32912e-08	-1.00978e-08	-4.1212e-09	3.2124e-07	-3.302e-07	6.5198e-07	-5.8974e-09	-6.3658e-07	3.2118e-07	-3.299e-07	8.7248e-05	-2.6333e-09	-8.724e-05	3.2124e-07	-3.2984e-07	0.0032704	1.5839e-09	-0.0032694	3.2142e-07	-3.292e-07	0.017428	7.5535e-09	-0.017408	3.2402e-07	-3.3224e-07	0.039852	1.65338e-08	-0.039826	3.2852e-07	-3.3638e-07	0.066068	3.22508e-08	-0.066058	3.334e-07	-3.4054e-07
0.85	2.35104e-08	-1.02558e-08	-4.1255e-09	3.212e-07	-3.3024e-07	6.5254e-07	-6.0103e-09	-6.3752e-07	3.2118e-07	-3.3008e-07	8.7328e-05	-2.7083e-09	-8.7214e-05	3.212e-07	-3.3008e-07	0.0032724	1.5404e-09	-0.0032714	3.2142e-07	-3.2956e-07	0.017438	7.5367e-09	-0.017416	3.2418e-07	-3.324e-07	0.039864	1.65312e-08	-0.039846	3.2852e-07	-3.3632e-07	0.06609	3.22284e-08	-0.06607	3.3358e-07	-3.4078e-07
0.855	2.38858e-08	-1.04131e-08	-4.1291e-09	3.2124e-07	-3.3038e-07	6.5322e-07	-6.1232e-09	-6.3778e-07	3.2118e-07	-3.3026e-07	8.7318e-05	-2.7882e-09	-8.7328e-05	3.2056e-07	-3.2978e-07	0.0032744	1.4969e-09	-0.003274	3.2074e-07	-3.3026e-07	0.01744	7.5136e-09	-0.017422	3.242e-07	-3.3278e-07	0.039878	1.65242e-08	-0.039852	3.2794e-07	-3.3668e-07	0.066104	3.22046e-08	-0.066088	3.3362e-07	-3.4112e-07
0.86	2.4341e-08	-1.05714e-08	-4.1325e-09	3.2122e-07	-3.3072e-07	6.5422e-07	-6.2367e-09	-6.3864e-07	3.2112e-07	-3.3048e-07	8.7372e-05	-2.8547e-09	-8.743e-05	3.2122e-07	-3.3044e-07	0.0032762	1.4523e-09	-0.0032764	3.214e-07	-3.3052e-07	0.017448	7.4876e-09	-0.01743	3.242e-07	-3.3292e-07	0.039888	1.65156e-08	-0.039868	3.287e-07	-3.368e-07	0.066122	3.21884e-08	-0.06611	3.3382e-07	-3.4136e-07
0.865	2.46508e-08	-1.07357e-08	-4.1339e-09	3.2118e-07	-3.309e-07	6.5522e-07	-6.3559e-09	-6.3952e-07	3.2052e-07	-3.3016e-07	8.7486e-05	-2.9358e-09	-8.7494e-05	3.2058e-07	-3.3018e-07	0.0032774	1.406e-09	-0.0032778	3.2148e-07	-3.3042e-07	0.017454	7.4657e-09	-0.017436	3.2354e-07	-3.3232e-07	0.039902	1.65002e-08	-0.03988	3.2878e-07	-3.369e-07	0.066142	3.21784e-08	-0.066124	3.339e-07	-3.4158e-07
0.87	2.48944e-08	-1.08979e-08	-4.1371e-09	3.213e-07	-3.3102e-07	6.5634e-07	-6.4709e-09	-6.3978e-07	3.2118e-07	-3.3068e-07	8.755e-05	-3.0153e-09	-8.756e-05	3.2118e-07	-3.3084e-07	0.0032798	1.3557e-09	-0.0032806	3.2078e-07	-3.3072e-07	0.017464	7.444e-09	-0.017446	3.2422e-07	-3.3328e-07	0.039914	1.6492e-08	-0.039892	3.288e-07	-3.373e-07	0.066158	3.2166e-08	-0.066142	3.3398e-07	-3.4192e-07
0.875	2.52784e-08	-1.10591e-08	-4.1429e-09	3.2112e-07	-3.3116e-07	6.5678e-07	-6.588e-09	-6.4038e-07	3.2118e-07	-3.3114e-07	8.7644e-05	-3.0929e-09	-8.7622e-05	3.2124e-07	-3.3092e-07	0.0032812	1.3021e-09	-0.0032814	3.2146e-07	-3.3104e-07	0.017468	7.4229e-09	-0.01745	3.2422e-07	-3.334e-07	0.039918	1.6476e-08	-0.039908	3.2888e-07	-3.3744e-07	0.066172	3.21494e-08	-0.066156	3.3404e-07	-3.4214e-07
0.88	2.56754e-08	-1.12338e-08	-4.1457e-09	3.2066e-07	-3.3074e-07	6.5774e-07	-6.7072e-09	-6.4104e-07	3.2118e-07	-3.3122e-07	8.7686e-05	-3.1782e-09	-8.76e-05	3.2118e-07	-3.311e-07	0.003284	1.2594e-09	-0.0032826	3.2148e-07	-3.3116e-07	0.01748	7.398e-09	-0.017456	3.2426e-07	-3.3354e-07	0.03994	1.64708e-08	-0.039914	3.2896e-07	-3.3768e-07	0.066192	3.21348e-08	-0.066172	3.3408e-07	-3.424e-07
0.885	2.60086e-08	-1.13997e-08	-4.147e-09	3.2116e-07	-3.315e-07	6.5826e-07	-6.8351e-09	-6.4124e-07	3.2064e-07	-3.3078e-07	8.7744e-05	-3.2591e-09	-8.7746e-05	3.2064e-07	-3.3084e-07	0.003286	1.2115e-09	-0.0032852	3.2148e-07	-3.313e-07	0.01748	7.3701e-09	-0.017462	3.2438e-07	-3.3368e-07	0.039946	1.64608e-08	-0.039926	3.2818e-07	-3.3712e-07	0.066208	3.21182e-08	-0.066188	3.342e-07	-3.4258e-07
0.89	2.63176e-08	-1.15532e-08	-4.1524e-09	3.2122e-07	-3.3176e-07	6.5892e-07	-6.9552e-09	-6.4188e-07	3.2118e-07	-3.3156e-07	8.7828e-05	-3.34e-09	-8.7836e-05	3.2128e-07	-3.3146e-07	0.0032876	1.1594e-09	-0.003286	3.2152e-07	-3.315e-07	0.017492	7.3408e-09	-0.01747	3.243e-07	-3.3406e-07	0.039958	1.6448e-08	-0.039946	3.2906e-07	-3.3752e-07	0.066224	3.21146e-08	-0.066206	3.3438e-07	-3.428e-07
0.895	2.67646e-08	-1.17246e-08	-4.1631e-09	3.2122e-07	-3.3204e-07	6.6016e-07	-7.0811e-09	-6.4246e-07	3.2068e-07	-3.3156e-07	8.7862e-05	-3.4292e-09	-8.7822e-05	3.2118e-07	-3.315e-07	0.0032892	1.1079e-09	-0.0032896	3.2152e-07	-3.3202e-07	0.017492	7.3242e-09	-0.01748	3.2436e-07	-3.3412e-07	0.039972	1.6437e-08	-0.039954	3.2916e-07	-3.3854e-07	0.066238	3.21004e-08	-0.066222	3.3442e-07	-3.4312e-07
0.9	2.71276e-08	-1.1897e-08	-4.1659e-09	3.2122e-07	-3.3218e-07	6.6142e-07	-7.204e-09	-6.426e-07	3.2118e-07	-3.3234e-07	8.797e-05	-3.5092e-09	-8.7922e-05	3.2124e-07	-3.3182e-07	0.0032906	1.0529e-09	-0.00329	3.2148e-07	-3.3206e-07	0.017506	7.2941e-09	-0.017486	3.2436e-07	-3.3436e-07	0.039982	1.6424e-08	-0.039964	3.2922e-07	-3.3864e-07	0.066256	3.2086e-08	-0.066234	3.3458e-07	-3.4318e-07
