vg	id_vd = 0V	ig_vd = 0V	is_vd = 0V	iavdd_vd = 0V	ignd_vd = 0V	id_vd = 0.15V	ig_vd = 0.15V	is_vd = 0.15V	iavdd_vd = 0.15V	ignd_vd = 0.15V	id_vd = 0.3V	ig_vd = 0.3V	is_vd = 0.3V	iavdd_vd = 0.3V	ignd_vd = 0.3V	id_vd = 0.45V	ig_vd = 0.45V	is_vd = 0.45V	iavdd_vd = 0.45V	ignd_vd = 0.45V	id_vd = 0.6V	ig_vd = 0.6V	is_vd = 0.6V	iavdd_vd = 0.6V	ignd_vd = 0.6V	id_vd = 0.75V	ig_vd = 0.75V	is_vd = 0.75V	iavdd_vd = 0.75V	ignd_vd = 0.75V	id_vd = 0.9V	ig_vd = 0.9V	is_vd = 0.9V	iavdd_vd = 0.9V	ignd_vd = 0.9V
-0.3	9.891e-11	-1.8168e-09	1.5321e-10	3.182e-07	-3.1658e-07	7.2726e-10	-2.1228e-09	1.124e-10	3.1782e-07	-3.1652e-07	1.8009e-09	-2.7092e-09	9.078e-11	3.181e-07	-3.1718e-07	3.7857e-09	-3.7068e-09	7.118e-11	3.1862e-07	-3.1872e-07	7.0937e-09	-5.2363e-09	5.208e-11	3.1972e-07	-3.2152e-07	1.26224e-08	-7.4479e-09	2.663e-11	3.2058e-07	-3.2576e-07	2.22948e-08	-1.0358e-08	-8.89e-12	3.2096e-07	-3.325e-07
-0.295	9.75e-11	-1.6557e-09	1.4679e-10	3.1808e-07	-3.167e-07	7.1029e-10	-1.9506e-09	1.016e-10	3.1782e-07	-3.166e-07	1.7808e-09	-2.5172e-09	8.173e-11	3.1808e-07	-3.1734e-07	3.7238e-09	-3.4894e-09	6.388e-11	3.186e-07	-3.1886e-07	6.9903e-09	-5.0061e-09	4.022e-11	3.1954e-07	-3.2154e-07	1.25324e-08	-7.1545e-09	1.307e-11	3.204e-07	-3.2562e-07	2.18446e-08	-1.00608e-08	-2.627e-11	3.2092e-07	-3.3262e-07
-0.29	1.0067e-10	-1.5003e-09	1.4098e-10	3.1816e-07	-3.1694e-07	6.9949e-10	-1.7882e-09	9.29e-11	3.1786e-07	-3.1682e-07	1.7627e-09	-2.349e-09	7.374e-11	3.1802e-07	-3.1746e-07	3.6853e-09	-3.3023e-09	5.43e-11	3.1862e-07	-3.191e-07	6.9077e-09	-4.7887e-09	2.885e-11	3.195e-07	-3.2166e-07	1.2412e-08	-6.9268e-09	-2.2e-13	3.2034e-07	-3.2554e-07	2.16654e-08	-9.781e-09	-3.744e-11	3.2082e-07	-3.3258e-07
-0.285	8.985e-11	-1.3683e-09	1.3593e-10	3.1814e-07	-3.1694e-07	6.9263e-10	-1.6418e-09	8.619e-11	3.179e-07	-3.1694e-07	1.7303e-09	-2.1879e-09	6.306e-11	3.1802e-07	-3.1762e-07	3.6399e-09	-3.1322e-09	4.159e-11	3.1854e-07	-3.1902e-07	6.8377e-09	-4.5767e-09	1.773e-11	3.1942e-07	-3.2172e-07	1.228e-08	-6.6983e-09	-1.269e-11	3.2016e-07	-3.2562e-07	2.14706e-08	-9.5484e-09	-5.249e-11	3.2056e-07	-3.3226e-07
-0.28	8.191e-11	-1.2396e-09	1.2839e-10	3.1814e-07	-3.1706e-07	6.7637e-10	-1.5132e-09	7.521e-11	3.1782e-07	-3.1706e-07	1.7035e-09	-2.0485e-09	5.558e-11	3.1812e-07	-3.1776e-07	3.6085e-09	-2.9656e-09	2.994e-11	3.1848e-07	-3.191e-07	6.8093e-09	-4.4034e-09	4.99e-12	3.193e-07	-3.2166e-07	1.21148e-08	-6.4687e-09	-2.81e-11	3.2e-07	-3.2558e-07	2.12168e-08	-9.2899e-09	-7.015e-11	3.2046e-07	-3.3228e-07
-0.275	8.623e-11	-1.1278e-09	1.2397e-10	3.1812e-07	-3.172e-07	6.6535e-10	-1.3907e-09	6.51e-11	3.1784e-07	-3.1714e-07	1.692e-09	-1.9108e-09	4.612e-11	3.1802e-07	-3.179e-07	3.5803e-09	-2.814e-09	1.979e-11	3.1844e-07	-3.1918e-07	6.7468e-09	-4.2238e-09	-1.072e-11	3.1934e-07	-3.2166e-07	1.20808e-08	-6.2722e-09	-4.338e-11	3.1992e-07	-3.2556e-07	2.10952e-08	-9.0608e-09	-8.847e-11	3.2038e-07	-3.323e-07
-0.27	8.17e-11	-1.0248e-09	1.1724e-10	3.1818e-07	-3.173e-07	6.6979e-10	-1.279e-09	5.483e-11	3.1786e-07	-3.1724e-07	1.6741e-09	-1.7927e-09	3.504e-11	3.1802e-07	-3.18e-07	3.5505e-09	-2.6823e-09	6.2e-12	3.1842e-07	-3.1932e-07	6.6751e-09	-4.0638e-09	-2.354e-11	3.1914e-07	-3.2176e-07	1.19554e-08	-6.0811e-09	-5.898e-11	3.1982e-07	-3.2552e-07	2.0816e-08	-8.8309e-09	-1.0557e-10	3.203e-07	-3.3204e-07
-0.265	6.635e-11	-9.3536e-10	1.0703e-10	3.1816e-07	-3.1732e-07	6.5953e-10	-1.182e-09	4.43e-11	3.1784e-07	-3.1734e-07	1.6551e-09	-1.6829e-09	1.962e-11	3.1806e-07	-3.18e-07	3.5022e-09	-2.5527e-09	-9.25e-12	3.1842e-07	-3.1932e-07	6.6281e-09	-3.92e-09	-3.825e-11	3.191e-07	-3.2182e-07	1.1903e-08	-5.9086e-09	-7.684e-11	3.1974e-07	-3.2554e-07	2.05672e-08	-8.6337e-09	-1.2601e-10	3.2022e-07	-3.321e-07
-0.26	5.935e-11	-8.493e-10	1.0421e-10	3.1808e-07	-3.1738e-07	6.4829e-10	-1.0904e-09	2.961e-11	3.1784e-07	-3.1736e-07	1.6375e-09	-1.5822e-09	9.97e-12	3.1796e-07	-3.1806e-07	3.4799e-09	-2.4309e-09	-2.024e-11	3.1834e-07	-3.194e-07	6.5748e-09	-3.7763e-09	-5.725e-11	3.1906e-07	-3.217e-07	1.17632e-08	-5.743e-09	-9.527e-11	3.1968e-07	-3.2552e-07	2.04028e-08	-8.4411e-09	-1.4729e-10	3.2008e-07	-3.32e-07
-0.255	5.553e-11	-7.7431e-10	9.899e-11	3.1806e-07	-3.1748e-07	6.458e-10	-1.0068e-09	1.91e-11	3.1782e-07	-3.1748e-07	1.632e-09	-1.4826e-09	-4.4e-12	3.1798e-07	-3.1814e-07	3.4631e-09	-2.3201e-09	-3.516e-11	3.1838e-07	-3.1948e-07	6.5277e-09	-3.6524e-09	-7.514e-11	3.1906e-07	-3.2182e-07	1.16828e-08	-5.5811e-09	-1.1997e-10	3.196e-07	-3.256e-07	2.03172e-08	-8.2315e-09	-1.7451e-10	3.201e-07	-3.3184e-07
-0.25	4.195e-11	-7.0784e-10	9.205e-11	3.1808e-07	-3.1748e-07	6.4571e-10	-9.31e-10	9.46e-12	3.178e-07	-3.1756e-07	1.6173e-09	-1.3985e-09	-2.069e-11	3.1798e-07	-3.1816e-07	3.4243e-09	-2.224e-09	-5.311e-11	3.1834e-07	-3.194e-07	6.4667e-09	-3.5166e-09	-9.509e-11	3.189e-07	-3.2178e-07	1.16026e-08	-5.4441e-09	-1.4235e-10	3.1952e-07	-3.2536e-07	2.01164e-08	-8.0585e-09	-2.0326e-10	3.2006e-07	-3.3174e-07
-0.245	4.273e-11	-6.4226e-10	8.746e-11	3.1806e-07	-3.1754e-07	6.259e-10	-8.62e-10	-5.37e-12	3.1782e-07	-3.1756e-07	1.5985e-09	-1.3203e-09	-3.813e-11	3.1802e-07	-3.1822e-07	3.4004e-09	-2.129e-09	-7.095e-11	3.1822e-07	-3.1948e-07	6.4191e-09	-3.4136e-09	-1.1854e-10	3.1882e-07	-3.2176e-07	1.14938e-08	-5.2925e-09	-1.7066e-10	3.1952e-07	-3.2556e-07	2.0001e-08	-7.8904e-09	-2.3474e-10	3.2004e-07	-3.318e-07
-0.24	4.341e-11	-5.8266e-10	8.324e-11	3.1804e-07	-3.1756e-07	6.3176e-10	-7.9927e-10	-1.778e-11	3.1784e-07	-3.1762e-07	1.5914e-09	-1.2423e-09	-5.714e-11	3.1796e-07	-3.1818e-07	3.3857e-09	-2.0375e-09	-9.117e-11	3.1826e-07	-3.195e-07	6.4536e-09	-3.308e-09	-1.4372e-10	3.1884e-07	-3.2192e-07	1.14742e-08	-5.1628e-09	-2.0177e-10	3.194e-07	-3.2542e-07	1.99602e-08	-7.7381e-09	-2.7193e-10	3.1994e-07	-3.3152e-07
-0.235	3.34e-11	-5.3462e-10	7.708e-11	3.1814e-07	-3.177e-07	6.3748e-10	-7.4061e-10	-3.341e-11	3.1784e-07	-3.1772e-07	1.5908e-09	-1.1737e-09	-7.803e-11	3.1794e-07	-3.183e-07	3.3779e-09	-1.9558e-09	-1.1537e-10	3.1826e-07	-3.1952e-07	6.3539e-09	-3.204e-09	-1.7173e-10	3.1898e-07	-3.2188e-07	1.13392e-08	-5.0321e-09	-2.3451e-10	3.193e-07	-3.2528e-07	1.96518e-08	-7.5936e-09	-3.1077e-10	3.1986e-07	-3.3182e-07
-0.23	2.574e-11	-4.8861e-10	7.332e-11	3.1806e-07	-3.1772e-07	6.3407e-10	-6.8819e-10	-5.172e-11	3.1784e-07	-3.177e-07	1.5846e-09	-1.1126e-09	-1.0128e-10	3.1798e-07	-3.183e-07	3.3449e-09	-1.8797e-09	-1.4282e-10	3.1826e-07	-3.1956e-07	6.3179e-09	-3.098e-09	-2.0254e-10	3.189e-07	-3.2188e-07	1.13552e-08	-4.9159e-09	-2.7009e-10	3.192e-07	-3.2528e-07	1.9676e-08	-7.4235e-09	-3.5494e-10	3.1982e-07	-3.3146e-07
-0.225	3.284e-11	-4.4333e-10	7.067e-11	3.1798e-07	-3.177e-07	6.3938e-10	-6.3853e-10	-7.091e-11	3.1784e-07	-3.177e-07	1.5838e-09	-1.0519e-09	-1.2455e-10	3.179e-07	-3.183e-07	3.3362e-09	-1.8045e-09	-1.7208e-10	3.1818e-07	-3.196e-07	6.2817e-09	-3.0046e-09	-2.3725e-10	3.188e-07	-3.2186e-07	1.12952e-08	-4.7982e-09	-3.129e-10	3.1924e-07	-3.2544e-07	1.93538e-08	-7.275e-09	-4.0737e-10	3.1974e-07	-3.3134e-07
-0.22	2.574e-11	-4.0536e-10	6.587e-11	3.181e-07	-3.1782e-07	6.5594e-10	-5.9007e-10	-9.459e-11	3.1784e-07	-3.1784e-07	1.5923e-09	-9.986e-10	-1.5033e-10	3.1798e-07	-3.1838e-07	3.3426e-09	-1.7352e-09	-2.0517e-10	3.1826e-07	-3.196e-07	6.362e-09	-2.9269e-09	-2.7763e-10	3.188e-07	-3.2186e-07	1.12732e-08	-4.6921e-09	-3.6446e-10	3.192e-07	-3.2524e-07	1.93896e-08	-7.1482e-09	-4.7015e-10	3.1968e-07	-3.314e-07
-0.215	1.798e-11	-3.7092e-10	6.026e-11	3.1814e-07	-3.1778e-07	6.6474e-10	-5.5292e-10	-1.2104e-10	3.1788e-07	-3.1784e-07	1.5953e-09	-9.4567e-10	-1.8044e-10	3.179e-07	-3.1842e-07	3.3445e-09	-1.6692e-09	-2.4468e-10	3.1826e-07	-3.1956e-07	6.27e-09	-2.8349e-09	-3.2276e-10	3.188e-07	-3.2184e-07	1.11326e-08	-4.5811e-09	-4.167e-10	3.1922e-07	-3.2526e-07	1.93818e-08	-7.0259e-09	-5.366e-10	3.197e-07	-3.3144e-07
-0.21	1.807e-11	-3.3751e-10	5.845e-11	3.1808e-07	-3.178e-07	6.7534e-10	-5.1428e-10	-1.5067e-10	3.1784e-07	-3.1778e-07	1.6017e-09	-9.0203e-10	-2.1792e-10	3.1792e-07	-3.1844e-07	3.3387e-09	-1.6095e-09	-2.8792e-10	3.182e-07	-3.1966e-07	6.2737e-09	-2.7512e-09	-3.7681e-10	3.1874e-07	-3.2188e-07	1.11118e-08	-4.4814e-09	-4.8183e-10	3.1904e-07	-3.2536e-07	1.9282e-08	-6.9041e-09	-6.1717e-10	3.1962e-07	-3.312e-07
-0.205	1.903e-11	-3.0502e-10	5.3e-11	3.1814e-07	-3.179e-07	7.0107e-10	-4.8027e-10	-1.8129e-10	3.178e-07	-3.1782e-07	1.6181e-09	-8.5617e-10	-2.5731e-10	3.1802e-07	-3.185e-07	3.3648e-09	-1.5482e-09	-3.3665e-10	3.182e-07	-3.1962e-07	6.2676e-09	-2.683e-09	-4.3675e-10	3.1872e-07	-3.2182e-07	1.1188e-08	-4.3867e-09	-5.5862e-10	3.1898e-07	-3.252e-07	1.92318e-08	-6.7679e-09	-7.0556e-10	3.196e-07	-3.3132e-07
-0.2	2e-13	-2.8548e-10	5.203e-11	3.1812e-07	-3.1788e-07	7.2899e-10	-4.4645e-10	-2.1926e-10	3.178e-07	-3.1788e-07	1.649e-09	-8.1316e-10	-3.0403e-10	3.1792e-07	-3.1842e-07	3.3686e-09	-1.4933e-09	-3.9241e-10	3.182e-07	-3.1964e-07	6.2843e-09	-2.6156e-09	-5.0753e-10	3.1872e-07	-3.2184e-07	1.1113e-08	-4.2849e-09	-6.468e-10	3.1904e-07	-3.2532e-07	1.92478e-08	-6.6443e-09	-8.0897e-10	3.1954e-07	-3.3106e-07
-0.195	2.71e-12	-2.5399e-10	4.95e-11	3.1804e-07	-3.179e-07	7.5301e-10	-4.1948e-10	-2.6092e-10	3.1782e-07	-3.1788e-07	1.6768e-09	-7.7787e-10	-3.5843e-10	3.1798e-07	-3.1844e-07	3.4145e-09	-1.4446e-09	-4.5847e-10	3.1816e-07	-3.1962e-07	6.3428e-09	-2.5382e-09	-5.8797e-10	3.187e-07	-3.219e-07	1.1172e-08	-4.1948e-09	-7.4255e-10	3.1908e-07	-3.2508e-07	1.91724e-08	-6.5214e-09	-9.2754e-10	3.1948e-07	-3.308e-07
-0.19	2.84e-12	-2.3419e-10	4.86e-11	3.1814e-07	-3.1792e-07	7.9517e-10	-3.8844e-10	-3.1055e-10	3.1782e-07	-3.1784e-07	1.7157e-09	-7.4097e-10	-4.1901e-10	3.1792e-07	-3.1844e-07	3.4414e-09	-1.3932e-09	-5.3641e-10	3.1818e-07	-3.1968e-07	6.3808e-09	-2.4742e-09	-6.8322e-10	3.1866e-07	-3.2188e-07	1.11824e-08	-4.1041e-09	-8.5817e-10	3.1904e-07	-3.2526e-07	1.91208e-08	-6.4182e-09	-1.06855e-09	3.1938e-07	-3.3098e-07
-0.185	-3.7e-12	-2.1609e-10	4.578e-11	3.1804e-07	-3.1788e-07	8.4709e-10	-3.6449e-10	-3.6791e-10	3.1782e-07	-3.1784e-07	1.7747e-09	-7.0568e-10	-4.8627e-10	3.1792e-07	-3.1848e-07	3.4953e-09	-1.3429e-09	-6.229e-10	3.1812e-07	-3.1966e-07	6.4083e-09	-2.4124e-09	-7.9054e-10	3.1862e-07	-3.2182e-07	1.12494e-08	-4.0244e-09	-9.8932e-10	3.1896e-07	-3.2506e-07	1.9071e-08	-6.3025e-09	-1.226e-09	3.1936e-07	-3.3074e-07
-0.18	-1.318e-11	-1.9974e-10	4.506e-11	3.1798e-07	-3.1784e-07	9.0161e-10	-3.4136e-10	-4.3465e-10	3.1782e-07	-3.1788e-07	1.8403e-09	-6.7217e-10	-5.6722e-10	3.1786e-07	-3.1848e-07	3.5653e-09	-1.3012e-09	-7.2726e-10	3.1812e-07	-3.1958e-07	6.5407e-09	-2.3458e-09	-9.1706e-10	3.186e-07	-3.2178e-07	1.12512e-08	-3.9334e-09	-1.1419e-09	3.189e-07	-3.2526e-07	1.91938e-08	-6.183e-09	-1.4156e-09	3.1932e-07	-3.31e-07
-0.175	-7.43e-12	-1.788e-10	4.452e-11	3.1802e-07	-3.1784e-07	9.6074e-10	-3.218e-10	-5.0863e-10	3.179e-07	-3.1798e-07	1.916e-09	-6.4671e-10	-6.6277e-10	3.179e-07	-3.1854e-07	3.6587e-09	-1.2621e-09	-8.4559e-10	3.1822e-07	-3.1976e-07	6.6005e-09	-2.2858e-09	-1.05938e-09	3.1862e-07	-3.2186e-07	1.14078e-08	-3.8616e-09	-1.3195e-09	3.189e-07	-3.2518e-07	1.91782e-08	-6.0742e-09	-1.6305e-09	3.1934e-07	-3.31e-07
-0.17	-1.59e-11	-1.6637e-10	4.535e-11	3.1804e-07	-3.179e-07	1.04871e-09	-2.9622e-10	-5.9546e-10	3.1784e-07	-3.1794e-07	2.0064e-09	-6.1365e-10	-7.7152e-10	3.1794e-07	-3.1854e-07	3.7535e-09	-1.2221e-09	-9.8056e-10	3.1818e-07	-3.1966e-07	6.6923e-09	-2.23e-09	-1.2241e-09	3.186e-07	-3.2178e-07	1.15062e-08	-3.7731e-09	-1.5266e-09	3.1884e-07	-3.252e-07	1.93302e-08	-5.984e-09	-1.8845e-09	3.193e-07	-3.3052e-07
-0.165	-2.493e-11	-1.5308e-10	4.512e-11	3.1802e-07	-3.1788e-07	1.13408e-09	-2.8046e-10	-6.957e-10	3.178e-07	-3.1798e-07	2.1237e-09	-5.8714e-10	-8.9759e-10	3.179e-07	-3.1856e-07	3.9026e-09	-1.1815e-09	-1.13726e-09	3.1816e-07	-3.1976e-07	6.8598e-09	-2.1767e-09	-1.4201e-09	3.1852e-07	-3.2176e-07	1.17338e-08	-3.7078e-09	-1.7644e-09	3.1886e-07	-3.2506e-07	1.9576e-08	-5.8677e-09	-2.1754e-09	3.192e-07	-3.305e-07
-0.16	-2.547e-11	-1.3804e-10	4.576e-11	3.181e-07	-3.1792e-07	1.2314e-09	-2.6124e-10	-8.18e-10	3.178e-07	-3.1796e-07	2.2506e-09	-5.6112e-10	-1.05021e-09	3.1788e-07	-3.186e-07	4.0449e-09	-1.1442e-09	-1.323e-09	3.181e-07	-3.1968e-07	7.0275e-09	-2.1282e-09	-1.6513e-09	3.1854e-07	-3.2176e-07	1.19046e-08	-3.6162e-09	-2.0483e-09	3.188e-07	-3.2508e-07	1.96404e-08	-5.7604e-09	-2.5192e-09	3.1926e-07	-3.3052e-07
-0.155	-2.493e-11	-1.2668e-10	4.595e-11	3.1806e-07	-3.1796e-07	1.3555e-09	-2.5183e-10	-9.5254e-10	3.1786e-07	-3.1794e-07	2.3989e-09	-5.4206e-10	-1.2228e-09	3.1794e-07	-3.1852e-07	4.2355e-09	-1.108e-09	-1.5392e-09	3.1816e-07	-3.1966e-07	7.2551e-09	-2.0706e-09	-1.9131e-09	3.185e-07	-3.217e-07	1.2164e-08	-3.5495e-09	-2.3687e-09	3.1886e-07	-3.2496e-07	1.99204e-08	-5.6816e-09	-2.9093e-09	3.192e-07	-3.3048e-07
-0.15	-3.98e-11	-1.1515e-10	4.653e-11	3.1802e-07	-3.1788e-07	1.5102e-09	-2.3209e-10	-1.11238e-09	3.179e-07	-3.1806e-07	2.5849e-09	-5.2011e-10	-1.4258e-09	3.1796e-07	-3.1854e-07	4.4507e-09	-1.0735e-09	-1.7914e-09	3.1816e-07	-3.1976e-07	7.5359e-09	-2.0207e-09	-2.2242e-09	3.1846e-07	-3.2164e-07	1.24158e-08	-3.4803e-09	-2.7452e-09	3.188e-07	-3.2502e-07	2.02922e-08	-5.5828e-09	-3.3716e-09	3.1926e-07	-3.3042e-07
-0.145	-4.604e-11	-1.0718e-10	4.877e-11	3.1796e-07	-3.1794e-07	1.6953e-09	-2.1643e-10	-1.2945e-09	3.1784e-07	-3.18e-07	2.8087e-09	-4.9222e-10	-1.6589e-09	3.1794e-07	-3.1848e-07	4.7115e-09	-1.0399e-09	-2.0812e-09	3.1816e-07	-3.1974e-07	7.8398e-09	-1.9727e-09	-2.5832e-09	3.1852e-07	-3.2174e-07	1.28422e-08	-3.4154e-09	-3.1804e-09	3.1878e-07	-3.2492e-07	2.07334e-08	-5.4826e-09	-3.9055e-09	3.1926e-07	-3.3046e-07
-0.14	-4.57e-11	-9.559e-11	5.234e-11	3.18e-07	-3.179e-07	1.9123e-09	-1.9995e-10	-1.5102e-09	3.178e-07	-3.1796e-07	3.0695e-09	-4.7427e-10	-1.9299e-09	3.1786e-07	-3.1854e-07	5.0226e-09	-1.0054e-09	-2.4182e-09	3.1814e-07	-3.1968e-07	8.1763e-09	-1.9236e-09	-3.0047e-09	3.1848e-07	-3.2172e-07	1.32022e-08	-3.3485e-09	-3.6942e-09	3.1876e-07	-3.2484e-07	2.14228e-08	-5.4014e-09	-4.5413e-09	3.1924e-07	-3.3032e-07
-0.135	-5.403e-11	-9.085e-11	5.38e-11	3.1798e-07	-3.1784e-07	2.1508e-09	-1.9313e-10	-1.7599e-09	3.1788e-07	-3.1812e-07	3.3663e-09	-4.5564e-10	-2.2441e-09	3.1792e-07	-3.185e-07	5.3919e-09	-9.7912e-10	-2.8112e-09	3.1814e-07	-3.1974e-07	8.612e-09	-1.8744e-09	-3.4866e-09	3.185e-07	-3.217e-07	1.3734e-08	-3.2687e-09	-4.2879e-09	3.1878e-07	-3.2492e-07	2.18848e-08	-5.2915e-09	-5.2463e-09	3.1916e-07	-3.3056e-07
-0.13	-7.022e-11	-8.531e-11	5.869e-11	3.1804e-07	-3.179e-07	2.4331e-09	-1.8212e-10	-2.057e-09	3.1784e-07	-3.1818e-07	3.7245e-09	-4.368e-10	-2.6174e-09	3.1786e-07	-3.1848e-07	5.8482e-09	-9.4748e-10	-3.2704e-09	3.181e-07	-3.1976e-07	9.1866e-09	-1.8315e-09	-4.0587e-09	3.185e-07	-3.2174e-07	1.44482e-08	-3.2038e-09	-4.9897e-09	3.1874e-07	-3.2496e-07	2.25728e-08	-5.1963e-09	-6.1008e-09	3.191e-07	-3.302e-07
-0.125	-6.759e-11	-7.615e-11	6.415e-11	3.1796e-07	-3.1786e-07	2.7633e-09	-1.6555e-10	-2.3962e-09	3.178e-07	-3.1798e-07	4.1391e-09	-4.1523e-10	-3.0504e-09	3.179e-07	-3.1854e-07	6.3454e-09	-9.1613e-10	-3.8115e-09	3.1818e-07	-3.1976e-07	9.7875e-09	-1.7867e-09	-4.7217e-09	3.1844e-07	-3.2172e-07	1.51286e-08	-3.146e-09	-5.7924e-09	3.187e-07	-3.2482e-07	2.32484e-08	-5.1082e-09	-7.0729e-09	3.1904e-07	-3.301e-07
-0.12	-7.135e-11	-6.851e-11	6.926e-11	3.1798e-07	-3.1784e-07	3.1614e-09	-1.5553e-10	-2.8006e-09	3.178e-07	-3.1808e-07	4.6382e-09	-4.0167e-10	-3.5567e-09	3.179e-07	-3.1854e-07	6.9321e-09	-8.9182e-10	-4.4451e-09	3.1816e-07	-3.1966e-07	1.05182e-08	-1.746e-09	-5.4911e-09	3.1842e-07	-3.2174e-07	1.60232e-08	-3.0881e-09	-6.7464e-09	3.1868e-07	-3.248e-07	2.45234e-08	-5.0212e-09	-8.2273e-09	3.1908e-07	-3.304e-07
-0.115	-8.665e-11	-6.507e-11	7.698e-11	3.18e-07	-3.178e-07	3.602e-09	-1.4887e-10	-3.2647e-09	3.179e-07	-3.181e-07	5.2007e-09	-3.8821e-10	-4.1433e-09	3.1794e-07	-3.1866e-07	7.6209e-09	-8.6509e-10	-5.1736e-09	3.182e-07	-3.197e-07	1.13468e-08	-1.6981e-09	-6.3868e-09	3.1846e-07	-3.217e-07	1.70506e-08	-3.0225e-09	-7.8386e-09	3.187e-07	-3.2492e-07	2.56968e-08	-4.9382e-09	-9.5573e-09	3.1902e-07	-3.3012e-07
-0.11	-9.289e-11	-5.645e-11	8.481e-11	3.18e-07	-3.1788e-07	4.1395e-09	-1.39e-10	-3.8121e-09	3.1786e-07	-3.1804e-07	5.8812e-09	-3.701e-10	-4.8375e-09	3.1798e-07	-3.186e-07	8.4719e-09	-8.367e-10	-6.0344e-09	3.181e-07	-3.1968e-07	1.2425e-08	-1.6623e-09	-7.4437e-09	3.1842e-07	-3.2172e-07	1.8268e-08	-2.9598e-09	-9.1139e-09	3.1882e-07	-3.2496e-07	2.71446e-08	-4.8743e-09	-1.11209e-08	3.1908e-07	-3.3006e-07
-0.105	-1.0231e-10	-5.005e-11	9.516e-11	3.1792e-07	-3.1788e-07	4.7676e-09	-1.3359e-10	-4.4374e-09	3.1794e-07	-3.1814e-07	6.6643e-09	-3.544e-10	-5.6286e-09	3.1794e-07	-3.1862e-07	9.4316e-09	-8.101e-10	-7.0241e-09	3.1808e-07	-3.1966e-07	1.3586e-08	-1.6218e-09	-8.6628e-09	3.1834e-07	-3.217e-07	1.96706e-08	-2.9033e-09	-1.0606e-08	3.187e-07	-3.2474e-07	2.88906e-08	-4.7745e-09	-1.29484e-08	3.1902e-07	-3.2996e-07
-0.1	-1.1883e-10	-4.959e-11	1.0282e-10	3.1792e-07	-3.1782e-07	5.5017e-09	-1.2349e-10	-5.1827e-09	3.1784e-07	-3.1806e-07	7.5941e-09	-3.3949e-10	-6.5757e-09	3.1798e-07	-3.186e-07	1.05744e-08	-7.9153e-10	-8.1933e-09	3.181e-07	-3.1962e-07	1.50092e-08	-1.5794e-09	-1.01025e-08	3.1834e-07	-3.2166e-07	2.13564e-08	-2.8517e-09	-1.23898e-08	3.1866e-07	-3.2472e-07	3.0858e-08	-4.6928e-09	-1.50786e-08	3.19e-07	-3.3018e-07
-0.095	-1.423e-10	-4.493e-11	1.1772e-10	3.1796e-07	-3.1786e-07	6.3578e-09	-1.2084e-10	-6.0357e-09	3.1782e-07	-3.18e-07	8.6679e-09	-3.2618e-10	-7.6612e-09	3.1798e-07	-3.1862e-07	1.19462e-08	-7.6388e-10	-9.54e-09	3.1804e-07	-3.1956e-07	1.66482e-08	-1.5422e-09	-1.17708e-08	3.1842e-07	-3.2164e-07	2.33506e-08	-2.7976e-09	-1.44094e-08	3.1862e-07	-3.2474e-07	3.31552e-08	-4.6273e-09	-1.75278e-08	3.1896e-07	-3.2986e-07
-0.09	-1.523e-10	-3.729e-11	1.3581e-10	3.1788e-07	-3.1784e-07	7.3646e-09	-1.109e-10	-7.049e-09	3.179e-07	-3.1808e-07	9.9519e-09	-3.0892e-10	-8.9404e-09	3.1808e-07	-3.1866e-07	1.35196e-08	-7.4742e-10	-1.11346e-08	3.1802e-07	-3.1964e-07	1.85664e-08	-1.5046e-09	-1.37318e-08	3.1836e-07	-3.2156e-07	2.56936e-08	-2.7298e-09	-1.6793e-08	3.1864e-07	-3.2474e-07	3.60358e-08	-4.5498e-09	-2.0429e-08	3.1898e-07	-3.3016e-07
-0.085	-1.743e-10	-3.652e-11	1.5001e-10	3.1794e-07	-3.1782e-07	8.5418e-09	-1.0217e-10	-8.216e-09	3.1782e-07	-3.18e-07	1.14193e-08	-2.9697e-10	-1.0415e-08	3.1794e-07	-3.186e-07	1.5333e-08	-7.211e-10	-1.29894e-08	3.1802e-07	-3.1962e-07	2.07884e-08	-1.4709e-09	-1.5999e-08	3.1832e-07	-3.2156e-07	2.83586e-08	-2.6771e-09	-1.95472e-08	3.1862e-07	-3.248e-07	3.9291e-08	-4.4544e-09	-2.37732e-08	3.1886e-07	-3.2982e-07
-0.08	-2.021e-10	-3.379e-11	1.7296e-10	3.1794e-07	-3.1788e-07	9.9167e-09	-9.808e-11	-9.6005e-09	3.1778e-07	-3.1798e-07	1.31904e-08	-2.8939e-10	-1.21956e-08	3.1796e-07	-3.186e-07	1.7512e-08	-6.9503e-10	-1.51718e-08	3.18e-07	-3.1958e-07	2.33952e-08	-1.437e-09	-1.86514e-08	3.1836e-07	-3.2148e-07	3.1601e-08	-2.6329e-09	-2.28152e-08	3.1856e-07	-3.2476e-07	4.29944e-08	-4.3808e-09	-2.76964e-08	3.189e-07	-3.2974e-07
-0.075	-2.2868e-10	-2.947e-11	1.9922e-10	3.1794e-07	-3.1784e-07	1.1541e-08	-9.171e-11	-1.11963e-08	3.178e-07	-3.1798e-07	1.52114e-08	-2.7312e-10	-1.42136e-08	3.1796e-07	-3.1868e-07	1.9996e-08	-6.743e-10	-1.76636e-08	3.1798e-07	-3.1968e-07	2.64522e-08	-1.4011e-09	-2.17454e-08	3.1834e-07	-3.2158e-07	3.52678e-08	-2.5704e-09	-2.65468e-08	3.1856e-07	-3.2476e-07	4.75178e-08	-4.3032e-09	-3.2217e-08	3.1892e-07	-3.3002e-07
-0.07	-2.4775e-10	-2.478e-11	2.2813e-10	3.1796e-07	-3.179e-07	1.3437e-08	-8.872e-11	-1.3112e-08	3.1782e-07	-3.1804e-07	1.75946e-08	-2.6557e-10	-1.66148e-08	3.1792e-07	-3.1868e-07	2.29538e-08	-6.5402e-10	-2.06382e-08	3.181e-07	-3.1964e-07	3.00618e-08	-1.3694e-09	-2.53542e-08	3.183e-07	-3.216e-07	3.96028e-08	-2.5268e-09	-3.09886e-08	3.1868e-07	-3.2468e-07	5.27194e-08	-4.2356e-09	-3.7582e-08	3.189e-07	-3.3002e-07
-0.065	-2.9805e-10	-2.501e-11	2.7007e-10	3.1786e-07	-3.1786e-07	1.5615e-08	-7.944e-11	-1.52946e-08	3.1786e-07	-3.1808e-07	2.03288e-08	-2.5224e-10	-1.9357e-08	3.1798e-07	-3.1866e-07	2.63352e-08	-6.351e-10	-2.40786e-08	3.1802e-07	-3.196e-07	3.41984e-08	-1.332e-09	-2.95636e-08	3.1826e-07	-3.216e-07	4.4717e-08	-2.4695e-09	-3.6101e-08	3.1868e-07	-3.248e-07	5.87792e-08	-4.1588e-09	-4.37476e-08	3.1894e-07	-3.2986e-07
-0.06	-3.4234e-10	-2.105e-11	3.0813e-10	3.1804e-07	-3.179e-07	1.81768e-08	-7.795e-11	-1.78646e-08	3.1786e-07	-3.1808e-07	2.3594e-08	-2.4346e-10	-2.26274e-08	3.179e-07	-3.1862e-07	3.03688e-08	-6.1537e-10	-2.81364e-08	3.1798e-07	-3.1964e-07	3.91824e-08	-1.3034e-09	-3.4531e-08	3.1822e-07	-3.2154e-07	5.06218e-08	-2.4259e-09	-4.21352e-08	3.1862e-07	-3.2482e-07	6.59844e-08	-4.0965e-09	-5.1055e-08	3.1892e-07	-3.2992e-07
-0.055	-3.9742e-10	-1.536e-11	3.6147e-10	3.1796e-07	-3.1782e-07	2.11476e-08	-6.953e-11	-2.08354e-08	3.1788e-07	-3.18e-07	2.73428e-08	-2.3374e-10	-2.63932e-08	3.1792e-07	-3.1864e-07	3.49906e-08	-5.9976e-10	-3.27834e-08	3.1804e-07	-3.1966e-07	4.48136e-08	-1.2677e-09	-4.02346e-08	3.183e-07	-3.2158e-07	5.75924e-08	-2.3672e-09	-4.90538e-08	3.1858e-07	-3.2462e-07	7.446e-08	-4.031e-09	-5.94404e-08	3.1892e-07	-3.2986e-07
-0.05	-4.5942e-10	-1.716e-11	4.2478e-10	3.179e-07	-3.1792e-07	2.46684e-08	-6.74e-11	-2.4354e-08	3.1786e-07	-3.1808e-07	3.17788e-08	-2.2512e-10	-3.0851e-08	3.1786e-07	-3.1854e-07	4.05506e-08	-5.7894e-10	-3.83246e-08	3.1806e-07	-3.1964e-07	5.15302e-08	-1.237e-09	-4.70234e-08	3.1824e-07	-3.2164e-07	6.56826e-08	-2.3212e-09	-5.72792e-08	3.1856e-07	-3.2456e-07	8.41764e-08	-3.9462e-09	-6.93116e-08	3.1898e-07	-3.2978e-07
-0.045	-5.3514e-10	-1.628e-11	4.9833e-10	3.1802e-07	-3.1788e-07	2.87034e-08	-6.207e-11	-2.84022e-08	3.1784e-07	-3.1812e-07	3.69296e-08	-2.1676e-10	-3.59714e-08	3.1786e-07	-3.1858e-07	4.6879e-08	-5.6341e-10	-4.46632e-08	3.1804e-07	-3.1966e-07	5.93258e-08	-1.2049e-09	-5.47922e-08	3.1834e-07	-3.2156e-07	7.51248e-08	-2.2709e-09	-6.67466e-08	3.1852e-07	-3.2472e-07	9.5451e-08	-3.8779e-09	-8.08e-08	3.1892e-07	-3.2982e-07
-0.04	-6.0804e-10	-1.091e-11	5.7992e-10	3.1796e-07	-3.1784e-07	3.35182e-08	-6.056e-11	-3.32148e-08	3.1786e-07	-3.1804e-07	4.29688e-08	-2.0504e-10	-4.20228e-08	3.179e-07	-3.186e-07	5.43778e-08	-5.4406e-10	-5.21976e-08	3.1804e-07	-3.1966e-07	6.84896e-08	-1.1755e-09	-6.40102e-08	3.1822e-07	-3.2156e-07	8.63142e-08	-2.2217e-09	-7.79204e-08	3.1848e-07	-3.2452e-07	1.090514e-07	-3.8219e-09	-9.42294e-08	3.1892e-07	-3.2956e-07
-0.035	-7.1353e-10	-1.316e-11	6.7878e-10	3.1792e-07	-3.1786e-07	3.90422e-08	-5.654e-11	-3.87326e-08	3.1786e-07	-3.1802e-07	4.9959e-08	-1.9751e-10	-4.9048e-08	3.179e-07	-3.186e-07	6.29872e-08	-5.2896e-10	-6.09162e-08	3.1796e-07	-3.1958e-07	7.9118e-08	-1.1486e-09	-7.4683e-08	3.1822e-07	-3.2142e-07	9.90924e-08	-2.1796e-09	-9.08452e-08	3.1856e-07	-3.2454e-07	1.245e-07	-3.7525e-09	-1.098228e-07	3.1896e-07	-3.296e-07
-0.03	-8.2269e-10	-9.82e-12	7.8348e-10	3.1802e-07	-3.179e-07	4.55832e-08	-5.231e-11	-4.52936e-08	3.1784e-07	-3.181e-07	5.82596e-08	-1.8835e-10	-5.73542e-08	3.1796e-07	-3.1866e-07	7.33194e-08	-5.1079e-10	-7.11894e-08	3.18e-07	-3.196e-07	9.16826e-08	-1.1149e-09	-8.72408e-08	3.1818e-07	-3.2148e-07	1.143864e-07	-2.1361e-09	-1.061224e-07	3.1856e-07	-3.246e-07	1.4272e-07	-3.6791e-09	-1.2826e-07	3.1886e-07	-3.298e-07
-0.025	-9.5703e-10	-6.48e-12	9.0969e-10	3.1796e-07	-3.1798e-07	5.31162e-08	-4.692e-11	-5.28552e-08	3.178e-07	-3.1812e-07	6.78204e-08	-1.8176e-10	-6.6914e-08	3.1802e-07	-3.1866e-07	8.51816e-08	-4.9778e-10	-8.30308e-08	3.1798e-07	-3.196e-07	1.06117e-07	-1.0903e-09	-1.017416e-07	3.1824e-07	-3.2146e-07	1.3202e-07	-2.0924e-09	-1.2348e-07	3.186e-07	-3.247e-07	1.6382e-07	-3.6025e-09	-1.494e-07	3.188e-07	-3.2946e-07
-0.02	-1.11577e-09	-4.15e-12	1.06616e-09	3.1792e-07	-3.1792e-07	6.20914e-08	-4.719e-11	-6.18004e-08	3.1786e-07	-3.181e-07	7.9143e-08	-1.7498e-10	-7.82594e-08	3.1792e-07	-3.1864e-07	9.92324e-08	-4.7954e-10	-9.71662e-08	3.1794e-07	-3.1952e-07	1.2322e-07	-1.062e-09	-1.1886e-07	3.182e-07	-3.2146e-07	1.5262e-07	-2.0475e-09	-1.445e-07	3.1852e-07	-3.2448e-07	1.887e-07	-3.5413e-09	-1.7448e-07	3.1884e-07	-3.2936e-07
-0.015	-1.2718e-09	-3.2e-12	1.2517e-09	3.1794e-07	-3.1794e-07	7.23994e-08	-4.289e-11	-7.21242e-08	3.178e-07	-3.1806e-07	9.23428e-08	-1.6607e-10	-9.1312e-08	3.18e-07	-3.1866e-07	1.1546e-07	-4.6277e-10	-1.133152e-07	3.179e-07	-3.1952e-07	1.43e-07	-1.0386e-09	-1.3868e-07	3.1824e-07	-3.2144e-07	1.766e-07	-2.0065e-09	-1.6834e-07	3.1846e-07	-3.2448e-07	2.1766e-07	-3.4827e-09	-2.0306e-07	3.1886e-07	-3.2944e-07
-0.01	-1.5084e-09	-5.43e-12	1.4678e-09	3.1798e-07	-3.1788e-07	8.46004e-08	-4.198e-11	-8.4332e-08	3.179e-07	-3.1804e-07	1.077832e-07	-1.6242e-10	-1.06812e-07	3.1794e-07	-3.1854e-07	1.3476e-07	-4.4475e-10	-1.3244e-07	3.1792e-07	-3.1948e-07	1.6622e-07	-1.0066e-09	-1.621e-07	3.1822e-07	-3.2146e-07	2.0478e-07	-1.9607e-09	-1.9654e-07	3.1856e-07	-3.2444e-07	2.5176e-07	-3.4128e-09	-2.3754e-07	3.1888e-07	-3.2978e-07
-0.005	-1.7656e-09	-8.48e-12	1.6999e-09	3.1796e-07	-3.1788e-07	9.87354e-08	-3.703e-11	-9.84028e-08	3.1782e-07	-3.1806e-07	1.2562e-07	-1.5319e-10	-1.2464e-07	3.179e-07	-3.1848e-07	1.5652e-07	-4.326e-10	-1.5454e-07	3.1794e-07	-3.1948e-07	1.934e-07	-9.8478e-10	-1.8912e-07	3.1822e-07	-3.2136e-07	2.3758e-07	-1.9202e-09	-2.2944e-07	3.1854e-07	-3.2456e-07	2.9104e-07	-3.3553e-09	-2.7694e-07	3.1882e-07	-3.2944e-07
0	-2.0452e-09	-2.83e-12	1.9882e-09	3.18e-07	-3.1792e-07	1.1536e-07	-3.574e-11	-1.15095e-07	3.1788e-07	-3.1808e-07	1.4668e-07	-1.4259e-10	-1.4572e-07	3.1792e-07	-3.1856e-07	1.8284e-07	-4.1742e-10	-1.8082e-07	3.1798e-07	-3.1954e-07	2.2532e-07	-9.5728e-10	-2.2116e-07	3.1826e-07	-3.2142e-07	2.7588e-07	-1.8805e-09	-2.6822e-07	3.185e-07	-3.245e-07	3.3744e-07	-3.2954e-09	-3.2342e-07	3.188e-07	-3.2964e-07
0.005	-2.3579e-09	-8.6e-13	2.3343e-09	3.1798e-07	-3.179e-07	1.3456e-07	-3.3e-11	-1.3428e-07	3.1792e-07	-3.1814e-07	1.7096e-07	-1.3701e-10	-1.7008e-07	3.1788e-07	-3.1856e-07	2.1296e-07	-4.0046e-10	-2.1114e-07	3.1798e-07	-3.1952e-07	2.62e-07	-9.3224e-10	-2.579e-07	3.1816e-07	-3.2136e-07	3.2082e-07	-1.8378e-09	-3.1258e-07	3.1844e-07	-3.246e-07	3.9092e-07	-3.2258e-09	-3.7696e-07	3.1888e-07	-3.2958e-07
0.01	-2.757e-09	-9e-13	2.698e-09	3.1796e-07	-3.1796e-07	1.5736e-07	-2.713e-11	-1.5708e-07	3.1788e-07	-3.1816e-07	1.998e-07	-1.3281e-10	-1.9948e-07	3.1786e-07	-3.186e-07	2.4872e-07	-3.9355e-10	-2.4668e-07	3.1794e-07	-3.1956e-07	3.0568e-07	-9.1088e-10	-3.015e-07	3.182e-07	-3.2132e-07	3.7356e-07	-1.7963e-09	-3.6558e-07	3.185e-07	-3.2442e-07	4.5392e-07	-3.1803e-09	-4.4044e-07	3.189e-07	-3.296e-07
0.015	-3.2135e-09	-1.54e-12	3.1552e-09	3.1794e-07	-3.179e-07	1.8354e-07	-2.951e-11	-1.8326e-07	3.1788e-07	-3.1808e-07	2.3306e-07	-1.2206e-10	-2.3222e-07	3.1792e-07	-3.1858e-07	2.9014e-07	-3.7823e-10	-2.8788e-07	3.1794e-07	-3.195e-07	3.5604e-07	-8.8197e-10	-3.5206e-07	3.1818e-07	-3.2142e-07	4.3426e-07	-1.7527e-09	-4.2642e-07	3.1846e-07	-3.2444e-07	5.266e-07	-3.1219e-09	-5.1292e-07	3.1884e-07	-3.2948e-07
0.02	-3.7466e-09	3.81e-12	3.6933e-09	3.1792e-07	-3.1788e-07	2.1466e-07	-1.984e-11	-2.1422e-07	3.178e-07	-3.1804e-07	2.7284e-07	-1.1977e-10	-2.7192e-07	3.1786e-07	-3.1858e-07	3.389e-07	-3.6492e-10	-3.3646e-07	3.1802e-07	-3.1952e-07	4.1584e-07	-8.6291e-10	-4.1154e-07	3.1822e-07	-3.2142e-07	5.0608e-07	-1.7159e-09	-4.9748e-07	3.1842e-07	-3.2444e-07	6.128e-07	-3.064e-09	-5.996e-07	3.1886e-07	-3.2952e-07
0.025	-4.3444e-09	5.11e-12	4.2911e-09	3.1796e-07	-3.1792e-07	2.5068e-07	-2.582e-11	-2.506e-07	3.1772e-07	-3.1804e-07	3.1852e-07	-1.1124e-10	-3.1756e-07	3.1796e-07	-3.186e-07	3.9426e-07	-3.5447e-10	-3.9256e-07	3.1794e-07	-3.1952e-07	4.8412e-07	-8.3523e-10	-4.7974e-07	3.1814e-07	-3.2146e-07	5.8856e-07	-1.6806e-09	-5.8086e-07	3.1844e-07	-3.2442e-07	7.1276e-07	-2.9945e-09	-6.9828e-07	3.1876e-07	-3.293e-07
0.03	-5.0689e-09	5.11e-12	5.0403e-09	3.1794e-07	-3.1794e-07	2.9316e-07	-1.843e-11	-2.9294e-07	3.1784e-07	-3.1814e-07	3.7276e-07	-1.0738e-10	-3.7114e-07	3.179e-07	-3.1862e-07	4.617e-07	-3.3634e-10	-4.5986e-07	3.1798e-07	-3.1956e-07	5.6532e-07	-8.1447e-10	-5.6122e-07	3.1816e-07	-3.2142e-07	6.861e-07	-1.643e-09	-6.791e-07	3.185e-07	-3.2454e-07	8.3022e-07	-2.9354e-09	-8.1642e-07	3.188e-07	-3.2926e-07
0.035	-5.889e-09	3.14e-12	5.862e-09	3.1792e-07	-3.1784e-07	3.4216e-07	-1.886e-11	-3.419e-07	3.1792e-07	-3.1808e-07	4.3488e-07	-1.0324e-10	-4.3396e-07	3.1784e-07	-3.1852e-07	5.3762e-07	-3.283e-10	-5.3678e-07	3.1796e-07	-3.1956e-07	6.5832e-07	-7.9497e-10	-6.5436e-07	3.1826e-07	-3.214e-07	7.9888e-07	-1.6088e-09	-7.9074e-07	3.1842e-07	-3.2448e-07	9.6528e-07	-2.8796e-09	-9.511e-07	3.1878e-07	-3.2956e-07
0.04	-6.9355e-09	5.28e-12	6.8806e-09	3.1796e-07	-3.1784e-07	4.0018e-07	-1.531e-11	-4.0038e-07	3.1786e-07	-3.181e-07	5.0792e-07	-9.552e-11	-5.079e-07	3.1788e-07	-3.185e-07	6.299e-07	-3.1469e-10	-6.2686e-07	3.1798e-07	-3.1956e-07	7.695e-07	-7.6981e-10	-7.6574e-07	3.182e-07	-3.2144e-07	9.328e-07	-1.5706e-09	-9.2518e-07	3.1844e-07	-3.2436e-07	1.12492e-06	-2.8282e-09	-1.11058e-06	3.1878e-07	-3.2952e-07
0.045	-7.9558e-09	7.75e-12	7.941e-09	3.1796e-07	-3.1788e-07	4.6684e-07	-8.75e-12	-4.6696e-07	3.1786e-07	-3.1812e-07	5.9208e-07	-9.306e-11	-5.9234e-07	3.1788e-07	-3.1854e-07	7.3438e-07	-3.0312e-10	-7.32e-07	3.179e-07	-3.1954e-07	8.9644e-07	-7.5034e-10	-8.9246e-07	3.1816e-07	-3.2138e-07	1.08672e-06	-1.5335e-09	-1.07922e-06	3.185e-07	-3.2436e-07	1.3102e-06	-2.7828e-09	-1.2941e-06	3.188e-07	-3.294e-07
0.05	-9.2621e-09	5.14e-12	9.231e-09	3.1796e-07	-3.1784e-07	5.4608e-07	-1.236e-11	-5.4562e-07	3.1786e-07	-3.1812e-07	6.943e-07	-8.523e-11	-6.9306e-07	3.1786e-07	-3.1854e-07	8.595e-07	-2.9728e-10	-8.561e-07	3.1798e-07	-3.1954e-07	1.04698e-06	-7.2689e-10	-1.04376e-06	3.1818e-07	-3.2138e-07	1.2703e-06	-1.499e-09	-1.2607e-06	3.1846e-07	-3.2442e-07	1.5277e-06	-2.7322e-09	-1.5109e-06	3.1878e-07	-3.2916e-07
0.055	-1.06115e-08	6.85e-12	1.06691e-08	3.1796e-07	-3.179e-07	6.3718e-07	-9.15e-12	-6.367e-07	3.1784e-07	-3.1808e-07	8.0818e-07	-7.922e-11	-8.0718e-07	3.1786e-07	-3.1866e-07	1.00214e-06	-2.779e-10	-9.9992e-07	3.1792e-07	-3.1952e-07	1.2236e-06	-7.0797e-10	-1.217e-06	3.181e-07	-3.2134e-07	1.4786e-06	-1.4656e-09	-1.4709e-06	3.1842e-07	-3.2444e-07	1.7785e-06	-2.6732e-09	-1.762e-06	3.1874e-07	-3.2942e-07
0.06	-1.15366e-08	1.394e-11	1.23168e-08	3.1792e-07	-3.1784e-07	7.4344e-07	-7.8e-12	-7.4364e-07	3.1786e-07	-3.1806e-07	9.4466e-07	-7.898e-11	-9.431e-07	3.1792e-07	-3.186e-07	1.1695e-06	-2.6877e-10	-1.16588e-06	3.1796e-07	-3.1956e-07	1.4236e-06	-6.8502e-10	-1.4185e-06	3.1816e-07	-3.2134e-07	1.7245e-06	-1.4307e-09	-1.715e-06	3.1838e-07	-3.2444e-07	2.07e-06	-2.6155e-09	-2.0529e-06	3.1878e-07	-3.2944e-07
0.065	-1.47128e-08	1.449e-11	1.48166e-08	3.1792e-07	-3.1788e-07	8.7086e-07	-8.05e-12	-8.6926e-07	3.1788e-07	-3.1806e-07	1.10552e-06	-7.081e-11	-1.10434e-06	3.1792e-07	-3.1862e-07	1.3664e-06	-2.6155e-10	-1.3631e-06	3.1802e-07	-3.1958e-07	1.6649e-06	-6.6809e-10	-1.6585e-06	3.1822e-07	-3.2142e-07	2.0095e-06	-1.3945e-09	-2.003e-06	3.1842e-07	-3.2442e-07	2.415e-06	-2.5615e-09	-2.3993e-06	3.1884e-07	-3.292e-07
0.07	-1.7133e-08	1.168e-11	1.73956e-08	3.1794e-07	-3.1788e-07	1.015e-06	-2.58e-12	-1.01492e-06	3.1784e-07	-3.1806e-07	1.2907e-06	-6.796e-11	-1.2893e-06	3.1794e-07	-3.1862e-07	1.5962e-06	-2.5214e-10	-1.5895e-06	3.1796e-07	-3.195e-07	1.9391e-06	-6.5005e-10	-1.9354e-06	3.182e-07	-3.214e-07	2.3438e-06	-1.3664e-09	-2.3353e-06	3.1842e-07	-3.2444e-07	2.8131e-06	-2.5148e-09	-2.7974e-06	3.1878e-07	-3.2914e-07
0.075	-2.03026e-08	1.411e-11	2.02552e-08	3.1792e-07	-3.1782e-07	1.1897e-06	-1.09e-12	-1.186e-06	3.1778e-07	-3.1802e-07	1.5084e-06	-6.219e-11	-1.505e-06	3.1792e-07	-3.1866e-07	1.8663e-06	-2.357e-10	-1.8618e-06	3.1792e-07	-3.1956e-07	2.2677e-06	-6.2573e-10	-2.2636e-06	3.1822e-07	-3.2146e-07	2.739e-06	-1.3316e-09	-2.7294e-06	3.1848e-07	-3.243e-07	3.2815e-06	-2.4629e-09	-3.2642e-06	3.1882e-07	-3.2932e-07
0.08	-2.35012e-08	1.462e-11	2.32168e-08	3.1794e-07	-3.1788e-07	1.387e-06	-4.6e-12	-1.3848e-06	3.1786e-07	-3.1804e-07	1.7637e-06	-6.259e-11	-1.7593e-06	3.1792e-07	-3.1872e-07	2.1769e-06	-2.2924e-10	-2.1721e-06	3.1792e-07	-3.1952e-07	2.6457e-06	-6.0831e-10	-2.639e-06	3.182e-07	-3.2134e-07	3.1915e-06	-1.299e-09	-3.1774e-06	3.1844e-07	-3.2448e-07	3.8238e-06	-2.4232e-09	-3.8058e-06	3.1882e-07	-3.2914e-07
0.085	-2.74428e-08	1.755e-11	2.73602e-08	3.179e-07	-3.1784e-07	1.6202e-06	-3.53e-12	-1.6185e-06	3.1788e-07	-3.1806e-07	2.0569e-06	-5.382e-11	-2.0582e-06	3.1798e-07	-3.1866e-07	2.5433e-06	-2.2045e-10	-2.5401e-06	3.1792e-07	-3.1952e-07	3.0887e-06	-5.9012e-10	-3.0841e-06	3.1816e-07	-3.2144e-07	3.7291e-06	-1.2691e-09	-3.7166e-06	3.1846e-07	-3.243e-07	4.4613e-06	-2.3726e-09	-4.4452e-06	3.1874e-07	-3.293e-07
0.09	-3.1882e-08	1.981e-11	3.19642e-08	3.179e-07	-3.1782e-07	1.8908e-06	2.3e-12	-1.8895e-06	3.1784e-07	-3.1802e-07	2.4004e-06	-5.209e-11	-2.4017e-06	3.179e-07	-3.1856e-07	2.9654e-06	-2.112e-10	-2.9607e-06	3.1802e-07	-3.1956e-07	3.6031e-06	-5.6993e-10	-3.5974e-06	3.182e-07	-3.2132e-07	4.3448e-06	-1.2373e-09	-4.3353e-06	3.1842e-07	-3.2434e-07	5.1932e-06	-2.3257e-09	-5.1791e-06	3.1878e-07	-3.2906e-07
0.095	-3.73742e-08	1.987e-11	3.7199e-08	3.1792e-07	-3.1788e-07	2.21e-06	3.42e-12	-2.2083e-06	3.1784e-07	-3.1802e-07	2.8066e-06	-5.037e-11	-2.8062e-06	3.179e-07	-3.1854e-07	3.4665e-06	-2.0564e-10	-3.4674e-06	3.1798e-07	-3.1952e-07	4.2104e-06	-5.5474e-10	-4.2039e-06	3.1812e-07	-3.214e-07	5.0705e-06	-1.2037e-09	-5.0626e-06	3.1838e-07	-3.2426e-07	6.0618e-06	-2.2695e-09	-6.0461e-06	3.188e-07	-3.2934e-07
0.1	-4.35608e-08	2.069e-11	4.38306e-08	3.1796e-07	-3.179e-07	2.579e-06	5.15e-12	-2.5761e-06	3.1786e-07	-3.1808e-07	3.2764e-06	-4.3e-11	-3.2792e-06	3.1784e-07	-3.1848e-07	4.0455e-06	-1.9644e-10	-4.0406e-06	3.1804e-07	-3.1954e-07	4.9068e-06	-5.379e-10	-4.901e-06	3.1824e-07	-3.2138e-07	5.9093e-06	-1.18e-09	-5.8991e-06	3.184e-07	-3.2434e-07	7.0538e-06	-2.232e-09	-7.044e-06	3.188e-07	-3.2914e-07
0.105	-5.03598e-08	2.328e-11	5.02402e-08	3.1792e-07	-3.1784e-07	3.0134e-06	8.33e-12	-3.0146e-06	3.178e-07	-3.1808e-07	3.8301e-06	-3.843e-11	-3.8267e-06	3.1784e-07	-3.1854e-07	4.7251e-06	-1.8331e-10	-4.7245e-06	3.1808e-07	-3.1952e-07	5.7335e-06	-5.1834e-10	-5.7258e-06	3.182e-07	-3.2132e-07	6.9047e-06	-1.1464e-09	-6.8986e-06	3.1842e-07	-3.244e-07	8.2293e-06	-2.1785e-09	-8.2242e-06	3.187e-07	-3.2896e-07
0.11	-5.8213e-08	2.233e-11	5.87492e-08	3.1796e-07	-3.1792e-07	3.5188e-06	8.34e-12	-3.5178e-06	3.1782e-07	-3.1808e-07	4.4677e-06	-3.641e-11	-4.473e-06	3.1788e-07	-3.186e-07	5.5071e-06	-1.7915e-10	-5.509e-06	3.1806e-07	-3.1958e-07	6.6854e-06	-5.0461e-10	-6.6747e-06	3.1816e-07	-3.2134e-07	8.0365e-06	-1.1182e-09	-8.0344e-06	3.1838e-07	-3.2432e-07	9.5887e-06	-2.1328e-09	-9.5772e-06	3.188e-07	-3.29e-07
0.115	-6.864e-08	2.81e-11	6.92986e-08	3.1792e-07	-3.1792e-07	4.114e-06	8.51e-12	-4.1145e-06	3.178e-07	-3.1812e-07	5.2322e-06	-2.887e-11	-5.2269e-06	3.1788e-07	-3.185e-07	6.4543e-06	-1.6815e-10	-6.4399e-06	3.18e-07	-3.1962e-07	7.8173e-06	-4.8489e-10	-7.8064e-06	3.1818e-07	-3.2136e-07	9.3862e-06	-1.0935e-09	-9.3754e-06	3.184e-07	-3.2426e-07	1.11882e-05	-2.0848e-09	-1.11726e-05	3.1876e-07	-3.2908e-07
0.12	-7.9758e-08	2.847e-11	7.993e-08	3.1792e-07	-3.1784e-07	4.7966e-06	1.431e-11	-4.799e-06	3.1784e-07	-3.1808e-07	6.0992e-06	-3.117e-11	-6.0978e-06	3.1786e-07	-3.1854e-07	7.508e-06	-1.575e-10	-7.5045e-06	3.1794e-07	-3.196e-07	9.1108e-06	-4.6657e-10	-9.1028e-06	3.1818e-07	-3.2144e-07	1.09428e-05	-1.0609e-09	-1.09308e-05	3.1834e-07	-3.243e-07	1.301e-05	-2.0443e-09	-1.3002e-05	3.1872e-07	-3.2892e-07
0.125	-9.32052e-08	3.179e-11	9.227e-08	3.1796e-07	-3.1788e-07	5.6123e-06	1.313e-11	-5.6098e-06	3.1784e-07	-3.1804e-07	7.1187e-06	-2.47e-11	-7.1175e-06	3.1784e-07	-3.1858e-07	8.7861e-06	-1.531e-10	-8.7745e-06	3.1802e-07	-3.1958e-07	1.06332e-05	-4.5392e-10	-1.06302e-05	3.1816e-07	-3.2124e-07	1.2786e-05	-1.0375e-09	-1.2754e-05	3.184e-07	-3.2428e-07	1.5186e-05	-2.006e-09	-1.5168e-05	3.1878e-07	-3.2896e-07
0.13	-1.088944e-07	3.292e-11	1.098128e-07	3.1798e-07	-3.179e-07	6.5344e-06	1.414e-11	-6.5374e-06	3.1784e-07	-3.1808e-07	8.3141e-06	-1.727e-11	-8.298e-06	3.1796e-07	-3.186e-07	1.02449e-05	-1.4293e-10	-1.02268e-05	3.1804e-07	-3.1958e-07	1.2398e-05	-4.3379e-10	-1.2366e-05	3.1816e-07	-3.2134e-07	1.4864e-05	-1.0022e-09	-1.4842e-05	3.184e-07	-3.2442e-07	1.7672e-05	-1.9601e-09	-1.7652e-05	3.187e-07	-3.2902e-07
0.135	-1.172486e-07	3.45e-11	1.2468e-07	3.1792e-07	-3.1784e-07	7.6442e-06	1.851e-11	-7.648e-06	3.1792e-07	-3.1816e-07	9.7138e-06	-1.521e-11	-9.7071e-06	3.1798e-07	-3.186e-07	1.1992e-05	-1.3877e-10	-1.1952e-05	3.1798e-07	-3.1956e-07	1.4464e-05	-4.2433e-10	-1.4464e-05	3.1818e-07	-3.2134e-07	1.7336e-05	-9.7903e-10	-1.7318e-05	3.1844e-07	-3.2438e-07	2.0608e-05	-1.9171e-09	-2.0586e-05	3.1874e-07	-3.2902e-07
0.14	-1.4992e-07	4.172e-11	1.4744e-07	3.179e-07	-3.1788e-07	8.9094e-06	1.716e-11	-8.9099e-06	3.1788e-07	-3.1802e-07	1.13055e-05	-1.093e-11	-1.13083e-05	3.1792e-07	-3.186e-07	1.3926e-05	-1.2353e-10	-1.391e-05	3.1788e-07	-3.1942e-07	1.6844e-05	-4.0317e-10	-1.6838e-05	3.1812e-07	-3.213e-07	2.0168e-05	-9.5434e-10	-2.0162e-05	3.1842e-07	-3.2444e-07	2.3978e-05	-1.8788e-09	-2.3918e-05	3.1878e-07	-3.29e-07
0.145	-1.723e-07	4.676e-11	1.737e-07	3.1796e-07	-3.1784e-07	1.04124e-05	1.952e-11	-1.04122e-05	3.1782e-07	-3.1808e-07	1.325e-05	-8.24e-12	-1.3248e-05	3.1794e-07	-3.1854e-07	1.628e-05	-1.1869e-10	-1.625e-05	3.1796e-07	-3.1952e-07	1.967e-05	-3.9161e-10	-1.9638e-05	3.1814e-07	-3.213e-07	2.3532e-05	-9.2764e-10	-2.3536e-05	3.1844e-07	-3.2424e-07	2.7918e-05	-1.8385e-09	-2.7912e-05	3.1874e-07	-3.2914e-07
0.15	-2.014e-07	4.783e-11	2.0038e-07	3.1796e-07	-3.1784e-07	1.214e-05	2.126e-11	-1.2132e-05	3.1786e-07	-3.1808e-07	1.5392e-05	-6.85e-12	-1.5402e-05	3.179e-07	-3.1858e-07	1.8928e-05	-1.1216e-10	-1.894e-05	3.1796e-07	-3.1948e-07	2.2888e-05	-3.7818e-10	-2.2878e-05	3.1818e-07	-3.2136e-07	2.7392e-05	-9.01e-10	-2.7358e-05	3.1834e-07	-3.2434e-07	3.2452e-05	-1.7915e-09	-3.246e-05	3.1872e-07	-3.292e-07
0.155	-2.331e-07	5.412e-11	2.3256e-07	3.1796e-07	-3.1784e-07	1.413e-05	2.955e-11	-1.4132e-05	3.179e-07	-3.1806e-07	1.797e-05	-4.7e-13	-1.795e-05	3.179e-07	-3.1852e-07	2.2052e-05	-1.0317e-10	-2.2052e-05	3.1794e-07	-3.1954e-07	2.6622e-05	-3.6015e-10	-2.6614e-05	3.1814e-07	-3.2134e-07	3.1858e-05	-8.7302e-10	-3.1794e-05	3.1838e-07	-3.2412e-07	3.7682e-05	-1.7546e-09	-3.763e-05	3.1876e-07	-3.2884e-07
0.16	-2.7214e-07	5.144e-11	2.71e-07	3.1796e-07	-3.1788e-07	1.6486e-05	3.202e-11	-1.6474e-05	3.178e-07	-3.1808e-07	2.0968e-05	3.4e-13	-2.0932e-05	3.1792e-07	-3.1854e-07	2.5728e-05	-9.926e-11	-2.5688e-05	3.1792e-07	-3.1952e-07	3.1056e-05	-3.4641e-10	-3.1026e-05	3.182e-07	-3.213e-07	3.7062e-05	-8.4714e-10	-3.7032e-05	3.1842e-07	-3.242e-07	4.3894e-05	-1.7108e-09	-4.387e-05	3.1872e-07	-3.2892e-07
0.165	-3.135e-07	5.869e-11	3.155e-07	3.1792e-07	-3.1788e-07	1.9186e-05	3.217e-11	-1.9184e-05	3.1792e-07	-3.1808e-07	2.443e-05	1.025e-11	-2.436e-05	3.1792e-07	-3.1864e-07	2.9928e-05	-8.63e-11	-2.994e-05	3.1792e-07	-3.1948e-07	3.6092e-05	-3.2585e-10	-3.6082e-05	3.1816e-07	-3.2132e-07	4.3098e-05	-8.2362e-10	-4.3122e-05	3.1836e-07	-3.2422e-07	5.0922e-05	-1.6674e-09	-5.0914e-05	3.1866e-07	-3.2922e-07
0.17	-3.6982e-07	6.646e-11	3.6626e-07	3.1792e-07	-3.1784e-07	2.2406e-05	3.816e-11	-2.2398e-05	3.179e-07	-3.1804e-07	2.849e-05	1.364e-11	-2.8464e-05	3.1792e-07	-3.186e-07	3.4894e-05	-7.702e-11	-3.4872e-05	3.1798e-07	-3.1952e-07	4.202e-05	-3.1499e-10	-4.2062e-05	3.1814e-07	-3.2136e-07	5.0162e-05	-7.9525e-10	-5.0168e-05	3.1834e-07	-3.2442e-07	5.9206e-05	-1.6335e-09	-5.9212e-05	3.1874e-07	-3.29e-07
0.175	-4.3034e-07	6.515e-11	4.2978e-07	3.1794e-07	-3.1792e-07	2.6062e-05	3.492e-11	-2.605e-05	3.1788e-07	-3.1808e-07	3.3136e-05	1.722e-11	-3.3106e-05	3.1796e-07	-3.1864e-07	4.0586e-05	-7.173e-11	-4.0616e-05	3.1792e-07	-3.1962e-07	4.8834e-05	-3.0135e-10	-4.884e-05	3.1816e-07	-3.2132e-07	5.8274e-05	-7.7626e-10	-5.8176e-05	3.1834e-07	-3.242e-07	6.875e-05	-1.5943e-09	-6.868e-05	3.1874e-07	-3.2888e-07
0.18	-4.9844e-07	7.656e-11	4.9882e-07	3.1792e-07	-3.1784e-07	3.0418e-05	4.401e-11	-3.0376e-05	3.1786e-07	-3.181e-07	3.8604e-05	2.18e-11	-3.859e-05	3.1794e-07	-3.1862e-07	4.7316e-05	-6.121e-11	-4.7254e-05	3.1798e-07	-3.1954e-07	5.6858e-05	-2.8437e-10	-5.6868e-05	3.1816e-07	-3.2128e-07	6.7738e-05	-7.4493e-10	-6.769e-05	3.1838e-07	-3.2432e-07	7.9756e-05	-1.5561e-09	-7.9784e-05	3.1876e-07	-3.29e-07
0.185	-5.7858e-07	7.717e-11	5.7646e-07	3.1792e-07	-3.179e-07	3.5364e-05	4.689e-11	-3.5334e-05	3.178e-07	-3.1808e-07	4.4894e-05	2.066e-11	-4.49e-05	3.1796e-07	-3.1866e-07	5.4868e-05	-6.008e-11	-5.484e-05	3.1798e-07	-3.1952e-07	6.5956e-05	-2.7475e-10	-6.5996e-05	3.1814e-07	-3.2136e-07	7.8546e-05	-7.2257e-10	-7.8584e-05	3.1838e-07	-3.2434e-07	9.2472e-05	-1.5202e-09	-9.2466e-05	3.188e-07	-3.2892e-07
0.19	-6.661e-07	8.197e-11	6.6868e-07	3.1796e-07	-3.1788e-07	4.1188e-05	4.78e-11	-4.1186e-05	3.1786e-07	-3.1806e-07	5.2302e-05	3.073e-11	-5.2296e-05	3.1794e-07	-3.1854e-07	6.394e-05	-4.63e-11	-6.3924e-05	3.18e-07	-3.1954e-07	7.6758e-05	-2.5746e-10	-7.6736e-05	3.1816e-07	-3.213e-07	9.1244e-05	-6.98e-10	-9.1164e-05	3.1836e-07	-3.2426e-07	0.000107176	-1.4743e-09	-0.000107282	3.187e-07	-3.2892e-07
0.195	-7.6814e-07	9.019e-11	7.7284e-07	3.1796e-07	-3.1782e-07	4.7876e-05	5.573e-11	-4.792e-05	3.1786e-07	-3.1804e-07	6.068e-05	3.524e-11	-6.0762e-05	3.1788e-07	-3.1854e-07	7.4238e-05	-3.922e-11	-7.4188e-05	3.1802e-07	-3.1964e-07	8.9002e-05	-2.4562e-10	-8.898e-05	3.182e-07	-3.2142e-07	0.000105694	-6.6946e-10	-0.000105642	3.1838e-07	-3.242e-07	0.00012454	-1.4336e-09	-0.0001242	3.1868e-07	-3.2914e-07
0.2	-8.8188e-07	9.269e-11	8.9074e-07	3.1796e-07	-3.1788e-07	5.5734e-05	5.643e-11	-5.5758e-05	3.1798e-07	-3.1814e-07	7.0674e-05	4.009e-11	-7.0554e-05	3.1792e-07	-3.1862e-07	8.621e-05	-3.138e-11	-8.6202e-05	3.181e-07	-3.1958e-07	0.000103334	-2.2998e-10	-0.00010329	3.1818e-07	-3.2142e-07	0.00012286	-6.4805e-10	-0.00012258	3.1838e-07	-3.2426e-07	0.0001441	-1.4058e-09	-0.00014398	3.1878e-07	-3.2898e-07
0.205	-1.02222e-06	1.0383e-10	1.03248e-06	3.1786e-07	-3.1784e-07	6.4646e-05	6.054e-11	-6.468e-05	3.1796e-07	-3.181e-07	8.1868e-05	4.667e-11	-8.193e-05	3.1796e-07	-3.1862e-07	9.9946e-05	-2.227e-11	-9.9932e-05	3.1808e-07	-3.1966e-07	0.00012	-2.1981e-10	-0.00011958	3.1816e-07	-3.2142e-07	0.00014208	-6.2378e-10	-0.0001417	3.1834e-07	-3.2414e-07	0.00016642	-1.362e-09	-0.00016622	3.1874e-07	-3.2896e-07
0.21	-1.15026e-06	1.1004e-10	1.15004e-06	3.1792e-07	-3.1788e-07	7.5234e-05	6.913e-11	-7.522e-05	3.1794e-07	-3.1812e-07	9.5234e-05	5.025e-11	-9.5154e-05	3.1798e-07	-3.1868e-07	0.00011628	-1.178e-11	-0.000115974	3.1808e-07	-3.1966e-07	0.00013906	-2.0255e-10	-0.00013878	3.1822e-07	-3.2136e-07	0.00016436	-6.0057e-10	-0.00016422	3.1836e-07	-3.2426e-07	0.0001925	-1.3273e-09	-0.00019224	3.1884e-07	-3.2932e-07
0.215	-1.3952e-06	1.166e-10	1.4071e-06	3.1792e-07	-3.1788e-07	8.7202e-05	6.986e-11	-8.7156e-05	3.18e-07	-3.1812e-07	0.000110128	5.894e-11	-0.000110242	3.1792e-07	-3.1856e-07	0.00013446	-6.79e-12	-0.00013422	3.1802e-07	-3.1954e-07	0.00016072	-1.884e-10	-0.00016048	3.182e-07	-3.214e-07	0.00018984	-5.7955e-10	-0.00018954	3.184e-07	-3.2412e-07	0.00022178	-1.2862e-09	-0.00022162	3.188e-07	-3.2896e-07
0.22	-1.6707e-06	1.2461e-10	1.6627e-06	3.1798e-07	-3.1788e-07	0.000101318	8.261e-11	-0.000101288	3.1796e-07	-3.1808e-07	0.00012806	6.477e-11	-0.00012798	3.1794e-07	-3.186e-07	0.00015588	5.93e-12	-0.00015562	3.1804e-07	-3.1954e-07	0.00018592	-1.6994e-10	-0.0001855	3.1816e-07	-3.2134e-07	0.00021928	-5.4985e-10	-0.00021914	3.1832e-07	-3.2418e-07	0.00025604	-1.2509e-09	-0.0002558	3.1878e-07	-3.293e-07
0.225	-1.8985e-06	1.3541e-10	1.9143e-06	3.1802e-07	-3.179e-07	0.00011748	8.442e-11	-0.0001173	3.1788e-07	-3.1814e-07	0.00014804	6.726e-11	-0.00014782	3.179e-07	-3.185e-07	0.00018	9.18e-12	-0.00017964	3.1802e-07	-3.1954e-07	0.00021456	-1.5874e-10	-0.00021448	3.1826e-07	-3.214e-07	0.0002526	-5.3326e-10	-0.00025254	3.1842e-07	-3.2424e-07	0.00029422	-1.2143e-09	-0.00029404	3.1882e-07	-3.2896e-07
0.23	-2.1806e-06	1.5113e-10	2.2261e-06	3.1788e-07	-3.179e-07	0.00013614	9.329e-11	-0.00013594	3.1792e-07	-3.1814e-07	0.00017148	8.029e-11	-0.00017142	3.1796e-07	-3.1864e-07	0.0002082	2.262e-11	-0.00020782	3.1808e-07	-3.1958e-07	0.00024734	-1.3912e-10	-0.0002476	3.1822e-07	-3.2134e-07	0.00029122	-5.0741e-10	-0.00029114	3.1838e-07	-3.2434e-07	0.00033902	-1.1732e-09	-0.0003387	3.1882e-07	-3.29e-07
0.235	-2.5384e-06	1.5518e-10	2.546e-06	3.1792e-07	-3.1788e-07	0.00015718	9.926e-11	-0.00015708	3.179e-07	-3.1808e-07	0.0001979	8.047e-11	-0.0001977	3.1786e-07	-3.186e-07	0.00023978	3.086e-11	-0.0002396	3.179e-07	-3.1952e-07	0.00028494	-1.272e-10	-0.00028466	3.1826e-07	-3.2136e-07	0.00033458	-4.8256e-10	-0.00033432	3.1838e-07	-3.242e-07	0.0003888	-1.1439e-09	-0.00038874	3.1882e-07	-3.2912e-07
0.24	-2.9024e-06	1.6714e-10	2.9547e-06	3.1794e-07	-3.179e-07	0.00018178	1.0403e-10	-0.0001818	3.1794e-07	-3.1818e-07	0.00022874	9.109e-11	-0.00022858	3.1792e-07	-3.1858e-07	0.00027686	3.992e-11	-0.0002765	3.1794e-07	-3.196e-07	0.00032822	-1.1341e-10	-0.0003282	3.1822e-07	-3.2134e-07	0.00038472	-4.5849e-10	-0.00038434	3.185e-07	-3.243e-07	0.00044612	-1.1017e-09	-0.00044648	3.1874e-07	-3.2884e-07
0.245	-3.3431e-06	1.8384e-10	3.3068e-06	3.1792e-07	-3.1786e-07	0.00020972	1.1611e-10	-0.0002095	3.1784e-07	-3.1814e-07	0.00026356	9.809e-11	-0.00026314	3.179e-07	-3.1854e-07	0.00031812	5.398e-11	-0.0003177	3.179e-07	-3.195e-07	0.00037638	-9.558e-11	-0.00037638	3.1824e-07	-3.2138e-07	0.00044108	-4.2903e-10	-0.00044082	3.1846e-07	-3.2426e-07	0.00051032	-1.0661e-09	-0.00051034	3.1876e-07	-3.2896e-07
0.25	-3.8314e-06	1.9063e-10	3.8147e-06	3.1796e-07	-3.1784e-07	0.00024132	1.2315e-10	-0.00024138	3.1798e-07	-3.1818e-07	0.00030266	1.0543e-10	-0.0003025	3.179e-07	-3.1854e-07	0.00036492	6.265e-11	-0.00036496	3.1798e-07	-3.195e-07	0.0004316	-8.398e-11	-0.00043164	3.183e-07	-3.214e-07	0.00050428	-4.1393e-10	-0.00050414	3.1844e-07	-3.2424e-07	0.0005827	-1.0302e-09	-0.00058236	3.1878e-07	-3.2894e-07
0.255	-4.3935e-06	2.0878e-10	4.3513e-06	3.1792e-07	-3.179e-07	0.00027838	1.3359e-10	-0.00027824	3.1788e-07	-3.1818e-07	0.00034856	1.1742e-10	-0.00034824	3.1784e-07	-3.1854e-07	0.00041938	7.237e-11	-0.00041948	3.1798e-07	-3.1952e-07	0.00049504	-6.412e-11	-0.00049488	3.1826e-07	-3.2138e-07	0.0005771	-3.8504e-10	-0.0005767	3.185e-07	-3.2428e-07	0.00066534	-9.968e-10	-0.00066608	3.1878e-07	-3.2916e-07
0.26	-5.0139e-06	2.1777e-10	5.0189e-06	3.1792e-07	-3.178e-07	0.00031954	1.4471e-10	-0.00031946	3.179e-07	-3.182e-07	0.00039954	1.2257e-10	-0.00039944	3.1782e-07	-3.1854e-07	0.00048012	8.204e-11	-0.00047996	3.1794e-07	-3.1952e-07	0.00056564	-5.034e-11	-0.00056528	3.183e-07	-3.2138e-07	0.0006578	-3.6333e-10	-0.0006578	3.1846e-07	-3.2426e-07	0.00075726	-9.5416e-10	-0.00075678	3.1886e-07	-3.29e-07
0.265	-5.6154e-06	2.3255e-10	5.76e-06	3.1788e-07	-3.1784e-07	0.00036712	1.5161e-10	-0.00036686	3.1786e-07	-3.1804e-07	0.00045836	1.3465e-10	-0.00045834	3.179e-07	-3.1854e-07	0.0005495	9.293e-11	-0.00054944	3.1802e-07	-3.1948e-07	0.00064642	-3.531e-11	-0.00064576	3.181e-07	-3.213e-07	0.00075032	-3.4441e-10	-0.0007498	3.1856e-07	-3.2426e-07	0.00086102	-9.2282e-10	-0.00086066	3.1886e-07	-3.2892e-07
0.27	-6.4861e-06	2.5512e-10	6.4682e-06	3.1792e-07	-3.1784e-07	0.00042036	1.6254e-10	-0.00042046	3.1786e-07	-3.1808e-07	0.00052392	1.4525e-10	-0.00052398	3.1794e-07	-3.186e-07	0.00062706	1.0497e-10	-0.00062716	3.1804e-07	-3.1958e-07	0.00073554	-1.767e-11	-0.00073562	3.1824e-07	-3.214e-07	0.00085224	-3.147e-10	-0.0008517	3.1856e-07	-3.2424e-07	0.00097602	-8.8684e-10	-0.00097552	3.189e-07	-3.2938e-07
0.275	-7.4308e-06	2.6971e-10	7.301e-06	3.1796e-07	-3.178e-07	0.0004817	1.7362e-10	-0.00048152	3.179e-07	-3.1814e-07	0.00059886	1.5109e-10	-0.00059892	3.1788e-07	-3.1854e-07	0.00071526	1.1965e-10	-0.00071522	3.1792e-07	-3.1952e-07	0.00083692	-4.97e-12	-0.0008369	3.1824e-07	-3.2134e-07	0.00096756	-2.9215e-10	-0.00096712	3.1854e-07	-3.244e-07	0.00110538	-8.4861e-10	-0.00110536	3.189e-07	-3.291e-07
0.28	-8.379e-06	2.9059e-10	8.3829e-06	3.1796e-07	-3.1788e-07	0.00054948	1.8477e-10	-0.00054956	3.1786e-07	-3.1808e-07	0.00068206	1.662e-10	-0.00068168	3.179e-07	-3.186e-07	0.00081276	1.3332e-10	-0.00081222	3.18e-07	-3.1956e-07	0.00094902	1.256e-11	-0.00094846	3.1824e-07	-3.2142e-07	0.0010935	-2.6658e-10	-0.00109318	3.1852e-07	-3.2442e-07	0.0012468	-8.1388e-10	-0.0012464	3.189e-07	-3.2918e-07
0.285	-9.3284e-06	3.097e-10	9.2501e-06	3.1786e-07	-3.1788e-07	0.00062694	2.0002e-10	-0.00062688	3.1788e-07	-3.1812e-07	0.00077672	1.7446e-10	-0.00077634	3.1782e-07	-3.1852e-07	0.00092274	1.4702e-10	-0.00092284	3.1802e-07	-3.197e-07	0.00107524	2.973e-11	-0.00107412	3.1822e-07	-3.2134e-07	0.0012356	-2.4456e-10	-0.0012354	3.186e-07	-3.2442e-07	0.0014058	-7.7696e-10	-0.001405	3.1892e-07	-3.2914e-07
0.29	-1.04773e-05	3.2821e-10	1.03901e-05	3.1796e-07	-3.1782e-07	0.00071218	2.102e-10	-0.0007123	3.1788e-07	-3.1814e-07	0.00088086	1.8944e-10	-0.00088088	3.1792e-07	-3.1856e-07	0.00104364	1.5463e-10	-0.00104382	3.18e-07	-3.1958e-07	0.001213	4.675e-11	-0.0012128	3.1822e-07	-3.215e-07	0.001391	-2.1943e-10	-0.0013906	3.1862e-07	-3.2442e-07	0.001578	-7.4185e-10	-0.001578	3.1896e-07	-3.292e-07
0.295	-1.14998e-05	3.5402e-10	1.15007e-05	3.1792e-07	-3.1788e-07	0.00080932	2.2803e-10	-0.00080918	3.179e-07	-3.1808e-07	0.00099806	2.0305e-10	-0.00099714	3.1784e-07	-3.1852e-07	0.0011798	1.7412e-10	-0.0011796	3.181e-07	-3.1956e-07	0.0013668	6.774e-11	-0.0013676	3.1822e-07	-3.2142e-07	0.0015634	-1.966e-10	-0.0015626	3.1862e-07	-3.2446e-07	0.00177	-7.0685e-10	-0.0017696	3.1898e-07	-3.295e-07
0.3	-1.1718e-05	3.8187e-10	1.299e-05	3.1784e-07	-3.1784e-07	0.00091626	2.3857e-10	-0.00091574	3.1784e-07	-3.1804e-07	0.00112678	2.1722e-10	-0.00112694	3.179e-07	-3.186e-07	0.0013286	1.8857e-10	-0.001328	3.1804e-07	-3.196e-07	0.001535	8.425e-11	-0.0015344	3.183e-07	-3.2136e-07	0.0017514	-1.6719e-10	-0.0017508	3.1866e-07	-3.2436e-07	0.0019766	-6.6538e-10	-0.0019768	3.19e-07	-3.2948e-07
0.305	-1.4748e-05	4.0209e-10	1.4692e-05	3.179e-07	-3.1782e-07	0.00103614	2.557e-10	-0.00103556	3.179e-07	-3.1804e-07	0.0012716	2.297e-10	-0.0012706	3.1796e-07	-3.186e-07	0.001494	2.0139e-10	-0.0014942	3.1806e-07	-3.1962e-07	0.0017214	1.0011e-10	-0.001721	3.1828e-07	-3.2146e-07	0.001959	-1.43e-10	-0.0019578	3.1872e-07	-3.244e-07	0.0022058	-6.3271e-10	-0.002204	3.1906e-07	-3.295e-07
0.31	-1.6336e-05	4.3513e-10	1.6262e-05	3.179e-07	-3.1788e-07	0.0011666	2.7301e-10	-0.00116666	3.1786e-07	-3.1812e-07	0.0014282	2.4802e-10	-0.0014274	3.1798e-07	-3.1858e-07	0.0016744	2.1507e-10	-0.0016732	3.1802e-07	-3.1962e-07	0.0019238	1.2243e-10	-0.0019224	3.182e-07	-3.2138e-07	0.0021824	-1.1463e-10	-0.0021816	3.1868e-07	-3.2444e-07	0.0024498	-5.9252e-10	-0.0024504	3.19e-07	-3.2942e-07
0.315	-1.8206e-05	4.6215e-10	1.8258e-05	3.18e-07	-3.1794e-07	0.0013126	2.8862e-10	-0.0013124	3.1788e-07	-3.1808e-07	0.0016018	2.6037e-10	-0.0016014	3.1792e-07	-3.1854e-07	0.0018728	2.3419e-10	-0.001873	3.1808e-07	-3.1962e-07	0.0021466	1.4183e-10	-0.002146	3.1828e-07	-3.2142e-07	0.0024288	-9.008e-11	-0.0024254	3.1868e-07	-3.2442e-07	0.0027176	-5.5695e-10	-0.0027188	3.1906e-07	-3.2944e-07
0.32	-1.9772e-05	4.9323e-10	2.0006e-05	3.1802e-07	-3.179e-07	0.0014708	3.081e-10	-0.0014708	3.1792e-07	-3.1812e-07	0.0017906	2.8016e-10	-0.0017906	3.1788e-07	-3.1858e-07	0.0020864	2.4503e-10	-0.0020866	3.1808e-07	-3.1958e-07	0.0023832	1.6179e-10	-0.0023834	3.1836e-07	-3.2138e-07	0.002689	-6.723e-11	-0.0026896	3.1874e-07	-3.2448e-07	0.0030034	-5.1855e-10	-0.003002	3.1904e-07	-3.2936e-07
0.325	-2.1858e-05	5.3013e-10	2.211e-05	3.1792e-07	-3.1794e-07	0.0016452	3.2507e-10	-0.0016446	3.1784e-07	-3.1812e-07	0.0019978	2.9628e-10	-0.0019974	3.1796e-07	-3.1858e-07	0.0023226	2.6666e-10	-0.0023208	3.18e-07	-3.1962e-07	0.002645	1.8695e-10	-0.002645	3.1832e-07	-3.2154e-07	0.0029762	-3.335e-11	-0.0029746	3.1876e-07	-3.2442e-07	0.0033148	-4.7893e-10	-0.0033132	3.1916e-07	-3.295e-07
0.33	-2.3964e-05	5.6273e-10	2.4008e-05	3.1794e-07	-3.1784e-07	0.0018344	3.5227e-10	-0.001834	3.179e-07	-3.1816e-07	0.0022202	3.0962e-10	-0.002221	3.1802e-07	-3.1868e-07	0.002573	2.864e-10	-0.0025716	3.181e-07	-3.1966e-07	0.0029222	2.0285e-10	-0.0029206	3.1842e-07	-3.2154e-07	0.0032782	-1.057e-11	-0.0032764	3.1886e-07	-3.2452e-07	0.0036426	-4.4889e-10	-0.0036426	3.1922e-07	-3.2936e-07
0.335	-2.6106e-05	6.0616e-10	2.6202e-05	3.1796e-07	-3.1788e-07	0.0020406	3.6958e-10	-0.0020408	3.1796e-07	-3.182e-07	0.0024654	3.3298e-10	-0.0024644	3.1796e-07	-3.187e-07	0.0028478	3.0132e-10	-0.0028468	3.1812e-07	-3.197e-07	0.0032242	2.2374e-10	-0.0032232	3.185e-07	-3.2158e-07	0.0036084	1.602e-11	-0.0036072	3.1888e-07	-3.245e-07	0.0039978	-4.0801e-10	-0.0039964	3.1926e-07	-3.2966e-07
0.34	-2.855e-05	6.4128e-10	2.8406e-05	3.1802e-07	-3.179e-07	0.0022616	3.9348e-10	-0.0022608	3.1792e-07	-3.1818e-07	0.002724	3.4896e-10	-0.0027236	3.18e-07	-3.1872e-07	0.0031374	3.2814e-10	-0.0031366	3.182e-07	-3.1974e-07	0.0035426	2.4428e-10	-0.0035436	3.1848e-07	-3.2164e-07	0.0039528	4.456e-11	-0.0039526	3.1898e-07	-3.2464e-07	0.0043676	-3.7186e-10	-0.0043672	3.1938e-07	-3.2992e-07
0.345	-3.0722e-05	6.8767e-10	3.0622e-05	3.1798e-07	-3.1792e-07	0.0025028	4.1361e-10	-0.002502	3.18e-07	-3.1818e-07	0.003008	3.704e-10	-0.0030066	3.1808e-07	-3.1872e-07	0.0034532	3.4176e-10	-0.0034524	3.182e-07	-3.1974e-07	0.0038874	2.6401e-10	-0.0038874	3.1852e-07	-3.2166e-07	0.0043272	6.889e-11	-0.0043256	3.19e-07	-3.2476e-07	0.0047688	-3.3585e-10	-0.0047674	3.1946e-07	-3.2988e-07
0.35	-3.3102e-05	7.3328e-10	3.3028e-05	3.18e-07	-3.1786e-07	0.0027598	4.3478e-10	-0.0027574	3.1802e-07	-3.1818e-07	0.0033068	3.908e-10	-0.0033058	3.1812e-07	-3.1872e-07	0.0037826	3.6045e-10	-0.0037844	3.1826e-07	-3.1976e-07	0.0042476	2.917e-10	-0.004248	3.186e-07	-3.2162e-07	0.0047144	9.977e-11	-0.004715	3.1904e-07	-3.2482e-07	0.0051864	-2.965e-10	-0.0051854	3.1942e-07	-3.3e-07
0.355	-3.5942e-05	7.8063e-10	3.5546e-05	3.1796e-07	-3.1788e-07	0.0030362	4.6477e-10	-0.0030352	3.1796e-07	-3.1824e-07	0.0036286	4.0965e-10	-0.0036284	3.181e-07	-3.1878e-07	0.0041428	3.8001e-10	-0.00414	3.1826e-07	-3.1984e-07	0.0046372	3.0655e-10	-0.004638	3.1858e-07	-3.2168e-07	0.005134	1.2654e-10	-0.0051324	3.191e-07	-3.2482e-07	0.0056324	-2.6508e-10	-0.0056314	3.195e-07	-3.2992e-07
0.36	-3.819e-05	8.3157e-10	3.8298e-05	3.1796e-07	-3.1794e-07	0.003327	4.8386e-10	-0.0033272	3.1798e-07	-3.182e-07	0.0039682	4.3464e-10	-0.003967	3.1812e-07	-3.188e-07	0.0045138	4.001e-10	-0.004514	3.1832e-07	-3.1986e-07	0.005041	3.3554e-10	-0.0050416	3.1872e-07	-3.2166e-07	0.0055662	1.5338e-10	-0.0055676	3.192e-07	-3.2482e-07	0.0060936	-2.2402e-10	-0.0060928	3.1958e-07	-3.2978e-07
0.365	-4.0732e-05	8.8878e-10	4.0652e-05	3.1796e-07	-3.1784e-07	0.0036402	5.145e-10	-0.0036418	3.1802e-07	-3.182e-07	0.0043326	4.5361e-10	-0.004332	3.1814e-07	-3.1878e-07	0.0049156	4.2652e-10	-0.004914	3.1832e-07	-3.1986e-07	0.0054736	3.5857e-10	-0.0054734	3.1862e-07	-3.2178e-07	0.0060284	1.8641e-10	-0.0060284	3.1926e-07	-3.2494e-07	0.0065836	-1.8432e-10	-0.0065844	3.197e-07	-3.3e-07
0.37	-4.3448e-05	9.4649e-10	4.3518e-05	3.1804e-07	-3.1792e-07	0.0039688	5.4141e-10	-0.003968	3.1796e-07	-3.1822e-07	0.0047106	4.7731e-10	-0.004711	3.181e-07	-3.188e-07	0.0053312	4.4749e-10	-0.0053314	3.1838e-07	-3.1984e-07	0.0059212	3.8037e-10	-0.0059218	3.187e-07	-3.2188e-07	0.0065056	2.0858e-10	-0.0065048	3.1926e-07	-3.2496e-07	0.0070874	-1.4962e-10	-0.0070892	3.197e-07	-3.2996e-07
0.375	-4.6186e-05	1.00967e-09	4.6356e-05	3.1792e-07	-3.179e-07	0.0043176	5.6687e-10	-0.0043192	3.1798e-07	-3.1816e-07	0.0051168	5.0596e-10	-0.0051166	3.1822e-07	-3.1884e-07	0.005775	4.7162e-10	-0.0057736	3.1842e-07	-3.1998e-07	0.006398	4.0712e-10	-0.0063972	3.188e-07	-3.219e-07	0.0070114	2.4283e-10	-0.0070112	3.1932e-07	-3.2492e-07	0.0076218	-1.0647e-10	-0.0076204	3.1982e-07	-3.3016e-07
0.38	-4.8952e-05	1.0741e-09	4.8938e-05	3.1802e-07	-3.1792e-07	0.0046814	6.0071e-10	-0.004683	3.1798e-07	-3.1814e-07	0.005536	5.2767e-10	-0.005537	3.1816e-07	-3.1882e-07	0.0062326	4.9107e-10	-0.00623	3.1846e-07	-3.1996e-07	0.0068868	4.2611e-10	-0.0068876	3.188e-07	-3.219e-07	0.0075312	2.6758e-10	-0.0075318	3.1944e-07	-3.2508e-07	0.008172	-7.733e-11	-0.0081714	3.2004e-07	-3.3008e-07
0.385	-5.1836e-05	1.1429e-09	5.176e-05	3.1796e-07	-3.1788e-07	0.0050686	6.2428e-10	-0.0050696	3.179e-07	-3.1818e-07	0.0059838	5.5246e-10	-0.0059836	3.1818e-07	-3.1894e-07	0.0067166	5.1211e-10	-0.006717	3.1858e-07	-3.2002e-07	0.0074066	4.5435e-10	-0.0074062	3.1886e-07	-3.2194e-07	0.008085	2.9582e-10	-0.008082	3.1956e-07	-3.251e-07	0.0087502	-3.494e-11	-0.0087516	3.2004e-07	-3.3014e-07
0.39	-5.3906e-05	1.216e-09	5.421e-05	3.18e-07	-3.1792e-07	0.005466	6.5989e-10	-0.0054688	3.179e-07	-3.182e-07	0.0064418	5.7582e-10	-0.0064452	3.1828e-07	-3.1896e-07	0.0072162	5.3856e-10	-0.007214	3.1854e-07	-3.2004e-07	0.0079412	4.7783e-10	-0.0079388	3.1892e-07	-3.2194e-07	0.008642	3.2492e-10	-0.0086446	3.196e-07	-3.2514e-07	0.0093394	-9e-13	-0.0093408	3.2022e-07	-3.3026e-07
0.395	-5.68e-05	1.295e-09	5.7136e-05	3.179e-07	-3.1786e-07	0.0058876	6.9354e-10	-0.0058882	3.1796e-07	-3.1824e-07	0.0069304	6.0094e-10	-0.006932	3.1828e-07	-3.1898e-07	0.0077398	5.6083e-10	-0.007741	3.1854e-07	-3.2022e-07	0.0085008	5.0162e-10	-0.0084978	3.1896e-07	-3.22e-07	0.0092332	3.5215e-10	-0.0092336	3.1964e-07	-3.252e-07	0.0099602	3.564e-11	-0.0099596	3.2024e-07	-3.306e-07
0.4	-5.967e-05	1.3748e-09	5.977e-05	3.1796e-07	-3.1784e-07	0.0063182	7.2653e-10	-0.0063174	3.1804e-07	-3.182e-07	0.00743	6.3205e-10	-0.0074294	3.1822e-07	-3.1884e-07	0.00828	5.8604e-10	-0.0082812	3.1866e-07	-3.2014e-07	0.0090726	5.2973e-10	-0.0090726	3.1908e-07	-3.2206e-07	0.0098336	3.8509e-10	-0.0098354	3.1962e-07	-3.2538e-07	0.0105876	7.687e-11	-0.0105864	3.203e-07	-3.3028e-07
0.405	-6.2076e-05	1.4656e-09	6.1986e-05	3.1782e-07	-3.1784e-07	0.00677	7.6551e-10	-0.0067726	3.1806e-07	-3.1824e-07	0.0079548	6.5412e-10	-0.007954	3.183e-07	-3.1894e-07	0.0088464	6.1397e-10	-0.0088474	3.1864e-07	-3.2022e-07	0.0096684	5.5255e-10	-0.0096706	3.1908e-07	-3.2222e-07	0.0104648	4.1469e-10	-0.010462	3.198e-07	-3.2538e-07	0.0112474	1.0946e-10	-0.0112442	3.2044e-07	-3.3046e-07
0.41	-6.5218e-05	1.5502e-09	6.5466e-05	3.179e-07	-3.179e-07	0.0072324	7.9871e-10	-0.0072316	3.1804e-07	-3.1826e-07	0.0084902	6.8515e-10	-0.0084916	3.1834e-07	-3.1902e-07	0.0094244	6.38e-10	-0.0094216	3.1878e-07	-3.203e-07	0.0102806	5.7923e-10	-0.0102804	3.1922e-07	-3.2224e-07	0.011104	4.3993e-10	-0.0111044	3.1992e-07	-3.254e-07	0.011936	1.4957e-10	-0.011918	3.2044e-07	-3.3044e-07
0.415	-6.7468e-05	1.645e-09	6.7632e-05	3.1796e-07	-3.1792e-07	0.0077146	8.3966e-10	-0.007714	3.1816e-07	-3.1832e-07	0.0090556	7.179e-10	-0.0090546	3.1836e-07	-3.1894e-07	0.0100288	6.6793e-10	-0.010027	3.188e-07	-3.2028e-07	0.0109188	6.0765e-10	-0.0109202	3.1928e-07	-3.2228e-07	0.011792	4.6939e-10	-0.01178	3.2002e-07	-3.2564e-07	0.01263	1.8544e-10	-0.012616	3.2068e-07	-3.3092e-07
0.42	-6.9566e-05	1.7435e-09	6.9862e-05	3.1786e-07	-3.1782e-07	0.008201	8.764e-10	-0.0082028	3.1812e-07	-3.1832e-07	0.009628	7.459e-10	-0.0096294	3.1834e-07	-3.1906e-07	0.0106402	6.9309e-10	-0.0106394	3.1886e-07	-3.2034e-07	0.011584	6.3399e-10	-0.011563	3.1936e-07	-3.2234e-07	0.01247	5.0335e-10	-0.012452	3.201e-07	-3.2574e-07	0.013332	2.2468e-10	-0.013318	3.2082e-07	-3.3078e-07
0.425	-7.2124e-05	1.8362e-09	7.1976e-05	3.1786e-07	-3.1786e-07	0.0087126	9.1779e-10	-0.0087102	3.1814e-07	-3.1832e-07	0.0102266	7.8054e-10	-0.0102312	3.1844e-07	-3.1914e-07	0.0112792	7.1853e-10	-0.0112818	3.189e-07	-3.2034e-07	0.012256	6.5992e-10	-0.012242	3.194e-07	-3.224e-07	0.013178	5.3104e-10	-0.013158	3.201e-07	-3.2558e-07	0.014068	2.5825e-10	-0.01405	3.209e-07	-3.309e-07
0.43	-7.4626e-05	1.9413e-09	7.4658e-05	3.1784e-07	-3.178e-07	0.0092238	9.6554e-10	-0.009225	3.1812e-07	-3.1836e-07	0.0108344	8.0475e-10	-0.010835	3.1854e-07	-3.191e-07	0.011944	7.5016e-10	-0.011936	3.1894e-07	-3.2044e-07	0.012942	6.8822e-10	-0.012922	3.1944e-07	-3.2254e-07	0.01388	5.6593e-10	-0.013862	3.2024e-07	-3.2584e-07	0.0148	3.0164e-10	-0.014786	3.2114e-07	-3.3114e-07
0.435	-7.7482e-05	2.0473e-09	7.731e-05	3.1798e-07	-3.1784e-07	0.0097546	1.00729e-09	-0.0097548	3.1816e-07	-3.1832e-07	0.0114688	8.4078e-10	-0.0114668	3.1852e-07	-3.1914e-07	0.012626	7.7799e-10	-0.012608	3.1896e-07	-3.2046e-07	0.013648	7.1382e-10	-0.013632	3.1958e-07	-3.226e-07	0.014616	5.9625e-10	-0.014604	3.2028e-07	-3.2572e-07	0.015564	3.3492e-10	-0.015552	3.2128e-07	-3.312e-07
0.44	-7.9204e-05	2.1562e-09	7.9324e-05	3.179e-07	-3.1784e-07	0.0102886	1.05649e-09	-0.0102868	3.1822e-07	-3.1846e-07	0.012128	8.7781e-10	-0.01211	3.1856e-07	-3.192e-07	0.013302	8.0626e-10	-0.013288	3.1898e-07	-3.205e-07	0.01436	7.4924e-10	-0.014346	3.1966e-07	-3.227e-07	0.015364	6.2329e-10	-0.015346	3.2046e-07	-3.2604e-07	0.016334	3.7479e-10	-0.016314	3.214e-07	-3.312e-07
0.445	-8.138e-05	2.276e-09	8.1524e-05	3.1788e-07	-3.1788e-07	0.0108346	1.10598e-09	-0.0108366	3.1822e-07	-3.1836e-07	0.01279	9.0638e-10	-0.01277	3.1856e-07	-3.1922e-07	0.014016	8.3775e-10	-0.013998	3.1912e-07	-3.2054e-07	0.0151	7.7352e-10	-0.015084	3.197e-07	-3.227e-07	0.016126	6.5996e-10	-0.016118	3.2062e-07	-3.2616e-07	0.017128	4.0924e-10	-0.017114	3.2148e-07	-3.3132e-07
0.45	-8.3188e-05	2.3874e-09	8.3436e-05	3.1794e-07	-3.1782e-07	0.011402	1.1557e-09	-0.0113852	3.1822e-07	-3.1842e-07	0.013462	9.4297e-10	-0.013446	3.1858e-07	-3.1926e-07	0.01472	8.6901e-10	-0.014708	3.1924e-07	-3.207e-07	0.015846	8.0762e-10	-0.01583	3.1978e-07	-3.2278e-07	0.016902	6.8795e-10	-0.016886	3.2074e-07	-3.2616e-07	0.017924	4.4787e-10	-0.017914	3.2164e-07	-3.3168e-07
0.455	-8.541e-05	2.5153e-09	8.546e-05	3.1784e-07	-3.1768e-07	0.011968	1.213e-09	-0.011952	3.1822e-07	-3.1842e-07	0.014148	9.8027e-10	-0.01414	3.1866e-07	-3.193e-07	0.015458	8.9872e-10	-0.015444	3.1922e-07	-3.2068e-07	0.01661	8.3363e-10	-0.016596	3.1988e-07	-3.228e-07	0.017702	7.261e-10	-0.017682	3.208e-07	-3.2622e-07	0.01875	4.9025e-10	-0.018734	3.2184e-07	-3.3156e-07
0.46	-8.7014e-05	2.6373e-09	8.745e-05	3.1782e-07	-3.1776e-07	0.012526	1.2673e-09	-0.012514	3.1824e-07	-3.1842e-07	0.01485	1.0166e-09	-0.014834	3.1866e-07	-3.1926e-07	0.016202	9.3149e-10	-0.01618	3.1928e-07	-3.2072e-07	0.017384	8.6567e-10	-0.017372	3.2e-07	-3.23e-07	0.018498	7.5033e-10	-0.018484	3.2094e-07	-3.2636e-07	0.019574	5.2368e-10	-0.019558	3.2198e-07	-3.3176e-07
0.465	-8.8984e-05	2.7628e-09	8.931e-05	3.1778e-07	-3.1772e-07	0.013102	1.3306e-09	-0.013086	3.183e-07	-3.185e-07	0.015568	1.05879e-09	-0.015552	3.1874e-07	-3.1932e-07	0.016962	9.6233e-10	-0.016946	3.1932e-07	-3.2076e-07	0.018186	8.9745e-10	-0.018168	3.1998e-07	-3.23e-07	0.019322	7.8461e-10	-0.019306	3.2104e-07	-3.2654e-07	0.020424	5.6467e-10	-0.020408	3.2212e-07	-3.3186e-07
0.47	-9.0736e-05	2.8992e-09	9.126e-05	3.1786e-07	-3.1782e-07	0.013668	1.3892e-09	-0.013658	3.183e-07	-3.1846e-07	0.01629	1.09495e-09	-0.016276	3.1878e-07	-3.1936e-07	0.01773	1.00177e-09	-0.017708	3.1942e-07	-3.2086e-07	0.018984	9.271e-10	-0.018966	3.202e-07	-3.2314e-07	0.020146	8.1908e-10	-0.02013	3.2116e-07	-3.2662e-07	0.021274	6.0388e-10	-0.021256	3.2228e-07	-3.3222e-07
0.475	-9.3264e-05	3.0348e-09	9.3192e-05	3.1786e-07	-3.1778e-07	0.014242	1.4558e-09	-0.014234	3.1824e-07	-3.1848e-07	0.017042	1.1337e-09	-0.017022	3.1878e-07	-3.1944e-07	0.01852	1.03444e-09	-0.018504	3.1952e-07	-3.2098e-07	0.019808	9.6233e-10	-0.019788	3.2028e-07	-3.232e-07	0.021	8.5361e-10	-0.020982	3.2132e-07	-3.2668e-07	0.022144	6.3676e-10	-0.02213	3.2248e-07	-3.321e-07
0.48	-9.4334e-05	3.1838e-09	9.405e-05	3.1792e-07	-3.1788e-07	0.01481	1.5214e-09	-0.014796	3.1834e-07	-3.1848e-07	0.01778	1.1792e-09	-0.017768	3.1886e-07	-3.1942e-07	0.01931	1.06844e-09	-0.019294	3.1956e-07	-3.21e-07	0.020626	9.9442e-10	-0.02061	3.2038e-07	-3.2324e-07	0.021846	8.8895e-10	-0.021836	3.2146e-07	-3.2682e-07	0.023014	6.7562e-10	-0.023002	3.2252e-07	-3.3228e-07
0.485	-9.605e-05	3.3346e-09	9.6284e-05	3.1784e-07	-3.1792e-07	0.015388	1.5913e-09	-0.015372	3.1838e-07	-3.185e-07	0.018548	1.2199e-09	-0.018532	3.189e-07	-3.1956e-07	0.02012	1.1065e-09	-0.020112	3.1958e-07	-3.2106e-07	0.021472	1.02959e-09	-0.02146	3.2044e-07	-3.2338e-07	0.022722	9.2339e-10	-0.02271	3.2158e-07	-3.27e-07	0.023922	7.1717e-10	-0.023904	3.2276e-07	-3.3252e-07
0.49	-9.798e-05	3.4791e-09	9.8018e-05	3.1792e-07	-3.1782e-07	0.015954	1.6638e-09	-0.015942	3.1834e-07	-3.185e-07	0.01932	1.2604e-09	-0.019312	3.1892e-07	-3.1952e-07	0.020942	1.1431e-09	-0.020924	3.1966e-07	-3.2116e-07	0.02232	1.06675e-09	-0.022304	3.206e-07	-3.2352e-07	0.02359	9.5706e-10	-0.023584	3.217e-07	-3.2706e-07	0.024816	7.5364e-10	-0.024798	3.2294e-07	-3.3276e-07
0.495	-9.9176e-05	3.6436e-09	9.9082e-05	3.1792e-07	-3.1788e-07	0.01653	1.7421e-09	-0.016516	3.1832e-07	-3.1856e-07	0.020108	1.3074e-09	-0.02009	3.1892e-07	-3.1962e-07	0.021778	1.181e-09	-0.021764	3.1972e-07	-3.2128e-07	0.023194	1.09798e-09	-0.023176	3.207e-07	-3.2362e-07	0.024492	9.9509e-10	-0.024478	3.218e-07	-3.2728e-07	0.025734	8.0248e-10	-0.025718	3.2308e-07	-3.3282e-07
0.5	-0.000100608	3.8052e-09	0.000100794	3.1798e-07	-3.1788e-07	0.017092	1.8225e-09	-0.017078	3.1834e-07	-3.1856e-07	0.020898	1.3477e-09	-0.02088	3.1904e-07	-3.1964e-07	0.022618	1.2226e-09	-0.022604	3.198e-07	-3.2122e-07	0.02406	1.1336e-09	-0.024048	3.209e-07	-3.238e-07	0.025386	1.02674e-09	-0.025376	3.22e-07	-3.2744e-07	0.026654	8.3349e-10	-0.02664	3.2326e-07	-3.3304e-07
0.505	-0.000101878	3.9781e-09	0.000102066	3.179e-07	-3.1784e-07	0.017652	1.906e-09	-0.017644	3.184e-07	-3.1858e-07	0.021702	1.4026e-09	-0.021688	3.1906e-07	-3.1968e-07	0.023474	1.2587e-09	-0.02346	3.1988e-07	-3.2134e-07	0.02495	1.1719e-09	-0.024934	3.2082e-07	-3.2378e-07	0.026308	1.06662e-09	-0.02629	3.222e-07	-3.2742e-07	0.027588	8.7551e-10	-0.027582	3.234e-07	-3.3298e-07
0.51	-0.000103114	4.1502e-09	0.000103318	3.1788e-07	-3.1786e-07	0.018202	1.9878e-09	-0.018188	3.184e-07	-3.1864e-07	0.022506	1.449e-09	-0.022492	3.1912e-07	-3.197e-07	0.024332	1.3e-09	-0.024322	3.1998e-07	-3.2146e-07	0.02584	1.2087e-09	-0.025818	3.2092e-07	-3.2382e-07	0.02722	1.10096e-09	-0.027202	3.222e-07	-3.2756e-07	0.028518	9.1577e-10	-0.028512	3.2356e-07	-3.3328e-07
0.515	-0.000104292	4.3354e-09	0.000104638	3.1794e-07	-3.1784e-07	0.018752	2.082e-09	-0.018742	3.1844e-07	-3.1854e-07	0.02333	1.4967e-09	-0.023318	3.1914e-07	-3.1976e-07	0.02521	1.3408e-09	-0.025194	3.2004e-07	-3.2144e-07	0.026748	1.2475e-09	-0.026736	3.2098e-07	-3.239e-07	0.028158	1.1394e-09	-0.028146	3.2252e-07	-3.277e-07	0.029488	9.5376e-10	-0.029476	3.2374e-07	-3.3334e-07
0.52	-0.000106036	4.5259e-09	0.00010635	3.179e-07	-3.1794e-07	0.01929	2.1706e-09	-0.019272	3.1842e-07	-3.1858e-07	0.02415	1.5491e-09	-0.024138	3.1922e-07	-3.1976e-07	0.026086	1.3811e-09	-0.026074	3.201e-07	-3.215e-07	0.027654	1.2863e-09	-0.02764	3.2112e-07	-3.2402e-07	0.029086	1.1799e-09	-0.029068	3.2256e-07	-3.2772e-07	0.030436	9.9977e-10	-0.030426	3.2406e-07	-3.3336e-07
0.525	-0.000107332	4.7248e-09	0.00010722	3.18e-07	-3.1792e-07	0.019822	2.2678e-09	-0.019806	3.1832e-07	-3.186e-07	0.02499	1.5943e-09	-0.024978	3.192e-07	-3.1974e-07	0.026986	1.4281e-09	-0.02697	3.2018e-07	-3.2154e-07	0.028584	1.3202e-09	-0.028574	3.2128e-07	-3.2414e-07	0.030044	1.2163e-09	-0.030026	3.227e-07	-3.2792e-07	0.031418	1.03625e-09	-0.0314	3.2402e-07	-3.334e-07
0.53	-0.000108308	4.926e-09	0.00010826	3.1802e-07	-3.1786e-07	0.020336	2.3668e-09	-0.020328	3.1846e-07	-3.1866e-07	0.025818	1.6538e-09	-0.025808	3.1928e-07	-3.1984e-07	0.027874	1.4692e-09	-0.02786	3.2026e-07	-3.2168e-07	0.029508	1.3641e-09	-0.029496	3.214e-07	-3.2424e-07	0.030988	1.2551e-09	-0.030974	3.229e-07	-3.2806e-07	0.03239	1.08386e-09	-0.032374	3.243e-07	-3.3382e-07
0.535	-0.000109274	5.1422e-09	0.000109536	3.1792e-07	-3.1784e-07	0.020856	2.4685e-09	-0.020846	3.1846e-07	-3.1872e-07	0.026674	1.7063e-09	-0.02666	3.193e-07	-3.2e-07	0.02879	1.514e-09	-0.028776	3.203e-07	-3.2172e-07	0.030456	1.399e-09	-0.030442	3.2154e-07	-3.2436e-07	0.03196	1.2986e-09	-0.031948	3.23e-07	-3.2824e-07	0.033378	1.12508e-09	-0.033364	3.2454e-07	-3.3382e-07
0.54	-0.000110762	5.3539e-09	0.000110628	3.1786e-07	-3.1786e-07	0.021358	2.5768e-09	-0.021338	3.1846e-07	-3.1862e-07	0.027516	1.7637e-09	-0.027504	3.1932e-07	-3.1992e-07	0.029694	1.5612e-09	-0.029684	3.2042e-07	-3.2178e-07	0.0314	1.4435e-09	-0.031376	3.216e-07	-3.244e-07	0.032928	1.3355e-09	-0.032912	3.2308e-07	-3.283e-07	0.034368	1.1648e-09	-0.03435	3.2474e-07	-3.3426e-07
0.545	-0.000112112	5.5882e-09	0.000112234	3.179e-07	-3.1776e-07	0.02185	2.6831e-09	-0.02184	3.1844e-07	-3.1858e-07	0.02838	1.8238e-09	-0.028364	3.194e-07	-3.2002e-07	0.030632	1.6017e-09	-0.030612	3.2054e-07	-3.2184e-07	0.032358	1.4848e-09	-0.032346	3.2176e-07	-3.245e-07	0.033912	1.3761e-09	-0.033898	3.2324e-07	-3.285e-07	0.035374	1.2106e-09	-0.03536	3.25e-07	-3.343e-07
0.55	-0.00011324	5.8285e-09	0.000113112	3.1792e-07	-3.179e-07	0.022328	2.7988e-09	-0.022316	3.184e-07	-3.1856e-07	0.029228	1.8776e-09	-0.029216	3.195e-07	-3.2002e-07	0.031548	1.6545e-09	-0.031538	3.2052e-07	-3.2198e-07	0.033308	1.5294e-09	-0.033298	3.2184e-07	-3.2462e-07	0.03489	1.4163e-09	-0.034882	3.2344e-07	-3.286e-07	0.03638	1.2481e-09	-0.03636	3.2516e-07	-3.3456e-07
0.555	-0.000114244	6.0772e-09	0.00011424	3.1792e-07	-3.1784e-07	0.022804	2.9186e-09	-0.022788	3.1846e-07	-3.186e-07	0.030092	1.9386e-09	-0.030086	3.1952e-07	-3.2008e-07	0.03249	1.6996e-09	-0.032478	3.2054e-07	-3.2192e-07	0.034292	1.5718e-09	-0.034274	3.2196e-07	-3.2472e-07	0.035894	1.4582e-09	-0.035882	3.235e-07	-3.2876e-07	0.037396	1.294e-09	-0.037382	3.2528e-07	-3.3472e-07
0.56	-0.000114956	6.3353e-09	0.00011477	3.1794e-07	-3.179e-07	0.023254	3.0396e-09	-0.023246	3.1844e-07	-3.1856e-07	0.030956	2.0004e-09	-0.03094	3.1948e-07	-3.2002e-07	0.033424	1.7523e-09	-0.033416	3.207e-07	-3.2202e-07	0.035262	1.6126e-09	-0.035242	3.221e-07	-3.2482e-07	0.036888	1.5046e-09	-0.036874	3.2366e-07	-3.2878e-07	0.03841	1.3404e-09	-0.038394	3.2552e-07	-3.3492e-07
0.565	-0.000115008	6.5488e-09	0.000115002	3.179e-07	-3.1784e-07	0.023712	3.1711e-09	-0.023694	3.1842e-07	-3.1868e-07	0.031832	2.0664e-09	-0.031812	3.195e-07	-3.2008e-07	0.034378	1.7967e-09	-0.03437	3.2082e-07	-3.2214e-07	0.036248	1.656e-09	-0.036232	3.222e-07	-3.2492e-07	0.0379	1.5451e-09	-0.03789	3.2386e-07	-3.2912e-07	0.03945	1.3846e-09	-0.03943	3.257e-07	-3.3476e-07
0.57	-0.000115008	6.8822e-09	0.000115	3.179e-07	-3.179e-07	0.024138	3.3015e-09	-0.024124	3.1852e-07	-3.1872e-07	0.032688	2.1367e-09	-0.032674	3.1952e-07	-3.2012e-07	0.035334	1.8476e-09	-0.03532	3.2082e-07	-3.2218e-07	0.037226	1.7046e-09	-0.037214	3.223e-07	-3.2504e-07	0.03891	1.5833e-09	-0.038894	3.2404e-07	-3.2918e-07	0.04047	1.4271e-09	-0.040454	3.2588e-07	-3.3526e-07
0.575	-0.00011501	7.1701e-09	0.000115002	3.179e-07	-3.1784e-07	0.024564	3.4407e-09	-0.02455	3.1854e-07	-3.1872e-07	0.03356	2.1991e-09	-0.033548	3.1952e-07	-3.2014e-07	0.036298	1.9e-09	-0.036288	3.209e-07	-3.2224e-07	0.03823	1.7504e-09	-0.03822	3.2238e-07	-3.2516e-07	0.039932	1.6304e-09	-0.039918	3.242e-07	-3.2934e-07	0.041514	1.4744e-09	-0.041498	3.2608e-07	-3.3538e-07
0.58	-0.00012076	7.4687e-09	0.00011958	3.179e-07	-3.1784e-07	0.024966	3.5781e-09	-0.024958	3.1856e-07	-3.187e-07	0.034422	2.2692e-09	-0.034402	3.197e-07	-3.2018e-07	0.03726	1.9501e-09	-0.037242	3.2094e-07	-3.223e-07	0.039228	1.8002e-09	-0.039214	3.2248e-07	-3.2526e-07	0.040948	1.6679e-09	-0.040942	3.2426e-07	-3.294e-07	0.042552	1.5183e-09	-0.042534	3.2628e-07	-3.3552e-07
0.585	-0.00012276	7.7863e-09	0.0001187	3.1794e-07	-3.179e-07	0.025372	3.7262e-09	-0.025356	3.1848e-07	-3.1864e-07	0.035296	2.3455e-09	-0.03528	3.1972e-07	-3.2028e-07	0.038238	2.0013e-09	-0.038226	3.2106e-07	-3.2238e-07	0.040236	1.8412e-09	-0.040224	3.2264e-07	-3.2532e-07	0.041984	1.7212e-09	-0.041974	3.245e-07	-3.296e-07	0.04361	1.5676e-09	-0.043594	3.2652e-07	-3.3554e-07
0.59	-0.00012188	8.108e-09	0.00012226	3.1792e-07	-3.1778e-07	0.02576	3.879e-09	-0.025744	3.1856e-07	-3.1868e-07	0.036148	2.4159e-09	-0.036136	3.197e-07	-3.2032e-07	0.039204	2.0601e-09	-0.03919	3.2114e-07	-3.2248e-07	0.041248	1.8934e-09	-0.04123	3.2278e-07	-3.2542e-07	0.04301	1.7629e-09	-0.043	3.2464e-07	-3.2978e-07	0.044658	1.6111e-09	-0.044638	3.267e-07	-3.3588e-07
0.595	-0.00012466	8.4485e-09	0.00012412	3.1792e-07	-3.1782e-07	0.026136	4.0412e-09	-0.026126	3.185e-07	-3.1872e-07	0.037018	2.4996e-09	-0.037008	3.1986e-07	-3.204e-07	0.040192	2.1126e-09	-0.040174	3.2122e-07	-3.2256e-07	0.04226	1.941e-09	-0.042254	3.2298e-07	-3.2566e-07	0.044062	1.812e-09	-0.04405	3.2486e-07	-3.298e-07	0.045722	1.6606e-09	-0.04571	3.269e-07	-3.3582e-07
0.6	-0.00012178	8.8029e-09	0.0001202	3.1784e-07	-3.1788e-07	0.026496	4.1961e-09	-0.026486	3.1856e-07	-3.1874e-07	0.037866	2.5686e-09	-0.037854	3.1986e-07	-3.204e-07	0.041174	2.1699e-09	-0.04116	3.213e-07	-3.2264e-07	0.04328	1.9896e-09	-0.043264	3.2302e-07	-3.2574e-07	0.0451	1.8612e-09	-0.045082	3.2492e-07	-3.2998e-07	0.046778	1.7093e-09	-0.046772	3.2714e-07	-3.3602e-07
0.605	-0.00012454	9.1758e-09	0.00012448	3.179e-07	-3.1786e-07	0.026856	4.3795e-09	-0.026838	3.1854e-07	-3.1874e-07	0.038732	2.6527e-09	-0.038712	3.1988e-07	-3.2048e-07	0.042168	2.2229e-09	-0.042152	3.2144e-07	-3.227e-07	0.044316	2.0435e-09	-0.044302	3.2308e-07	-3.2586e-07	0.046158	1.9057e-09	-0.04614	3.251e-07	-3.3016e-07	0.04786	1.7557e-09	-0.047844	3.273e-07	-3.3626e-07
0.61	-0.0001245	9.5599e-09	0.00012284	3.1792e-07	-3.1788e-07	0.027196	4.5502e-09	-0.027176	3.186e-07	-3.1878e-07	0.039572	2.7361e-09	-0.03956	3.1994e-07	-3.2048e-07	0.043152	2.2801e-09	-0.04314	3.2148e-07	-3.2284e-07	0.045338	2.0936e-09	-0.045322	3.2324e-07	-3.259e-07	0.047208	1.9593e-09	-0.047194	3.2534e-07	-3.3028e-07	0.048922	1.8051e-09	-0.048916	3.2752e-07	-3.3664e-07
0.615	-0.00012744	9.8173e-09	0.0001217	3.1796e-07	-3.1788e-07	0.027524	4.7385e-09	-0.027514	3.1866e-07	-3.1884e-07	0.040422	2.8245e-09	-0.040408	3.1994e-07	-3.2052e-07	0.044156	2.3418e-09	-0.04414	3.2154e-07	-3.2286e-07	0.046382	2.1447e-09	-0.046366	3.2338e-07	-3.2598e-07	0.04828	2.0077e-09	-0.048258	3.2538e-07	-3.3046e-07	0.050014	1.8512e-09	-0.050002	3.277e-07	-3.367e-07
0.62	-0.00012832	1.03775e-08	0.00012628	3.1798e-07	-3.1784e-07	0.027842	4.9268e-09	-0.02783	3.1864e-07	-3.188e-07	0.041254	2.9168e-09	-0.041242	3.2e-07	-3.2046e-07	0.045148	2.3997e-09	-0.045128	3.2164e-07	-3.2292e-07	0.047414	2.2003e-09	-0.047404	3.2348e-07	-3.2616e-07	0.049336	2.0544e-09	-0.04932	3.2562e-07	-3.3062e-07	0.051086	1.8991e-09	-0.051074	3.2796e-07	-3.371e-07
0.625	-0.00012696	1.08174e-08	0.00012698	3.179e-07	-3.1778e-07	0.028152	5.1292e-09	-0.028152	3.186e-07	-3.1884e-07	0.042088	3.007e-09	-0.042078	3.1998e-07	-3.2052e-07	0.046158	2.4663e-09	-0.046144	3.2166e-07	-3.229e-07	0.04846	2.2513e-09	-0.048454	3.236e-07	-3.2626e-07	0.050406	2.1113e-09	-0.050396	3.2576e-07	-3.3078e-07	0.052184	1.9564e-09	-0.052172	3.2816e-07	-3.3724e-07
0.63	-0.0001282	1.1266e-08	0.00012596	3.178e-07	-3.1772e-07	0.028452	5.3371e-09	-0.02844	3.1862e-07	-3.1884e-07	0.042902	3.1068e-09	-0.042892	3.2002e-07	-3.206e-07	0.047148	2.5244e-09	-0.04714	3.2172e-07	-3.2302e-07	0.04951	2.3085e-09	-0.04949	3.2378e-07	-3.2638e-07	0.051468	2.1556e-09	-0.05146	3.2588e-07	-3.309e-07	0.053264	2.0035e-09	-0.053252	3.2838e-07	-3.373e-07
0.635	-0.0001282	1.17078e-08	0.0001265	3.178e-07	-3.1776e-07	0.028746	5.5519e-09	-0.028732	3.1862e-07	-3.188e-07	0.043724	3.2067e-09	-0.043712	3.201e-07	-3.2066e-07	0.048164	2.5885e-09	-0.048154	3.2174e-07	-3.2304e-07	0.050566	2.3552e-09	-0.050546	3.2384e-07	-3.2646e-07	0.052558	2.2113e-09	-0.052542	3.2616e-07	-3.3116e-07	0.054372	2.0574e-09	-0.054356	3.2864e-07	-3.3744e-07
0.64	-0.00012744	1.20874e-08	0.00012834	3.178e-07	-3.1774e-07	0.029022	5.7771e-09	-0.029008	3.1868e-07	-3.1886e-07	0.044516	3.3065e-09	-0.044504	3.2018e-07	-3.2076e-07	0.049172	2.6555e-09	-0.04916	3.2184e-07	-3.2318e-07	0.05161	2.4155e-09	-0.051592	3.2392e-07	-3.2656e-07	0.053628	2.2623e-09	-0.053614	3.263e-07	-3.3116e-07	0.055458	2.1107e-09	-0.055444	3.2888e-07	-3.3758e-07
0.645	-0.0001279	1.2754e-08	0.00012442	3.1778e-07	-3.1782e-07	0.029296	6.0092e-09	-0.029284	3.187e-07	-3.1878e-07	0.045322	3.4192e-09	-0.045304	3.2028e-07	-3.2074e-07	0.05018	2.7161e-09	-0.050182	3.2204e-07	-3.2322e-07	0.052676	2.4768e-09	-0.052662	3.2408e-07	-3.267e-07	0.054722	2.3142e-09	-0.054702	3.2646e-07	-3.3142e-07	0.056564	2.1613e-09	-0.056554	3.2908e-07	-3.38e-07
0.65	-0.00012828	1.32514e-08	0.0001278	3.1782e-07	-3.1776e-07	0.029558	6.2543e-09	-0.029542	3.186e-07	-3.1874e-07	0.046088	3.5272e-09	-0.04608	3.2028e-07	-3.207e-07	0.05119	2.7837e-09	-0.051176	3.22e-07	-3.233e-07	0.05373	2.5273e-09	-0.053716	3.2422e-07	-3.268e-07	0.055798	2.3702e-09	-0.055784	3.2658e-07	-3.3152e-07	0.057666	2.221e-09	-0.057654	3.2924e-07	-3.3782e-07
0.655	-0.00012906	1.37758e-08	0.0001312	3.178e-07	-3.1778e-07	0.029816	6.503e-09	-0.029802	3.186e-07	-3.1884e-07	0.046866	3.6473e-09	-0.04686	3.2028e-07	-3.2076e-07	0.05221	2.8554e-09	-0.052202	3.2212e-07	-3.2342e-07	0.054802	2.5931e-09	-0.054792	3.2436e-07	-3.269e-07	0.056896	2.4193e-09	-0.056882	3.2674e-07	-3.3162e-07	0.058782	2.2709e-09	-0.058762	3.2944e-07	-3.381e-07
0.66	-0.00012634	1.43964e-08	0.0001323	3.179e-07	-3.1786e-07	0.030054	6.7647e-09	-0.030046	3.186e-07	-3.1874e-07	0.04762	3.7694e-09	-0.047608	3.2028e-07	-3.2082e-07	0.053218	2.9259e-09	-0.053208	3.2218e-07	-3.2346e-07	0.055862	2.6491e-09	-0.055852	3.2444e-07	-3.2702e-07	0.057978	2.4811e-09	-0.057964	3.2686e-07	-3.317e-07	0.059874	2.3291e-09	-0.059862	3.2962e-07	-3.383e-07
0.665	-0.00012874	1.499e-08	0.00012916	3.1784e-07	-3.178e-07	0.030298	7.0455e-09	-0.030282	3.1862e-07	-3.1882e-07	0.048374	3.8909e-09	-0.048362	3.2026e-07	-3.2088e-07	0.054238	2.9992e-09	-0.054228	3.222e-07	-3.2352e-07	0.05694	2.7136e-09	-0.056924	3.2456e-07	-3.2714e-07	0.05908	2.5328e-09	-0.059066	3.271e-07	-3.3198e-07	0.061006	2.3834e-09	-0.060994	3.2988e-07	-3.3846e-07
0.67	-0.00012848	1.56416e-08	0.00013232	3.1786e-07	-3.1784e-07	0.030524	7.2734e-09	-0.030512	3.1858e-07	-3.189e-07	0.049098	4.0249e-09	-0.049082	3.2036e-07	-3.2088e-07	0.05525	3.0681e-09	-0.055236	3.223e-07	-3.2362e-07	0.058002	2.7699e-09	-0.057988	3.2464e-07	-3.272e-07	0.06017	2.5896e-09	-0.06016	3.2724e-07	-3.3204e-07	0.062116	2.4368e-09	-0.062104	3.3008e-07	-3.389e-07
0.675	-0.00013282	1.61854e-08	0.00013124	3.1786e-07	-3.1778e-07	0.030742	7.6241e-09	-0.030732	3.186e-07	-3.1872e-07	0.049826	4.1573e-09	-0.04981	3.2034e-07	-3.2086e-07	0.05627	3.1465e-09	-0.056258	3.2246e-07	-3.2366e-07	0.059094	2.8307e-09	-0.05908	3.248e-07	-3.2736e-07	0.061286	2.6516e-09	-0.061272	3.2736e-07	-3.3224e-07	0.063238	2.4978e-09	-0.063226	3.3034e-07	-3.3902e-07
0.68	-0.0001321	1.69954e-08	0.00013222	3.1784e-07	-3.1778e-07	0.030954	7.9342e-09	-0.030946	3.186e-07	-3.1882e-07	0.050516	4.2997e-09	-0.050504	3.2046e-07	-3.2086e-07	0.057278	3.2211e-09	-0.057262	3.2246e-07	-3.237e-07	0.060154	2.8956e-09	-0.060146	3.2486e-07	-3.2742e-07	0.062376	2.7056e-09	-0.062358	3.2764e-07	-3.3246e-07	0.064356	2.5513e-09	-0.064334	3.3058e-07	-3.392e-07
0.685	-0.00013388	1.76238e-08	0.0001343	3.1792e-07	-3.1786e-07	0.031172	8.2259e-09	-0.031154	3.1862e-07	-3.1874e-07	0.051206	4.4565e-09	-0.051202	3.2044e-07	-3.2092e-07	0.058292	3.2993e-09	-0.058278	3.226e-07	-3.2378e-07	0.061244	2.9606e-09	-0.061234	3.2502e-07	-3.2754e-07	0.063496	2.7697e-09	-0.06348	3.2784e-07	-3.3258e-07	0.065486	2.6138e-09	-0.065474	3.308e-07	-3.3928e-07
0.69	-0.00013122	1.84426e-08	0.00013506	3.178e-07	-3.1784e-07	0.031362	8.5968e-09	-0.031348	3.1866e-07	-3.1878e-07	0.051884	4.5968e-09	-0.051872	3.2046e-07	-3.2102e-07	0.059294	3.3848e-09	-0.059284	3.2266e-07	-3.239e-07	0.062318	3.0237e-09	-0.062312	3.2526e-07	-3.2772e-07	0.06459	2.8269e-09	-0.064582	3.2802e-07	-3.329e-07	0.0666	2.6715e-09	-0.06659	3.3094e-07	-3.3958e-07
0.695	-0.00013038	1.91564e-08	0.00013468	3.1786e-07	-3.1774e-07	0.031554	8.8794e-09	-0.031546	3.1864e-07	-3.1878e-07	0.052536	4.763e-09	-0.05252	3.205e-07	-3.21e-07	0.060298	3.4715e-09	-0.060288	3.2268e-07	-3.2394e-07	0.063406	3.0979e-09	-0.063386	3.2532e-07	-3.2784e-07	0.065694	2.8908e-09	-0.06569	3.2816e-07	-3.3294e-07	0.067722	2.73e-09	-0.067708	3.3118e-07	-3.3968e-07
0.7	-0.00013536	1.99324e-08	0.00013402	3.1786e-07	-3.1784e-07	0.031746	9.2537e-09	-0.031732	3.1858e-07	-3.1876e-07	0.053184	4.932e-09	-0.05317	3.2054e-07	-3.2106e-07	0.061314	3.5587e-09	-0.061302	3.2284e-07	-3.2408e-07	0.064488	3.1592e-09	-0.064474	3.2542e-07	-3.28e-07	0.066812	2.9531e-09	-0.066802	3.2826e-07	-3.3306e-07	0.06886	2.7883e-09	-0.06885	3.3142e-07	-3.4006e-07
0.705	-0.00013264	2.07388e-08	0.00013472	3.1788e-07	-3.1786e-07	0.031922	9.6827e-09	-0.031914	3.1868e-07	-3.1878e-07	0.053814	5.1064e-09	-0.053798	3.206e-07	-3.211e-07	0.062308	3.6515e-09	-0.062298	3.2292e-07	-3.2406e-07	0.065564	3.2312e-09	-0.06556	3.254e-07	-3.279e-07	0.067922	3.0087e-09	-0.067908	3.284e-07	-3.3324e-07	0.069986	2.8502e-09	-0.06998	3.317e-07	-3.4008e-07
0.71	-0.00013248	2.15242e-08	0.00013314	3.179e-07	-3.1784e-07	0.032102	1.00681e-08	-0.032094	3.186e-07	-3.1876e-07	0.054432	5.2903e-09	-0.054414	3.2062e-07	-3.211e-07	0.063316	3.7358e-09	-0.063306	3.2302e-07	-3.2418e-07	0.066672	3.2981e-09	-0.066652	3.256e-07	-3.2812e-07	0.069052	3.0812e-09	-0.069038	3.2854e-07	-3.3328e-07	0.071136	2.9122e-09	-0.071118	3.319e-07	-3.403e-07
0.715	-0.00013338	2.26794e-08	0.00013556	3.179e-07	-3.1776e-07	0.032274	1.04837e-08	-0.032256	3.1868e-07	-3.1884e-07	0.055028	5.4733e-09	-0.05501	3.2062e-07	-3.2108e-07	0.064304	3.8366e-09	-0.06429	3.2298e-07	-3.2422e-07	0.067744	3.3713e-09	-0.067726	3.2574e-07	-3.282e-07	0.070164	3.142e-09	-0.070152	3.287e-07	-3.3342e-07	0.072258	2.9673e-09	-0.072246	3.321e-07	-3.4052e-07
0.72	-0.0001325	2.36446e-08	0.00013434	3.1786e-07	-3.1784e-07	0.032438	1.09089e-08	-0.032426	3.1866e-07	-3.1882e-07	0.055616	5.6719e-09	-0.055602	3.2058e-07	-3.2112e-07	0.065298	3.928e-09	-0.06529	3.231e-07	-3.2424e-07	0.068842	3.449e-09	-0.068828	3.2586e-07	-3.2824e-07	0.07129	3.2029e-09	-0.071278	3.2896e-07	-3.3372e-07	0.073408	3.0389e-09	-0.073396	3.3238e-07	-3.4068e-07
0.725	-0.0001377	2.45112e-08	0.00013538	3.179e-07	-3.1782e-07	0.032594	1.13477e-08	-0.03258	3.1868e-07	-3.188e-07	0.056176	5.873e-09	-0.056166	3.206e-07	-3.2106e-07	0.066278	4.0295e-09	-0.066264	3.231e-07	-3.2436e-07	0.069928	3.5195e-09	-0.069918	3.2594e-07	-3.2854e-07	0.072404	3.2791e-09	-0.072394	3.2918e-07	-3.3374e-07	0.074542	3.11e-09	-0.074528	3.3254e-07	-3.408e-07
0.73	-0.0001331	2.55662e-08	0.00013496	3.1786e-07	-3.1782e-07	0.03275	1.18462e-08	-0.032736	3.1866e-07	-3.188e-07	0.056738	6.076e-09	-0.05673	3.2068e-07	-3.2112e-07	0.067266	4.1369e-09	-0.067252	3.2324e-07	-3.2444e-07	0.071032	3.5994e-09	-0.071012	3.2618e-07	-3.2856e-07	0.07354	3.3479e-09	-0.073526	3.2932e-07	-3.34e-07	0.075694	3.1708e-09	-0.075682	3.328e-07	-3.4106e-07
0.735	-0.00013402	2.6622e-08	0.00013426	3.1786e-07	-3.1782e-07	0.032896	1.22806e-08	-0.032888	3.187e-07	-3.1888e-07	0.057274	6.3075e-09	-0.057264	3.2068e-07	-3.2116e-07	0.068224	4.2411e-09	-0.068216	3.2332e-07	-3.2448e-07	0.072112	3.6748e-09	-0.072092	3.2628e-07	-3.2878e-07	0.074654	3.4153e-09	-0.074646	3.2946e-07	-3.3418e-07	0.07683	3.2385e-09	-0.076814	3.33e-07	-3.4148e-07
0.74	-0.00013326	2.76712e-08	0.00013704	3.1784e-07	-3.178e-07	0.033042	1.28304e-08	-0.033028	3.187e-07	-3.1884e-07	0.057806	6.5291e-09	-0.057792	3.2076e-07	-3.2116e-07	0.069198	4.3561e-09	-0.069188	3.2342e-07	-3.2454e-07	0.073216	3.7508e-09	-0.073198	3.264e-07	-3.2884e-07	0.07579	3.4892e-09	-0.07578	3.2964e-07	-3.3438e-07	0.077978	3.3083e-09	-0.07797	3.3318e-07	-3.414e-07
0.745	-0.0001361	2.91682e-08	0.0001347	3.1792e-07	-3.1782e-07	0.033178	1.33266e-08	-0.03317	3.187e-07	-3.1888e-07	0.058308	6.7861e-09	-0.058298	3.207e-07	-3.2122e-07	0.070152	4.4703e-09	-0.070142	3.235e-07	-3.2462e-07	0.074298	3.841e-09	-0.074286	3.2656e-07	-3.2894e-07	0.076908	3.5575e-09	-0.076902	3.298e-07	-3.3444e-07	0.07912	3.3733e-09	-0.079108	3.3344e-07	-3.4168e-07
0.75	-0.00013728	3.01698e-08	0.00013334	3.1784e-07	-3.1782e-07	0.03332	1.39016e-08	-0.033306	3.187e-07	-3.1882e-07	0.058814	7.0377e-09	-0.0588	3.2072e-07	-3.2128e-07	0.071104	4.5914e-09	-0.071096	3.2348e-07	-3.2466e-07	0.075404	3.9169e-09	-0.075382	3.2662e-07	-3.2912e-07	0.078052	3.6344e-09	-0.078036	3.3002e-07	-3.3466e-07	0.080276	3.448e-09	-0.080262	3.3372e-07	-3.4192e-07
0.755	-0.00013592	3.1717e-08	0.00013522	3.178e-07	-3.1776e-07	0.033448	1.43082e-08	-0.033434	3.1868e-07	-3.188e-07	0.059286	7.2862e-09	-0.05928	3.2078e-07	-3.2124e-07	0.07204	4.7165e-09	-0.072026	3.2356e-07	-3.247e-07	0.076484	4.0057e-09	-0.07647	3.2684e-07	-3.2914e-07	0.079172	3.7046e-09	-0.079152	3.3016e-07	-3.3476e-07	0.081422	3.5133e-09	-0.081402	3.3398e-07	-3.4226e-07
0.76	-0.00013674	3.30482e-08	0.00013278	3.1784e-07	-3.1772e-07	0.033576	1.50076e-08	-0.033566	3.187e-07	-3.1886e-07	0.059766	7.5612e-09	-0.059748	3.2076e-07	-3.2124e-07	0.072976	4.8433e-09	-0.072962	3.2366e-07	-3.2484e-07	0.077598	4.0922e-09	-0.07758	3.2676e-07	-3.2924e-07	0.080306	3.7861e-09	-0.080296	3.303e-07	-3.3498e-07	0.082578	3.5858e-09	-0.08256	3.3416e-07	-3.4252e-07
0.765	-0.00013492	3.4593e-08	0.0001396	3.178e-07	-3.1776e-07	0.033696	1.56738e-08	-0.033686	3.1874e-07	-3.1886e-07	0.060218	7.8423e-09	-0.060204	3.208e-07	-3.213e-07	0.073894	4.9777e-09	-0.073882	3.2368e-07	-3.2484e-07	0.078668	4.1777e-09	-0.07866	3.269e-07	-3.2936e-07	0.08143	3.8651e-09	-0.081416	3.3044e-07	-3.3502e-07	0.083724	3.6584e-09	-0.08371	3.3442e-07	-3.4252e-07
0.77	-0.00013854	3.58006e-08	0.0001384	3.1778e-07	-3.1778e-07	0.033818	1.62064e-08	-0.03381	3.187e-07	-3.1892e-07	0.060658	8.1438e-09	-0.060648	3.2086e-07	-3.2134e-07	0.074812	5.114e-09	-0.074802	3.2378e-07	-3.2494e-07	0.079778	4.2714e-09	-0.079764	3.2706e-07	-3.2942e-07	0.08258	3.9409e-09	-0.08256	3.3068e-07	-3.3512e-07	0.084884	3.7329e-09	-0.08487	3.3466e-07	-3.43e-07
0.775	-0.0001378	3.76238e-08	0.0001392	3.178e-07	-3.1778e-07	0.033938	1.69824e-08	-0.033924	3.1874e-07	-3.1888e-07	0.061084	8.4436e-09	-0.06107	3.2088e-07	-3.2132e-07	0.075704	5.2546e-09	-0.075694	3.239e-07	-3.2504e-07	0.080854	4.3529e-09	-0.080848	3.2718e-07	-3.2954e-07	0.083694	4.0236e-09	-0.083688	3.3084e-07	-3.3542e-07	0.086028	3.8131e-09	-0.08601	3.3482e-07	-3.4294e-07
0.78	-0.0001368	3.9152e-08	0.00013996	3.1784e-07	-3.178e-07	0.03405	1.76348e-08	-0.034036	3.1868e-07	-3.188e-07	0.0615	8.7548e-09	-0.061492	3.2088e-07	-3.2136e-07	0.076596	5.4064e-09	-0.076584	3.239e-07	-3.2504e-07	0.08195	4.4591e-09	-0.081934	3.2724e-07	-3.2966e-07	0.084844	4.0984e-09	-0.08483	3.3096e-07	-3.3556e-07	0.087182	3.8917e-09	-0.087172	3.3504e-07	-3.431e-07
0.785	-0.00014058	4.09674e-08	0.00013932	3.179e-07	-3.1778e-07	0.034162	1.83878e-08	-0.034144	3.1872e-07	-3.189e-07	0.061902	9.1063e-09	-0.061888	3.2082e-07	-3.2132e-07	0.077462	5.5596e-09	-0.077456	3.2402e-07	-3.251e-07	0.083038	4.5499e-09	-0.083016	3.2738e-07	-3.2968e-07	0.085964	4.1847e-09	-0.085956	3.3112e-07	-3.3572e-07	0.088334	3.9613e-09	-0.08832	3.3524e-07	-3.4328e-07
0.79	-0.00013952	4.2878e-08	0.00013802	3.1778e-07	-3.1782e-07	0.034264	1.92494e-08	-0.03425	3.1868e-07	-3.189e-07	0.062294	9.4412e-09	-0.062296	3.209e-07	-3.214e-07	0.078336	5.7241e-09	-0.078324	3.2408e-07	-3.252e-07	0.084126	4.6413e-09	-0.08411	3.274e-07	-3.2982e-07	0.087114	4.2738e-09	-0.087096	3.3128e-07	-3.3588e-07	0.0895	4.0515e-09	-0.08949	3.3548e-07	-3.4368e-07
0.795	-0.00013788	4.44624e-08	0.00013788	3.1786e-07	-3.178e-07	0.034372	2.00252e-08	-0.034354	3.1864e-07	-3.1886e-07	0.06268	9.7974e-09	-0.062664	3.2098e-07	-3.2138e-07	0.079176	5.8912e-09	-0.07917	3.241e-07	-3.253e-07	0.085196	4.7525e-09	-0.085188	3.276e-07	-3.299e-07	0.088242	4.3556e-09	-0.088234	3.3156e-07	-3.3604e-07	0.090648	4.1203e-09	-0.090634	3.358e-07	-3.4396e-07
0.8	-0.00013716	4.67114e-08	0.00013928	3.1784e-07	-3.1778e-07	0.034464	2.07356e-08	-0.034456	3.1866e-07	-3.188e-07	0.063046	1.01976e-08	-0.063036	3.2092e-07	-3.2142e-07	0.080024	6.0668e-09	-0.08001	3.2408e-07	-3.2524e-07	0.086292	4.8482e-09	-0.086282	3.2766e-07	-3.3004e-07	0.08939	4.4431e-09	-0.08937	3.3174e-07	-3.361e-07	0.091814	4.2149e-09	-0.091798	3.3602e-07	-3.4398e-07
0.805	-0.00013916	4.86406e-08	0.00014294	3.1782e-07	-3.178e-07	0.03456	2.1583e-08	-0.03455	3.187e-07	-3.188e-07	0.063394	1.05886e-08	-0.063394	3.209e-07	-3.2136e-07	0.080836	6.2538e-09	-0.08083	3.2418e-07	-3.2526e-07	0.087372	4.9617e-09	-0.087352	3.2782e-07	-3.3018e-07	0.090518	4.5337e-09	-0.090506	3.3186e-07	-3.3632e-07	0.092968	4.2951e-09	-0.09295	3.3624e-07	-3.4438e-07
0.81	-0.00014138	5.11072e-08	0.0001371	3.1782e-07	-3.1772e-07	0.03466	2.25554e-08	-0.034646	3.187e-07	-3.1884e-07	0.063744	1.10025e-08	-0.06374	3.2098e-07	-3.2142e-07	0.081638	6.4323e-09	-0.081624	3.2428e-07	-3.254e-07	0.088428	5.0696e-09	-0.088422	3.2788e-07	-3.3014e-07	0.09165	4.6231e-09	-0.091632	3.3196e-07	-3.3648e-07	0.094116	4.3778e-09	-0.094106	3.3644e-07	-3.4452e-07
0.815	-0.00013868	5.31714e-08	0.00014262	3.178e-07	-3.1784e-07	0.03475	2.33938e-08	-0.034734	3.1876e-07	-3.1886e-07	0.064088	1.14246e-08	-0.064076	3.2096e-07	-3.2142e-07	0.08244	6.64e-09	-0.082426	3.2434e-07	-3.254e-07	0.089518	5.1716e-09	-0.089508	3.2796e-07	-3.3028e-07	0.092792	4.7161e-09	-0.092778	3.3216e-07	-3.3656e-07	0.09529	4.4668e-09	-0.095276	3.3668e-07	-3.446e-07
0.82	-0.00014058	5.531e-08	0.00014058	3.179e-07	-3.1776e-07	0.034836	2.44884e-08	-0.034826	3.1866e-07	-3.1884e-07	0.064414	1.17832e-08	-0.064402	3.2094e-07	-3.214e-07	0.083216	6.8474e-09	-0.083196	3.243e-07	-3.2542e-07	0.090576	5.2925e-09	-0.090562	3.2814e-07	-3.3042e-07	0.093926	4.8029e-09	-0.093914	3.3238e-07	-3.368e-07	0.096434	4.5529e-09	-0.096424	3.3686e-07	-3.4482e-07
0.825	-0.00014116	5.80284e-08	0.00013794	3.1782e-07	-3.1782e-07	0.034926	2.5461e-08	-0.034912	3.1872e-07	-3.1882e-07	0.064736	1.23764e-08	-0.064718	3.21e-07	-3.2144e-07	0.083976	7.0544e-09	-0.083968	3.2442e-07	-3.2548e-07	0.091654	5.4191e-09	-0.09164	3.282e-07	-3.3052e-07	0.095068	4.911e-09	-0.095056	3.3246e-07	-3.3688e-07	0.097604	4.6445e-09	-0.097592	3.3704e-07	-3.4512e-07
0.83	-0.00013902	6.08534e-08	0.00014238	3.1786e-07	-3.1784e-07	0.035012	2.65154e-08	-0.034996	3.1868e-07	-3.189e-07	0.065038	1.28522e-08	-0.06503	3.2104e-07	-3.2144e-07	0.084718	7.2824e-09	-0.084716	3.245e-07	-3.2556e-07	0.092704	5.537e-09	-0.0927	3.2828e-07	-3.3062e-07	0.096198	5.0034e-09	-0.096182	3.327e-07	-3.3702e-07	0.098746	4.7258e-09	-0.098744	3.3734e-07	-3.4534e-07
0.835	-0.00013866	6.3746e-08	0.0001428	3.1786e-07	-3.1772e-07	0.035092	2.78066e-08	-0.03508	3.1862e-07	-3.1882e-07	0.065342	1.33678e-08	-0.065332	3.2102e-07	-3.2146e-07	0.085462	7.5144e-09	-0.085454	3.2448e-07	-3.2558e-07	0.093774	5.6601e-09	-0.093758	3.2852e-07	-3.3076e-07	0.09734	5.1048e-09	-0.097332	3.329e-07	-3.3734e-07	0.099922	4.8263e-09	-0.09992	3.376e-07	-3.4544e-07
0.84	-0.00014308	6.62922e-08	0.0001425	3.1782e-07	-3.1784e-07	0.035174	2.9108e-08	-0.035156	3.1872e-07	-3.1886e-07	0.06563	1.38846e-08	-0.065614	3.2104e-07	-3.2144e-07	0.086176	7.7576e-09	-0.086172	3.2456e-07	-3.2564e-07	0.09482	5.791e-09	-0.094802	3.2858e-07	-3.308e-07	0.09846	5.2084e-09	-0.098462	3.3304e-07	-3.3744e-07	0.100002	5.0318e-09	-0.09999	3.3686e-07	-3.4298e-07
0.845	-0.00013858	6.93736e-08	0.00014012	3.1778e-07	-3.178e-07	0.035252	3.02518e-08	-0.035236	3.187e-07	-3.1884e-07	0.065914	1.4303e-08	-0.065902	3.2096e-07	-3.2152e-07	0.086882	8.0159e-09	-0.086874	3.2466e-07	-3.2572e-07	0.095874	5.9292e-09	-0.09586	3.2864e-07	-3.309e-07	0.099612	5.3184e-09	-0.0996	3.332e-07	-3.3754e-07	0.1	5.2603e-09	-0.099988	3.3594e-07	-3.4058e-07
0.85	-0.00013794	7.29018e-08	0.00014176	3.178e-07	-3.1778e-07	0.035324	3.14932e-08	-0.03532	3.1874e-07	-3.1888e-07	0.066188	1.50128e-08	-0.066168	3.2106e-07	-3.215e-07	0.087568	8.2807e-09	-0.087554	3.2464e-07	-3.2574e-07	0.096906	6.0667e-09	-0.096898	3.2882e-07	-3.3104e-07	0.100002	5.5326e-09	-0.099988	3.3288e-07	-3.3664e-07	0.100002	5.5231e-09	-0.09999	3.3498e-07	-3.3864e-07
0.855	-0.00014056	7.61936e-08	0.00014274	3.1786e-07	-3.1776e-07	0.035398	3.25412e-08	-0.03538	3.1874e-07	-3.1888e-07	0.066454	1.5631e-08	-0.06644	3.2106e-07	-3.2152e-07	0.08824	8.5185e-09	-0.088224	3.2468e-07	-3.2572e-07	0.097954	6.21e-09	-0.097936	3.2894e-07	-3.3114e-07	0.1	5.8219e-09	-0.099988	3.3226e-07	-3.3538e-07	0.100002	5.8254e-09	-0.099988	3.3404e-07	-3.3706e-07
0.86	-0.00013888	7.94884e-08	0.00014232	3.1784e-07	-3.1778e-07	0.03547	3.42932e-08	-0.035458	3.1878e-07	-3.1892e-07	0.066712	1.61486e-08	-0.066702	3.2106e-07	-3.2152e-07	0.088892	8.8354e-09	-0.088886	3.2466e-07	-3.258e-07	0.098974	6.3632e-09	-0.098958	3.2904e-07	-3.3126e-07	0.099998	6.1514e-09	-0.099992	3.3162e-07	-3.3426e-07	0.100002	6.152e-09	-0.099988	3.3332e-07	-3.359e-07
0.865	-0.00014332	8.35908e-08	0.00014094	3.1788e-07	-3.1784e-07	0.035542	3.5521e-08	-0.03553	3.1874e-07	-3.1884e-07	0.066958	1.68824e-08	-0.066952	3.2098e-07	-3.2146e-07	0.089536	9.15e-09	-0.089522	3.248e-07	-3.2586e-07	0.099998	6.4818e-09	-0.099988	3.2904e-07	-3.3136e-07	0.1	6.5218e-09	-0.099988	3.3108e-07	-3.333e-07	0.100002	6.5267e-09	-0.099988	3.3264e-07	-3.3492e-07
0.87	-0.00014088	8.71044e-08	0.00014362	3.1784e-07	-3.1782e-07	0.035608	3.71976e-08	-0.03559	3.1872e-07	-3.1888e-07	0.067206	1.74552e-08	-0.06719	3.2106e-07	-3.2154e-07	0.090156	9.4605e-09	-0.090146	3.2484e-07	-3.2588e-07	0.100002	6.8998e-09	-0.09999	3.2882e-07	-3.309e-07	0.100002	6.9061e-09	-0.099988	3.3068e-07	-3.3264e-07	0.100002	6.9061e-09	-0.099988	3.3202e-07	-3.3406e-07
0.875	-0.00014158	9.15396e-08	0.00014028	3.1788e-07	-3.178e-07	0.03568	3.8734e-08	-0.035662	3.187e-07	-3.1882e-07	0.067436	1.81802e-08	-0.067426	3.21e-07	-3.215e-07	0.09078	9.7935e-09	-0.090756	3.2484e-07	-3.2584e-07	0.1	7.3107e-09	-0.09999	3.2866e-07	-3.3048e-07	0.1	7.3186e-09	-0.09999	3.302e-07	-3.321e-07	0.100004	7.3041e-09	-0.09999	3.315e-07	-3.334e-07
0.88	-0.0001415	9.60006e-08	0.00014016	3.1788e-07	-3.1776e-07	0.035742	4.05118e-08	-0.035726	3.1866e-07	-3.1886e-07	0.067668	1.89654e-08	-0.067654	3.211e-07	-3.2152e-07	0.091356	1.00455e-08	-0.091344	3.2484e-07	-3.2596e-07	0.100002	7.7361e-09	-0.09999	3.2842e-07	-3.3008e-07	0.1	7.7255e-09	-0.099992	3.2984e-07	-3.3162e-07	0.100004	7.7408e-09	-0.09999	3.3116e-07	-3.3286e-07
0.885	-0.00014228	1.003988e-07	0.0001431	3.179e-07	-3.1776e-07	0.035804	4.23266e-08	-0.035784	3.1872e-07	-3.189e-07	0.067894	1.97652e-08	-0.067884	3.2102e-07	-3.2146e-07	0.091946	1.04545e-08	-0.09193	3.2496e-07	-3.2592e-07	0.100004	8.1707e-09	-0.09999	3.2818e-07	-3.2984e-07	0.100002	8.1905e-09	-0.099988	3.296e-07	-3.3122e-07	0.100006	8.1953e-09	-0.09999	3.3078e-07	-3.324e-07
0.89	-0.0001429	1.046198e-07	0.00014328	3.1786e-07	-3.1782e-07	0.035862	4.43204e-08	-0.03585	3.187e-07	-3.1884e-07	0.068108	2.0543e-08	-0.068096	3.2108e-07	-3.2152e-07	0.092502	1.07823e-08	-0.092492	3.2498e-07	-3.2602e-07	0.100002	8.6507e-09	-0.09999	3.2802e-07	-3.296e-07	0.1	8.6603e-09	-0.09999	3.293e-07	-3.308e-07	0.100002	8.6623e-09	-0.09999	3.3048e-07	-3.3194e-07
0.895	-0.00014302	1.10008e-07	0.00014172	3.179e-07	-3.1782e-07	0.03593	4.5743e-08	-0.035912	3.188e-07	-3.1888e-07	0.068318	2.14492e-08	-0.06831	3.21e-07	-3.215e-07	0.09307	1.12428e-08	-0.093044	3.2494e-07	-3.2598e-07	0.1	9.1461e-09	-0.099988	3.2784e-07	-3.2926e-07	0.100002	9.144e-09	-0.099988	3.2912e-07	-3.3056e-07	0.100002	9.1181e-09	-0.099988	3.3016e-07	-3.3158e-07
0.9	-0.0001398	1.1616e-07	0.00014658	3.1778e-07	-3.1776e-07	0.035982	4.80998e-08	-0.035968	3.1872e-07	-3.1886e-07	0.06852	2.2185e-08	-0.068508	3.211e-07	-3.2152e-07	0.09359	1.16416e-08	-0.09358	3.2502e-07	-3.261e-07	0.100002	9.6491e-09	-0.09999	3.2782e-07	-3.2918e-07	0.099998	9.6249e-09	-0.09999	3.289e-07	-3.3034e-07	0.1	9.6618e-09	-0.099992	3.2994e-07	-3.3132e-07
