101 2.64545946947622e-07
104.18 2.80550797043665e-07
107.361 2.25479554498836e-07
110.541 2.3415925156611e-07
113.721 2.35303791301376e-07
116.902 2.1428603623927e-07
120.082 1.75174309344743e-07
123.262 2.44846019705119e-07
126.443 3.27947415510593e-07
129.623 3.23113728301313e-07
132.803 3.13155951501696e-07
135.983 2.57423732377318e-07
139.164 2.33828200307029e-07
142.344 2.20879766816675e-07
145.524 2.7169778099014e-07
148.705 3.32305056753458e-07
151.885 3.23084881009427e-07
155.065 2.63570803778476e-07
158.246 2.30537239841881e-07
161.426 2.48218458966078e-07
164.606 2.49393374283311e-07
167.787 2.18729752546984e-07
170.967 1.86905340406372e-07
174.147 2.33741459668952e-07
177.328 2.54704156207864e-07
180.508 2.539818376946e-07
183.688 2.1870515570799e-07
186.868 1.58643615674184e-07
190.049 1.55815944013052e-07
193.229 1.68264529381593e-07
196.409 1.70743805064421e-07
199.59 2.08294632690945e-07
202.77 2.27502856369056e-07
205.95 1.89779480990167e-07
209.131 2.02108890705033e-07
212.311 2.22196478466016e-07
215.491 2.23835275473721e-07
218.672 2.09957521001528e-07
221.852 1.97383653506803e-07
225.032 1.99553468214342e-07
228.213 2.09860366076926e-07
231.393 2.42179339025731e-07
234.573 2.34206911815232e-07
237.753 1.86435266272216e-07
240.934 1.70528786385419e-07
244.114 1.63255962868179e-07
247.294 1.66826718566364e-07
250.475 1.71154271522299e-07
253.655 2.01185146491207e-07
256.835 2.18597039891599e-07
260.016 2.13186549165171e-07
263.196 1.65183541182226e-07
264.196 1.78454443698915e-07
272.598 1.6493833047533e-07
281.001 1.60485421335982e-07
289.403 1.28177643801625e-07
297.806 1.20985361341249e-07
306.208 1.43070876289497e-07
314.611 1.86058872285508e-07
323.013 1.94851514675667e-07
331.415 1.81944442977596e-07
339.818 1.64530697849403e-07
348.22 1.59166797020057e-07
356.623 1.76465220359922e-07
365.025 1.81329696651331e-07
373.428 1.77799677634566e-07
381.83 1.67823907872087e-07
390.232 1.70157990795608e-07
398.635 1.77829724279491e-07
407.037 1.85380438554155e-07
415.44 1.83741777798436e-07
423.842 1.61793366262152e-07
432.245 1.55855933413621e-07
440.647 1.44710555209679e-07
449.049 1.39616426247989e-07
457.452 1.3502582955609e-07
465.854 1.214576180305e-07
474.257 1.21203673151164e-07
482.659 1.25847484304396e-07
491.062 1.3549759940597e-07
499.464 1.24445134940359e-07
507.867 1.09726306856102e-07
516.269 1.2801454835629e-07
524.671 1.36414714516088e-07
533.074 1.51477349672864e-07
541.476 1.52824440188674e-07
549.879 1.39414638074442e-07
558.281 1.24425048486337e-07
566.684 1.09451479388343e-07
575.086 1.18408664091061e-07
583.488 1.31231691205348e-07
591.891 1.44086779626929e-07
600.293 1.54273791311349e-07
608.696 1.46905750844674e-07
617.098 1.35981046226232e-07
625.501 1.29678832348173e-07
633.903 1.18999261585869e-07
642.305 1.07953577312618e-07
650.708 1.04946555252723e-07
659.11 1.0328522471548e-07
667.513 1.09231996606755e-07
675.915 1.21718411599883e-07
684.318 1.41777806606441e-07
692.72 1.40789725143698e-07
693.72 1.68064433549086e-07
715.867 1.51200990604018e-07
738.014 1.02236398711588e-07
760.161 1.1095014601209e-07
782.307 9.84616751379649e-08
804.454 6.57773875678934e-08
826.601 9.89787872482307e-08
848.748 1.13876780242291e-07
870.895 1.11908481290362e-07
893.042 1.07683287627889e-07
915.189 1.01200125964016e-07
937.335 6.94202168873054e-08
959.482 9.24402492174838e-08
981.629 1.17613484878565e-07
1003.776 1.34983587758337e-07
1025.923 9.89660456988582e-08
1048.07 8.73804627568538e-08
1070.217 9.04934046360395e-08
1092.364 7.51964456306648e-08
1114.51 9.33614384113532e-08
1136.657 7.97808490014888e-08
1158.804 8.34244222165066e-08
1180.951 1.06755395833862e-07
1203.098 8.95035417140583e-08
1225.245 7.53899425525678e-08
1247.392 7.96385443208612e-08
1269.538 8.49684445216376e-08
1291.685 7.8068160723236e-08
1313.832 9.84917272611556e-08
1335.979 9.53571741428821e-08
1358.126 8.36305103866224e-08
1380.273 1.02412744080338e-07
1402.42 9.52513964628646e-08
1424.566 8.08944362646604e-08
1446.713 8.03483974553665e-08
1468.86 7.2048568959818e-08
1491.007 8.25492468902601e-08
1513.154 9.43361189363851e-08
1535.301 8.77030644613409e-08
1557.448 7.71518263315808e-08
1579.595 7.65306808593889e-08
1601.741 8.88178435667077e-08
1623.888 1.0745871736264e-07
1646.035 9.1664117964349e-08
1668.182 1.10312534251267e-07
1690.329 9.23930122429215e-08
1712.476 6.8923999404362e-08
1734.623 8.02808923395247e-08
1756.769 7.92200499310288e-08
1778.916 6.18931072170083e-08
1801.063 7.2420582292799e-08
1823.21 9.69570066742801e-08
1824.21 1.08535389025256e-07
1882.531 6.91667497897987e-08
1940.853 6.59280966935938e-08
1999.174 9.17265854116972e-08
2057.495 6.93254203535184e-08
2115.817 8.54308870078078e-08
2174.138 1.03809521607637e-07
2232.46 7.27849789573489e-08
2290.781 9.04976386738225e-08
2349.102 7.98037849600735e-08
2407.424 6.00824936714397e-08
2465.745 6.84628912492726e-08
2524.066 7.35533763752255e-08
2582.388 6.05395812542535e-08
2640.709 5.95110249042894e-08
2699.031 6.35432851516134e-08
2757.352 5.91556051338284e-08
2815.673 4.8990223722029e-08
2873.995 4.59760034922691e-08
2932.316 5.15366212700335e-08
2990.637 5.87990509332559e-08
3048.959 6.74881665618581e-08
3107.28 7.2347704746572e-08
3165.602 6.45188330588993e-08
3223.923 6.23454985821059e-08
3282.244 5.32912501339746e-08
3340.566 5.71916921059842e-08
3398.887 5.09935262484402e-08
3457.208 6.56496761717128e-08
3515.53 6.54225521022784e-08
3573.851 6.14972912222688e-08
3632.173 6.85345826979716e-08
3690.494 7.63884900694994e-08
3748.815 7.18629995575762e-08
3807.137 4.73294187437909e-08
3865.458 4.87299276852095e-08
3923.779 7.01455558027972e-08
3982.101 7.92845670761097e-08
4040.422 8.78080509581981e-08
4098.744 7.01538651868505e-08
4157.065 5.4790094527127e-08
4215.386 4.85085301739183e-08
4273.708 6.01892329383838e-08
4332.029 4.06563555358429e-08
4390.35 3.57787816221737e-08
4448.672 5.77937562176271e-08
4506.993 6.68729440053765e-08
4565.315 5.49014488214381e-08
4623.636 5.25628059568275e-08
4681.957 4.46026881381237e-08
4740.279 3.88084061080555e-08
4798.6 4.50110805430605e-08
4799.6 4.5601217706957e-08
4953.131 4.27596778347275e-08
5106.663 4.66008298142725e-08
5260.194 6.0836148806065e-08
5413.725 6.0266921403153e-08
5567.257 5.24114121442938e-08
5720.788 4.99198144802192e-08
5874.32 5.08260906430775e-08
6027.851 4.73731434262262e-08
6181.382 5.41941960641163e-08
6334.914 4.87960209381534e-08
6488.445 4.87419539640976e-08
6641.976 4.6761268025527e-08
6795.508 3.04529722002166e-08
6949.039 3.2543159680749e-08
7102.571 4.28319929869062e-08
7256.102 4.77531805529018e-08
7409.633 5.08059466783306e-08
7563.165 4.874952154854e-08
7716.696 4.56089104296066e-08
7870.227 4.27614637509429e-08
8023.759 4.36157425552433e-08
8177.29 3.08996654072123e-08
8330.822 3.18644818270229e-08
8484.353 3.6793868169086e-08
8637.884 4.40375835219798e-08
8791.416 4.17248002200636e-08
8944.947 4.43411406809801e-08
9098.478 4.7633770926352e-08
9252.01 4.87635687250463e-08
9405.541 4.00248049120625e-08
9559.073 4.29354911900114e-08
9712.604 3.98212255621684e-08
9866.135 3.95989981027873e-08
10019.667 3.64979894969771e-08
10173.198 4.43236120641954e-08
10326.729 4.73422112803191e-08
10480.261 4.48537365681914e-08
10633.792 5.02213412403287e-08
10787.324 2.96148768838582e-08
10940.855 2.89967583673134e-08
11094.386 3.36231130386305e-08
11247.918 3.44277588825208e-08
11401.449 3.44871614403512e-08
11554.98 4.26821062523843e-08
11708.512 4.83184663353546e-08
11862.043 3.43381610351967e-08
12015.575 3.13494895086076e-08
12169.106 3.72927915301423e-08
12322.637 3.44222545010825e-08
12476.169 2.26082019248716e-08
12629.7 4.32797340846229e-08
12630.7 3.64344518747655e-08
13034.822 3.18906823693087e-08
13438.943 3.75527257020097e-08
13843.065 4.06629044705111e-08
14247.186 3.90509974144498e-08
14651.308 4.10525287695795e-08
15055.429 4.60363774117982e-08
15459.551 4.66456069913055e-08
15863.673 3.96825612606269e-08
16267.794 3.34434389507432e-08
16671.916 3.00567100475237e-08
17076.037 2.88614880743566e-08
17480.159 3.26826650126026e-08
17884.28 2.83531953639957e-08
18288.402 2.55136138459902e-08
18692.524 2.17677093120892e-08
19096.645 2.44229519521399e-08
19500.767 2.50076534284595e-08
19904.888 2.18727345965993e-08
20309.01 2.38512529613027e-08
20713.131 3.14240900967513e-08
21117.253 3.16573411855623e-08
21521.375 3.16253667002277e-08
21925.496 2.80466613631849e-08
22329.618 2.62085845590054e-08
22733.739 2.75677394392873e-08
23137.861 1.8349460767953e-08
23541.982 2.58376366881361e-08
23946.104 3.39721673816248e-08
24350.225 3.45155481649185e-08
24754.347 3.09922497609442e-08
25158.469 2.43229080285355e-08
25562.59 2.14067911700135e-08
25966.712 2.33102928473195e-08
26370.833 2.61115703529329e-08
26774.955 2.66155841498611e-08
27179.076 2.6726202742102e-08
27583.198 2.60430528710129e-08
27987.32 2.4354446605275e-08
28391.441 3.2899422021111e-08
28795.563 2.83678988626966e-08
29199.684 2.43035440597844e-08
29603.806 1.90539050292719e-08
30007.927 1.72277229916963e-08
30412.049 2.38237020918437e-08
30816.171 2.39254265410908e-08
31220.292 2.2628307028304e-08
31624.414 2.76016847063986e-08
32028.535 2.89023142862389e-08
32432.657 2.37646007164421e-08
32836.778 2.04102456303999e-08
33240.9 1.96568569762362e-08
33241.9 2.11542281981202e-08
34305.559 2.19496780069424e-08
35369.218 1.92703709961644e-08
36432.876 2.14985729274564e-08
37496.535 2.44308081914537e-08
38560.194 2.53554050806759e-08
39623.853 2.34119942462842e-08
40687.512 2.40892696698017e-08
41751.171 2.67071249046044e-08
42814.829 2.53108226720961e-08
43878.488 2.29982662652195e-08
44942.147 2.18727864680133e-08
46005.806 2.05079243457347e-08
47069.465 1.9493971117463e-08
48133.124 1.87348452259343e-08
49196.782 2.13920327262772e-08
50260.441 2.20873818872608e-08
51324.1 1.97796338239218e-08
52387.759 2.02921121360341e-08
53451.418 2.03349262588021e-08
54515.076 2.05808644900898e-08
55578.735 1.95786482270229e-08
56642.394 2.11379115512684e-08
57706.053 2.04254474278849e-08
58769.712 1.92021947224077e-08
59833.371 1.78216685527635e-08
60897.029 1.78118561951006e-08
61960.688 1.76458910279351e-08
63024.347 2.12288295101052e-08
64088.006 2.3083532354667e-08
65151.665 2.35368971771856e-08
66215.324 2.09466082400938e-08
67278.982 1.61485913099565e-08
68342.641 1.22588033791905e-08
69406.3 1.38764937319865e-08
70469.959 1.65442226983882e-08
71533.618 1.78548017518394e-08
72597.276 1.52646217108717e-08
73660.935 1.34639385283272e-08
74724.594 1.27412348011427e-08
75788.253 1.3001540664705e-08
76851.912 1.45016719584091e-08
77915.571 1.47325234305156e-08
78979.229 1.74796473959864e-08
80042.888 1.84059930536628e-08
81106.547 1.66045273872704e-08
82170.206 1.66623731032183e-08
83233.865 1.73587345259443e-08
84297.524 1.63084494795547e-08
85361.182 1.62764012702724e-08
86424.841 1.46054530157231e-08
87488.5 1.28347825807544e-08
87489.5 1.61179525761874e-08
90289.039 1.61247209100646e-08
93088.578 1.58104533410696e-08
95888.118 1.6864006923262e-08
98687.657 1.68404693014737e-08
101487.196 1.62315089798073e-08
104286.735 1.56170752427747e-08
107086.275 1.65901593169911e-08
109885.814 1.86244111116728e-08
112685.353 1.87091926351381e-08
115484.892 1.79293834489868e-08
118284.431 1.84710330622703e-08
121083.971 1.79602670758854e-08
123883.51 1.54576925139835e-08
126683.049 1.39925220201271e-08
129482.588 1.26457935388533e-08
132282.127 1.16193087502112e-08
135081.667 1.08910766142777e-08
137881.206 9.07156285834897e-09
140680.745 1.05182174210217e-08
143480.284 1.11278446150172e-08
146279.824 1.06052929377255e-08
149079.363 8.97396200919954e-09
151878.902 9.61280654775672e-09
154678.441 1.02299852826872e-08
157477.98 1.09334972201995e-08
160277.52 1.20265882748725e-08
163077.059 1.2734815597765e-08
165876.598 1.16670342736318e-08
168676.137 1.0097638137199e-08
171475.676 9.85228706848921e-09
174275.216 1.12054904985758e-08
177074.755 1.23704446344294e-08
179874.294 1.21399314951583e-08
182673.833 1.41413119166297e-08
185473.373 1.40285060310855e-08
188272.912 1.41704856794386e-08
191072.451 1.27244502471716e-08
193871.99 1.04985076474809e-08
196671.529 7.8078117819888e-09
199471.069 8.28732773522356e-09
202270.608 1.16154578314668e-08
205070.147 1.27789284318132e-08
207869.686 1.27845955665139e-08
210669.225 1.49633560522193e-08
213468.765 1.58186620995872e-08
216268.304 1.51380758663383e-08
219067.843 1.33291661762214e-08
221867.382 1.06105305389189e-08
224666.922 9.60115070495575e-09
227466.461 9.93334670692983e-09
230266 8.78281265663386e-09
230267 1.14180013963649e-08
237635.294 1.38794318923375e-08
245003.588 1.49022546516015e-08
252371.882 8.41659404106986e-09
259740.176 8.84865620365944e-09
267108.471 9.73706709181278e-09
274476.765 7.57451732114081e-09
281845.059 9.02626002695961e-09
289213.353 6.9094028707401e-09
296581.647 4.95185423087604e-09
303949.941 8.30735273130298e-09
311318.235 9.23973348600872e-09
318686.529 1.08953768474099e-08
326054.824 9.97938388337984e-09
333423.118 1.09028697351675e-08
340791.412 1.03933300651834e-08
348159.706 1.08417030104154e-08
355528 1.15069917435955e-08
362896.294 8.76632865708845e-09
370264.588 6.05277308204983e-09
377632.882 8.34060185098503e-09
385001.176 7.14697622922231e-09
392369.471 8.42234426720868e-09
399737.765 8.99284511670635e-09
407106.059 8.25071975566617e-09
414474.353 8.43043329163131e-09
421842.647 6.67761692736748e-09
429210.941 7.14587440155163e-09
436579.235 7.89750715706367e-09
443947.529 8.46932629052961e-09
451315.824 9.01839690057752e-09
458684.118 9.41053600972426e-09
466052.412 8.52976471263864e-09
473420.706 7.80513630711194e-09
480789 8.2931925950747e-09
488157.294 8.46022310054559e-09
495525.588 8.70883351651975e-09
502893.882 8.63219713529591e-09
510262.176 7.42718779611749e-09
517630.471 7.26530233437675e-09
524998.765 9.97597247043618e-09
532367.059 9.79637224115016e-09
539735.353 6.51304872831154e-09
547103.647 7.5498962682393e-09
554471.941 8.7526394544293e-09
561840.235 6.61464307316709e-09
569208.529 7.13078671522752e-09
576576.824 6.4904532370117e-09
583945.118 7.15026237185939e-09
591313.412 8.61753961747355e-09
598681.706 7.05802219631659e-09
606050 6.71337893427129e-09
606051 6.48953715086561e-09
625444.118 7.34610965632567e-09
644837.235 6.97665458498174e-09
664230.353 5.16884675322289e-09
683623.471 6.25142291141314e-09
703016.588 6.76512160010547e-09
722409.706 5.41614444816807e-09
741802.824 4.07507221092875e-09
761195.941 6.55783441928743e-09
780589.059 6.33355798759474e-09
799982.176 5.49949669392365e-09
819375.294 6.45384614342897e-09
838768.412 8.37238807938044e-09
858161.529 7.49738965986173e-09
877554.647 5.60252308385391e-09
896947.765 5.81480011368619e-09
916340.882 4.79492706932703e-09
935734 5.58434534741218e-09
955127.118 4.59599887332352e-09
974520.235 4.29429871979284e-09
993913.353 3.28146816554761e-09
1013306.471 7.72556455599973e-09
1032699.588 5.82152078600586e-09
1052092.706 6.53551217298921e-09
1071485.824 4.48910629553382e-09
1090878.941 5.04620337112734e-09
1110272.059 4.2425898023024e-09
1129665.176 5.62742844874667e-09
1149058.294 5.02698090647764e-09
1168451.412 3.36907932387038e-09
1187844.529 4.89924774193355e-09
1207237.647 4.54106022650737e-09
1226630.765 6.90238562747125e-09
1246023.882 3.34392803268474e-09
1265417 5.30406479274909e-09
1284810.118 6.37151421806437e-09
1304203.235 5.74076757634998e-09
1323596.353 4.21278368330927e-09
1342989.471 3.84055248627195e-09
1362382.588 4.72710285443709e-09
1381775.706 4.20417529886067e-09
1401168.824 5.41072430968707e-09
1420561.941 4.62033144893671e-09
1439955.059 5.67719118604521e-09
1459348.176 4.98200284335912e-09
1478741.294 5.22628147474328e-09
1498134.412 5.95301001171383e-09
1517527.529 5.48715268402048e-09
1536920.647 5.13402657241651e-09
1556313.765 4.82428433188153e-09
1575706.882 3.45879770341269e-09
1595100 5.44337239403541e-09
1595100 5.29295387486234e-09
1646141.765 3.64509451643694e-09
1697183.529 5.02220122221298e-09
1748225.294 4.28284951560883e-09
1799267.059 4.32656205886729e-09
1850308.824 5.54006908188633e-09
1901350.588 4.26968667273031e-09
1952392.353 3.80229388955287e-09
2003434.118 3.48897924240663e-09
2054475.882 5.02420610291855e-09
2105517.647 5.58319924186322e-09
2156559.412 3.87859851136809e-09
2207601.176 2.69076141873819e-09
2258642.941 4.58388479433783e-09
2309684.706 4.61760310060608e-09
2360726.471 4.34355277891379e-09
2411768.235 3.93158181665272e-09
2462810 4.9904323515313e-09
2513851.765 3.36296338542354e-09
2564893.529 3.4330167298065e-09
2615935.294 3.25248930179901e-09
2666977.059 3.49864658892106e-09
2718018.824 3.71699493816684e-09
2769060.588 4.89771891657904e-09
2820102.353 4.49937746550193e-09
2871144.118 3.37321406833613e-09
2922185.882 3.83271594457992e-09
2973227.647 3.36866838206028e-09
3024269.412 3.83640527058613e-09
3075311.176 4.26395404429409e-09
3126352.941 3.40451330033015e-09
3177394.706 4.49093213419664e-09
3228436.471 3.73014865604726e-09
3279478.235 4.18690578066578e-09
3330520 3.78832764692414e-09
3381561.765 3.50843083233245e-09
3432603.529 3.55770398195176e-09
3483645.294 3.55248088771284e-09
3534687.059 3.90814922442225e-09
3585728.824 3.85182963269312e-09
3636770.588 2.7181630284028e-09
3687812.353 4.45549423207884e-09
3738854.118 3.87388663439241e-09
3789895.882 2.22276958467843e-09
3840937.647 1.83323163655005e-09
3891979.412 2.63788405845706e-09
3943021.176 2.87362063247873e-09
3994062.941 4.06762826022084e-09
4045104.706 2.98833470663122e-09
4096146.471 3.90945966467509e-09
4147188.235 2.91236104862699e-09
4198230 2.5613794810969e-09
4198230 2.69458723356955e-09
4332570.588 4.34610930829315e-09
4466911.176 3.10356589644551e-09
4601251.765 3.18149746988717e-09
4735592.353 3.2692972668728e-09
4869932.941 2.62036031388872e-09
5004273.529 3.4350106689431e-09
5138614.118 4.0258387038596e-09
5272954.706 3.94305203886732e-09
5407295.294 3.99869660010309e-09
5541635.882 2.96761166451606e-09
5675976.471 3.03805667414516e-09
5810317.059 3.22541203894696e-09
5944657.647 2.97549969058291e-09
6078998.235 3.14283892103902e-09
6213338.824 2.81916267416298e-09
6347679.412 2.83766739174598e-09
6482020 2.28496286778524e-09
6616360.588 3.94458436717752e-09
6750701.176 2.75093209517902e-09
6885041.765 2.7066143854825e-09
7019382.353 2.03586731347144e-09
7153722.941 2.31413739638536e-09
7288063.529 2.87422246166374e-09
7422404.118 2.79070506874752e-09
7556744.706 2.5998550447777e-09
7691085.294 1.70229354727106e-09
7825425.882 2.78972769435081e-09
7959766.471 2.38593473234224e-09
8094107.059 2.7319644115039e-09
8228447.647 2.15005831060365e-09
8362788.235 2.59883792521868e-09
8497128.824 2.33485863341735e-09
8631469.412 2.40738935840912e-09
8765810 2.26732051357187e-09
8900150.588 3.18835988631985e-09
9034491.176 2.85000271553414e-09
9168831.765 2.13536217136181e-09
9303172.353 2.5159752449266e-09
9437512.941 2.5607117630338e-09
9571853.529 2.12395032675145e-09
9706194.118 2.24192051760863e-09
9840534.706 3.07688241853153e-09
9974875.294 2.97095952633634e-09
10109215.882 1.99690834250729e-09
10243556.471 2.33577019530118e-09
10377897.059 3.08689893490528e-09
10512237.647 2.83772844389138e-09
10646578.235 2.16608329454361e-09
10780918.824 2.32595344817301e-09
10915259.412 1.11166545493742e-09
11049600 2.25440001979278e-09
11049600 2.0135977565263e-09
11403174.51 2.06952988465251e-09
11756749.02 2.4314621338441e-09
12110323.529 1.53838845932479e-09
12463898.039 2.60409174824599e-09
12817472.549 2.77423361739174e-09
13171047.059 2.56250024759081e-09
13524621.569 2.40500883986756e-09
13878196.078 2.71349794982963e-09
14231770.588 3.0741983153565e-09
14585345.098 1.24951726419576e-09
14938919.608 2.42212442196983e-09
15292494.118 2.21715911497906e-09
15646068.627 2.17983279005507e-09
15999643.137 2.6483639165092e-09
16353217.647 1.97826871738674e-09
16706792.157 2.69684058180009e-09
17060366.667 2.06629482292434e-09
17413941.176 2.59797858719904e-09
17767515.686 2.26914930761515e-09
18121090.196 2.52946973058923e-09
18474664.706 1.99017864683109e-09
18828239.216 2.6166094343143e-09
19181813.725 1.67888520514682e-09
19535388.235 2.03560956686456e-09
19888962.745 3.59087366308013e-09
20242537.255 2.03461863669026e-09
20596111.765 1.99324948937772e-09
20949686.275 2.27018834980522e-09
21303260.784 2.37966424976479e-09
21656835.294 2.66403970588623e-09
22010409.804 2.45129600657848e-09
22363984.314 2.31974975442628e-09
22717558.824 2.01040759157662e-09
23071133.333 1.5569880358845e-09
23424707.843 1.53765204837428e-09
23778282.353 1.53815013305781e-09
24131856.863 2.19505211182408e-09
24485431.373 2.76054435365305e-09
24839005.882 2.60772053128033e-09
25192580.392 2.06666419215222e-09
25546154.902 1.77125472483445e-09
25899729.412 2.18706049481873e-09
26253303.922 2.19323528272732e-09
26606878.431 1.64421172752661e-09
26960452.941 2.02238634459397e-09
27314027.451 1.74775081883107e-09
27667601.961 1.79365886439894e-09
28021176.471 2.55512719586391e-09
28374750.98 2.28846932069116e-09
28728325.49 1.85239390953939e-09
29081900 1.76165641889215e-09
29081900 2.92899043685781e-09
30012498.039 1.80793804798116e-09
30943096.078 2.42424694682303e-09
31873694.118 2.56012512423696e-09
32804292.157 2.93116909122604e-09
33734890.196 2.53787083158224e-09
34665488.235 2.55576942090207e-09
35596086.275 1.84510910331898e-09
36526684.314 2.53379085622956e-09
37457282.353 2.01106737329664e-09
38387880.392 1.6968293388823e-09
39318478.431 2.08709296651504e-09
40249076.471 2.0673412985061e-09
41179674.51 2.28964269754712e-09
42110272.549 1.93465016629098e-09
43040870.588 1.6433918887202e-09
43971468.627 1.49650119117717e-09
44902066.667 1.67930674334777e-09
45832664.706 2.07352117013589e-09
46763262.745 1.98076949474568e-09
47693860.784 2.42036831641928e-09
48624458.824 2.06891252851877e-09
49555056.863 1.79387931539293e-09
50485654.902 2.03594373118081e-09
51416252.941 1.56407873724454e-09
52346850.98 2.12592718773566e-09
53277449.02 1.64016766699507e-09
54208047.059 2.10853942848872e-09
55138645.098 2.011700210559e-09
56069243.137 2.09589047278035e-09
56999841.176 1.78216302564454e-09
57930439.216 2.47104452090421e-09
58861037.255 2.44497961966366e-09
59791635.294 1.61944821304789e-09
60722233.333 1.9107685989133e-09
61652831.373 1.51330822769741e-09
62583429.412 2.08159160800071e-09
63514027.451 1.35971382963064e-10
64444625.49 1.69538307841692e-09
65375223.529 2.41673386480549e-09
66305821.569 9.32513797094198e-10
67236419.608 1.82658811783821e-09
68167017.647 2.31907315261496e-09
69097615.686 1.28847306263825e-09
70028213.725 -0
70958811.765 -0
71889409.804 9.3092947010478e-10
72820007.843 2.03426772185312e-09
73750605.882 1.75681157488338e-09
74681203.922 7.67982774018045e-10
75611801.961 -0
76542400 -0
76542400 1.39217920663441e-09
78991686.275 1.22953701623288e-09
81440972.549 1.98687062526302e-09
83890258.824 1.13646399515533e-09
86339545.098 1.27913077503552e-09
88788831.373 -0
91238117.647 6.948818238056e-10
93687403.922 1.72488178350952e-09
96136690.196 1.41928948653609e-09
98585976.471 -0
101035262.745 -0
103484549.02 1.57923839747114e-09
105933835.294 2.47849163952844e-09
108383121.569 5.57502788315187e-10
110832407.843 7.0317133959178e-10
113281694.118 -0
115730980.392 2.32486424771036e-09
118180266.667 1.38513966685039e-09
120629552.941 1.12509409392838e-09
123078839.216 -0
125528125.49 -0
127977411.765 3.17323877940356e-09
130426698.039 1.50432241716374e-09
132875984.314 2.74562296803551e-09
135325270.588 3.93609703711032e-09
137774556.863 -0
140223843.137 1.03142608441559e-09
142673129.412 3.15101118868741e-09
145122415.686 2.01159173244478e-09
147571701.961 -0
150020988.235 2.46493050307233e-09
152470274.51 1.79117607823822e-09
154919560.784 2.700313720687e-09
157368847.059 2.68856379618564e-09
159818133.333 -0
162267419.608 2.94676537117963e-09
164716705.882 -0
167165992.157 -0
169615278.431 2.85684332318047e-09
172064564.706 1.52410317542379e-09
174513850.98 -0
176963137.255 1.8524090306433e-09
179412423.529 2.99569624312934e-09
181861709.804 3.1286281371928e-09
184310996.078 3.5427917492325e-09
186760282.353 -0
189209568.627 4.48161121971365e-09
191658854.902 -0
194108141.176 3.45539212316386e-09
196557427.451 -0
199006713.725 -0
201456000 4.77083919660736e-09
