101 1.45353722941987e-07
104.18 1.59154423827382e-07
107.361 2.29925031447051e-07
110.541 2.06718095530132e-07
113.721 1.39985120124194e-07
116.902 8.10206176823569e-08
120.082 1.40367879977142e-07
123.262 1.57643004490241e-07
126.443 1.29613843031377e-07
129.623 1.10664180109176e-07
132.803 1.04856203360919e-07
135.983 8.17728277305623e-08
139.164 5.91007769421916e-08
142.344 1.83456012482574e-08
145.524 -0
148.705 -0
151.885 -0
155.065 -0
158.246 6.76113950966091e-08
161.426 1.36263662220027e-07
164.606 1.30214683805998e-07
167.787 1.26510207608127e-07
170.967 9.16071659248739e-08
174.147 9.59008109221731e-08
177.328 1.21866211116951e-07
180.508 1.19888442148875e-07
183.688 1.34778002861747e-07
186.868 1.48932251322339e-07
190.049 1.48912495228067e-07
193.229 1.32684602374233e-07
196.409 1.17682439976148e-07
199.59 1.05662021519973e-07
202.77 1.05997689166399e-07
205.95 8.68827562806607e-08
209.131 7.46785958420499e-08
212.311 7.49100515925006e-08
215.491 7.78463560507297e-08
218.672 7.70733404252953e-08
221.852 7.49769676087359e-08
225.032 7.07737400792317e-08
228.213 8.20887074852814e-08
231.393 9.93473355301754e-08
234.573 9.29157736459811e-08
237.753 5.56134908990663e-08
240.934 6.43075473030551e-08
244.114 8.58112805979933e-08
247.294 8.00567711730245e-08
250.475 7.06500913759413e-08
253.655 6.54170510344872e-08
256.835 6.78331644536105e-08
260.016 8.67936754994087e-08
263.196 8.64207547307405e-08
264.196 7.61090482430296e-08
272.598 7.38366641883879e-08
281.001 7.15855070973712e-08
289.403 7.3975625266784e-08
297.806 7.72131879632466e-08
306.208 7.62280041884601e-08
314.611 6.49159033190295e-08
323.013 6.0194141848824e-08
331.415 6.12046915758524e-08
339.818 6.28228583823561e-08
348.22 5.93138656603198e-08
356.623 5.78079711687171e-08
365.025 5.89035033530969e-08
373.428 5.8942216154929e-08
381.83 6.73595923970961e-08
390.232 7.39842522397852e-08
398.635 6.1073635484679e-08
407.037 5.44750975042615e-08
415.44 5.49840264956722e-08
423.842 6.48534921808664e-08
432.245 7.04767546426443e-08
440.647 7.95666528735788e-08
449.049 7.69456069274782e-08
457.452 7.7311731053358e-08
465.854 6.88980751788076e-08
474.257 6.23892693546224e-08
482.659 5.87980073272227e-08
491.062 5.84611752876495e-08
499.464 6.39263600375538e-08
507.867 7.17664982076502e-08
516.269 6.98366900778361e-08
524.671 6.26845138254123e-08
533.074 6.27099987241999e-08
541.476 6.7674291199464e-08
549.879 6.9232174894621e-08
558.281 6.51645237870452e-08
566.684 5.51150506207247e-08
575.086 5.17151580459593e-08
583.488 5.4787783435768e-08
591.891 5.77914704042151e-08
600.293 6.24762217014972e-08
608.696 6.07579900302073e-08
617.098 6.29427427416436e-08
625.501 5.66952772815941e-08
633.903 4.97602204673219e-08
642.305 5.03337821065466e-08
650.708 5.51402501958358e-08
659.11 6.01139287778539e-08
667.513 6.06762775401489e-08
675.915 5.39474915217157e-08
684.318 4.88333197189984e-08
692.72 5.39755771144904e-08
693.72 5.47019239821228e-08
715.867 7.36835088269993e-08
738.014 5.6234658984205e-08
760.161 5.19873128219215e-08
782.307 4.30566066170476e-08
804.454 3.87604962616571e-08
826.601 5.20938193858087e-08
848.748 5.20632062396927e-08
870.895 4.91862228279043e-08
893.042 5.80564278617039e-08
915.189 5.41693674777172e-08
937.335 4.75099096923811e-08
959.482 5.33342257908121e-08
981.629 5.47028165605133e-08
1003.776 6.01123022539233e-08
1025.923 4.59743586945399e-08
1048.07 4.21086303283038e-08
1070.217 5.34065556495129e-08
1092.364 4.9517923034825e-08
1114.51 4.25912125396397e-08
1136.657 4.01106121721196e-08
1158.804 3.7852008169451e-08
1180.951 4.13243998958948e-08
1203.098 3.40264251080051e-08
1225.245 2.31398747686643e-08
1247.392 4.1430561973933e-08
1269.538 3.33324654876813e-08
1291.685 2.96817897269448e-08
1313.832 3.45854488014256e-08
1335.979 3.54382948295609e-08
1358.126 4.55422959287831e-08
1380.273 2.97249126712477e-08
1402.42 3.54330076920534e-08
1424.566 3.13893189711471e-08
1446.713 3.612116807726e-08
1468.86 4.07502847214733e-08
1491.007 4.36947542229424e-08
1513.154 4.43206207504303e-08
1535.301 5.15465610595754e-08
1557.448 3.67743258898302e-08
1579.595 4.19376592279568e-08
1601.741 3.23517871900736e-08
1623.888 2.84306790678693e-08
1646.035 2.802844232687e-08
1668.182 2.35239344169544e-08
1690.329 2.86251092920181e-08
1712.476 3.30716023906615e-08
1734.623 4.12546828998384e-08
1756.769 4.34049473222591e-08
1778.916 4.14275461014201e-08
1801.063 5.22139656764954e-08
1823.21 3.94776693428559e-08
1824.21 2.81194893054986e-08
1882.531 3.25618663395639e-08
1940.853 3.76575179118516e-08
1999.174 3.71916940355253e-08
2057.495 2.99674963279047e-08
2115.817 3.00014630593089e-08
2174.138 2.30366651818317e-08
2232.46 2.04227025297708e-08
2290.781 2.29492209834371e-08
2349.102 2.86402686787047e-08
2407.424 2.92112644995949e-08
2465.745 3.94718456081781e-08
2524.066 4.30140432363621e-08
2582.388 2.85453364050475e-08
2640.709 2.81266164445115e-08
2699.031 2.69299919395964e-08
2757.352 3.33127400509608e-08
2815.673 3.09890947982162e-08
2873.995 1.77138575371663e-08
2932.316 2.0301468870635e-08
2990.637 2.98430084708873e-08
3048.959 3.15061003364677e-08
3107.28 2.48984603272331e-08
3165.602 2.46840152215852e-08
3223.923 2.35072404525448e-08
3282.244 2.97166925595144e-08
3340.566 2.66963403506025e-08
3398.887 2.11981997654905e-08
3457.208 2.96909955041565e-08
3515.53 2.47276619590914e-08
3573.851 2.08520969057675e-08
3632.173 1.84390597592215e-08
3690.494 2.4897281288226e-08
3748.815 1.75711661101659e-08
3807.137 1.347190170788e-08
3865.458 1.99839493374659e-08
3923.779 2.31430236171599e-08
3982.101 2.68274236161171e-08
4040.422 2.50475639994995e-08
4098.744 1.99468081402415e-08
4157.065 1.81978235641426e-08
4215.386 2.54333083428737e-08
4273.708 2.25905170739593e-08
4332.029 2.3520877503221e-08
4390.35 2.32059457722645e-08
4448.672 2.48325661463971e-08
4506.993 1.9725604903669e-08
4565.315 1.5899314611429e-08
4623.636 2.05538272231031e-08
4681.957 2.21723000904161e-08
4740.279 2.49967897090126e-08
4798.6 2.45743290977353e-08
4799.6 2.19812420980822e-08
4953.131 2.4538172136094e-08
5106.663 2.5551309001281e-08
5260.194 3.06672352958731e-08
5413.725 2.93483098162788e-08
5567.257 2.51132505993089e-08
5720.788 2.26082517766278e-08
5874.32 2.08016832198552e-08
6027.851 2.14592822969548e-08
6181.382 2.08533927413058e-08
6334.914 2.27767432449317e-08
6488.445 2.11843027053976e-08
6641.976 1.82840065475819e-08
6795.508 2.4746581295385e-08
6949.039 2.36440914313378e-08
7102.571 2.2920862624679e-08
7256.102 2.28264514130119e-08
7409.633 2.07702387799815e-08
7563.165 2.03830412997979e-08
7716.696 1.46836532466611e-08
7870.227 1.35069621036186e-08
8023.759 1.4973559476614e-08
8177.29 1.60022158562498e-08
8330.822 1.8757964283996e-08
8484.353 1.71179025978833e-08
8637.884 1.51386675727601e-08
8791.416 1.14996719932906e-08
8944.947 1.96050952603559e-08
9098.478 1.94272063919284e-08
9252.01 1.68046141420909e-08
9405.541 1.32526978945164e-08
9559.073 1.19795601967474e-08
9712.604 1.29243799796222e-08
9866.135 1.60457790486839e-08
10019.667 1.74937354294265e-08
10173.198 1.83866843130523e-08
10326.729 1.64784011479018e-08
10480.261 1.37944711403519e-08
10633.792 1.8229972274435e-08
10787.324 1.79179654561972e-08
10940.855 1.71894118654526e-08
11094.386 1.43445865801172e-08
11247.918 1.60020918561532e-08
11401.449 1.58083904408389e-08
11554.98 1.54669176955055e-08
11708.512 1.16220667977143e-08
11862.043 1.58251534001676e-08
12015.575 2.14508951734967e-08
12169.106 1.80884465934327e-08
12322.637 1.61377082671043e-08
12476.169 1.98208133392577e-08
12629.7 1.51433483095184e-08
12630.7 1.28735175229261e-08
13034.822 1.19922547653875e-08
13438.943 1.43431062825527e-08
13843.065 1.41872726623765e-08
14247.186 1.18381053386068e-08
14651.308 1.29110832153385e-08
15055.429 1.30024951470316e-08
15459.551 1.30853426847743e-08
15863.673 1.09498897126053e-08
16267.794 1.15056298904958e-08
16671.916 1.39062026470644e-08
17076.037 1.65955716129119e-08
17480.159 1.60903018453997e-08
17884.28 1.32145789101473e-08
18288.402 1.16363062266251e-08
18692.524 1.28151750633601e-08
19096.645 1.5984258577532e-08
19500.767 1.53719131386263e-08
19904.888 1.19751176773004e-08
20309.01 8.85765962412193e-09
20713.131 1.1537133233593e-08
21117.253 1.36888221623663e-08
21521.375 1.39704294746969e-08
21925.496 1.31881715702268e-08
22329.618 1.24734363197661e-08
22733.739 1.19049308120812e-08
23137.861 1.24347853797887e-08
23541.982 1.19858121659526e-08
23946.104 1.11642588324927e-08
24350.225 1.05556255572767e-08
24754.347 9.80520207482363e-09
25158.469 8.49631245813659e-09
25562.59 8.42318953220973e-09
25966.712 9.46091188409789e-09
26370.833 8.45947837181801e-09
26774.955 7.00775090948722e-09
27179.076 8.44198098230407e-09
27583.198 8.81147338423735e-09
27987.32 8.2036460736143e-09
28391.441 9.70979114815552e-09
28795.563 1.10978334844936e-08
29199.684 9.24973879864173e-09
29603.806 7.52663166129685e-09
30007.927 6.23162787651847e-09
30412.049 7.08543687428321e-09
30816.171 7.05871629341584e-09
31220.292 7.28588759540777e-09
31624.414 8.71055359364282e-09
32028.535 1.06093978711336e-08
32432.657 1.21501483812786e-08
32836.778 1.08891867093292e-08
33240.9 9.54833550693053e-09
33241.9 8.04933399428472e-09
34305.559 7.46926038165254e-09
35369.218 6.83304781328036e-09
36432.876 7.26763149421276e-09
37496.535 8.45414281266162e-09
38560.194 9.41637420137502e-09
39623.853 8.89038174307912e-09
40687.512 8.57753359034411e-09
41751.171 8.23160849431173e-09
42814.829 8.61396541852836e-09
43878.488 9.38951003006564e-09
44942.147 8.79403623537882e-09
46005.806 7.55679498839203e-09
47069.465 6.63680403063873e-09
48133.124 6.90135041580569e-09
49196.782 6.95317197913289e-09
50260.441 6.94889075031291e-09
51324.1 5.56932866153074e-09
52387.759 5.56233419753534e-09
53451.418 6.27136848362609e-09
54515.076 7.84747351673055e-09
55578.735 8.48766567444108e-09
56642.394 8.28955649700321e-09
57706.053 7.47848950061564e-09
58769.712 7.05225714440655e-09
59833.371 7.5213293059265e-09
60897.029 7.53068775811964e-09
61960.688 7.44810663124147e-09
63024.347 7.52361675546017e-09
64088.006 7.41344296676831e-09
65151.665 6.31534360099044e-09
66215.324 5.91818752022646e-09
67278.982 6.49537740391998e-09
68342.641 8.00913134451934e-09
69406.3 8.19735915516106e-09
70469.959 7.93849010765578e-09
71533.618 6.98970356417703e-09
72597.276 6.48088163525171e-09
73660.935 6.3022547853275e-09
74724.594 5.46431234401779e-09
75788.253 5.68265460228056e-09
76851.912 5.69383415506491e-09
77915.571 5.44650055520836e-09
78979.229 5.07125781330488e-09
80042.888 5.43000720124507e-09
81106.547 6.16361170163119e-09
82170.206 7.08559151556693e-09
83233.865 6.41868727672778e-09
84297.524 5.41651627341799e-09
85361.182 3.63175866476684e-09
86424.841 3.17131294356659e-09
87488.5 3.54452647892344e-09
87489.5 6.84491646880693e-09
90289.039 6.41208947869101e-09
93088.578 6.05942995849123e-09
95888.118 5.10568886261574e-09
98687.657 5.25852831093561e-09
101487.196 5.3467771538926e-09
104286.735 6.59484568499631e-09
107086.275 7.32405206149191e-09
109885.814 6.31723914166417e-09
112685.353 3.30495886681391e-09
115484.892 3.17991319325178e-09
118284.431 2.52029864374272e-09
121083.971 3.1973785534566e-09
123883.51 -0
126683.049 -0
129482.588 -0
132282.127 4.32462476571406e-09
135081.667 7.51580951894246e-09
137881.206 6.69776259969941e-09
140680.745 2.68989424827428e-09
143480.284 2.24407647567584e-09
146279.824 -0
149079.363 -0
151878.902 4.07382177759802e-09
154678.441 5.28798867186264e-09
157477.98 5.11585948472916e-09
160277.52 3.24070096460556e-09
163077.059 3.38445594893258e-09
165876.598 4.32302462838991e-09
168676.137 -0
171475.676 2.74886162334946e-09
174275.216 4.63439797417079e-09
177074.755 4.09997239488023e-09
179874.294 4.98274835315029e-09
182673.833 5.63586591303492e-09
185473.373 5.7492624084145e-09
188272.912 4.20053401288962e-09
191072.451 2.58969694260386e-09
193871.99 3.12121552782631e-09
196671.529 3.62457579957857e-09
199471.069 3.97157990730749e-09
202270.608 4.34662833319996e-09
205070.147 4.31309945531881e-09
207869.686 2.41846285050066e-09
210669.225 1.8515824901664e-09
213468.765 2.59089132399202e-09
216268.304 3.15792335693467e-09
219067.843 3.58345740964308e-09
221867.382 4.37414866458074e-09
224666.922 5.18101240014354e-09
227466.461 5.21590541198293e-09
230266 4.75715207089142e-09
230267 3.54553297036979e-09
237635.294 1.50728066720558e-08
245003.588 -0
252371.882 3.82766558737217e-09
259740.176 3.54753891536345e-09
267108.471 3.52737575777104e-09
274476.765 3.90254612689342e-09
281845.059 3.51930433035888e-09
289213.353 3.41029934091764e-09
296581.647 2.69793559812678e-09
303949.941 3.29944445710776e-09
311318.235 2.86964385775867e-09
318686.529 3.72371556771781e-09
326054.824 4.50666078361589e-09
333423.118 4.30821810978186e-09
340791.412 4.11553254674848e-09
348159.706 2.58314760556898e-09
355528 4.12055251634581e-09
362896.294 2.51726807980311e-09
370264.588 3.84443669425955e-09
377632.882 3.49792291205884e-09
385001.176 3.50238442901346e-09
392369.471 3.56087440110686e-09
399737.765 4.3609526906066e-09
407106.059 3.99301257501078e-09
414474.353 4.11104418178977e-09
421842.647 4.06462927162479e-09
429210.941 3.08037113410308e-09
436579.235 3.03211304102182e-09
443947.529 3.74597795200379e-09
451315.824 2.94611544245645e-09
458684.118 3.96290893769568e-09
466052.412 1.81694287053711e-09
473420.706 2.41064684486897e-09
480789 3.26748419578629e-09
488157.294 2.66660200758052e-09
495525.588 3.20782179102816e-09
502893.882 3.29636904640514e-09
510262.176 3.85927994925022e-09
517630.471 2.53519401360523e-09
524998.765 3.02066258920603e-09
532367.059 2.20001334537488e-09
539735.353 2.72452605434125e-09
547103.647 3.14900993625529e-09
554471.941 2.58616259302914e-09
561840.235 2.93134220361582e-09
569208.529 2.78496772158034e-09
576576.824 2.23897034864114e-09
583945.118 3.34106372454939e-09
591313.412 3.91532180824258e-09
598681.706 2.73555945505918e-09
606050 -0
606051 2.66186305654557e-09
625444.118 3.17275254607588e-09
644837.235 2.94473462386342e-09
664230.353 3.91764957825058e-09
683623.471 2.33031289442552e-09
703016.588 2.80827780815053e-09
722409.706 3.69856939964609e-09
741802.824 2.66015197681501e-09
761195.941 2.14968790111633e-09
780589.059 3.4039548856099e-09
799982.176 2.20496435710389e-09
819375.294 3.11935086275539e-09
838768.412 2.7974165710102e-09
858161.529 3.33232284578998e-09
877554.647 2.19593534562853e-09
896947.765 1.78079701466402e-09
916340.882 2.50718430360895e-09
935734 3.75035208255124e-09
955127.118 3.61503024985936e-09
974520.235 1.72343624906205e-09
993913.353 5.84146948752274e-10
1013306.471 3.1118259404866e-09
1032699.588 3.00829976491628e-09
1052092.706 4.47417024677343e-09
1071485.824 2.4910459622715e-09
1090878.941 2.7751463152716e-09
1110272.059 2.87950940201087e-09
1129665.176 2.83082965872027e-09
1149058.294 2.97227796794572e-09
1168451.412 3.32498298635262e-09
1187844.529 1.37367997605791e-09
1207237.647 1.70639727090281e-09
1226630.765 -0
1246023.882 -0
1265417 2.12790538336898e-09
1284810.118 2.83084504433851e-09
1304203.235 2.98120406782359e-09
1323596.353 3.46239936841909e-09
1342989.471 1.77609661863002e-09
1362382.588 1.29625353819609e-09
1381775.706 1.98424977181127e-09
1401168.824 2.57688760832884e-09
1420561.941 2.08332925000309e-09
1439955.059 2.52234962557855e-09
1459348.176 2.70463284343416e-09
1478741.294 2.18441937301503e-09
1498134.412 2.12276484926913e-09
1517527.529 2.05154556985359e-09
1536920.647 1.89703718054018e-09
1556313.765 1.73090386644864e-09
1575706.882 2.64094492802727e-09
1595100 2.72244658299848e-09
1595100 2.8356571247248e-09
1646141.765 2.67457937360154e-09
1697183.529 1.87922662559789e-09
1748225.294 2.48046899198649e-09
1799267.059 2.67642660769401e-09
1850308.824 1.09648148269511e-09
1901350.588 1.12437418947268e-09
1952392.353 3.8244450821231e-10
2003434.118 3.39779086383879e-09
2054475.882 2.00000522653189e-09
2105517.647 3.06239810337701e-09
2156559.412 2.44473438280868e-09
2207601.176 2.58191661314209e-09
2258642.941 2.90498506988585e-09
2309684.706 2.85256193134071e-09
2360726.471 2.9037330624547e-09
2411768.235 3.01946351999652e-09
2462810 2.16649729305084e-09
2513851.765 2.05078681493231e-09
2564893.529 1.40790699320373e-09
2615935.294 1.90705617971992e-09
2666977.059 1.91659049142942e-09
2718018.824 2.96018514884703e-09
2769060.588 2.04982350648408e-09
2820102.353 2.2193838503792e-09
2871144.118 2.1459085935602e-09
2922185.882 3.06463416491138e-09
2973227.647 2.10262383948864e-09
3024269.412 2.27426347866645e-09
3075311.176 2.44862578252455e-09
3126352.941 2.72634600317323e-09
3177394.706 2.58029164271442e-09
3228436.471 2.23121870903281e-09
3279478.235 2.24311271907656e-09
3330520 2.36434268287846e-09
3381561.765 2.53047189273297e-09
3432603.529 2.11609280455315e-09
3483645.294 2.68153886514592e-09
3534687.059 2.24228435826951e-09
3585728.824 3.46568734987829e-09
3636770.588 2.5692780033369e-09
3687812.353 3.4486089870602e-09
3738854.118 1.65197116589384e-09
3789895.882 1.01918001237417e-09
3840937.647 1.97541126404592e-09
3891979.412 2.02511996552363e-09
3943021.176 1.71252691340479e-09
3994062.941 1.64991114320774e-09
4045104.706 2.07974229683618e-09
4096146.471 2.28942144838672e-09
4147188.235 2.77145904216141e-09
4198230 2.64023208057179e-09
4198230 1.96739766177185e-09
4332570.588 2.06903018720133e-09
4466911.176 2.16974309218564e-09
4601251.765 2.10353761785644e-09
4735592.353 2.53423949932101e-09
4869932.941 2.91837702614306e-09
5004273.529 2.54356932236952e-09
5138614.118 2.10457844985154e-09
5272954.706 2.18641941951513e-09
5407295.294 1.98586907925366e-09
5541635.882 1.51966793051207e-09
5675976.471 2.38387004546313e-09
5810317.059 1.56748244752801e-09
5944657.647 2.50176866514517e-09
6078998.235 1.96352717709091e-09
6213338.824 3.92597297046462e-10
6347679.412 1.7052861508204e-09
6482020 1.98832459502498e-09
6616360.588 2.87729800508499e-09
6750701.176 1.95557833757465e-09
6885041.765 1.24896706304979e-09
7019382.353 1.62545959366714e-09
7153722.941 2.19359739994353e-09
7288063.529 1.74412349263471e-09
7422404.118 1.94262697193061e-09
7556744.706 1.80170741450743e-09
7691085.294 1.36698549449297e-09
7825425.882 2.14377438147697e-09
7959766.471 2.46753591196758e-09
8094107.059 2.09972018899616e-09
8228447.647 2.43028317763539e-09
8362788.235 2.2610670575699e-09
8497128.824 1.1481905555352e-09
8631469.412 2.51601730168595e-09
8765810 2.96187627038469e-09
8900150.588 2.29786287355297e-09
9034491.176 1.77759094425655e-09
9168831.765 1.81118315067405e-09
9303172.353 2.90714364889187e-09
9437512.941 2.51438123977572e-09
9571853.529 1.51522126491569e-09
9706194.118 2.47244884719906e-09
9840534.706 2.04327626472768e-09
9974875.294 2.65308741952032e-09
10109215.882 2.84354508934207e-09
10243556.471 1.83951233342358e-09
10377897.059 1.33119024880284e-09
10512237.647 1.93603534868522e-09
10646578.235 2.52417941352604e-09
10780918.824 1.67080704105737e-09
10915259.412 1.61830066828241e-09
11049600 2.6285182087366e-09
11049600 2.08741127643085e-09
11403174.51 1.54506766869346e-09
11756749.02 2.6305464124471e-09
12110323.529 2.44588820636745e-09
12463898.039 2.18357884018686e-09
12817472.549 2.23668179633089e-09
13171047.059 1.20270602916812e-09
13524621.569 2.65090376710759e-09
13878196.078 2.18003627569604e-09
14231770.588 1.96682337967656e-09
14585345.098 1.98684974469894e-09
14938919.608 1.96455576450507e-09
15292494.118 1.9357806607522e-09
15646068.627 2.05918865699472e-09
15999643.137 2.76493387212187e-09
16353217.647 1.6248154979117e-09
16706792.157 1.92376103957306e-09
17060366.667 2.31664685164698e-09
17413941.176 1.87727761855459e-09
17767515.686 1.7129893319381e-09
18121090.196 1.98075514219302e-09
18474664.706 2.54097669617413e-09
18828239.216 2.20317607006307e-09
19181813.725 1.91606725173358e-09
19535388.235 1.60252049686523e-09
19888962.745 2.40581873926914e-09
20242537.255 2.18200226927033e-09
20596111.765 1.54009863966812e-09
20949686.275 1.97932836437038e-09
21303260.784 2.90165637637936e-09
21656835.294 2.19834184642806e-09
22010409.804 2.11940538744656e-09
22363984.314 1.69844325592801e-09
22717558.824 1.58821167196294e-09
23071133.333 2.44628116807158e-09
23424707.843 2.57746892235059e-09
23778282.353 2.43655128166315e-09
24131856.863 2.5875344109314e-09
24485431.373 1.89253086318079e-09
24839005.882 2.22978263587366e-09
25192580.392 2.44118113646043e-09
25546154.902 2.24138596433523e-09
25899729.412 2.52304252039149e-09
26253303.922 1.64258661807148e-09
26606878.431 3.0511000394043e-09
26960452.941 2.33698266162598e-09
27314027.451 1.76621228844305e-09
27667601.961 1.9433720906333e-09
28021176.471 2.37840049493546e-09
28374750.98 1.94531229218183e-09
28728325.49 2.4317562425797e-09
29081900 2.86263378949838e-09
29081900 1.82111933793481e-09
30012498.039 2.52705500925489e-09
30943096.078 3.16816224624707e-09
31873694.118 2.31898980261216e-09
32804292.157 1.73862940286992e-09
33734890.196 1.9514988399122e-09
34665488.235 2.19506838164204e-09
35596086.275 2.2184572440705e-09
36526684.314 2.51274686467211e-09
37457282.353 1.88053812034503e-09
38387880.392 2.04244310947787e-09
39318478.431 2.48736389447289e-09
40249076.471 2.33756215203219e-09
41179674.51 2.49056930527998e-09
42110272.549 1.9940749720242e-09
43040870.588 2.38885818035283e-09
43971468.627 2.04193669358861e-09
44902066.667 1.95261363214673e-09
45832664.706 1.9779692615488e-09
46763262.745 1.54917675436429e-09
47693860.784 2.4758557715087e-09
48624458.824 3.5842441214345e-09
49555056.863 1.20225506092023e-09
50485654.902 1.91111343997173e-09
51416252.941 1.52941683505244e-09
52346850.98 2.65277268420489e-09
53277449.02 2.92033442478412e-09
54208047.059 1.59491991277303e-09
55138645.098 2.53529375624726e-09
56069243.137 -0
56999841.176 2.38831686442145e-09
57930439.216 2.20463261200584e-09
58861037.255 1.859156039577e-09
59791635.294 2.24202836272372e-09
60722233.333 2.27627280703612e-09
61652831.373 1.70107844102899e-09
62583429.412 2.7872897579564e-09
63514027.451 2.7254839606031e-09
64444625.49 1.67305109730302e-09
65375223.529 1.81929107652964e-09
66305821.569 1.46955711389303e-09
67236419.608 1.95433447188446e-09
68167017.647 1.7479602733963e-09
69097615.686 1.24066791166647e-09
70028213.725 1.73433544928031e-09
70958811.765 -0
71889409.804 4.48294063533675e-10
72820007.843 2.21830022447846e-09
73750605.882 2.23015520301936e-09
74681203.922 2.71683694908589e-09
75611801.961 -0
76542400 -0
76542400 2.01716965048294e-09
78991686.275 2.89788078280211e-09
81440972.549 -0
83890258.824 1.36433270010389e-09
86339545.098 1.88419985990874e-09
88788831.373 6.31711519438114e-10
91238117.647 -0
93687403.922 1.56521144081727e-09
96136690.196 -0
98585976.471 4.90866878655175e-09
101035262.745 -0
103484549.02 1.10363757851691e-08
105933835.294 -0
108383121.569 4.70001604777162e-09
110832407.843 3.08185892335954e-09
113281694.118 2.50965250364878e-09
115730980.392 1.87740335125093e-09
118180266.667 2.64163436863965e-09
120629552.941 4.51449473190344e-09
123078839.216 -0
125528125.49 -0
127977411.765 2.40028466493873e-09
130426698.039 2.95019960238869e-09
132875984.314 -0
135325270.588 -0
137774556.863 -0
140223843.137 -0
142673129.412 -0
145122415.686 5.9236818032532e-09
147571701.961 4.53417809427713e-09
150020988.235 4.06037684985326e-09
152470274.51 -0
154919560.784 2.96514227328707e-09
157368847.059 8.28921612420975e-09
159818133.333 3.3942155505814e-09
162267419.608 -0
164716705.882 -0
167165992.157 6.52040053653001e-09
169615278.431 -0
172064564.706 8.1073992677008e-09
174513850.98 8.72054598591954e-09
176963137.255 7.77164989440348e-09
179412423.529 -0
181861709.804 -0
184310996.078 -0
186760282.353 3.36424579678831e-09
189209568.627 -0
191658854.902 7.81352607132012e-09
194108141.176 5.51718872110741e-09
196557427.451 -0
199006713.725 -0
201456000 -0
