101 604.912629937303
104.18 NaN
107.361 236.02317162297
110.541 442.712947167299
113.721 393.583553827512
116.902 383.995994499714
120.082 427.790107340412
123.262 386.91131610108
126.443 362.059236757431
129.623 391.927008433097
132.803 388.55943091003
135.983 265.869480832551
139.164 153.942966904237
142.344 174.349846267957
145.524 337.683004117138
148.705 NaN
151.885 NaN
155.065 NaN
158.246 NaN
161.426 195.659187467613
164.606 248.903192751986
167.787 329.082394893107
170.967 408.317970960588
174.147 325.487064950954
177.328 242.770050065716
180.508 317.395146905008
183.688 290.74345068813
186.868 231.108598304857
190.049 204.393777266227
193.229 294.744100356134
196.409 379.027107068265
199.59 507.427905597049
202.77 505.441360766403
205.95 453.069375829996
209.131 274.602574880043
212.311 288.349976800275
215.491 284.079310727762
218.672 332.482308900862
221.852 376.984006505128
225.032 354.608628901244
228.213 287.699262497988
231.393 382.895140363801
234.573 459.160403578227
237.753 431.917897512578
240.934 357.718702179627
244.114 250.369806901363
247.294 304.288289063863
250.475 320.630447824938
253.655 319.48086234627
256.835 296.617664642331
260.016 289.307469963484
263.196 307.289212423113
264.196 305.026868504901
272.598 223.265966319686
281.001 180.662071309322
289.403 164.963750727103
297.806 187.812450917509
306.208 216.315469573426
314.611 214.958044697612
323.013 213.635110762442
331.415 259.044588251853
339.818 286.289200551249
348.22 308.501750110578
356.623 320.707100189363
365.025 291.56101607025
373.428 247.408415600252
381.83 296.505399747903
390.232 408.995135057264
398.635 403.532806156487
407.037 351.683632463428
415.44 309.989575340357
423.842 256.111956926854
432.245 269.746659385066
440.647 258.33184033564
449.049 265.868573689896
457.452 266.615603099093
465.854 278.364116379482
474.257 286.21202016398
482.659 277.377564206145
491.062 233.871692687405
499.464 193.965860351607
507.867 149.417406836102
516.269 181.908765016528
524.671 219.623666574241
533.074 228.045324242179
541.476 243.443756945934
549.879 298.464973547745
558.281 327.788979555476
566.684 350.110131466223
575.086 289.655353991188
583.488 246.210057065882
591.891 240.651692815937
600.293 277.553970262964
608.696 290.995398969551
617.098 333.2018064244
625.501 298.27564259855
633.903 248.427664812852
642.305 249.392158274544
650.708 265.984049144315
659.11 268.893334692993
667.513 230.944674421282
675.915 193.685953853724
684.318 179.458491525149
692.72 172.381618963391
693.72 176.472071052699
715.867 121.787765159274
738.014 214.946910075836
760.161 213.047512044921
782.307 140.352511379565
804.454 234.625034292936
826.601 160.446887146398
848.748 50.1820089507245
870.895 170.952295361715
893.042 183.133135253242
915.189 147.220361422289
937.335 210.070434760004
959.482 195.920693947741
981.629 194.456687544847
1003.776 329.499299606072
1025.923 240.986172633167
1048.07 139.272629848451
1070.217 163.839080843689
1092.364 181.14573110374
1114.51 114.518656935392
1136.657 119.407995231824
1158.804 137.64713048861
1180.951 135.306156501766
1203.098 141.885599922705
1225.245 107.708174460124
1247.392 115.596026036007
1269.538 140.10645913596
1291.685 165.422007114232
1313.832 116.084297126372
1335.979 146.278884213796
1358.126 95.1554410744861
1380.273 127.884830175599
1402.42 139.71804720338
1424.566 132.81483365779
1446.713 137.742505369786
1468.86 128.684732864161
1491.007 111.381878810255
1513.154 126.755283382748
1535.301 135.995225199767
1557.448 111.41576800607
1579.595 170.26023645732
1601.741 129.863403938673
1623.888 107.561134037751
1646.035 133.732265182757
1668.182 139.238720844175
1690.329 89.1294070855263
1712.476 143.632018179975
1734.623 167.636797165259
1756.769 162.553551894188
1778.916 133.650591551876
1801.063 176.075194178289
1823.21 114.408789391593
1824.21 123.374074729731
1882.531 125.281415194048
1940.853 89.3664761349697
1999.174 201.654528572078
2057.495 184.188079197659
2115.817 109.855186103996
2174.138 111.684406281562
2232.46 104.030329407866
2290.781 94.1964572371244
2349.102 82.474815887521
2407.424 102.893544304404
2465.745 125.56853297039
2524.066 103.50600231703
2582.388 81.4125360773784
2640.709 81.9739044586967
2699.031 80.9268799615755
2757.352 97.5964512724031
2815.673 112.913414262175
2873.995 87.0363637821854
2932.316 86.2515578284644
2990.637 119.887226077437
3048.959 156.828884566191
3107.28 109.932918524288
3165.602 135.957224210891
3223.923 113.689456373013
3282.244 67.7771305077996
3340.566 99.3975150466172
3398.887 83.2637166297726
3457.208 86.2065485250092
3515.53 77.0882202987781
3573.851 82.561858193776
3632.173 110.268010307518
3690.494 100.388897749343
3748.815 65.9490139486534
3807.137 64.5726057698033
3865.458 91.2357442387952
3923.779 90.8881364323366
3982.101 88.4802488899728
4040.422 110.133761507773
4098.744 93.7897540211001
4157.065 89.0157565779858
4215.386 70.1721166834184
4273.708 59.868313558171
4332.029 90.854786749281
4390.35 109.848137076221
4448.672 108.518849913937
4506.993 89.2577564088165
4565.315 76.2446918903032
4623.636 66.9729215205243
4681.957 68.1334246480802
4740.279 48.3056766591397
4798.6 59.9158149725811
4799.6 65.6394931822373
4953.131 63.6737737730864
5106.663 43.5533008982839
5260.194 49.5536074281345
5413.725 78.3142241843495
5567.257 87.0736771986723
5720.788 79.2473675574153
5874.32 61.8479627641229
6027.851 51.60417681368
6181.382 59.3818279780459
6334.914 63.9660410301389
6488.445 61.8697427365223
6641.976 60.1360035418716
6795.508 58.7236415868515
6949.039 57.9547215131584
7102.571 34.3185173652129
7256.102 47.916803608418
7409.633 70.0006350422604
7563.165 59.3334528934717
7716.696 50.1062916992978
7870.227 41.0141073398303
8023.759 53.328423181874
8177.29 51.1246647659246
8330.822 56.8342239440441
8484.353 56.076472200342
8637.884 72.2863517542218
8791.416 98.0046619205381
8944.947 93.6621932524953
9098.478 70.6252578096561
9252.01 51.1924155521042
9405.541 60.6916998164797
9559.073 63.5538202773711
9712.604 63.3694418942428
9866.135 58.6051177908921
10019.667 63.4272112496021
10173.198 64.2272390097318
10326.729 56.8115236547285
10480.261 49.8950357759459
10633.792 61.477272719228
10787.324 63.8927733776336
10940.855 70.3314242209181
11094.386 57.5459664967637
11247.918 45.6305116973274
11401.449 45.6241941793987
11554.98 42.4783282557526
11708.512 34.07706704904
11862.043 46.9857835923667
12015.575 53.3586407302695
12169.106 58.3796720777666
12322.637 47.9778041038635
12476.169 37.8659348990572
12629.7 59.0929699378332
12630.7 48.8726784481014
13034.822 41.6736684616488
13438.943 50.1227914533456
13843.065 52.9662401017214
14247.186 51.7707252135734
14651.308 61.5537119593284
15055.429 68.8363152780643
15459.551 66.9489167291518
15863.673 63.1595077637211
16267.794 59.8064256391711
16671.916 47.7515964595349
17076.037 42.7377626788307
17480.159 42.400576083388
17884.28 36.8879451495808
18288.402 39.8429058427874
18692.524 53.226438963857
19096.645 52.8562581358851
19500.767 39.8644320765656
19904.888 29.3354389925089
20309.01 33.239554855064
20713.131 35.2854970346575
21117.253 29.9128174461192
21521.375 26.1459203574224
21925.496 34.3521881662873
22329.618 35.5326117845486
22733.739 37.9823495555907
23137.861 36.8795663175886
23541.982 35.4200911106595
23946.104 38.8540436713224
24350.225 37.2841371214334
24754.347 27.3288991626886
25158.469 28.3333850181183
25562.59 37.2501146340997
25966.712 37.4031674244286
26370.833 29.4510919395024
26774.955 36.1612764454763
27179.076 44.0296418642597
27583.198 46.3757556174941
27987.32 39.6672738100685
28391.441 40.0875574366292
28795.563 41.7352089543571
29199.684 43.2940585800133
29603.806 40.8191880671186
30007.927 37.5423968669044
30412.049 37.7505363770509
30816.171 37.4936467855833
31220.292 30.2649066999143
31624.414 29.7255723893122
32028.535 36.9943253176302
32432.657 43.3021192745682
32836.778 46.1075976137347
33240.9 55.4337782686053
33241.9 35.1671111526228
34305.559 34.9113223215664
35369.218 35.1995661192332
36432.876 35.4802262158716
37496.535 32.6374321437036
38560.194 31.4050176678929
39623.853 30.4684094044996
40687.512 28.4254354986534
41751.171 26.5129165726921
42814.829 25.19175680201
43878.488 27.7337855363587
44942.147 32.0498546304069
46005.806 28.4989883276105
47069.465 25.2279887079938
48133.124 30.4225385600571
49196.782 34.7740817113419
50260.441 38.6382659979604
51324.1 39.1520162492055
52387.759 33.8885247078117
53451.418 28.0158803045873
54515.076 29.1593535466724
55578.735 26.8850832637267
56642.394 28.67659042999
57706.053 31.1560533985592
58769.712 29.9749469144547
59833.371 25.3536576926146
60897.029 25.1326629775866
61960.688 26.7562402103942
63024.347 29.5291465313895
64088.006 26.4610179076042
65151.665 20.669568450092
66215.324 23.8967180742928
67278.982 25.5614577558123
68342.641 22.4419595208908
69406.3 22.7253458791969
70469.959 24.8950956109019
71533.618 29.2866143253868
72597.276 30.4387262353946
73660.935 28.5567637280918
74724.594 24.6772557017071
75788.253 22.9315405618766
76851.912 15.478157105315
77915.571 17.8245485289036
78979.229 20.3740516081799
80042.888 23.6385494105898
81106.547 24.1816176670945
82170.206 24.5791683675736
83233.865 22.0205274212161
84297.524 21.0904766897695
85361.182 17.9157871074827
86424.841 19.2213808219409
87488.5 23.8015951801565
87489.5 24.9942961963599
90289.039 22.9314724203919
93088.578 21.0914554779506
95888.118 19.1865824610216
98687.657 20.1908890492478
101487.196 22.1566329820883
104286.735 22.2471049243405
107086.275 19.8397716924837
109885.814 16.8402986232391
112685.353 20.5159095563425
115484.892 21.3802981833331
118284.431 22.6843674442274
121083.971 22.3328920479571
123883.51 19.4097733443407
126683.049 16.0094016713607
129482.588 18.4071751796356
132282.127 22.8620753100721
135081.667 23.9987643069924
137881.206 19.2851212879971
140680.745 14.3915852218051
143480.284 12.8112395036358
146279.824 14.3426876548088
149079.363 17.7362058745348
151878.902 19.221502554249
154678.441 19.1772435691459
157477.98 17.2991974948601
160277.52 15.9798975200391
163077.059 15.1472207456777
165876.598 14.0246224968023
168676.137 18.247516254712
171475.676 20.6308033508375
174275.216 19.0529894694083
177074.755 16.880966387713
179874.294 19.9664255128614
182673.833 21.4158674988668
185473.373 21.7893309057083
188272.912 23.0625523457631
191072.451 20.1014295763332
193871.99 20.2107744560711
196671.529 19.7702305538083
199471.069 19.1104531496842
202270.608 16.7735613862884
205070.147 12.4315383640264
207869.686 12.1911023750577
210669.225 13.2517333689198
213468.765 12.3436308319587
216268.304 11.2466196229321
219067.843 11.9674491168879
221867.382 14.3043870982128
224666.922 17.3799367452389
227466.461 17.2079953372227
230266 18.0282411201874
230267 15.6448546445072
237635.294 14.1734317726397
245003.588 37.543183256053
252371.882 NaN
259740.176 11.3652582270919
267108.471 15.2448928722455
274476.765 19.7436479795557
281845.059 10.2777960575596
289213.353 12.8726271440892
296581.647 13.3759055076282
303949.941 21.3229344781852
311318.235 14.4630408343692
318686.529 13.8968365142565
326054.824 11.5109138601097
333423.118 14.1735163481918
340791.412 14.2105413019255
348159.706 16.00674944851
355528 14.168980016009
362896.294 18.0995159768921
370264.588 16.2626725928104
377632.882 14.1121537881599
385001.176 18.2726191216787
392369.471 14.6938797597033
399737.765 16.1461540108844
407106.059 11.0450493095263
414474.353 13.6116353059014
421842.647 16.5234734834478
429210.941 14.3770391999825
436579.235 11.2786090382668
443947.529 14.3138821751939
451315.824 15.6766019467006
458684.118 10.3439373856022
466052.412 10.6418994882781
473420.706 11.1420678938439
480789 15.7807604650237
488157.294 11.5380128693353
495525.588 17.2244006743793
502893.882 16.6801059432774
510262.176 16.1055006274038
517630.471 13.6794532623337
524998.765 14.0420079192078
532367.059 12.9546080897352
539735.353 14.8030211369056
547103.647 20.0186474923048
554471.941 12.4310724284241
561840.235 12.2015969941233
569208.529 16.0157280451311
576576.824 9.8405401151366
583945.118 11.5140395756065
591313.412 9.62765210776495
598681.706 9.43784704509002
606050 16.536278797942
606051 10.5210044411669
625444.118 9.23965721412351
644837.235 10.4018719376428
664230.353 8.65800028331888
683623.471 16.2971097711822
703016.588 13.006620092036
722409.706 11.020168798625
741802.824 14.6991138906796
761195.941 16.4134855986509
780589.059 11.2421718536723
799982.176 10.9564633821304
819375.294 10.5142989256008
838768.412 9.77035344146774
858161.529 17.1035523492537
877554.647 11.116588443859
896947.765 12.6386653919442
916340.882 9.46021124078285
935734 9.71727457981973
955127.118 6.90735290361794
974520.235 13.5521005845437
993913.353 10.284409200962
1013306.471 9.29774255571261
1032699.588 10.1015201449648
1052092.706 10.4781045119868
1071485.824 9.71407175638481
1090878.941 12.1278657452373
1110272.059 12.8351282028713
1129665.176 12.3272006780536
1149058.294 11.7443422358338
1168451.412 6.08600202168829
1187844.529 13.770225578052
1207237.647 5.07698341414528
1226630.765 4.08167373660672
1246023.882 6.61695062690473
1265417 11.5791528730481
1284810.118 2.49468747299002
1304203.235 NaN
1323596.353 3.52538795023416
1342989.471 12.9926554500047
1362382.588 4.91169870714226
1381775.706 16.3401878846749
1401168.824 6.36602150237224
1420561.941 14.3431706255975
1439955.059 NaN
1459348.176 12.133304617848
1478741.294 9.07816558434225
1498134.412 7.19514054986788
1517527.529 6.50820771758927
1536920.647 7.75833912812597
1556313.765 0.932767262029701
1575706.882 4.64724765219135
1595100 12.407299979394
1595100 10.3685349066549
1646141.765 7.88107477927877
1697183.529 8.72640224294626
1748225.294 10.4307959339551
1799267.059 3.52990317332047
1850308.824 7.45433390931025
1901350.588 6.46360510524013
1952392.353 6.06066880845033
2003434.118 9.3021627955928
2054475.882 8.03752151187286
2105517.647 10.1880353679958
2156559.412 5.10683313880518
2207601.176 11.9279782529594
2258642.941 11.6629579794777
2309684.706 9.83768562523978
2360726.471 10.2001437390981
2411768.235 10.0257911005023
2462810 5.20158295525099
2513851.765 12.0607248407703
2564893.529 6.82930287171469
2615935.294 6.26861077849158
2666977.059 9.42903367993423
2718018.824 9.20928290783452
2769060.588 7.37789196852627
2820102.353 11.5220680135978
2871144.118 9.91975568494466
2922185.882 9.05478725308703
2973227.647 9.24633531250067
3024269.412 10.7853434700327
3075311.176 6.18145056181466
3126352.941 9.64636202502386
3177394.706 7.2116951763131
3228436.471 9.40664592234461
3279478.235 6.48107801609119
3330520 6.35109152456373
3381561.765 9.87251762525094
3432603.529 8.80897579293826
3483645.294 9.55995235344301
3534687.059 5.15610762106033
3585728.824 6.3203930021407
3636770.588 11.5613752645107
3687812.353 9.64228382934182
3738854.118 5.27610348510608
3789895.882 9.20994918675691
3840937.647 8.39754239593204
3891979.412 8.26541443152487
3943021.176 9.40879209117183
3994062.941 6.48147810263982
4045104.706 11.4058871798629
4096146.471 10.3876889229274
4147188.235 12.7958959548505
4198230 7.2433782424614
4198230 8.32799844808634
4332570.588 8.00570638644991
4466911.176 7.94363540303753
4601251.765 6.96263792922283
4735592.353 9.84095519497209
4869932.941 8.56504418883052
5004273.529 4.33037925478584
5138614.118 6.7752261649986
5272954.706 8.59444762723005
5407295.294 7.44715267070363
5541635.882 9.54495804303065
5675976.471 6.5424071737972
5810317.059 9.19123451917494
5944657.647 NaN
6078998.235 8.74446505246766
6213338.824 6.36636589010883
6347679.412 5.56957256236107
6482020 3.16894667583664
6616360.588 4.75132486477303
6750701.176 5.66919680643464
6885041.765 6.66206148588535
7019382.353 5.79133605505335
7153722.941 7.50193358929352
7288063.529 NaN
7422404.118 2.2721171043921
7556744.706 6.32639321144654
7691085.294 4.84152404049873
7825425.882 5.36327084078084
7959766.471 4.19074256627025
8094107.059 5.88690342134402
8228447.647 7.54727252876908
8362788.235 4.54904906842467
8497128.824 2.12904105742099
8631469.412 3.2006452386049
8765810 1.49909126970226
8900150.588 3.39912000614043
9034491.176 2.45671853653403
9168831.765 5.86201981657455
9303172.353 3.87787647008008
9437512.941 5.22229111740174
9571853.529 6.36926002539271
9706194.118 2.61854323697936
9840534.706 6.02294218544056
9974875.294 5.2226669179576
10109215.882 6.08802196005816
10243556.471 4.53664381933758
10377897.059 3.61619007764223
10512237.647 5.3139352850115
10646578.235 5.34904138228292
10780918.824 3.60311046712659
10915259.412 3.7217891084427
11049600 NaN
11049600 6.03480806726714
11403174.51 3.54263891057517
11756749.02 5.13159946826586
12110323.529 4.81904643415923
12463898.039 7.64206126895051
12817472.549 6.96105974182996
13171047.059 4.8502919390614
13524621.569 5.2222781183036
13878196.078 4.29562509330681
14231770.588 6.00336205568361
14585345.098 5.78703580680646
14938919.608 NaN
15292494.118 5.99486141445449
15646068.627 5.19418308188712
15999643.137 5.89880340840075
16353217.647 NaN
16706792.157 9.16769767106923
17060366.667 3.44944227836665
17413941.176 5.72417782084394
17767515.686 8.3031721050672
18121090.196 6.03431668962842
18474664.706 6.60262887254364
18828239.216 8.92855403998975
19181813.725 2.75417660849192
19535388.235 6.44748051455984
19888962.745 3.97078710405048
20242537.255 2.7782355528678
20596111.765 7.91400735414582
20949686.275 NaN
21303260.784 NaN
21656835.294 5.63620208838539
22010409.804 7.3565871080548
22363984.314 6.55031319041754
22717558.824 4.42373674748313
23071133.333 6.17739257754122
23424707.843 4.90531194202037
23778282.353 4.4143230808176
24131856.863 4.28714441596528
24485431.373 6.55176009499357
24839005.882 6.95683517236907
25192580.392 5.15411512180738
25546154.902 NaN
25899729.412 7.20711831948484
26253303.922 4.99493637265025
26606878.431 4.3826636211396
26960452.941 4.9516057753549
27314027.451 6.42337811320402
27667601.961 NaN
28021176.471 7.69510767916053
28374750.98 8.80042359525656
28728325.49 6.16447421019923
29081900 6.47550099446468
29081900 5.75663096249195
30012498.039 7.95468163047297
30943096.078 10.2453784408887
31873694.118 7.96938659806606
32804292.157 3.64164774882184
33734890.196 10.3009009217475
34665488.235 6.28411105253797
35596086.275 4.45410392225479
36526684.314 5.890858868945
37457282.353 6.33696899420477
38387880.392 3.88845940225021
39318478.431 7.34308788348166
40249076.471 3.25426781748842
41179674.51 5.56081088589813
42110272.549 6.06733072175178
43040870.588 8.33026293410784
43971468.627 4.76725456393552
44902066.667 6.6271334637665
45832664.706 2.26352150351757
46763262.745 5.66751623341079
47693860.784 8.99806414425483
48624458.824 5.10852574692826
49555056.863 5.03284064589687
50485654.902 9.39234581950312
51416252.941 8.64650400001339
52346850.98 7.87828312833181
53277449.02 9.64343113962132
54208047.059 5.60779632383892
55138645.098 10.132835970248
56069243.137 8.57906438401816
56999841.176 NaN
57930439.216 11.1583140101765
58861037.255 NaN
59791635.294 NaN
60722233.333 NaN
61652831.373 6.55263187057989
62583429.412 NaN
63514027.451 NaN
64444625.49 NaN
65375223.529 6.3962757437972
66305821.569 8.72597990024994
67236419.608 NaN
68167017.647 6.04853589846982
69097615.686 1.87915587532663
70028213.725 NaN
70958811.765 7.84827678293969
71889409.804 NaN
72820007.843 10.6417733117894
73750605.882 NaN
74681203.922 NaN
75611801.961 NaN
76542400 5.27923155358748
76542400 NaN
78991686.275 6.38478130134795
81440972.549 0.935903708560528
83890258.824 7.66124308651268
86339545.098 NaN
88788831.373 9.76702317148228
91238117.647 NaN
93687403.922 NaN
96136690.196 NaN
98585976.471 NaN
101035262.745 NaN
103484549.02 NaN
105933835.294 NaN
108383121.569 7.36269135232132
110832407.843 NaN
113281694.118 11.5225018584751
115730980.392 NaN
118180266.667 9.27481621271221
120629552.941 NaN
123078839.216 NaN
125528125.49 16.2375512337168
127977411.765 NaN
130426698.039 NaN
132875984.314 NaN
135325270.588 21.9127402347462
137774556.863 28.7920470441951
140223843.137 NaN
142673129.412 19.8661680752874
145122415.686 NaN
147571701.961 NaN
150020988.235 NaN
152470274.51 NaN
154919560.784 NaN
157368847.059 NaN
159818133.333 NaN
162267419.608 NaN
164716705.882 NaN
167165992.157 NaN
169615278.431 NaN
172064564.706 NaN
174513850.98 NaN
176963137.255 16.5837736616903
179412423.529 18.7593509962765
181861709.804 16.9162321168074
184310996.078 37.0838212568697
186760282.353 41.8517186456067
189209568.627 51.4681463311589
191658854.902 25.3230355721998
194108141.176 NaN
196557427.451 28.4398549760619
199006713.725 21.6273828208636
201456000 41.838325302045
