101 365.686202118314
104.18 168.931862385948
107.361 NaN
110.541 74.3927012000058
113.721 207.854154402077
116.902 248.57594006676
120.082 210.705740315071
123.262 204.94433243411
126.443 220.046345731582
129.623 241.354984466041
132.803 227.054230210408
135.983 205.69900883556
139.164 231.117026374068
142.344 206.470960346737
145.524 NaN
148.705 NaN
151.885 NaN
155.065 NaN
158.246 143.36598361941
161.426 230.310958821052
164.606 196.23142845838
167.787 173.283288921932
170.967 179.51909965953
174.147 198.264528137339
177.328 208.950228000168
180.508 187.437104849636
183.688 169.221982268145
186.868 203.041837829084
190.049 212.132330529022
193.229 231.839324111301
196.409 278.782429423203
199.59 348.075633453198
202.77 382.303610841686
205.95 380.099064047779
209.131 281.663578690243
212.311 239.112180440859
215.491 226.48630408241
218.672 236.894338394265
221.852 259.456342827226
225.032 272.152429717393
228.213 238.420445865647
231.393 202.646331671061
234.573 179.019163522147
237.753 228.853346889514
240.934 259.439364273006
244.114 248.79542889445
247.294 202.879594062049
250.475 194.987248849659
253.655 206.280809245907
256.835 238.365542719749
260.016 262.978668601989
263.196 232.455955572429
264.196 232.474363268044
272.598 220.921087889047
281.001 204.540448021959
289.403 156.548057738317
297.806 159.947551278963
306.208 170.080322292972
314.611 184.234902927381
323.013 181.33217419757
331.415 153.546448347903
339.818 160.213565160328
348.22 166.820232871866
356.623 165.324347796338
365.025 170.830592076733
373.428 171.059096350973
381.83 185.412838270676
390.232 218.840395026243
398.635 253.436513000069
407.037 247.93077117674
415.44 237.009463498028
423.842 166.498013041073
432.245 152.14306489045
440.647 175.104904560988
449.049 180.219741849852
457.452 177.924024990603
465.854 172.433933139572
474.257 140.447806703178
482.659 110.641252060688
491.062 115.95899942155
499.464 121.924953568937
507.867 127.93201435314
516.269 131.476726897568
524.671 133.090895063198
533.074 135.838319349878
541.476 140.520675444308
549.879 146.4932220574
558.281 144.456211207335
566.684 148.153751990404
575.086 136.76083177251
583.488 146.377298242751
591.891 172.932845478946
600.293 209.814715163535
608.696 199.845848323437
617.098 165.588837051705
625.501 145.211226511103
633.903 148.001860273401
642.305 190.797814452021
650.708 200.984938587608
659.11 197.690190403177
667.513 191.854087072492
675.915 183.557413067428
684.318 163.811387413417
692.72 167.304310017296
693.72 103.090614952485
715.867 117.44930675261
738.014 99.5445425439713
760.161 133.255142798988
782.307 140.226316752518
804.454 133.185945852806
826.601 128.378770607362
848.748 140.597638196248
870.895 130.847782770622
893.042 116.055677461241
915.189 135.913776739519
937.335 100.156145679365
959.482 91.9328124525416
981.629 112.978664949668
1003.776 129.623735849215
1025.923 111.524717422942
1048.07 107.405357593728
1070.217 98.780117702139
1092.364 103.362768946839
1114.51 122.360811423731
1136.657 104.850232942471
1158.804 85.5070347169065
1180.951 108.209756619278
1203.098 146.818059276387
1225.245 134.375142383461
1247.392 86.2122252294837
1269.538 76.6643845928333
1291.685 91.9471863141164
1313.832 74.7526668527814
1335.979 109.713657132586
1358.126 86.7724003310182
1380.273 82.0926648140378
1402.42 117.028558412738
1424.566 103.841883074706
1446.713 92.7409139901557
1468.86 103.518183018755
1491.007 96.3008022054731
1513.154 127.871098027942
1535.301 122.813029028557
1557.448 77.1962896123505
1579.595 72.0597109957301
1601.741 106.576571270406
1623.888 156.537443786311
1646.035 148.675683697552
1668.182 82.1725355687164
1690.329 90.5652912935339
1712.476 91.0938890935305
1734.623 97.825451899049
1756.769 85.4006398758836
1778.916 112.285433196723
1801.063 82.9075929101845
1823.21 89.0369957253495
1824.21 95.6670901044229
1882.531 103.47642572559
1940.853 114.447935285123
1999.174 96.1919383673655
2057.495 99.4488154209262
2115.817 99.9489290771599
2174.138 107.335966371843
2232.46 95.4049123652312
2290.781 67.9624728528452
2349.102 70.7964137725966
2407.424 75.1303299631651
2465.745 65.7223105532713
2524.066 77.4209822324729
2582.388 81.5582313620712
2640.709 92.3168923007181
2699.031 96.140396940262
2757.352 78.814093351176
2815.673 73.3479351816127
2873.995 57.3984881105907
2932.316 66.4103780145766
2990.637 65.6789220075333
3048.959 85.0787954643466
3107.28 92.9008756569
3165.602 88.2004160355865
3223.923 79.4102162740345
3282.244 69.3670812867847
3340.566 89.4383414302436
3398.887 97.0829992331517
3457.208 87.1247917314658
3515.53 64.2607580615388
3573.851 57.5986480097736
3632.173 72.7803575005218
3690.494 67.3588924416858
3748.815 78.259060241899
3807.137 83.0879876488112
3865.458 57.3816887478246
3923.779 71.9034561679141
3982.101 82.7723827995759
4040.422 77.1414372196723
4098.744 85.0947495593546
4157.065 70.5915540881976
4215.386 67.3169729673814
4273.708 65.1854189081407
4332.029 53.7928143590929
4390.35 65.0307829681184
4448.672 68.3792136396401
4506.993 67.7927316823429
4565.315 65.3097199812924
4623.636 56.6060991000336
4681.957 68.0153110759588
4740.279 72.9700186764863
4798.6 72.4429616450976
4799.6 60.9850237703687
4953.131 59.5729163563714
5106.663 58.830585447783
5260.194 56.7600773119999
5413.725 61.6088546504516
5567.257 71.7478551940725
5720.788 71.0859334667975
5874.32 78.8757949357022
6027.851 62.1353062680848
6181.382 57.0872595743297
6334.914 59.706485380211
6488.445 52.3261234600269
6641.976 40.7889367813675
6795.508 39.8831214385629
6949.039 47.6971334688071
7102.571 50.7470215791309
7256.102 55.9071314165302
7409.633 61.975851384905
7563.165 65.6711411826413
7716.696 66.104250574249
7870.227 47.0651095646846
8023.759 49.5107381605493
8177.29 50.1103164882574
8330.822 42.4783062427964
8484.353 49.1622790367405
8637.884 51.1559759441658
8791.416 52.80081109238
8944.947 59.6370713456463
9098.478 54.2122507961167
9252.01 56.5447296540081
9405.541 47.268184810209
9559.073 49.3610977389739
9712.604 50.913705646883
9866.135 44.7179754445179
10019.667 28.0004861884152
10173.198 31.3672007709207
10326.729 42.3165089790398
10480.261 38.7823604748327
10633.792 27.6237764531592
10787.324 40.1970591937763
10940.855 45.2534859421183
11094.386 40.4550002106465
11247.918 27.0653544517856
11401.449 36.0084041037861
11554.98 30.0339051973849
11708.512 28.3624931916387
11862.043 36.8768696545813
12015.575 32.9642272899331
12169.106 38.0482210391496
12322.637 41.3410327047195
12476.169 39.4727412136843
12629.7 30.2285026294413
12630.7 46.7918155181313
13034.822 35.1010455228474
13438.943 27.2677775579729
13843.065 27.4682940961179
14247.186 27.6832781719044
14651.308 32.704739961622
15055.429 33.8074802467161
15459.551 36.4085443794555
15863.673 41.1979816013996
16267.794 45.2429992331684
16671.916 38.2052729039742
17076.037 36.2927478382165
17480.159 35.6311466317058
17884.28 25.6064514410028
18288.402 26.2407389962947
18692.524 38.3830684120548
19096.645 40.6660937284725
19500.767 34.3569290566154
19904.888 27.1970874489942
20309.01 33.2912215855317
20713.131 40.792841126067
21117.253 40.1591620363239
21521.375 35.9769973070904
21925.496 29.9959426587021
22329.618 26.2227828626002
22733.739 31.8272764312686
23137.861 30.9019748317468
23541.982 29.1388686653439
23946.104 36.358354709634
24350.225 43.7359692266424
24754.347 41.0632682587068
25158.469 33.6303145807488
25562.59 21.9031089177037
25966.712 20.1599622865753
26370.833 23.6120930918314
26774.955 23.7510037471306
27179.076 30.1771033236814
27583.198 30.6837102952147
27987.32 27.7354054452773
28391.441 30.1962770693987
28795.563 28.9831568640195
29199.684 29.3073699388753
29603.806 25.958713487255
30007.927 27.9655353405972
30412.049 26.0891390720417
30816.171 24.6828911148571
31220.292 25.3376006271941
31624.414 24.9070345928537
32028.535 22.5891216539718
32432.657 24.9868478285415
32836.778 22.027628696988
33240.9 24.252568719777
33241.9 27.8358121969072
34305.559 27.1668041966481
35369.218 26.8001567952891
36432.876 24.185434508272
37496.535 21.2402812613889
38560.194 19.0423844849471
39623.853 22.5310063612256
40687.512 23.7965147769344
41751.171 25.8246162578951
42814.829 25.0983270598132
43878.488 21.5401364154855
44942.147 17.9848581345178
46005.806 20.0274632521634
47069.465 22.1941294342613
48133.124 21.0553405336478
49196.782 23.1536636663897
50260.441 23.5234822213905
51324.1 20.6470510622647
52387.759 20.0903319523393
53451.418 19.5033333283914
54515.076 20.7768337813763
55578.735 21.6936447154663
56642.394 21.5049572863088
57706.053 22.4031069221984
58769.712 22.6152977915545
59833.371 18.0648145080358
60897.029 18.2825713874312
61960.688 19.8797821737904
63024.347 24.107697772513
64088.006 26.4450238974336
65151.665 26.3291611923707
66215.324 23.6595513293634
67278.982 21.3559140687417
68342.641 19.0706085517379
69406.3 21.1295255733935
70469.959 22.7964264548312
71533.618 21.0071762427288
72597.276 17.7154410875794
73660.935 16.7076995981919
74724.594 17.1703245904038
75788.253 18.1495092478678
76851.912 20.3330672551666
77915.571 20.5435992399759
78979.229 19.7146124990307
80042.888 21.7461789238015
81106.547 23.8548614284878
82170.206 24.1471471680296
83233.865 20.8471493782137
84297.524 17.9611653238602
85361.182 14.5796102264749
86424.841 14.6934818911652
87488.5 14.5206991634366
87489.5 19.064469032222
90289.039 20.7020949297126
93088.578 20.6515164057091
95888.118 16.4466298081658
98687.657 15.3376257489639
101487.196 16.1452493006101
104286.735 15.7021450811291
107086.275 16.7643924849906
109885.814 18.6171419119923
112685.353 18.3583126251803
115484.892 16.2494509794558
118284.431 11.7770202488528
121083.971 13.5431913026949
123883.51 16.1623741701703
126683.049 15.9998986593996
129482.588 15.2299452816704
132282.127 14.8875252410316
135081.667 14.3235449869725
137881.206 15.0072521901434
140680.745 17.0114438347478
143480.284 17.470532658946
146279.824 16.9398401409292
149079.363 11.3007836919574
151878.902 12.3423394731574
154678.441 15.4468368391157
157477.98 16.6382947005683
160277.52 18.6141004587511
163077.059 16.8447653348199
165876.598 15.084526593936
168676.137 15.2159241779856
171475.676 15.7429263413547
174275.216 15.9868016886781
177074.755 17.1225274763642
179874.294 14.9279238492629
182673.833 10.7576564732346
185473.373 10.2912542716761
188272.912 12.1642766397858
191072.451 14.6016530963205
193871.99 12.5914848864961
196671.529 10.5941711925273
199471.069 11.263963771782
202270.608 12.3654331661956
205070.147 12.453558195508
207869.686 13.8147048165687
210669.225 12.4147771424478
213468.765 11.2963469329438
216268.304 10.2390832312477
219067.843 8.0633675321614
221867.382 9.41485928489278
224666.922 10.7255421589608
227466.461 10.6196187325088
230266 13.2530988416241
230267 12.1833312922751
237635.294 15.0287814971868
245003.588 NaN
252371.882 NaN
259740.176 10.4562348511521
267108.471 13.2525949451472
274476.765 13.8495924918771
281845.059 14.4748750317994
289213.353 12.4078232331894
296581.647 10.6845839195172
303949.941 12.0230606229663
311318.235 11.9134238303841
318686.529 9.1941567124116
326054.824 9.91087988308407
333423.118 12.4847922647359
340791.412 12.200472622606
348159.706 10.4057107387556
355528 10.2607346411658
362896.294 9.12799778361431
370264.588 11.0760885225716
377632.882 8.3077218013001
385001.176 7.30731615171328
392369.471 9.90822767919807
399737.765 9.75659377011447
407106.059 8.07677621141665
414474.353 8.62311826487293
421842.647 9.0596368216821
429210.941 8.33746793295251
436579.235 11.525218625101
443947.529 9.69382189262074
451315.824 9.25315417258253
458684.118 7.50276173315179
466052.412 9.31941605514084
473420.706 9.92163244660991
480789 9.31009783093669
488157.294 10.5423261412293
495525.588 7.82598340348943
502893.882 9.37149104348157
510262.176 9.10767749330914
517630.471 8.30750365031647
524998.765 8.34981919004719
532367.059 7.07774518268647
539735.353 9.34751318166001
547103.647 11.9290017413702
554471.941 9.21838819061189
561840.235 11.1396876304088
569208.529 8.94815532968623
576576.824 8.27833341540133
583945.118 8.67863043823034
591313.412 10.2469596797562
598681.706 9.5084332682873
606050 8.41555399318265
606051 8.09789771054798
625444.118 9.43427905055904
644837.235 6.51066156237649
664230.353 9.97896319700769
683623.471 6.3942432697136
703016.588 9.49413861505282
722409.706 7.77119803284647
741802.824 12.1152106350691
761195.941 7.21511235041992
780589.059 5.87448636680337
799982.176 8.4305928870718
819375.294 10.5818872283824
838768.412 8.40014098409493
858161.529 5.78495326038108
877554.647 6.82386015136144
896947.765 10.2578694859019
916340.882 6.59134703217154
935734 7.18346844435191
955127.118 7.80491633164298
974520.235 6.24017126661592
993913.353 7.16389382814406
1013306.471 7.58553900453619
1032699.588 7.4970096562193
1052092.706 7.78221965341759
1071485.824 7.04402284890304
1090878.941 6.36690116965498
1110272.059 7.88962199576244
1129665.176 7.82410870518936
1149058.294 8.76367576842008
1168451.412 9.65024660563644
1187844.529 8.62438189512878
1207237.647 9.27866132666147
1226630.765 11.560358186286
1246023.882 11.1011234259212
1265417 13.023809580109
1284810.118 8.34868804259757
1304203.235 8.90552047492123
1323596.353 10.1819552050842
1342989.471 9.9963822725585
1362382.588 11.3008851993354
1381775.706 8.36709130502871
1401168.824 9.25053392077669
1420561.941 9.67975015788985
1439955.059 7.92457185935846
1459348.176 7.03337342453286
1478741.294 8.73971692126333
1498134.412 7.22842299514243
1517527.529 5.66849881643705
1536920.647 7.02643405262712
1556313.765 5.05756628602138
1575706.882 4.92082513178778
1595100 8.55569277643719
1595100 6.39938362878841
1646141.765 6.87009395086579
1697183.529 4.70719919418048
1748225.294 4.82101246658684
1799267.059 7.42800346063507
1850308.824 5.83091008234574
1901350.588 4.6773716470833
1952392.353 4.79368891038925
2003434.118 5.16108091414027
2054475.882 6.81983297864722
2105517.647 4.71963836227472
2156559.412 5.06827967134407
2207601.176 6.46080183797736
2258642.941 6.14381600073692
2309684.706 5.25082250632932
2360726.471 4.6674277077949
2411768.235 5.20511570035957
2462810 5.73621718924377
2513851.765 5.70337630843682
2564893.529 2.28566589327745
2615935.294 5.44077686760033
2666977.059 4.2729969835633
2718018.824 4.80120954943257
2769060.588 5.71912145081143
2820102.353 3.73686333064854
2871144.118 5.78471603939994
2922185.882 3.88855884634589
2973227.647 2.95585359230254
3024269.412 5.29523648286645
3075311.176 4.80069059737013
3126352.941 4.07195852172291
3177394.706 6.26562067028026
3228436.471 3.93995899795307
3279478.235 4.5367530325153
3330520 5.65227240329486
3381561.765 4.61372430051567
3432603.529 4.94673582894451
3483645.294 4.58662608991521
3534687.059 2.81768526051627
3585728.824 3.94253397249235
3636770.588 5.2434588861675
3687812.353 2.92308360588644
3738854.118 5.02241569376874
3789895.882 6.08225562791679
3840937.647 4.75308358004161
3891979.412 3.80399593756115
3943021.176 5.22162012101606
3994062.941 4.28716247551257
4045104.706 5.95011851048207
4096146.471 5.01459712105068
4147188.235 5.03698826918611
4198230 2.87264331174279
4198230 4.019913831298
4332570.588 3.83582321561792
4466911.176 5.6751884212074
4601251.765 3.24632831036767
4735592.353 4.97004528853575
4869932.941 3.33492085140166
5004273.529 3.42534078220169
5138614.118 2.05016013201199
5272954.706 5.29391567200387
5407295.294 4.59182580570557
5541635.882 6.04158620793839
5675976.471 3.45870178616784
5810317.059 3.28994316176506
5944657.647 3.38842854149539
6078998.235 4.5941061159338
6213338.824 2.47884412654119
6347679.412 5.62310392641025
6482020 3.92444181625191
6616360.588 3.96517248180393
6750701.176 NaN
6885041.765 4.21508748738067
7019382.353 4.31693884711033
7153722.941 2.64375222288622
7288063.529 4.52746500276533
7422404.118 3.40997027866494
7556744.706 2.79835413826096
7691085.294 3.3069548552482
7825425.882 4.23379842764962
7959766.471 3.0442425889289
8094107.059 3.07283207830874
8228447.647 4.11016312935075
8362788.235 3.78863575497754
8497128.824 3.087105780829
8631469.412 3.35060261718148
8765810 2.47849153890389
8900150.588 3.36848129268265
9034491.176 4.08573652825427
9168831.765 2.95500082922972
9303172.353 3.26791653902454
9437512.941 1.08759101463629
9571853.529 3.84801161145848
9706194.118 3.42997017269301
9840534.706 2.55929366189106
9974875.294 1.64906001653956
10109215.882 4.0689643378119
10243556.471 2.67777479307287
10377897.059 3.9453469566299
10512237.647 2.75068422254363
10646578.235 3.06586597552095
10780918.824 2.4668541284937
10915259.412 2.4228614556279
11049600 2.64349416351066
11049600 3.51578385500166
11403174.51 2.44610062273715
11756749.02 3.68092065607167
12110323.529 4.3704120552723
12463898.039 3.51716866725151
12817472.549 2.6648945279987
13171047.059 3.57325750306229
13524621.569 3.36910781833154
13878196.078 3.56188594520864
14231770.588 4.16417417427257
14585345.098 3.5204581649538
14938919.608 2.93874929009643
15292494.118 3.27919924115927
15646068.627 2.93114623490515
15999643.137 4.29525379790224
16353217.647 3.58680321861192
16706792.157 3.33002901106748
17060366.667 2.56618992175374
17413941.176 4.5907997527596
17767515.686 4.43879099736429
18121090.196 2.61293278763973
18474664.706 2.49628570909726
18828239.216 3.91493938239113
19181813.725 3.33919276524981
19535388.235 3.72887742522505
19888962.745 2.24959207233888
20242537.255 2.68289670974335
20596111.765 4.1129430833123
20949686.275 2.18397560639283
21303260.784 2.73227331192516
21656835.294 3.54937690681199
22010409.804 2.51117401481827
22363984.314 3.43978309005596
22717558.824 3.52470118790889
23071133.333 2.67591449454082
23424707.843 3.06477744484482
23778282.353 2.38843584415524
24131856.863 2.95506654971058
24485431.373 4.04156774030492
24839005.882 3.03880028755844
25192580.392 3.29048235238316
25546154.902 4.55953707812103
25899729.412 1.23692685197867
26253303.922 2.63869697913235
26606878.431 4.08466668493428
26960452.941 2.84185499612315
27314027.451 3.39045470783213
27667601.961 2.07010460323608
28021176.471 4.29440807236886
28374750.98 3.22698242309462
28728325.49 2.88537403270741
29081900 4.6095817318681
29081900 3.44576912904662
30012498.039 1.80895740510826
30943096.078 1.84908190107109
31873694.118 2.50339335992675
32804292.157 3.23018876314467
33734890.196 5.25480539120812
34665488.235 2.79434706484041
35596086.275 2.80861169060417
36526684.314 5.25322994074289
37457282.353 1.55173272383488
38387880.392 4.28210454195808
39318478.431 3.17449958233899
40249076.471 2.5812878560923
41179674.51 1.41022164568047
42110272.549 2.94602277525389
43040870.588 2.86827906961421
43971468.627 3.8653963643557
44902066.667 1.97916653622409
45832664.706 4.15761863076563
46763262.745 3.43848833031359
47693860.784 1.96034173326768
48624458.824 3.65178786837973
49555056.863 3.15972506666043
50485654.902 1.02852682078223
51416252.941 3.96266435189918
52346850.98 2.04237707723429
53277449.02 3.02114557474145
54208047.059 1.66132331491068
55138645.098 4.19027473639352
56069243.137 3.52918310671665
56999841.176 NaN
57930439.216 3.74437834376577
58861037.255 NaN
59791635.294 1.65842679549953
60722233.333 3.76164239717538
61652831.373 2.73343655249621
62583429.412 NaN
63514027.451 0.846325293003558
64444625.49 NaN
65375223.529 NaN
66305821.569 2.46759907717818
67236419.608 1.94043878991118
68167017.647 NaN
69097615.686 1.97995995113285
70028213.725 2.85966070322959
70958811.765 NaN
71889409.804 1.63603595365536
72820007.843 4.28940391147646
73750605.882 4.65159341592795
74681203.922 4.83985520130586
75611801.961 NaN
76542400 4.55046730212754
76542400 NaN
78991686.275 2.52758716323396
81440972.549 0.523551195530903
83890258.824 NaN
86339545.098 4.67253060670671
88788831.373 NaN
91238117.647 NaN
93687403.922 1.95988930317013
96136690.196 3.19400741145985
98585976.471 NaN
101035262.745 NaN
103484549.02 6.05692027935619
105933835.294 NaN
108383121.569 NaN
110832407.843 3.76452766184145
113281694.118 NaN
115730980.392 3.35716165180999
118180266.667 5.57243973575852
120629552.941 3.53127993243255
123078839.216 NaN
125528125.49 NaN
127977411.765 4.95235287040455
130426698.039 NaN
132875984.314 NaN
135325270.588 13.2974499356806
137774556.863 2.74400564886102
140223843.137 6.02253369434751
142673129.412 1.86931614311486
145122415.686 NaN
147571701.961 NaN
150020988.235 9.54974340948113
152470274.51 6.71168790487134
154919560.784 NaN
157368847.059 NaN
159818133.333 NaN
162267419.608 NaN
164716705.882 15.4291776005729
167165992.157 9.58298521790811
169615278.431 NaN
172064564.706 NaN
174513850.98 NaN
176963137.255 11.5090499507523
179412423.529 6.93693025478551
181861709.804 15.4729196011915
184310996.078 12.2483243547684
186760282.353 10.4871557851411
189209568.627 16.8178241755176
191658854.902 7.95802653849496
194108141.176 7.77848776916878
196557427.451 8.0082638463744
199006713.725 17.5405148067745
201456000 3.49401245448324
