101 8.67648148075707e-08
104.18 8.92823636593177e-08
107.361 1.08250250341069e-07
110.541 1.34782590109712e-07
113.721 1.35376601176629e-07
116.902 1.26140702983551e-07
120.082 1.1521212158059e-07
123.262 1.12567387501597e-07
126.443 1.0039182510554e-07
129.623 8.48643229546218e-08
132.803 7.39338108733883e-08
135.983 6.50803207442795e-08
139.164 7.54473073245441e-08
142.344 7.33085901719312e-08
145.524 7.36310214443184e-08
148.705 7.06444391163734e-08
151.885 6.48471794574322e-08
155.065 5.8751656434423e-08
158.246 4.99129060634277e-08
161.426 5.96120772513046e-08
164.606 7.08572891255154e-08
167.787 6.29164689782172e-08
170.967 4.25317699989944e-08
174.147 3.75302213324071e-08
177.328 5.36527382414525e-08
180.508 6.37643007164206e-08
183.688 7.36679896042485e-08
186.868 6.95173409498339e-08
190.049 5.82413985495814e-08
193.229 5.249346478755e-08
196.409 5.44043886081603e-08
199.59 6.90440338789742e-08
202.77 7.3875004514909e-08
205.95 5.89772028496852e-08
209.131 5.43470871455723e-08
212.311 5.88406642258094e-08
215.491 7.07032915500189e-08
218.672 7.6384467462637e-08
221.852 6.62069297493734e-08
225.032 5.88840592535004e-08
228.213 5.69660343948543e-08
231.393 5.83185786347968e-08
234.573 5.79115935218383e-08
237.753 5.10104544905642e-08
240.934 4.65239661428184e-08
244.114 4.1674578400306e-08
247.294 4.17107363457375e-08
250.475 3.9409229684558e-08
253.655 4.36498955527037e-08
256.835 4.30946404221068e-08
260.016 4.33340963033569e-08
263.196 4.53074549273542e-08
264.196 4.49478720267063e-08
272.598 4.99184071179227e-08
281.001 5.0899503417037e-08
289.403 4.88107508730553e-08
297.806 4.66741668496566e-08
306.208 4.57762367064389e-08
314.611 4.93618139785552e-08
323.013 4.94280530437043e-08
331.415 4.22987834988638e-08
339.818 3.83118225235785e-08
348.22 3.76150105735074e-08
356.623 3.62060609627176e-08
365.025 3.3777091168581e-08
373.428 3.40392780309656e-08
381.83 3.52055970150951e-08
390.232 3.38154730732064e-08
398.635 2.97288551488045e-08
407.037 2.79592796072621e-08
415.44 3.27834766613437e-08
423.842 4.41436797781542e-08
432.245 4.39357838450997e-08
440.647 3.96884220977637e-08
449.049 3.60484152228859e-08
457.452 3.5894292633802e-08
465.854 3.81526213423366e-08
474.257 3.92502062299655e-08
482.659 3.89006247027318e-08
491.062 3.43310850734162e-08
499.464 3.27541865465549e-08
507.867 3.4905542543637e-08
516.269 3.77539389848921e-08
524.671 3.81077703701681e-08
533.074 3.90115546564873e-08
541.476 3.74159319489923e-08
549.879 3.13434682411286e-08
558.281 3.15383653179516e-08
566.684 3.36539870045987e-08
575.086 3.70310960946972e-08
583.488 3.92868003003188e-08
591.891 3.96602456193698e-08
600.293 3.58811634140546e-08
608.696 3.46215323103403e-08
617.098 3.00043109106576e-08
625.501 3.15097961354882e-08
633.903 3.38752849535405e-08
642.305 3.32830012664804e-08
650.708 3.24247619047478e-08
659.11 3.03303943960821e-08
667.513 2.83791777758739e-08
675.915 2.79557083267852e-08
684.318 3.04564008514126e-08
692.72 2.79002501634077e-08
693.72 3.57411570347873e-08
715.867 2.79403953605423e-08
738.014 2.35682856460359e-08
760.161 2.77632190655388e-08
782.307 2.57037796640204e-08
804.454 2.62260273504267e-08
826.601 3.18936471305772e-08
848.748 3.18734456437689e-08
870.895 2.20665807807294e-08
893.042 2.66412393184699e-08
915.189 3.68259853102632e-08
937.335 3.23138050344546e-08
959.482 2.98036228082032e-08
981.629 3.12702979424617e-08
1003.776 2.69683393988658e-08
1025.923 3.12112228258219e-08
1048.07 3.02933309414311e-08
1070.217 2.92251640304821e-08
1092.364 1.84628895497924e-08
1114.51 2.70539930576634e-08
1136.657 2.81048592458575e-08
1158.804 2.59273273354254e-08
1180.951 1.95179675702183e-08
1203.098 2.26835385225749e-08
1225.245 2.67282865392906e-08
1247.392 2.27216312503942e-08
1269.538 1.74595535434318e-08
1291.685 1.86117050069953e-08
1313.832 2.39486872922364e-08
1335.979 2.44713659391314e-08
1358.126 1.727647886775e-08
1380.273 2.06940233109694e-08
1402.42 2.86909336323074e-08
1424.566 2.18797260955247e-08
1446.713 2.21102996254771e-08
1468.86 2.25009840241477e-08
1491.007 2.0614933113745e-08
1513.154 2.1452056380146e-08
1535.301 2.05743529075248e-08
1557.448 2.14224762573061e-08
1579.595 2.54199707160056e-08
1601.741 2.20245493317409e-08
1623.888 1.87688197368013e-08
1646.035 1.70675340981325e-08
1668.182 1.83168082873473e-08
1690.329 2.29318262489088e-08
1712.476 2.60956955852904e-08
1734.623 1.89307346252252e-08
1756.769 2.16479808380984e-08
1778.916 1.95426927691216e-08
1801.063 2.38350918138352e-08
1823.21 1.75442274477675e-08
1824.21 1.91609611839681e-08
1882.531 1.92979267852249e-08
1940.853 2.4664656261474e-08
1999.174 2.50877732760956e-08
2057.495 2.07205151482974e-08
2115.817 1.69028528209824e-08
2174.138 1.29615380504488e-08
2232.46 1.31997628997311e-08
2290.781 1.74561992748576e-08
2349.102 1.66529663078273e-08
2407.424 1.56850621187218e-08
2465.745 1.66935978271153e-08
2524.066 1.85589212212014e-08
2582.388 1.57741207182597e-08
2640.709 1.49915018188225e-08
2699.031 1.8098776579884e-08
2757.352 1.94131149540977e-08
2815.673 1.55581010417896e-08
2873.995 1.35342850095838e-08
2932.316 1.21933370502788e-08
2990.637 1.12985509365441e-08
3048.959 1.66039240161279e-08
3107.28 1.58527689704777e-08
3165.602 1.31104679301183e-08
3223.923 1.53566740450552e-08
3282.244 1.65331959147483e-08
3340.566 1.37164618406091e-08
3398.887 1.41796813273593e-08
3457.208 1.70703469085407e-08
3515.53 1.60551959691386e-08
3573.851 1.21414224373214e-08
3632.173 1.42923871187194e-08
3690.494 1.3160972382725e-08
3748.815 1.19378938238462e-08
3807.137 1.14148545148681e-08
3865.458 9.20125255199967e-09
3923.779 1.54000039723373e-08
3982.101 1.739710846121e-08
4040.422 1.38804826926495e-08
4098.744 1.16385570207918e-08
4157.065 1.17953303638909e-08
4215.386 1.23236523554229e-08
4273.708 1.67161125757945e-08
4332.029 1.66325740866155e-08
4390.35 1.40843365327225e-08
4448.672 1.5565858399343e-08
4506.993 1.34289416166059e-08
4565.315 1.1171893976016e-08
4623.636 1.25274438095235e-08
4681.957 1.18692346659688e-08
4740.279 1.08079223052645e-08
4798.6 1.15148901915851e-08
4799.6 9.92848108039009e-09
4953.131 8.85405228718259e-09
5106.663 1.01494175748961e-08
5260.194 1.10206155421702e-08
5413.725 1.11334327552318e-08
5567.257 8.08245427698651e-09
5720.788 6.81744568098369e-09
5874.32 1.07937966629732e-08
6027.851 1.14097343247663e-08
6181.382 1.13667088752483e-08
6334.914 1.1525993280651e-08
6488.445 1.05376104204876e-08
6641.976 1.03498008904342e-08
6795.508 1.02839623957311e-08
6949.039 1.14794736193253e-08
7102.571 1.16787128419871e-08
7256.102 1.12283221487431e-08
7409.633 9.0184746334132e-09
7563.165 8.98223476266997e-09
7716.696 1.07081342549063e-08
7870.227 9.79292726315651e-09
8023.759 9.02362951765956e-09
8177.29 9.59409302060479e-09
8330.822 1.0947752932417e-08
8484.353 9.14287116784047e-09
8637.884 1.02395736106961e-08
8791.416 1.18239207902237e-08
8944.947 1.077571231993e-08
9098.478 7.27874519070317e-09
9252.01 7.83067731048168e-09
9405.541 7.77156157107834e-09
9559.073 9.13032624442865e-09
9712.604 9.96739578819925e-09
9866.135 1.06650992669259e-08
10019.667 9.01523629804821e-09
10173.198 7.79011351417093e-09
10326.729 7.74842632317687e-09
10480.261 6.01609741023646e-09
10633.792 7.16609365608476e-09
10787.324 8.9513980606007e-09
10940.855 8.93151044965639e-09
11094.386 8.48578405674477e-09
11247.918 6.28458911158465e-09
11401.449 8.00655181055444e-09
11554.98 7.90342433418176e-09
11708.512 7.99625784883593e-09
11862.043 1.04233855676056e-08
12015.575 8.37370378771793e-09
12169.106 9.77660058599575e-09
12322.637 8.40316638149045e-09
12476.169 6.4454151276591e-09
12629.7 7.54478306887283e-09
12630.7 7.70792765829673e-09
13034.822 8.12433581703261e-09
13438.943 8.10913574596505e-09
13843.065 9.19253590562453e-09
14247.186 8.19922811323371e-09
14651.308 6.50631666233435e-09
15055.429 5.29357587816874e-09
15459.551 4.5269933911299e-09
15863.673 5.81498993828499e-09
16267.794 6.8538856101084e-09
16671.916 6.79990664232653e-09
17076.037 5.92463691201371e-09
17480.159 5.58711458542284e-09
17884.28 5.63379298364968e-09
18288.402 6.15068910613152e-09
18692.524 6.77713276260732e-09
19096.645 5.96860245729592e-09
19500.767 4.51893110175515e-09
19904.888 3.90170808712225e-09
20309.01 5.04142968827539e-09
20713.131 5.8673308502715e-09
21117.253 6.15355641227992e-09
21521.375 5.32008915464161e-09
21925.496 5.01845135903223e-09
22329.618 6.57257933136154e-09
22733.739 6.82256676139102e-09
23137.861 5.37454874227619e-09
23541.982 5.49896628286492e-09
23946.104 7.08915843466022e-09
24350.225 7.16984662165466e-09
24754.347 6.87883792248493e-09
25158.469 5.97458847421691e-09
25562.59 5.96592999181946e-09
25966.712 6.35440024559687e-09
26370.833 6.07851940545312e-09
26774.955 5.49722638620632e-09
27179.076 6.63460486214742e-09
27583.198 7.47513374985966e-09
27987.32 6.66419521852097e-09
28391.441 4.91447281675457e-09
28795.563 6.350308017773e-09
29199.684 6.66775415900456e-09
29603.806 5.85254066542544e-09
30007.927 4.78270704451843e-09
30412.049 4.18181793196965e-09
30816.171 5.43501691240401e-09
31220.292 5.3107260636217e-09
31624.414 5.27147473037625e-09
32028.535 5.26526861425297e-09
32432.657 5.18824778084628e-09
32836.778 5.60695459187341e-09
33240.9 6.37850382643295e-09
33241.9 6.59557271079395e-09
34305.559 6.74597979805351e-09
35369.218 6.66552546785516e-09
36432.876 6.0444073205775e-09
37496.535 4.91691339509673e-09
38560.194 3.91811071291085e-09
39623.853 5.08319362862396e-09
40687.512 5.37039421290429e-09
41751.171 4.95703393527885e-09
42814.829 4.50219917257585e-09
43878.488 3.90956793196667e-09
44942.147 3.31480410191618e-09
46005.806 3.47682929891127e-09
47069.465 3.51417846603522e-09
48133.124 4.8625021004385e-09
49196.782 5.25124612272764e-09
50260.441 5.10659748533137e-09
51324.1 4.62208982484647e-09
52387.759 4.63292672289448e-09
53451.418 4.34085123482857e-09
54515.076 3.20060469033587e-09
55578.735 3.42179443030484e-09
56642.394 3.69763090935661e-09
57706.053 3.84246920362487e-09
58769.712 3.63106797717193e-09
59833.371 2.98843138037224e-09
60897.029 2.92613714396809e-09
61960.688 3.03393787895124e-09
63024.347 3.96202835371811e-09
64088.006 4.85766287649081e-09
65151.665 4.94010798029367e-09
66215.324 3.93561355735693e-09
67278.982 2.73099688003528e-09
68342.641 3.27834097333886e-09
69406.3 4.57524700743055e-09
70469.959 5.393249858007e-09
71533.618 5.32039114158575e-09
72597.276 4.27436976783752e-09
73660.935 3.34598008092583e-09
74724.594 3.12580198284194e-09
75788.253 3.56346724516371e-09
76851.912 3.83635370696781e-09
77915.571 3.30422143253824e-09
78979.229 3.0312573776166e-09
80042.888 3.219729824995e-09
81106.547 3.22431046889683e-09
82170.206 3.08769535433867e-09
83233.865 2.67549267397338e-09
84297.524 2.45760345635311e-09
85361.182 2.45918136873119e-09
86424.841 2.51814771510153e-09
87488.5 2.85294463842734e-09
87489.5 3.11987719113394e-09
90289.039 2.96944706754379e-09
93088.578 2.82453851520215e-09
95888.118 3.13111470604788e-09
98687.657 3.71162844123158e-09
101487.196 4.08437232935854e-09
104286.735 4.25456167077445e-09
107086.275 4.18025715968647e-09
109885.814 3.76635419461016e-09
112685.353 3.27598230482821e-09
115484.892 3.43375259719903e-09
118284.431 3.466608275649e-09
121083.971 3.44847605131286e-09
123883.51 3.59205073031241e-09
126683.049 3.31128827741694e-09
129482.588 3.21420063872771e-09
132282.127 3.45386659850261e-09
135081.667 3.1397215116141e-09
137881.206 2.76529630257967e-09
140680.745 2.62504194720074e-09
143480.284 2.61113801909228e-09
146279.824 2.90486324114369e-09
149079.363 2.96651943084299e-09
151878.902 2.13891567998354e-09
154678.441 1.89529040676401e-09
157477.98 1.89258702072156e-09
160277.52 1.3623372050495e-09
163077.059 1.24554371017024e-09
165876.598 1.43985790123487e-09
168676.137 1.5063550046893e-09
171475.676 1.94368818290677e-09
174275.216 2.62639397931783e-09
177074.755 2.81196452339946e-09
179874.294 2.87417029583291e-09
182673.833 2.50803786474519e-09
185473.373 2.59801813710447e-09
188272.912 2.68360400845058e-09
191072.451 2.32649548356769e-09
193871.99 2.43322722581569e-09
196671.529 2.74105545230404e-09
199471.069 3.08197517071941e-09
202270.608 3.11008825510746e-09
205070.147 2.92491740698149e-09
207869.686 2.9369740435424e-09
210669.225 2.75034702535775e-09
213468.765 2.66392160961014e-09
216268.304 2.38455406399385e-09
219067.843 2.27332383207087e-09
221867.382 2.477856982485e-09
224666.922 2.73044391000927e-09
227466.461 2.75476725786779e-09
230266 2.75897769376263e-09
230267 1.66151490624568e-09
237635.294 2.06953686873976e-09
245003.588 2.92869271694262e-09
252371.882 2.32091438227616e-09
259740.176 2.63980031508568e-09
267108.471 2.1235677398264e-09
274476.765 2.5082856725224e-09
281845.059 1.68814508548107e-09
289213.353 1.95834657576774e-09
296581.647 1.68396497936351e-09
303949.941 2.14553069520023e-09
311318.235 1.95196777154246e-09
318686.529 1.64231722003164e-09
326054.824 1.86334018828594e-09
333423.118 2.37315083982251e-09
340791.412 2.57013785140649e-09
348159.706 2.08807013876618e-09
355528 1.81926796689782e-09
362896.294 1.85959988449279e-09
370264.588 1.93578698536423e-09
377632.882 2.60201860212687e-09
385001.176 2.05676367628827e-09
392369.471 2.69313839855926e-09
399737.765 2.03563573684215e-09
407106.059 1.51603090093101e-09
414474.353 1.95003070226729e-09
421842.647 2.56588389871572e-09
429210.941 2.16660478201786e-09
436579.235 1.9954118573511e-09
443947.529 1.66001894325406e-09
451315.824 1.75135782783121e-09
458684.118 2.01890366625278e-09
466052.412 1.90865526024336e-09
473420.706 2.3767598769978e-09
480789 2.46277624381502e-09
488157.294 1.89421002015703e-09
495525.588 2.14586065178052e-09
502893.882 1.53557623667345e-09
510262.176 1.44125730485686e-09
517630.471 2.03505491574572e-09
524998.765 1.74337148853859e-09
532367.059 1.35432336793783e-09
539735.353 2.01796821401864e-09
547103.647 2.23186762690081e-09
554471.941 1.49821380731412e-09
561840.235 1.69146999178963e-09
569208.529 1.85649312877324e-09
576576.824 1.55441492624996e-09
583945.118 1.8593007177765e-09
591313.412 2.20589640202308e-09
598681.706 1.55311618538608e-09
606050 1.68564130549589e-09
606051 1.73239440239876e-09
625444.118 2.1249920903079e-09
644837.235 1.63080497717744e-09
664230.353 9.12692567874759e-10
683623.471 1.85997816545878e-09
703016.588 1.6419189941463e-09
722409.706 1.75686819853108e-09
741802.824 2.26023898069604e-09
761195.941 1.25278338498733e-09
780589.059 1.78140438620915e-09
799982.176 1.48070178622793e-09
819375.294 1.7111705938115e-09
838768.412 1.79715158366291e-09
858161.529 1.67680901833337e-09
877554.647 1.81828590763577e-09
896947.765 1.85291172405226e-09
916340.882 1.41704758278891e-09
935734 1.79895241294565e-09
955127.118 1.3823052924615e-09
974520.235 1.39318246811778e-09
993913.353 1.30796490346257e-09
1013306.471 1.20144033195335e-09
1032699.588 1.66146972999991e-09
1052092.706 1.18296974882551e-09
1071485.824 1.30189263480221e-09
1090878.941 1.35827375466803e-09
1110272.059 1.42606573009139e-09
1129665.176 1.38627281784531e-09
1149058.294 1.62802967854701e-09
1168451.412 1.63735699807289e-09
1187844.529 1.81877350879955e-09
1207237.647 1.95626668563283e-09
1226630.765 1.74735041806155e-09
1246023.882 8.00828198925292e-10
1265417 1.38691698993731e-09
1284810.118 1.60369346027019e-09
1304203.235 1.2695367355843e-09
1323596.353 1.54756875872706e-09
1342989.471 1.41054446758586e-09
1362382.588 1.39837042146957e-09
1381775.706 1.79607378796248e-09
1401168.824 1.23271078723687e-09
1420561.941 1.79648573838694e-09
1439955.059 1.81105918591484e-09
1459348.176 1.51496761167731e-09
1478741.294 1.65972166146992e-09
1498134.412 1.98231148497055e-09
1517527.529 1.52210247339084e-09
1536920.647 1.73249833846944e-09
1556313.765 1.69022935060831e-09
1575706.882 1.54028330197633e-09
1595100 1.24193056081373e-09
1595100 1.91252309684208e-09
1646141.765 1.39513150724405e-09
1697183.529 1.20792920470389e-09
1748225.294 1.84707071968358e-09
1799267.059 1.65981874873192e-09
1850308.824 1.5244545099956e-09
1901350.588 1.30050186250497e-09
1952392.353 1.52332021173071e-09
2003434.118 1.30136177355195e-09
2054475.882 1.16840142059158e-09
2105517.647 1.28074431164426e-09
2156559.412 1.37438410980984e-09
2207601.176 1.10477199058385e-09
2258642.941 1.35276478990179e-09
2309684.706 1.32830664459247e-09
2360726.471 1.6417953551208e-09
2411768.235 1.61498739254322e-09
2462810 1.47887516560631e-09
2513851.765 1.57503972003243e-09
2564893.529 1.57196638819757e-09
2615935.294 1.41926626131576e-09
2666977.059 1.47323116280396e-09
2718018.824 1.60454222801071e-09
2769060.588 1.47187697996891e-09
2820102.353 1.46068139713411e-09
2871144.118 1.42874040827862e-09
2922185.882 1.42345760136007e-09
2973227.647 1.33215361395835e-09
3024269.412 1.4511055693133e-09
3075311.176 1.23352801867349e-09
3126352.941 8.96606059497238e-10
3177394.706 1.59459088882979e-09
3228436.471 1.67937218094505e-09
3279478.235 1.49040801744198e-09
3330520 1.49081883547373e-09
3381561.765 1.35193618062752e-09
3432603.529 1.48645552298076e-09
3483645.294 1.21301819326305e-09
3534687.059 1.11232223638688e-09
3585728.824 1.27120312665427e-09
3636770.588 1.3733570537006e-09
3687812.353 1.14589166415288e-09
3738854.118 1.32965146587962e-09
3789895.882 1.48664742345555e-09
3840937.647 1.50772449354166e-09
3891979.412 1.42494729744141e-09
3943021.176 1.63911748005923e-09
3994062.941 1.32772631533655e-09
4045104.706 1.27723870680679e-09
4096146.471 1.27237553203293e-09
4147188.235 1.33506150029911e-09
4198230 7.8818072657414e-10
4198230 1.51254553597305e-09
4332570.588 1.03862232538024e-09
4466911.176 1.03568521826116e-09
4601251.765 1.04766665063261e-09
4735592.353 1.02971442328596e-09
4869932.941 1.79195281070318e-09
5004273.529 1.48178946218136e-09
5138614.118 1.14303119908325e-09
5272954.706 1.51095108427067e-09
5407295.294 1.42148240547459e-09
5541635.882 1.50373780411998e-09
5675976.471 1.59415813364672e-09
5810317.059 1.16850140389362e-09
5944657.647 1.41188719629911e-09
6078998.235 1.10142360373933e-09
6213338.824 1.32411857741636e-09
6347679.412 1.49924880067969e-09
6482020 1.45451386781405e-09
6616360.588 1.22511421830122e-09
6750701.176 1.49131229423284e-09
6885041.765 1.55941724417624e-09
7019382.353 1.01082882631504e-09
7153722.941 1.24155623633364e-09
7288063.529 1.31100383054614e-09
7422404.118 1.1880741610148e-09
7556744.706 1.52883085923634e-09
7691085.294 1.30335929920557e-09
7825425.882 1.205150594974e-09
7959766.471 1.16906795151771e-09
8094107.059 1.33923320211161e-09
8228447.647 1.27671576150466e-09
8362788.235 1.24085692196006e-09
8497128.824 1.31895252969035e-09
8631469.412 1.41260104488386e-09
8765810 1.6361670058466e-09
8900150.588 1.28905381604821e-09
9034491.176 1.34918828085649e-09
9168831.765 1.53291444072549e-09
9303172.353 1.41846197765527e-09
9437512.941 9.47825972130561e-10
9571853.529 9.5542529115175e-10
9706194.118 1.38883762653224e-09
9840534.706 1.2907514444366e-09
9974875.294 1.53512045456562e-09
10109215.882 1.13838270559419e-09
10243556.471 1.69111731905293e-09
10377897.059 1.32897359329507e-09
10512237.647 1.24016753875936e-09
10646578.235 1.35155618217359e-09
10780918.824 1.0803513690358e-09
10915259.412 1.36244750548615e-09
11049600 1.5093625087236e-09
11049600 1.50635929491857e-09
11403174.51 1.19042027255e-09
11756749.02 1.16390980653688e-09
12110323.529 1.0433111595645e-09
12463898.039 1.29681055194477e-09
12817472.549 1.53067203187351e-09
13171047.059 1.30177214542452e-09
13524621.569 1.10951372759869e-09
13878196.078 1.56569487197017e-09
14231770.588 1.02426105560614e-09
14585345.098 1.06996943729724e-09
14938919.608 1.13928441219394e-09
15292494.118 1.38804308544548e-09
15646068.627 1.30013636670255e-09
15999643.137 1.26065131342055e-09
16353217.647 1.57732966776832e-09
16706792.157 1.19390277016374e-09
17060366.667 1.3424450032919e-09
17413941.176 1.16021959034255e-09
17767515.686 1.3743144480289e-09
18121090.196 1.40142213212515e-09
18474664.706 1.04015130271098e-09
18828239.216 7.98642818809958e-10
19181813.725 8.91457182076543e-10
19535388.235 1.17239629496909e-09
19888962.745 9.58648119888341e-10
20242537.255 1.13181494998344e-09
20596111.765 7.82373630714591e-10
20949686.275 1.15809724738431e-09
21303260.784 1.33933037099204e-09
21656835.294 1.42504169206998e-09
22010409.804 1.39116517278291e-09
22363984.314 1.54005602394234e-09
22717558.824 1.10438974176349e-09
23071133.333 1.40299444343387e-09
23424707.843 1.3775650374419e-09
23778282.353 1.38143110360765e-09
24131856.863 1.45701557987143e-09
24485431.373 1.22724486556458e-09
24839005.882 1.4766011213693e-09
25192580.392 1.20765799863186e-09
25546154.902 9.0226028154304e-10
25899729.412 1.47496741391671e-09
26253303.922 1.59677095479206e-09
26606878.431 1.26436722188896e-09
26960452.941 8.67026585736767e-10
27314027.451 1.3133376909926e-09
27667601.961 1.41662474248765e-09
28021176.471 1.20452723762181e-09
28374750.98 1.30458901511517e-09
28728325.49 1.39118869122695e-09
29081900 1.64641188990943e-09
29081900 9.79169553972009e-10
30012498.039 1.40437669665619e-09
30943096.078 1.0255223286233e-09
31873694.118 1.13047462930794e-09
32804292.157 1.5486058696548e-09
33734890.196 1.25927387432208e-09
34665488.235 1.51521907964765e-09
35596086.275 1.10957237790264e-09
36526684.314 1.02848332954912e-09
37457282.353 1.45416778253565e-09
38387880.392 1.34655059407017e-09
39318478.431 1.26028949176407e-09
40249076.471 1.15859962321259e-09
41179674.51 1.32650897240888e-09
42110272.549 1.29886538869036e-09
43040870.588 1.41922931293486e-09
43971468.627 1.48952901334792e-09
44902066.667 1.380368418702e-09
45832664.706 1.37331232683331e-09
46763262.745 1.25328056164267e-09
47693860.784 1.21367217808017e-09
48624458.824 1.23957958501255e-09
49555056.863 1.36537750807834e-09
50485654.902 1.11973733238941e-09
51416252.941 1.45909237408325e-09
52346850.98 1.01157547003358e-09
53277449.02 1.70246819521075e-09
54208047.059 1.10568916077764e-09
55138645.098 1.22169070110921e-09
56069243.137 1.18711906946029e-09
56999841.176 1.38029813293872e-09
57930439.216 1.34143144726836e-09
58861037.255 1.64746340144937e-09
59791635.294 8.93879883957184e-10
60722233.333 1.27348747787073e-09
61652831.373 1.88851796622855e-09
62583429.412 1.86829442604708e-09
63514027.451 1.21881209534209e-09
64444625.49 1.35031581864036e-09
65375223.529 1.31318803830813e-09
66305821.569 1.19187362111327e-09
67236419.608 1.74891875642952e-09
68167017.647 1.03080909789658e-09
69097615.686 8.06238117527372e-10
70028213.725 1.38881330208913e-09
70958811.765 1.60036547438802e-09
71889409.804 1.03296428785657e-09
72820007.843 1.62805448847186e-09
73750605.882 1.1633631837657e-09
74681203.922 1.48600749990171e-09
75611801.961 1.1678544195971e-09
76542400 1.42462228042984e-09
76542400 1.06753068466761e-09
78991686.275 8.74746004354756e-10
81440972.549 1.45128085451021e-09
83890258.824 1.58914528184159e-09
86339545.098 9.74437346852365e-10
88788831.373 2.25221328438735e-09
91238117.647 1.02364591822785e-09
93687403.922 1.61832431598315e-09
96136690.196 1.07805835797193e-08
98585976.471 1.39367443540782e-09
101035262.745 1.29274653447391e-09
103484549.02 2.10024099590857e-09
105933835.294 1.16384990498862e-09
108383121.569 1.17091141432092e-09
110832407.843 1.36115925365384e-09
113281694.118 1.49418209665222e-09
115730980.392 1.46169415990728e-09
118180266.667 7.65134923243718e-10
120629552.941 1.27322310346395e-09
123078839.216 1.30413603025356e-09
125528125.49 1.81037775472458e-09
127977411.765 1.71109610477e-09
130426698.039 2.10895598045375e-09
132875984.314 1.70918524543072e-09
135325270.588 9.10137397801694e-10
137774556.863 1.84004193126565e-09
140223843.137 1.23842664429431e-09
142673129.412 1.05781843206229e-09
145122415.686 6.97084149351049e-10
147571701.961 1.68141202637777e-09
150020988.235 1.67249525286185e-09
152470274.51 1.70052495658695e-09
154919560.784 1.29366520016148e-09
157368847.059 1.62184730320857e-09
159818133.333 2.95778016476631e-09
162267419.608 2.47585459648164e-09
164716705.882 2.30861704573445e-09
167165992.157 1.74433741373095e-09
169615278.431 1.69806064351162e-09
172064564.706 1.74439737596564e-09
174513850.98 2.18071569525488e-09
176963137.255 2.32663735611713e-09
179412423.529 4.88800530031204e-10
181861709.804 1.47210794282958e-09
184310996.078 1.73589061514877e-09
186760282.353 1.68792840535894e-09
189209568.627 1.0891643759531e-09
191658854.902 -0
194108141.176 2.44634438784354e-10
196557427.451 2.29253829682703e-09
199006713.725 -0
201456000 -0
