vd	id_vg = 0.0V	ig_vg = 0.0V	is_vg = 0.0V	iavdd_vg = 0.0V	ignd_vg = 0.0V	id_vg = 0.15V	ig_vg = 0.15V	is_vg = 0.15V	iavdd_vg = 0.15V	ignd_vg = 0.15V	id_vg = 0.3V	ig_vg = 0.3V	is_vg = 0.3V	iavdd_vg = 0.3V	ignd_vg = 0.3V	id_vg = 0.45V	ig_vg = 0.45V	is_vg = 0.45V	iavdd_vg = 0.45V	ignd_vg = 0.45V	id_vg = 0.6V	ig_vg = 0.6V	is_vg = 0.6V	iavdd_vg = 0.6V	ignd_vg = 0.6V	id_vg = 0.75V	ig_vg = 0.75V	is_vg = 0.75V	iavdd_vg = 0.75V	ignd_vg = 0.75V	id_vg = 0.9V	ig_vg = 0.9V	is_vg = 0.9V	iavdd_vg = 0.9V	ignd_vg = 0.9V
0.0	-1.3046e-10	5.300000000000002e-13	-9.3e-13	3.2538e-07	-3.253e-07	-4.752e-09	-1.7e-13	-3.600000000000001e-13	3.2516e-07	-3.2108e-07	-4.8695e-09	-1.5000000000000004e-13	2.2000000000000002e-13	3.2506e-07	-3.2088e-07	-4.98e-09	2.24e-12	-4.500000000000001e-13	3.2508e-07	-3.2088e-07	-4.9683e-09	1.0600000000000001e-12	-4e-13	3.2502e-07	-3.2074e-07	-5.2858e-09	2.3300000000000004e-12	-6.500000000000002e-13	3.2498e-07	-3.2046e-07	-3.7069e-09	1.37e-12	1.0000000000000002e-14	3.2492e-07	-3.216e-07
0.005	-4.994e-11	-2.0000000000000003e-14	5e-14	3.2538e-07	-3.2532e-07	-3.7294e-09	3.1700000000000004e-12	-7.5e-13	3.2506e-07	-3.2142e-07	-3.8679e-09	-7.900000000000001e-13	-1.9000000000000002e-13	3.2508e-07	-3.213e-07	-3.9497e-09	1.08e-12	2.8e-13	3.2506e-07	-3.212e-07	-3.9507e-09	1.41e-12	-6.200000000000001e-13	3.2504e-07	-3.2118e-07	-4.1503e-09	-3.000000000000001e-13	-5.9e-13	3.249e-07	-3.209e-07	-3.139e-09	7.900000000000001e-13	0.0	3.2492e-07	-3.2176e-07
0.01	1.6580000000000002e-11	-1.8900000000000002e-12	-2.300000000000001e-13	3.2534e-07	-3.254e-07	-3.398e-09	-1.04e-12	6.500000000000002e-13	3.2512e-07	-3.218e-07	-3.5262e-09	1.8700000000000003e-12	-4.600000000000002e-13	3.2508e-07	-3.2148e-07	-3.6059e-09	-6.200000000000001e-13	-9.000000000000001e-13	3.2502e-07	-3.2154e-07	-3.616e-09	8.400000000000001e-13	4e-13	3.2502e-07	-3.215e-07	-3.771e-09	1.13e-12	-6.8e-13	3.2498e-07	-3.213e-07	-2.9127e-09	1.03e-12	3.2000000000000005e-13	3.2488e-07	-3.2192e-07
0.015	8.543000000000001e-11	-4.2000000000000003e-13	-3.5e-13	3.254e-07	-3.2546e-07	-3.1092e-09	-1.0000000000000002e-14	-6.900000000000001e-13	3.252e-07	-3.2208e-07	-3.2446e-09	5.300000000000002e-13	-2.4000000000000004e-13	3.2508e-07	-3.2184e-07	-3.3012e-09	4.2000000000000003e-13	-2.2000000000000002e-13	3.2508e-07	-3.2178e-07	-3.3202e-09	-8.500000000000002e-13	5.300000000000002e-13	3.2504e-07	-3.2174e-07	-3.4585e-09	2.37e-12	4.600000000000002e-13	3.2492e-07	-3.215e-07	-2.7081e-09	-4.1e-13	6.000000000000001e-14	3.2484e-07	-3.2216e-07
0.02	1.3246e-10	7.400000000000001e-13	-7.700000000000001e-13	3.2546e-07	-3.255e-07	-2.8565e-09	2.2000000000000002e-13	2.0000000000000003e-14	3.2514e-07	-3.2236e-07	-2.9921e-09	-4.3000000000000004e-13	-1.3e-13	3.2506e-07	-3.222e-07	-3.0393e-09	1.96e-12	-6.8e-13	3.2506e-07	-3.2204e-07	-3.0667e-09	5.300000000000002e-13	-7.400000000000001e-13	3.2504e-07	-3.2202e-07	-3.1933e-09	1.26e-12	-3.600000000000001e-13	3.2498e-07	-3.218e-07	-2.522e-09	-1e-12	-7.400000000000001e-13	3.2484e-07	-3.2236e-07
0.025	1.7341000000000002e-10	-7.900000000000001e-13	-2.900000000000001e-13	3.2542e-07	-3.2556e-07	-2.6314e-09	9.200000000000001e-13	-4.800000000000001e-13	3.252e-07	-3.2258e-07	-2.7618e-09	-2.5e-13	-7.900000000000001e-13	3.2508e-07	-3.2238e-07	-2.823e-09	-3.800000000000001e-13	-1.2000000000000002e-13	3.2506e-07	-3.2228e-07	-2.8378e-09	8.600000000000001e-13	8.000000000000001e-14	3.2498e-07	-3.2216e-07	-2.9461e-09	-3.000000000000001e-13	-2.8e-13	3.2496e-07	-3.2198e-07	-2.3559e-09	1.69e-12	-8.400000000000001e-13	3.2486e-07	-3.225e-07
0.03	2.2415e-10	-9.600000000000002e-13	2e-13	3.2534e-07	-3.2556e-07	-2.4294e-09	-1.5000000000000004e-13	-2e-13	3.2524e-07	-3.2284e-07	-2.569e-09	1.9900000000000002e-12	-7.700000000000001e-13	3.251e-07	-3.225e-07	-2.6229e-09	-1.5000000000000004e-13	-1.13e-12	3.2508e-07	-3.2248e-07	-2.6369e-09	-1.1000000000000002e-12	8.2e-13	3.2504e-07	-3.224e-07	-2.7276e-09	6.000000000000002e-13	-5.9e-13	3.2494e-07	-3.2228e-07	-2.2054e-09	7.100000000000001e-13	-7.100000000000001e-13	3.248e-07	-3.2266e-07
0.035	2.7332000000000004e-10	4e-13	-1.3e-13	3.2538e-07	-3.256e-07	-2.2473e-09	-2.2000000000000002e-13	-7.400000000000001e-13	3.2516e-07	-3.2292e-07	-2.3798e-09	-1.51e-12	-2.300000000000001e-13	3.2506e-07	-3.2266e-07	-2.4345e-09	1.79e-12	-8.500000000000002e-13	3.2502e-07	-3.2268e-07	-2.4416e-09	-5.500000000000001e-13	-7.600000000000002e-13	3.25e-07	-3.2262e-07	-2.5385e-09	1.04e-12	-1.3e-13	3.2498e-07	-3.2234e-07	-2.0711e-09	-6.400000000000001e-13	-1.03e-12	3.2484e-07	-3.228e-07
0.04	3.0346e-10	8.400000000000001e-13	-1.6000000000000005e-13	3.253e-07	-3.2556e-07	-2.0744e-09	1.13e-12	2.2000000000000002e-13	3.2514e-07	-3.231e-07	-2.2113e-09	-5.6e-13	-8.100000000000001e-13	3.2502e-07	-3.2278e-07	-2.2651e-09	1.07e-12	-7.200000000000002e-13	3.2504e-07	-3.2272e-07	-2.2735e-09	1.1500000000000001e-12	-9.9e-13	3.2508e-07	-3.2276e-07	-2.3615e-09	1.0000000000000002e-14	3.000000000000001e-13	3.2492e-07	-3.226e-07	-1.9232e-09	1.2800000000000002e-12	-8.100000000000001e-13	3.2488e-07	-3.2296e-07
0.045	3.5025e-10	-1.9900000000000002e-12	-2.5e-13	3.253e-07	-3.2564e-07	-1.9224e-09	6.000000000000001e-14	3.800000000000001e-13	3.2528e-07	-3.234e-07	-2.0453e-09	1.1100000000000001e-12	-6.6e-13	3.2506e-07	-3.23e-07	-2.1005e-09	-9.700000000000001e-13	-1.0000000000000002e-14	3.25e-07	-3.2296e-07	-2.1258e-09	-4.500000000000001e-13	-2.300000000000001e-13	3.2504e-07	-3.2292e-07	-2.1964e-09	-9.000000000000001e-13	-7.200000000000002e-13	3.2494e-07	-3.2278e-07	-1.8033e-09	1e-12	-1.9000000000000002e-13	3.2492e-07	-3.2308e-07
0.05	3.9595e-10	-3.900000000000001e-13	-9.5e-13	3.253e-07	-3.257e-07	-1.783e-09	-2.300000000000001e-13	-5.9e-13	3.252e-07	-3.2346e-07	-1.9138e-09	1.6700000000000004e-12	-1.4400000000000001e-12	3.251e-07	-3.2314e-07	-1.9565e-09	-2.6e-13	-8.400000000000001e-13	3.2504e-07	-3.2304e-07	-1.9808e-09	3.3e-13	-2.900000000000001e-13	3.2508e-07	-3.2308e-07	-2.048e-09	1.45e-12	-3.600000000000001e-13	3.2498e-07	-3.2292e-07	-1.6951999999999999e-09	-4.4000000000000004e-13	-5.800000000000002e-13	3.2492e-07	-3.2322e-07
0.055	4.3614000000000006e-10	1.8000000000000004e-13	-3.1000000000000004e-13	3.253e-07	-3.258e-07	-1.6463e-09	5.9e-13	-3.900000000000001e-13	3.2522e-07	-3.2358e-07	-1.7823e-09	-1.22e-12	-4.2000000000000003e-13	3.2506e-07	-3.2326e-07	-1.8348e-09	1.6200000000000004e-12	1.5000000000000004e-13	3.25e-07	-3.2326e-07	-1.8371e-09	7.900000000000001e-13	-3.3e-13	3.25e-07	-3.2314e-07	-1.9218e-09	4e-13	-4.7e-13	3.2498e-07	-3.2308e-07	-1.5805e-09	-1.4200000000000002e-12	-7.700000000000001e-13	3.2488e-07	-3.233e-07
0.06	4.6021000000000006e-10	-4.500000000000001e-13	-1.1000000000000002e-12	3.2524e-07	-3.2578e-07	-1.5251e-09	-8.500000000000002e-13	-8.600000000000001e-13	3.2528e-07	-3.237e-07	-1.6576e-09	2.900000000000001e-13	-3.000000000000001e-13	3.251e-07	-3.2342e-07	-1.7181e-09	-3.2000000000000005e-13	-3.900000000000001e-13	3.2506e-07	-3.2328e-07	-1.727e-09	1.6700000000000004e-12	1.6000000000000005e-13	3.2506e-07	-3.2332e-07	-1.7935e-09	-5.4e-13	-1.0000000000000002e-14	3.2494e-07	-3.2316e-07	-1.4705e-09	1.22e-12	-4.4000000000000004e-13	3.2488e-07	-3.2348e-07
0.065	5.0013e-10	-1.07e-12	-8.7e-13	3.2534e-07	-3.2582e-07	-1.4125e-09	-1.21e-12	-3.600000000000001e-13	3.2522e-07	-3.238e-07	-1.5409e-09	5e-13	3.0000000000000005e-14	3.2506e-07	-3.2356e-07	-1.5876e-09	-2.900000000000001e-13	-1.0000000000000002e-14	3.25e-07	-3.2342e-07	-1.6124e-09	-1.59e-12	-5.1e-13	3.2498e-07	-3.2338e-07	-1.6622e-09	5.500000000000001e-13	-2.0000000000000003e-14	3.2494e-07	-3.2334e-07	-1.3802e-09	9.9e-13	-4e-13	3.2494e-07	-3.2358e-07
0.07	5.3834e-10	8.400000000000001e-13	-2.5e-13	3.2534e-07	-3.2582e-07	-1.2968e-09	4.7e-13	-8.800000000000002e-13	3.2518e-07	-3.2384e-07	-1.4367e-09	6.000000000000001e-14	-3.7000000000000004e-13	3.2508e-07	-3.2364e-07	-1.4821e-09	5.6e-13	-6.8e-13	3.2502e-07	-3.2352e-07	-1.4959e-09	-3.7000000000000004e-13	2.0000000000000003e-14	3.2492e-07	-3.2342e-07	-1.5511e-09	3.7000000000000004e-13	1.0000000000000002e-14	3.2498e-07	-3.234e-07	-1.2925e-09	-9.100000000000002e-13	-2.8e-13	3.25e-07	-3.2368e-07
0.075	5.6093e-10	-7e-14	0.0	3.2526e-07	-3.258e-07	-1.1998e-09	1.6200000000000004e-12	-4.600000000000002e-13	3.2522e-07	-3.2398e-07	-1.3249e-09	-2.7e-13	-9.700000000000001e-13	3.2506e-07	-3.2368e-07	-1.377e-09	2.7e-13	4.500000000000001e-13	3.2504e-07	-3.237e-07	-1.3877e-09	9.700000000000001e-13	-1.1100000000000001e-12	3.2492e-07	-3.2362e-07	-1.4497e-09	-1.14e-12	3.0000000000000005e-14	3.2492e-07	-3.2346e-07	-1.1914e-09	2.5e-13	-2.300000000000001e-13	3.2492e-07	-3.2376e-07
0.08	5.897900000000001e-10	-1.74e-12	-2.8e-13	3.2526e-07	-3.259e-07	-1.1023e-09	-1.02e-12	-1.9000000000000002e-13	3.2522e-07	-3.2398e-07	-1.229e-09	1.09e-12	-9.200000000000001e-13	3.2508e-07	-3.238e-07	-1.2744e-09	-1.7600000000000002e-12	-3.600000000000001e-13	3.25e-07	-3.2382e-07	-1.2965e-09	2.2000000000000002e-13	-6.000000000000002e-13	3.2492e-07	-3.237e-07	-1.3438e-09	-8.7e-13	-3.600000000000001e-13	3.2492e-07	-3.2358e-07	-1.1097e-09	1.2800000000000002e-12	-9.8e-13	3.2494e-07	-3.2386e-07
0.085	6.3275e-10	7e-14	-9.600000000000002e-13	3.2532e-07	-3.2594e-07	-1.0126e-09	6.1e-13	-9.9e-13	3.251e-07	-3.2408e-07	-1.1456e-09	5.6e-13	-6.200000000000001e-13	3.2504e-07	-3.2392e-07	-1.1733e-09	-5.800000000000002e-13	-4.0000000000000006e-14	3.2498e-07	-3.2382e-07	-1.2025e-09	-9.8e-13	-9.100000000000002e-13	3.2494e-07	-3.2364e-07	-1.238e-09	6.700000000000002e-13	-7e-14	3.2492e-07	-3.237e-07	-1.0386e-09	6.000000000000002e-13	-7.600000000000002e-13	3.2494e-07	-3.2386e-07
0.09	6.148200000000001e-10	2.4000000000000004e-13	-5.1e-13	3.2524e-07	-3.259e-07	-9.1611e-10	1.6600000000000002e-12	2.1000000000000001e-13	3.2508e-07	-3.2424e-07	-1.0485e-09	-3.5e-13	-7.800000000000002e-13	3.2502e-07	-3.2398e-07	-1.0848e-09	3.600000000000001e-13	4.4000000000000004e-13	3.2498e-07	-3.2398e-07	-1.1098e-09	9.700000000000001e-13	-7.5e-13	3.2486e-07	-3.238e-07	-1.1584e-09	-5.500000000000001e-13	-8.9e-13	3.2498e-07	-3.2378e-07	-9.5628e-10	2.2000000000000002e-13	-6.3e-13	3.2494e-07	-3.2394e-07
0.095	6.516200000000001e-10	-5.6e-13	-9.9e-13	3.2534e-07	-3.2596e-07	-8.3511e-10	-5.7e-13	5.300000000000002e-13	3.2516e-07	-3.2434e-07	-9.801e-10	-5.7e-13	-5e-13	3.2506e-07	-3.2404e-07	-1.0127e-09	-1.5000000000000004e-13	-6.500000000000002e-13	3.2498e-07	-3.2398e-07	-1.0317e-09	8.7e-13	-3.7000000000000004e-13	3.2494e-07	-3.2386e-07	-1.0772e-09	-7.100000000000001e-13	-5.1e-13	3.25e-07	-3.2386e-07	-8.6953e-10	9.100000000000002e-13	-1.3300000000000002e-12	3.2488e-07	-3.2412e-07
0.1	6.4825e-10	-7.100000000000001e-13	-8.600000000000001e-13	3.2522e-07	-3.2586e-07	-7.5109e-10	-1e-13	-1.7e-13	3.2518e-07	-3.2444e-07	-8.8341e-10	1.0500000000000002e-12	-4.4000000000000004e-13	3.2504e-07	-3.2414e-07	-9.2538e-10	-4.1e-13	-4.800000000000001e-13	3.2502e-07	-3.241e-07	-9.5178e-10	-1.0100000000000001e-12	2.300000000000001e-13	3.2502e-07	-3.2404e-07	-9.927e-10	1.1100000000000001e-12	-1.3300000000000002e-12	3.2496e-07	-3.2394e-07	-7.9361e-10	4e-13	-1.8400000000000002e-12	3.2494e-07	-3.2412e-07
0.105	6.523800000000001e-10	-1.7200000000000001e-12	-7.900000000000001e-13	3.253e-07	-3.2594e-07	-6.7213e-10	1.0500000000000002e-12	-4.800000000000001e-13	3.2522e-07	-3.2454e-07	-8.0152e-10	4.7e-13	7e-14	3.2504e-07	-3.2422e-07	-8.3903e-10	8.2e-13	-5.1e-13	3.25e-07	-3.2414e-07	-8.5839e-10	9.9e-13	-6.200000000000001e-13	3.2494e-07	-3.2406e-07	-9.0412e-10	-2.2500000000000003e-12	4.2000000000000003e-13	3.2492e-07	-3.241e-07	-7.1993e-10	-3.3e-13	-7.3e-13	3.2494e-07	-3.2416e-07
0.11	6.7565e-10	1.5e-12	-8.2e-13	3.253e-07	-3.259e-07	-6.014900000000001e-10	-1.22e-12	1.9000000000000002e-13	3.2522e-07	-3.2462e-07	-7.25e-10	-9.3e-13	1.5000000000000004e-13	3.2502e-07	-3.2434e-07	-7.6238e-10	2.0000000000000003e-14	-6.700000000000002e-13	3.2506e-07	-3.243e-07	-7.9276e-10	-7e-14	-7.100000000000001e-13	3.2498e-07	-3.242e-07	-8.1201e-10	3.2000000000000005e-13	-7e-13	3.2498e-07	-3.2412e-07	-6.524400000000001e-10	1.6800000000000001e-12	-1.03e-12	3.2488e-07	-3.2422e-07
0.115	6.8617e-10	-1.17e-12	-5.4e-13	3.2528e-07	-3.2596e-07	-5.238100000000001e-10	-1.31e-12	-1.13e-12	3.2516e-07	-3.2466e-07	-6.489800000000001e-10	-2.900000000000001e-13	-1.1000000000000001e-13	3.25e-07	-3.244e-07	-6.884900000000001e-10	-8.500000000000002e-13	-6.8e-13	3.2502e-07	-3.243e-07	-7.1882e-10	-1.2400000000000002e-12	-2.2000000000000002e-13	3.2494e-07	-3.2418e-07	-7.4033e-10	4.600000000000002e-13	-3.000000000000001e-13	3.2492e-07	-3.242e-07	-5.9686e-10	1.09e-12	-8.400000000000001e-13	3.2492e-07	-3.2428e-07
0.12	7.1476e-10	-1.2000000000000002e-13	3.1000000000000004e-13	3.2532e-07	-3.26e-07	-4.5270000000000005e-10	4.3000000000000004e-13	-4.0000000000000006e-14	3.2528e-07	-3.2472e-07	-5.761e-10	1.07e-12	1.6000000000000005e-13	3.2506e-07	-3.2446e-07	-6.115800000000001e-10	1.6700000000000004e-12	-3.0000000000000005e-14	3.2494e-07	-3.2442e-07	-6.4577e-10	5.800000000000002e-13	-6.6e-13	3.2502e-07	-3.244e-07	-6.7142e-10	-3.800000000000001e-13	2.4000000000000004e-13	3.2496e-07	-3.2426e-07	-5.306700000000001e-10	-1.2400000000000002e-12	-5.1e-13	3.249e-07	-3.2438e-07
0.125	7.132100000000001e-10	-1.13e-12	-6.1e-13	3.253e-07	-3.2608e-07	-3.9621e-10	1.2500000000000001e-12	-4.0000000000000006e-14	3.2522e-07	-3.2484e-07	-5.1075e-10	-5.1e-13	5.6e-13	3.251e-07	-3.2454e-07	-5.5432e-10	8.400000000000001e-13	-7e-13	3.25e-07	-3.2448e-07	-5.8283e-10	2e-13	-6.000000000000001e-14	3.2506e-07	-3.244e-07	-5.960100000000001e-10	4.0000000000000006e-14	-4.2000000000000003e-13	3.25e-07	-3.2438e-07	-4.6236000000000005e-10	-1.7e-13	-9.9e-13	3.2498e-07	-3.2442e-07
0.13	7.5258e-10	1.5000000000000004e-13	-1.6300000000000001e-12	3.2524e-07	-3.2596e-07	-3.3133000000000003e-10	-2.42e-12	4.1e-13	3.2518e-07	-3.2484e-07	-4.4177e-10	-1.4700000000000002e-12	-1.7e-13	3.25e-07	-3.2456e-07	-4.7619e-10	-5.6e-13	3.1000000000000004e-13	3.2494e-07	-3.2456e-07	-5.2219e-10	-4.4000000000000004e-13	-5e-14	3.2502e-07	-3.2456e-07	-5.2225e-10	3.600000000000001e-13	4.3000000000000004e-13	3.2494e-07	-3.2448e-07	-4.0496e-10	1.1600000000000001e-12	-1.08e-12	3.2482e-07	-3.2442e-07
0.135	7.6524e-10	-1.0000000000000002e-14	-4.800000000000001e-13	3.2538e-07	-3.2608e-07	-2.6133e-10	6.000000000000001e-14	-9.4e-13	3.252e-07	-3.2494e-07	-3.7463e-10	-1.0000000000000002e-14	-7.5e-13	3.2504e-07	-3.2472e-07	-4.1587e-10	3.000000000000001e-13	-4.1e-13	3.2494e-07	-3.2458e-07	-4.5272e-10	-6.200000000000001e-13	-9.200000000000001e-13	3.2508e-07	-3.2456e-07	-4.6913e-10	-2.1000000000000001e-13	-3.2000000000000005e-13	3.2504e-07	-3.2448e-07	-3.3919000000000005e-10	-4.7e-13	-5.800000000000002e-13	3.2492e-07	-3.2448e-07
0.14	7.8192e-10	-1.09e-12	-1.31e-12	3.2536e-07	-3.2612e-07	-2.0103000000000003e-10	7.400000000000001e-13	-4.500000000000001e-13	3.2518e-07	-3.2502e-07	-3.1842e-10	8.600000000000001e-13	2.6e-13	3.25e-07	-3.2474e-07	-3.5547e-10	1.59e-12	-2.900000000000001e-13	3.2506e-07	-3.247e-07	-3.8734e-10	1.3800000000000002e-12	-8.7e-13	3.2504e-07	-3.2466e-07	-4.0563e-10	-1.4300000000000002e-12	-5.1e-13	3.2494e-07	-3.2458e-07	-2.8474000000000004e-10	-5.6e-13	-1.27e-12	3.2488e-07	-3.2452e-07
0.145	8.1208e-10	1.2000000000000001e-12	-5.7e-13	3.2534e-07	-3.2602e-07	-1.4542e-10	-1.0100000000000001e-12	-1.8000000000000004e-13	3.251e-07	-3.249e-07	-2.6498e-10	-1.8000000000000002e-12	-1.2400000000000002e-12	3.2506e-07	-3.248e-07	-3.0556000000000003e-10	-1.36e-12	-4.0000000000000006e-14	3.2508e-07	-3.2478e-07	-3.2936000000000004e-10	7e-14	-5e-13	3.251e-07	-3.2468e-07	-3.3982e-10	9.200000000000001e-13	-6.3e-13	3.2498e-07	-3.2464e-07	-2.3058e-10	2.5300000000000003e-12	-1.5800000000000001e-12	3.2484e-07	-3.2452e-07
0.15	8.2589e-10	-1.8700000000000003e-12	4.2000000000000003e-13	3.2522e-07	-3.2602e-07	-7.872e-11	-1.9200000000000003e-12	1.2000000000000002e-13	3.2506e-07	-3.2498e-07	-1.9216e-10	-8.000000000000001e-14	-5e-13	3.2504e-07	-3.2478e-07	-2.3895000000000004e-10	-1.5400000000000001e-12	-3.5e-13	3.2496e-07	-3.2472e-07	-2.7762e-10	-7.900000000000001e-13	-3.7000000000000004e-13	3.2498e-07	-3.2478e-07	-2.8174e-10	5.300000000000002e-13	-5.500000000000001e-13	3.2494e-07	-3.2468e-07	-1.84e-10	-7.900000000000001e-13	-5.1e-13	3.249e-07	-3.247e-07
0.155	8.4589e-10	5.500000000000001e-13	-4.800000000000001e-13	3.2524e-07	-3.2612e-07	-1.8530000000000003e-11	1.0500000000000002e-12	-9.9e-13	3.251e-07	-3.25e-07	-1.4327e-10	7.600000000000002e-13	-4.2000000000000003e-13	3.25e-07	-3.2494e-07	-1.7754000000000001e-10	1.08e-12	-4.3000000000000004e-13	3.25e-07	-3.2484e-07	-2.1867e-10	4e-13	-5.300000000000002e-13	3.25e-07	-3.2472e-07	-2.2488000000000003e-10	-1.4400000000000001e-12	-9.3e-13	3.2494e-07	-3.2466e-07	-1.1914000000000001e-10	1.36e-12	-4.9e-13	3.2492e-07	-3.2472e-07
0.16	8.3697e-10	-1.27e-12	-1.03e-12	3.253e-07	-3.2614e-07	2.346e-11	3.2000000000000005e-13	-5e-13	3.2512e-07	-3.2512e-07	-9.052e-11	-1.74e-12	5e-14	3.2502e-07	-3.2496e-07	-1.2198e-10	-1.7e-13	-1.2000000000000002e-13	3.2494e-07	-3.2484e-07	-1.5248e-10	7e-13	5e-14	3.2494e-07	-3.2478e-07	-1.6264000000000002e-10	-1.5000000000000004e-13	-1.2900000000000002e-12	3.2488e-07	-3.2478e-07	-6.472000000000001e-11	-1.7e-13	-8.7e-13	3.2486e-07	-3.2478e-07
0.165	8.9206e-10	3.4e-13	-9.200000000000001e-13	3.2532e-07	-3.2618e-07	7.563e-11	-1.8700000000000003e-12	6.000000000000001e-14	3.2504e-07	-3.2514e-07	-3.059e-11	-1.3000000000000001e-12	-3.3e-13	3.2504e-07	-3.25e-07	-6.239e-11	-9.3e-13	-3.000000000000001e-13	3.2504e-07	-3.249e-07	-8.898000000000001e-11	-8.500000000000002e-13	-8e-13	3.249e-07	-3.2482e-07	-1.0417e-10	2.300000000000001e-13	-8.800000000000002e-13	3.2498e-07	-3.2484e-07	-2.227e-11	4.9e-13	-3.000000000000001e-13	3.2486e-07	-3.2486e-07
0.17	9.109199999999999e-10	-5.4e-13	-2.6e-13	3.2528e-07	-3.262e-07	1.2702000000000002e-10	-2e-13	-5.2e-13	3.251e-07	-3.2518e-07	2.142e-11	9.8e-13	-1.17e-12	3.2504e-07	-3.2502e-07	-7.1400000000000015e-12	3.5e-13	-8.400000000000001e-13	3.2498e-07	-3.25e-07	-2.535e-11	-5e-14	-1.3400000000000003e-12	3.249e-07	-3.249e-07	-5.844000000000001e-11	-5.2e-13	-7.700000000000001e-13	3.2494e-07	-3.2488e-07	2.802e-11	7.700000000000001e-13	-7e-13	3.2492e-07	-3.2482e-07
0.175	9.3834e-10	-4.500000000000001e-13	-4.800000000000001e-13	3.253e-07	-3.262e-07	1.7836000000000002e-10	3.600000000000001e-13	-4.800000000000001e-13	3.2512e-07	-3.2516e-07	7.075e-11	-1.7e-13	-1.0000000000000002e-14	3.2508e-07	-3.2518e-07	4.159e-11	8.7e-13	7.3e-13	3.2506e-07	-3.2506e-07	2.46e-11	1.4400000000000001e-12	-7.400000000000001e-13	3.2492e-07	-3.2496e-07	1.4e-12	-1.51e-12	-3.3e-13	3.2494e-07	-3.249e-07	8.98e-11	-1.78e-12	-8.000000000000001e-14	3.2488e-07	-3.2492e-07
0.18	9.6079e-10	5.800000000000002e-13	-1.9000000000000002e-13	3.2522e-07	-3.2614e-07	2.2866e-10	-1.2400000000000002e-12	-4.1e-13	3.251e-07	-3.2532e-07	1.2602000000000002e-10	-8.100000000000001e-13	-3.000000000000001e-13	3.2504e-07	-3.252e-07	9.776e-11	-1.21e-12	-4.0000000000000006e-14	3.25e-07	-3.2512e-07	7.064e-11	-5e-13	-7.100000000000001e-13	3.2498e-07	-3.2502e-07	5.881e-11	9.000000000000001e-13	-1.12e-12	3.2492e-07	-3.2498e-07	1.3645e-10	2.39e-12	3.2000000000000005e-13	3.2482e-07	-3.2502e-07
0.185	1.0068e-09	7.600000000000002e-13	-5.9e-13	3.2518e-07	-3.2624e-07	3.0182e-10	9.200000000000001e-13	-8.7e-13	3.2514e-07	-3.2538e-07	1.6943e-10	8.600000000000001e-13	-6.500000000000002e-13	3.2502e-07	-3.252e-07	1.5336e-10	-1.1600000000000001e-12	-3.000000000000001e-13	3.251e-07	-3.2518e-07	1.2756000000000002e-10	-1.0100000000000001e-12	-7.100000000000001e-13	3.2492e-07	-3.2508e-07	1.1141e-10	4.7e-13	-2.8e-13	3.2494e-07	-3.2502e-07	1.816e-10	-2.14e-12	4.4000000000000004e-13	3.2488e-07	-3.2506e-07
0.19	1.0548e-09	-2.03e-12	-9.000000000000001e-13	3.2512e-07	-3.2614e-07	3.4621000000000004e-10	6.400000000000001e-13	-5.1e-13	3.251e-07	-3.2538e-07	2.1437e-10	2.0000000000000003e-14	-3.800000000000001e-13	3.25e-07	-3.2524e-07	2.0118e-10	1.07e-12	-4.9e-13	3.2492e-07	-3.2512e-07	1.8712e-10	7.400000000000001e-13	-6.000000000000002e-13	3.25e-07	-3.2508e-07	1.5740000000000002e-10	-1.2900000000000002e-12	-1.2800000000000002e-12	3.2494e-07	-3.2502e-07	2.3066e-10	5.1e-13	-1.0000000000000002e-14	3.2492e-07	-3.2508e-07
0.195	1.0985e-09	-7.900000000000001e-13	-9.8e-13	3.2522e-07	-3.263e-07	3.859e-10	-7e-13	-1.0000000000000002e-14	3.2518e-07	-3.2548e-07	2.7782000000000003e-10	-1.98e-12	-3.800000000000001e-13	3.2506e-07	-3.2526e-07	2.5056e-10	-8e-13	1.4e-13	3.25e-07	-3.2518e-07	2.2989e-10	-1.2000000000000002e-13	-2.8e-13	3.2492e-07	-3.251e-07	2.2314e-10	2.2000000000000002e-13	-1.3000000000000001e-12	3.2484e-07	-3.2514e-07	2.8845e-10	8.600000000000001e-13	1.6000000000000005e-13	3.2488e-07	-3.2514e-07
0.2	1.1413e-09	4.500000000000001e-13	-1.6800000000000001e-12	3.2522e-07	-3.2628e-07	4.4055000000000005e-10	-8.7e-13	-1.14e-12	3.2512e-07	-3.255e-07	3.4432e-10	-2.8e-13	-1.27e-12	3.2502e-07	-3.2534e-07	3.0249e-10	-1.03e-12	-4.800000000000001e-13	3.2504e-07	-3.2528e-07	2.7632000000000003e-10	-8.800000000000002e-13	-1.04e-12	3.2492e-07	-3.2522e-07	2.6437000000000004e-10	4.4000000000000004e-13	-7.200000000000002e-13	3.2496e-07	-3.2516e-07	3.3261e-10	-6.000000000000001e-14	-4.500000000000001e-13	3.249e-07	-3.2526e-07
0.205	1.1767e-09	-6.000000000000001e-14	-1.23e-12	3.2518e-07	-3.2636e-07	4.7953e-10	4.2000000000000003e-13	-1.2500000000000001e-12	3.2506e-07	-3.2554e-07	3.855e-10	3.4e-13	-3.2000000000000005e-13	3.25e-07	-3.2544e-07	3.5447e-10	1.3900000000000001e-12	-7.100000000000001e-13	3.2494e-07	-3.253e-07	3.3304e-10	2.2000000000000002e-13	-7.600000000000002e-13	3.2492e-07	-3.2524e-07	3.1477000000000004e-10	2e-13	-9.100000000000002e-13	3.249e-07	-3.2522e-07	3.7411e-10	-1.3e-13	-6.6e-13	3.2486e-07	-3.2524e-07
0.21	1.2177e-09	-7.100000000000001e-13	-4.2000000000000003e-13	3.2528e-07	-3.2642e-07	5.2083e-10	-6.000000000000001e-14	-1.3e-13	3.2506e-07	-3.255e-07	4.1288e-10	-4.600000000000002e-13	-1.5300000000000001e-12	3.2498e-07	-3.254e-07	4.0469e-10	9e-14	-7e-14	3.2494e-07	-3.2532e-07	3.8082e-10	1.69e-12	-9.5e-13	3.2496e-07	-3.2534e-07	3.6802e-10	-1.4700000000000002e-12	-9.4e-13	3.2492e-07	-3.253e-07	4.3868e-10	-5.7e-13	4.3000000000000004e-13	3.2488e-07	-3.253e-07
0.215	1.2649e-09	-9e-14	-5e-13	3.2516e-07	-3.265e-07	5.798300000000001e-10	-1.8200000000000003e-12	-8.7e-13	3.2506e-07	-3.256e-07	4.663400000000001e-10	-1.5e-12	-9.200000000000001e-13	3.2494e-07	-3.2548e-07	4.6024000000000006e-10	-1.3900000000000001e-12	-4e-13	3.2498e-07	-3.2542e-07	4.2590000000000005e-10	-3.1000000000000004e-13	-2.7e-13	3.2486e-07	-3.2526e-07	4.154e-10	1.1500000000000001e-12	-2.06e-12	3.2492e-07	-3.2536e-07	4.7982e-10	9.9e-13	-5.1e-13	3.2484e-07	-3.2536e-07
0.22	1.3066e-09	7.800000000000002e-13	-1.04e-12	3.2528e-07	-3.2654e-07	6.3421e-10	2.1000000000000001e-13	-1.32e-12	3.2512e-07	-3.2576e-07	5.3059e-10	1.4900000000000001e-12	-7.800000000000002e-13	3.2504e-07	-3.255e-07	5.168300000000001e-10	2.5e-13	7e-14	3.25e-07	-3.2552e-07	4.8205e-10	-8.100000000000001e-13	-7.900000000000001e-13	3.2492e-07	-3.2542e-07	4.5438e-10	7e-14	-9.700000000000001e-13	3.2494e-07	-3.2532e-07	5.2086e-10	-1.1900000000000002e-12	5.1e-13	3.2492e-07	-3.2534e-07
0.225	1.3404e-09	-4.4000000000000004e-13	-1.1000000000000001e-13	3.2524e-07	-3.2654e-07	6.747400000000001e-10	1.45e-12	-7.800000000000002e-13	3.2506e-07	-3.2562e-07	5.693700000000001e-10	6.500000000000002e-13	-1.3500000000000001e-12	3.251e-07	-3.256e-07	5.5139e-10	-7e-14	-1.27e-12	3.2498e-07	-3.255e-07	5.346e-10	1.4400000000000001e-12	-7.700000000000001e-13	3.2498e-07	-3.255e-07	5.0066e-10	-1.0000000000000002e-14	-9.700000000000001e-13	3.2492e-07	-3.2546e-07	5.7006e-10	-1.2500000000000001e-12	-2.7e-13	3.2488e-07	-3.2544e-07
0.23	1.3744e-09	-1.3800000000000002e-12	-1.3000000000000001e-12	3.2524e-07	-3.266e-07	6.8136e-10	-1.86e-12	1e-13	3.2506e-07	-3.2576e-07	6.1459e-10	-1.6700000000000004e-12	-4.4000000000000004e-13	3.2504e-07	-3.2562e-07	5.955500000000001e-10	-8.7e-13	-1.23e-12	3.2496e-07	-3.2554e-07	5.791200000000001e-10	-3.5e-13	1.4e-13	3.2492e-07	-3.2544e-07	5.571000000000001e-10	1.3900000000000001e-12	-1.2400000000000002e-12	3.2492e-07	-3.2546e-07	6.1677e-10	9.200000000000001e-13	-2.4000000000000004e-13	3.248e-07	-3.2546e-07
0.235	1.4239e-09	1.1100000000000001e-12	-9.100000000000002e-13	3.2516e-07	-3.2662e-07	7.115000000000001e-10	8.7e-13	-1.22e-12	3.251e-07	-3.2584e-07	6.6316e-10	6.400000000000001e-13	-9.000000000000001e-13	3.251e-07	-3.257e-07	6.4867e-10	-7.5e-13	-9.3e-13	3.25e-07	-3.257e-07	6.3027e-10	-6.000000000000002e-13	-6.900000000000001e-13	3.2488e-07	-3.2554e-07	6.050100000000001e-10	2.2000000000000002e-13	-6.3e-13	3.25e-07	-3.2556e-07	6.551900000000001e-10	8.000000000000001e-14	-2.2000000000000002e-13	3.2482e-07	-3.2556e-07
0.24	1.4473e-09	-9.000000000000001e-13	-8.9e-13	3.2516e-07	-3.2662e-07	7.3444e-10	-1.2400000000000002e-12	-1.6000000000000005e-13	3.2504e-07	-3.2578e-07	6.6914e-10	-1.4e-13	-1e-13	3.2502e-07	-3.2562e-07	6.622500000000001e-10	2.1000000000000001e-13	-5.7e-13	3.2496e-07	-3.2566e-07	6.783800000000001e-10	1.23e-12	-1.3800000000000002e-12	3.2486e-07	-3.2556e-07	6.551300000000001e-10	-7.3e-13	-7.200000000000002e-13	3.2496e-07	-3.2556e-07	6.7038e-10	3.2000000000000005e-13	-8.7e-13	3.2492e-07	-3.2558e-07
0.245	1.49e-09	-8.2e-13	-1.1000000000000002e-12	3.2516e-07	-3.2668e-07	7.8349e-10	1.4e-12	-8.800000000000002e-13	3.2504e-07	-3.258e-07	7.052200000000001e-10	-7.100000000000001e-13	8.000000000000001e-14	3.2504e-07	-3.2564e-07	6.816800000000001e-10	-5.800000000000002e-13	-1.23e-12	3.2494e-07	-3.2572e-07	6.841e-10	-1.4e-12	-4.3000000000000004e-13	3.2488e-07	-3.2562e-07	6.7154e-10	4.9e-13	-2.7e-13	3.2488e-07	-3.255e-07	6.9721e-10	7.900000000000001e-13	-5.2e-13	3.248e-07	-3.2546e-07
0.25	1.5332e-09	1.5000000000000004e-13	-1.0100000000000001e-12	3.252e-07	-3.2666e-07	8.1685e-10	-1.2000000000000002e-13	2.6e-13	3.2512e-07	-3.259e-07	7.3483e-10	1.0500000000000002e-12	-1.1900000000000002e-12	3.2506e-07	-3.2578e-07	7.271000000000001e-10	6.000000000000002e-13	-6.500000000000002e-13	3.2494e-07	-3.2566e-07	7.1657e-10	-3.2000000000000005e-13	-7.100000000000001e-13	3.2496e-07	-3.2562e-07	6.932900000000001e-10	-9.100000000000002e-13	-4.7e-13	3.2494e-07	-3.256e-07	7.321600000000001e-10	-1.5700000000000002e-12	-7e-14	3.249e-07	-3.2556e-07
0.255	1.5665e-09	1.1100000000000001e-12	3.2000000000000005e-13	3.252e-07	-3.268e-07	8.6438e-10	-4.7e-13	-1.2500000000000001e-12	3.251e-07	-3.2594e-07	7.7327e-10	-1.14e-12	-1.18e-12	3.2502e-07	-3.2574e-07	7.6014e-10	-1.2800000000000002e-12	-6.3e-13	3.2494e-07	-3.2572e-07	7.4036e-10	6.000000000000002e-13	2.4000000000000004e-13	3.2492e-07	-3.2562e-07	7.3622e-10	1.02e-12	-9.700000000000001e-13	3.2492e-07	-3.257e-07	7.6804e-10	-5.4e-13	-8.000000000000001e-14	3.2486e-07	-3.2562e-07
0.26	1.6011e-09	-1.07e-12	-2.4000000000000004e-13	3.252e-07	-3.2676e-07	8.9749e-10	7.100000000000001e-13	-8.300000000000001e-13	3.2502e-07	-3.2592e-07	8.1049e-10	9.5e-13	-1.6000000000000005e-13	3.2494e-07	-3.2582e-07	7.9894e-10	8.9e-13	-4.7e-13	3.2506e-07	-3.258e-07	7.93e-10	1.31e-12	-9.100000000000002e-13	3.2484e-07	-3.257e-07	7.6825e-10	-2.8e-13	-6.3e-13	3.2502e-07	-3.257e-07	7.9472e-10	4e-13	-6.500000000000002e-13	3.2488e-07	-3.2566e-07
0.265	1.6471e-09	-8.400000000000001e-13	-7.100000000000001e-13	3.2518e-07	-3.2676e-07	9.4301e-10	-1.22e-12	-1.04e-12	3.2506e-07	-3.2604e-07	8.4671e-10	-1.9700000000000003e-12	-7.5e-13	3.25e-07	-3.258e-07	8.3875e-10	-1.1600000000000001e-12	3.0000000000000005e-14	3.2498e-07	-3.259e-07	8.3273e-10	-1.17e-12	8.400000000000001e-13	3.2486e-07	-3.257e-07	8.1245e-10	-8.400000000000001e-13	-5.6e-13	3.2498e-07	-3.258e-07	8.3691e-10	1.69e-12	-9.4e-13	3.2488e-07	-3.2568e-07
0.27	1.683e-09	2.5e-13	-5.7e-13	3.2524e-07	-3.2684e-07	9.889e-10	-1.4e-12	-3.1000000000000004e-13	3.2504e-07	-3.2604e-07	8.9128e-10	6.900000000000001e-13	-1.4400000000000001e-12	3.2498e-07	-3.2592e-07	8.8776e-10	4.2000000000000003e-13	-3.2000000000000005e-13	3.2502e-07	-3.2588e-07	8.6197e-10	-1.9e-12	-1.1000000000000002e-12	3.2498e-07	-3.258e-07	8.424600000000001e-10	5.300000000000002e-13	-8.300000000000001e-13	3.2496e-07	-3.2576e-07	8.7766e-10	5e-14	1.6000000000000005e-13	3.2498e-07	-3.2578e-07
0.275	1.6869e-09	-2.8e-13	-7.600000000000002e-13	3.2522e-07	-3.2686e-07	1.0633e-09	1.2000000000000002e-13	-2.4000000000000004e-13	3.251e-07	-3.2612e-07	9.203599999999999e-10	-4.3000000000000004e-13	3.000000000000001e-13	3.2504e-07	-3.2586e-07	8.9227e-10	-1.23e-12	-5.500000000000001e-13	3.2496e-07	-3.2596e-07	9.1114e-10	2.75e-12	-1.31e-12	3.2494e-07	-3.2582e-07	8.9382e-10	-1.0100000000000001e-12	-3.4e-13	3.25e-07	-3.2584e-07	9.218299999999999e-10	1.2000000000000002e-13	-6.200000000000001e-13	3.2488e-07	-3.2576e-07
0.28	1.7201e-09	-1.4200000000000002e-12	-7.600000000000002e-13	3.2516e-07	-3.2682e-07	1.1167e-09	-1.7e-13	-6.3e-13	3.251e-07	-3.2618e-07	9.843e-10	-9.700000000000001e-13	-5.2e-13	3.2502e-07	-3.2602e-07	9.4224e-10	-1.4e-13	-1.1100000000000001e-12	3.2494e-07	-3.2594e-07	9.4783e-10	-4.600000000000002e-13	4.0000000000000006e-14	3.2502e-07	-3.2594e-07	9.3672e-10	1e-13	-4.9e-13	3.2504e-07	-3.259e-07	9.6012e-10	8.2e-13	-4e-13	3.2474e-07	-3.2576e-07
0.285	1.7692e-09	-5.7e-13	-6.400000000000001e-13	3.2514e-07	-3.2686e-07	1.1717e-09	-2.24e-12	-1.02e-12	3.2506e-07	-3.2624e-07	1.0515e-09	-1.27e-12	-5.1e-13	3.25e-07	-3.2614e-07	9.93e-10	7.200000000000002e-13	-2.4000000000000004e-13	3.2504e-07	-3.261e-07	1.0042e-09	-1.2000000000000001e-12	-1.0600000000000001e-12	3.2502e-07	-3.26e-07	9.896e-10	7.900000000000001e-13	-8.300000000000001e-13	3.2496e-07	-3.2588e-07	1.0186e-09	-1e-13	1.2000000000000002e-13	3.2484e-07	-3.2588e-07
0.29	1.8009e-09	3.800000000000001e-13	-4.500000000000001e-13	3.2514e-07	-3.27e-07	1.2343e-09	4.0000000000000006e-14	-5.1e-13	3.2506e-07	-3.2624e-07	1.12e-09	1.03e-12	-5.6e-13	3.2508e-07	-3.2618e-07	1.0604e-09	5.500000000000001e-13	-4.500000000000001e-13	3.2498e-07	-3.2602e-07	1.0675e-09	-2.7e-13	-3.3e-13	3.2504e-07	-3.2608e-07	1.0506e-09	1.8000000000000004e-13	-1.1100000000000001e-12	3.2496e-07	-3.2598e-07	1.081e-09	-9.700000000000001e-13	1.8000000000000004e-13	3.248e-07	-3.259e-07
0.295	1.8482e-09	-1.6e-12	-3.1000000000000004e-13	3.2508e-07	-3.2696e-07	1.2817e-09	-8.000000000000001e-14	-8.100000000000001e-13	3.2506e-07	-3.2628e-07	1.1703e-09	-7e-14	-8.800000000000002e-13	3.251e-07	-3.2626e-07	1.1107e-09	-9.8e-13	-7.700000000000001e-13	3.2504e-07	-3.2608e-07	1.1436e-09	6.8e-13	-4e-13	3.2498e-07	-3.2606e-07	1.1199e-09	-1.18e-12	-7.800000000000002e-13	3.2492e-07	-3.2604e-07	1.1478e-09	2e-12	-3.3e-13	3.248e-07	-3.2596e-07
0.3	1.892e-09	-1.13e-12	-6.400000000000001e-13	3.2518e-07	-3.2702e-07	1.3263e-09	-8e-13	-5e-13	3.2504e-07	-3.2636e-07	1.2248e-09	-1.26e-12	-9.100000000000002e-13	3.251e-07	-3.2632e-07	1.1761e-09	-2.300000000000001e-13	-6.8e-13	3.2494e-07	-3.2612e-07	1.1898e-09	2.0000000000000003e-14	-5.9e-13	3.25e-07	-3.2616e-07	1.1816e-09	1.69e-12	-9.4e-13	3.2498e-07	-3.2604e-07	1.1959e-09	5.300000000000002e-13	1.7e-13	3.249e-07	-3.2608e-07
0.305	1.9302e-09	1.5e-12	-3.4e-13	3.2516e-07	-3.2706e-07	1.3896e-09	-9.3e-13	-1.08e-12	3.2512e-07	-3.2646e-07	1.2831e-09	6.000000000000001e-14	-4.4000000000000004e-13	3.251e-07	-3.2634e-07	1.2488e-09	7.200000000000002e-13	-4.7e-13	3.2496e-07	-3.2616e-07	1.2542e-09	-3.600000000000001e-13	-8.2e-13	3.2492e-07	-3.2622e-07	1.233e-09	1.59e-12	-6.000000000000001e-14	3.2486e-07	-3.261e-07	1.2645e-09	-2.57e-12	-1.3e-13	3.2482e-07	-3.2606e-07
0.31	1.9629e-09	-7.800000000000002e-13	-3.600000000000001e-13	3.2522e-07	-3.2716e-07	1.4382e-09	1.0100000000000001e-12	-1.2400000000000002e-12	3.251e-07	-3.2648e-07	1.3414e-09	1.3000000000000001e-12	-9.700000000000001e-13	3.251e-07	-3.2644e-07	1.2794e-09	-1.03e-12	2.1000000000000001e-13	3.2502e-07	-3.2632e-07	1.3071e-09	-1.5000000000000004e-13	-5e-13	3.2498e-07	-3.2626e-07	1.2845e-09	-4.600000000000002e-13	-4.500000000000001e-13	3.2488e-07	-3.2608e-07	1.3243e-09	1.4400000000000001e-12	-8.600000000000001e-13	3.2488e-07	-3.2612e-07
0.315	2.0043e-09	-1.0600000000000001e-12	-2.1000000000000001e-13	3.2516e-07	-3.2714e-07	1.4877e-09	8.500000000000002e-13	-7.700000000000001e-13	3.251e-07	-3.2658e-07	1.3876e-09	-1.3800000000000002e-12	-5.500000000000001e-13	3.251e-07	-3.2644e-07	1.3498e-09	-1.22e-12	-3.0000000000000005e-14	3.2506e-07	-3.264e-07	1.3578e-09	1.7600000000000002e-12	-5.2e-13	3.2496e-07	-3.2626e-07	1.352e-09	6.500000000000002e-13	-5e-13	3.2482e-07	-3.2624e-07	1.3759e-09	1.6000000000000005e-13	-7.400000000000001e-13	3.248e-07	-3.2616e-07
0.32	2.0501e-09	0.0	-4.9e-13	3.2518e-07	-3.2716e-07	1.5482e-09	-1.6200000000000004e-12	-1.04e-12	3.251e-07	-3.2654e-07	1.4491e-09	4.7e-13	-1.36e-12	3.2504e-07	-3.2648e-07	1.3997e-09	5.1e-13	-1e-12	3.25e-07	-3.2642e-07	1.4258e-09	-1.7600000000000002e-12	-1.22e-12	3.2496e-07	-3.263e-07	1.409e-09	1.3e-13	1e-13	3.249e-07	-3.2632e-07	1.4116e-09	-1.03e-12	2.300000000000001e-13	3.2486e-07	-3.2624e-07
0.325	2.0874e-09	-2.5e-13	-4.500000000000001e-13	3.2518e-07	-3.2718e-07	1.6012e-09	9e-14	-1.07e-12	3.2498e-07	-3.266e-07	1.504e-09	3.5e-13	-9.700000000000001e-13	3.2504e-07	-3.266e-07	1.4488e-09	6.900000000000001e-13	-6.400000000000001e-13	3.2502e-07	-3.265e-07	1.4735e-09	-1.8200000000000003e-12	-3.7000000000000004e-13	3.2492e-07	-3.2646e-07	1.452e-09	-3.0000000000000005e-14	-5e-14	3.2488e-07	-3.2634e-07	1.4842e-09	-9.000000000000001e-13	-3.600000000000001e-13	3.2482e-07	-3.2628e-07
0.33	2.1225e-09	-1.83e-12	-7.600000000000002e-13	3.2518e-07	-3.2726e-07	1.6508e-09	8e-13	-1.5300000000000001e-12	3.2506e-07	-3.2666e-07	1.546e-09	2.2000000000000002e-13	-6.1e-13	3.251e-07	-3.2658e-07	1.4859e-09	-1.64e-12	-9.600000000000002e-13	3.2498e-07	-3.2654e-07	1.5261e-09	1.4800000000000004e-12	-5.300000000000002e-13	3.2498e-07	-3.2654e-07	1.5064e-09	-1.13e-12	-6.000000000000002e-13	3.2492e-07	-3.2634e-07	1.5369e-09	1.9000000000000002e-13	-6.700000000000002e-13	3.2482e-07	-3.2636e-07
0.335	2.1757e-09	-1.8000000000000004e-13	-1.0500000000000002e-12	3.2516e-07	-3.2728e-07	1.6916e-09	-1e-12	-1.2400000000000002e-12	3.2504e-07	-3.267e-07	1.5987e-09	-1.3000000000000001e-12	-7.200000000000002e-13	3.2504e-07	-3.2658e-07	1.5537e-09	2.5e-13	-7.3e-13	3.2506e-07	-3.266e-07	1.587e-09	-1.02e-12	3.0000000000000005e-14	3.2498e-07	-3.265e-07	1.5677e-09	2.1000000000000001e-13	-2.900000000000001e-13	3.249e-07	-3.2644e-07	1.58e-09	1.09e-12	-2.4000000000000004e-13	3.2476e-07	-3.2644e-07
0.34	2.2174e-09	1.1100000000000001e-12	-2.6e-13	3.2512e-07	-3.273e-07	1.749e-09	-3.4e-13	-1.69e-12	3.2508e-07	-3.2674e-07	1.652e-09	2.4000000000000004e-13	-1.4200000000000002e-12	3.2506e-07	-3.2672e-07	1.6105e-09	1.6e-12	-8.400000000000001e-13	3.2506e-07	-3.2666e-07	1.6305e-09	-1.13e-12	-8.800000000000002e-13	3.2494e-07	-3.2662e-07	1.614e-09	3.800000000000001e-13	-8.100000000000001e-13	3.2494e-07	-3.265e-07	1.6394e-09	-1.79e-12	1.9000000000000002e-13	3.2482e-07	-3.2642e-07
0.345	2.2526e-09	-1.17e-12	4.0000000000000006e-14	3.2512e-07	-3.2738e-07	1.8025e-09	5.2e-13	-6.500000000000002e-13	3.2508e-07	-3.2682e-07	1.7043e-09	1.4300000000000002e-12	-9.700000000000001e-13	3.2506e-07	-3.2668e-07	1.6558e-09	-7.600000000000002e-13	-1.4900000000000001e-12	3.2506e-07	-3.2662e-07	1.6943e-09	2.4000000000000004e-13	-7e-13	3.2498e-07	-3.2662e-07	1.6594e-09	-4.600000000000002e-13	-6.200000000000001e-13	3.2492e-07	-3.2656e-07	1.6967e-09	2.6e-13	-1e-12	3.2476e-07	-3.265e-07
0.35	2.2956e-09	-1.1100000000000001e-12	-8.600000000000001e-13	3.252e-07	-3.275e-07	1.8428e-09	-3.0000000000000005e-14	-8.600000000000001e-13	3.2504e-07	-3.2692e-07	1.7474e-09	-8e-13	-7.100000000000001e-13	3.2504e-07	-3.268e-07	1.7124e-09	-9.3e-13	-9.3e-13	3.2504e-07	-3.267e-07	1.7319e-09	1e-13	1.6000000000000005e-13	3.2494e-07	-3.2676e-07	1.7276e-09	-5e-14	-5.9e-13	3.2492e-07	-3.2662e-07	1.7501e-09	1.2800000000000002e-12	-4.3000000000000004e-13	3.2476e-07	-3.2654e-07
0.355	2.3446e-09	-1.9000000000000002e-13	-7e-13	3.2516e-07	-3.2746e-07	1.8968e-09	-1.6600000000000002e-12	-4.2000000000000003e-13	3.2506e-07	-3.2698e-07	1.8099e-09	5.2e-13	-1.9400000000000002e-12	3.2504e-07	-3.2694e-07	1.7731e-09	9.600000000000002e-13	-8.400000000000001e-13	3.2498e-07	-3.2674e-07	1.792e-09	-1.2000000000000002e-13	3.000000000000001e-13	3.2498e-07	-3.2666e-07	1.7887e-09	6.1e-13	3.1000000000000004e-13	3.2488e-07	-3.2666e-07	1.7949e-09	-1.2000000000000001e-12	-8.100000000000001e-13	3.2482e-07	-3.2654e-07
0.36	2.3899e-09	9.000000000000001e-13	-7.200000000000002e-13	3.2518e-07	-3.2752e-07	1.9594e-09	1.1000000000000001e-13	-5.6e-13	3.25e-07	-3.2692e-07	1.8686e-09	1.23e-12	-8.100000000000001e-13	3.2502e-07	-3.2692e-07	1.8223e-09	4e-13	-2.7e-13	3.25e-07	-3.2682e-07	1.8562e-09	-1.3400000000000003e-12	-9e-14	3.2494e-07	-3.2674e-07	1.8301e-09	-5.800000000000002e-13	-1.1000000000000001e-13	3.2492e-07	-3.2662e-07	1.8583e-09	6.000000000000001e-14	-1.17e-12	3.2488e-07	-3.267e-07
0.365	2.4227e-09	-8.400000000000001e-13	-4.800000000000001e-13	3.252e-07	-3.2764e-07	2.0148e-09	1.22e-12	2.5e-13	3.2502e-07	-3.2704e-07	1.9129e-09	-4.2000000000000003e-13	-2.2000000000000002e-13	3.2504e-07	-3.2696e-07	1.8681e-09	-8.500000000000002e-13	-1.21e-12	3.2504e-07	-3.2682e-07	1.909e-09	1.32e-12	-1.7e-13	3.2494e-07	-3.2684e-07	1.8899e-09	-1.78e-12	-1.8000000000000004e-13	3.2486e-07	-3.2674e-07	1.9045e-09	7.600000000000002e-13	-8e-13	3.248e-07	-3.2678e-07
0.37	2.4794e-09	-9.700000000000001e-13	-1.6800000000000001e-12	3.2518e-07	-3.2766e-07	2.0601e-09	-1.6600000000000002e-12	-1.2000000000000002e-13	3.2496e-07	-3.2708e-07	1.9751e-09	-1.02e-12	-4.9e-13	3.2502e-07	-3.2702e-07	1.9267e-09	-1.5000000000000004e-13	-7.400000000000001e-13	3.2498e-07	-3.269e-07	1.9584e-09	1.3000000000000001e-12	-1.5200000000000002e-12	3.2494e-07	-3.269e-07	1.9432e-09	9.8e-13	-6.000000000000002e-13	3.2504e-07	-3.2692e-07	1.9537e-09	2.300000000000001e-13	-5.1e-13	3.2476e-07	-3.2668e-07
0.375	2.5307e-09	1.7e-13	-1.4200000000000002e-12	3.2522e-07	-3.2778e-07	2.1192e-09	-1.03e-12	-4.800000000000001e-13	3.2504e-07	-3.2706e-07	2.0364e-09	4.1e-13	-4.800000000000001e-13	3.2512e-07	-3.2714e-07	1.981e-09	9.700000000000001e-13	-1.0500000000000002e-12	3.2496e-07	-3.2692e-07	2.0147e-09	-4.600000000000002e-13	-4.500000000000001e-13	3.249e-07	-3.2696e-07	1.9994e-09	-5.7e-13	-1.5000000000000004e-13	3.2488e-07	-3.2696e-07	2.0057e-09	4.0000000000000006e-14	-1.09e-12	3.2482e-07	-3.268e-07
0.38	2.5749e-09	-7.700000000000001e-13	-5.300000000000002e-13	3.2516e-07	-3.2776e-07	2.1726e-09	5.800000000000002e-13	-1.17e-12	3.25e-07	-3.2708e-07	2.0787e-09	4.800000000000001e-13	-3.7000000000000004e-13	3.2504e-07	-3.2708e-07	2.0297e-09	1.09e-12	-4.9e-13	3.2494e-07	-3.2692e-07	2.0736e-09	5.800000000000002e-13	5.7e-13	3.2492e-07	-3.27e-07	2.0431e-09	-1.7600000000000002e-12	-4e-13	3.2494e-07	-3.2696e-07	2.0629e-09	-7.5e-13	-1.0100000000000001e-12	3.2488e-07	-3.2696e-07
0.385	2.6206e-09	-1.18e-12	-9.8e-13	3.2512e-07	-3.2772e-07	2.2162e-09	-5e-13	-8e-13	3.25e-07	-3.2726e-07	2.1201e-09	-1.4200000000000002e-12	-3.000000000000001e-13	3.2498e-07	-3.271e-07	2.0897e-09	-1.2500000000000001e-12	-1.0500000000000002e-12	3.2498e-07	-3.27e-07	2.1295e-09	8.7e-13	4.0000000000000006e-14	3.2494e-07	-3.2704e-07	2.1037e-09	-4.1e-13	-1.04e-12	3.2484e-07	-3.2692e-07	2.1254e-09	6.1e-13	-8.800000000000002e-13	3.2482e-07	-3.2692e-07
0.39	2.6764e-09	2.1000000000000001e-13	-1.07e-12	3.2508e-07	-3.2772e-07	2.2723e-09	-2.06e-12	-3.900000000000001e-13	3.2506e-07	-3.273e-07	2.1914e-09	-5.300000000000002e-13	-7e-14	3.2498e-07	-3.272e-07	2.1521e-09	8.800000000000002e-13	2e-13	3.2494e-07	-3.2716e-07	2.1755e-09	-1e-13	-4.0000000000000006e-14	3.2494e-07	-3.2708e-07	2.1636e-09	0.0	-6.200000000000001e-13	3.248e-07	-3.2702e-07	2.1763e-09	-9.5e-13	-7e-13	3.2484e-07	-3.2688e-07
0.395	2.7175e-09	3.5e-13	-2.1000000000000001e-13	3.2514e-07	-3.2784e-07	2.3259e-09	-7e-14	1.5000000000000004e-13	3.2502e-07	-3.273e-07	2.2434e-09	3.3e-13	4.500000000000001e-13	3.2498e-07	-3.2722e-07	2.2002e-09	-2.300000000000001e-13	6.000000000000001e-14	3.25e-07	-3.271e-07	2.2194e-09	-1.7100000000000002e-12	4.2000000000000003e-13	3.2494e-07	-3.2724e-07	2.2153e-09	-6.8e-13	-4.7e-13	3.248e-07	-3.2698e-07	2.2423e-09	1.9000000000000002e-13	-1.4e-12	3.2478e-07	-3.2702e-07
0.4	2.7613e-09	-8.400000000000001e-13	3.0000000000000005e-14	3.2512e-07	-3.2786e-07	2.3804999999999998e-09	-7e-14	-2.900000000000001e-13	3.25e-07	-3.2734e-07	2.2898e-09	-3.0000000000000005e-14	2.5e-13	3.2494e-07	-3.2726e-07	2.2511e-09	-8.000000000000001e-14	-2.0000000000000003e-14	3.2498e-07	-3.2726e-07	2.3159e-09	1.6000000000000005e-13	1.4e-12	3.2498e-07	-3.272e-07	2.2808e-09	-1.07e-12	-2.8e-13	3.2486e-07	-3.271e-07	2.2944e-09	1.4700000000000002e-12	-1.59e-12	3.2476e-07	-3.2706e-07
0.405	2.8195e-09	-5.500000000000001e-13	-7.800000000000002e-13	3.2506e-07	-3.2792e-07	2.4228e-09	-1.07e-12	1.2000000000000002e-13	3.2498e-07	-3.2744e-07	2.3525e-09	-1.73e-12	-5.6e-13	3.2494e-07	-3.2728e-07	2.3188e-09	-1.17e-12	-3.7000000000000004e-13	3.2496e-07	-3.272e-07	2.3811e-09	-3.3400000000000007e-12	-1.22e-12	3.2492e-07	-3.2728e-07	2.3356e-09	6.500000000000002e-13	-9.9e-13	3.2486e-07	-3.2722e-07	2.3491e-09	-9e-14	-7.800000000000002e-13	3.2486e-07	-3.2716e-07
0.41	2.8727e-09	9.100000000000002e-13	-6.8e-13	3.2508e-07	-3.2792e-07	2.5015e-09	-1.08e-12	-5.6e-13	3.2498e-07	-3.275e-07	2.4313e-09	1.23e-12	-1.2000000000000002e-13	3.2498e-07	-3.2732e-07	2.3806e-09	-4.3000000000000004e-13	-1.4e-13	3.25e-07	-3.2726e-07	2.3499e-09	-3.4700000000000004e-12	-2.2700000000000002e-12	3.2488e-07	-3.2726e-07	2.3951e-09	-6.900000000000001e-13	-4.9e-13	3.2482e-07	-3.2726e-07	2.4048e-09	-7.700000000000001e-13	-7.600000000000002e-13	3.2476e-07	-3.2718e-07
0.415	2.9265e-09	-5.800000000000002e-13	1.6000000000000005e-13	3.2514e-07	-3.2804e-07	2.5617e-09	7.600000000000002e-13	-3.4e-13	3.25e-07	-3.2758e-07	2.4665e-09	-4.500000000000001e-13	-1.1000000000000001e-13	3.2494e-07	-3.2746e-07	2.4314e-09	-7e-13	-2.900000000000001e-13	3.25e-07	-3.2738e-07	2.4071e-09	-6.000000000000001e-14	-1.79e-12	3.2492e-07	-3.2734e-07	2.4464e-09	-7.800000000000002e-13	-1.31e-12	3.2484e-07	-3.2728e-07	2.4726e-09	7.100000000000001e-13	-9.5e-13	3.2476e-07	-3.2722e-07
0.42	2.9786e-09	-2.3300000000000004e-12	-3.3e-13	3.2512e-07	-3.2806e-07	2.5998e-09	1.3e-13	-4.2000000000000003e-13	3.2504e-07	-3.2758e-07	2.5228e-09	-1.1500000000000001e-12	-2.900000000000001e-13	3.25e-07	-3.275e-07	2.4896e-09	-6.6e-13	-6.000000000000001e-14	3.2486e-07	-3.274e-07	2.4687e-09	2.41e-12	-1.7200000000000001e-12	3.2494e-07	-3.2738e-07	2.5193e-09	-1e-13	-7e-13	3.2492e-07	-3.2738e-07	2.533e-09	1.23e-12	-2.6e-13	3.248e-07	-3.273e-07
0.425	3.0312e-09	-3.1000000000000004e-13	-4.600000000000002e-13	3.251e-07	-3.2812e-07	2.6718e-09	-1.1900000000000002e-12	-6.200000000000001e-13	3.25e-07	-3.2768e-07	2.5859e-09	-8.500000000000002e-13	-8.600000000000001e-13	3.2498e-07	-3.2762e-07	2.5593e-09	7.5e-13	-2.1000000000000001e-13	3.2494e-07	-3.275e-07	2.5279e-09	-4.1e-13	-2.11e-12	3.2494e-07	-3.2748e-07	2.5621e-09	7.100000000000001e-13	-5.9e-13	3.2488e-07	-3.2744e-07	2.589e-09	-1.65e-12	1.5000000000000004e-13	3.2486e-07	-3.2732e-07
0.43	3.0855e-09	5e-14	-4.500000000000001e-13	3.2518e-07	-3.2812e-07	2.7341e-09	3.0000000000000005e-14	-1.2000000000000001e-12	3.2502e-07	-3.2774e-07	2.6446e-09	-2.300000000000001e-13	-1.9000000000000002e-13	3.25e-07	-3.2758e-07	2.6194e-09	-3.800000000000001e-13	-4.1e-13	3.2498e-07	-3.2756e-07	2.5797e-09	-2.2000000000000002e-13	-1.9900000000000002e-12	3.2488e-07	-3.2752e-07	2.6376e-09	-7e-13	-3.900000000000001e-13	3.2488e-07	-3.2754e-07	2.6536e-09	-2.8e-13	-4.800000000000001e-13	3.2474e-07	-3.274e-07
0.435	3.1296e-09	-1.5300000000000001e-12	-5e-13	3.251e-07	-3.2824e-07	2.7787e-09	9.000000000000001e-13	-1.41e-12	3.2498e-07	-3.2778e-07	2.6935e-09	-1e-13	-2.0000000000000003e-14	3.2502e-07	-3.2768e-07	2.6648e-09	-1.14e-12	-5e-13	3.2498e-07	-3.2766e-07	2.6567e-09	2.0000000000000003e-14	-6.000000000000002e-13	3.2492e-07	-3.2762e-07	2.7012e-09	-8.600000000000001e-13	-1.7600000000000002e-12	3.249e-07	-3.2752e-07	2.73e-09	1.1100000000000001e-12	-6.000000000000002e-13	3.2478e-07	-3.2752e-07
0.44	3.2035e-09	-8.7e-13	-7.3e-13	3.2516e-07	-3.283e-07	2.8433e-09	-1.46e-12	-5.6e-13	3.2502e-07	-3.279e-07	2.7671e-09	-1.4900000000000001e-12	-1.0100000000000001e-12	3.2492e-07	-3.277e-07	2.7277e-09	9.5e-13	3.600000000000001e-13	3.25e-07	-3.2766e-07	2.726e-09	5.7e-13	1e-13	3.2492e-07	-3.2758e-07	2.76e-09	1.5700000000000002e-12	-1.3400000000000003e-12	3.2486e-07	-3.276e-07	2.7799e-09	-2.5e-13	-8.100000000000001e-13	3.2478e-07	-3.2758e-07
0.445	3.2462e-09	-3.5e-13	-4.4000000000000004e-13	3.2506e-07	-3.2826e-07	2.9085e-09	-1.2000000000000002e-13	-1.46e-12	3.2494e-07	-3.2782e-07	2.8221e-09	7.100000000000001e-13	-6.900000000000001e-13	3.2498e-07	-3.2788e-07	2.7892e-09	-3.3e-13	-6.500000000000002e-13	3.2506e-07	-3.2774e-07	2.7717e-09	-5.7e-13	-1.03e-12	3.2492e-07	-3.2766e-07	2.8175e-09	6.200000000000001e-13	-9.5e-13	3.2488e-07	-3.277e-07	2.8371e-09	-1.4e-12	-4.800000000000001e-13	3.2476e-07	-3.2758e-07
0.45	3.314e-09	4.1e-13	-2.6e-13	3.251e-07	-3.2842e-07	2.9811e-09	7.400000000000001e-13	-5.800000000000002e-13	3.2502e-07	-3.2788e-07	2.9707e-09	3.5e-13	-3.5e-13	3.2494e-07	-3.2786e-07	2.8491e-09	-1.7700000000000001e-12	-1e-13	3.2502e-07	-3.278e-07	2.8385e-09	1.7200000000000001e-12	-6.3e-13	3.2486e-07	-3.2774e-07	2.8203e-09	-4.0000000000000006e-14	-1.09e-12	3.2496e-07	-3.2778e-07	2.9082e-09	3.3e-13	-1.4e-13	3.248e-07	-3.2768e-07
0.455	3.3742e-09	-9.8e-13	-5.7e-13	3.2506e-07	-3.2848e-07	3.0182e-09	-8.100000000000001e-13	-7e-13	3.2506e-07	-3.28e-07	3.0265e-09	-7.800000000000002e-13	-6.200000000000001e-13	3.25e-07	-3.28e-07	2.9184e-09	-1.7200000000000001e-12	-8.600000000000001e-13	3.2502e-07	-3.2794e-07	2.8951e-09	8.400000000000001e-13	3.2000000000000005e-13	3.249e-07	-3.278e-07	2.8756e-09	-2.1000000000000001e-13	-6.200000000000001e-13	3.2484e-07	-3.2776e-07	2.9634e-09	-1.2000000000000002e-13	2.900000000000001e-13	3.2482e-07	-3.2778e-07
0.46	3.4311e-09	-4.7e-13	-4.800000000000001e-13	3.2516e-07	-3.2854e-07	3.0856e-09	-1.2800000000000002e-12	-1.5200000000000002e-12	3.2498e-07	-3.2806e-07	3.0925e-09	4.600000000000002e-13	-7.800000000000002e-13	3.2496e-07	-3.2804e-07	2.9994e-09	9.4e-13	-1.64e-12	3.2498e-07	-3.2794e-07	2.9658e-09	-1.7600000000000002e-12	-1.59e-12	3.2492e-07	-3.2782e-07	2.9483e-09	8.400000000000001e-13	-3.7000000000000004e-13	3.2494e-07	-3.2788e-07	3.0215e-09	-1.3400000000000003e-12	1.1000000000000001e-13	3.2486e-07	-3.279e-07
0.465	3.487e-09	1e-12	-1.23e-12	3.2516e-07	-3.2858e-07	3.139e-09	6.900000000000001e-13	-2.4500000000000007e-12	3.2502e-07	-3.281e-07	3.1637e-09	1.41e-12	-8.100000000000001e-13	3.2496e-07	-3.2812e-07	3.0475e-09	5e-13	-9.4e-13	3.2498e-07	-3.2798e-07	3.0196e-09	-2.26e-12	-1.14e-12	3.2492e-07	-3.2796e-07	2.9951e-09	-4.0000000000000006e-14	-1.3500000000000001e-12	3.249e-07	-3.2792e-07	3.1021e-09	-5.9e-13	-1.1000000000000001e-13	3.2486e-07	-3.2794e-07
0.47	3.547e-09	-1.6700000000000004e-12	-7.5e-13	3.251e-07	-3.2854e-07	3.2134e-09	2.1000000000000001e-13	-3.3e-13	3.25e-07	-3.282e-07	3.2107e-09	-3.800000000000001e-13	-4.600000000000002e-13	3.2492e-07	-3.281e-07	3.1145e-09	-1.04e-12	-7.3e-13	3.2506e-07	-3.2812e-07	3.0866e-09	2.21e-12	-9.8e-13	3.2486e-07	-3.28e-07	3.0578e-09	-1.27e-12	-9.4e-13	3.249e-07	-3.2796e-07	3.1712e-09	1.7e-13	-2.300000000000001e-13	3.2482e-07	-3.2798e-07
0.475	3.6079e-09	-1.03e-12	-1.0600000000000001e-12	3.2504e-07	-3.2866e-07	3.2937e-09	-6.8e-13	-3.3e-13	3.25e-07	-3.2824e-07	3.2854e-09	-2.5300000000000003e-12	-5.6e-13	3.2504e-07	-3.2828e-07	3.1656e-09	2.5e-13	-8.2e-13	3.2498e-07	-3.2818e-07	3.175e-09	3.7000000000000004e-13	1.37e-12	3.2494e-07	-3.2802e-07	3.1549e-09	1.4200000000000002e-12	-1.17e-12	3.2494e-07	-3.2802e-07	3.2322e-09	-8.500000000000002e-13	-2.7e-13	3.2486e-07	-3.2794e-07
0.48	3.6614e-09	3.600000000000001e-13	-8.800000000000002e-13	3.2506e-07	-3.287e-07	3.3563e-09	-5.1e-13	-8.400000000000001e-13	3.2502e-07	-3.2838e-07	3.3451e-09	7.900000000000001e-13	-1.36e-12	3.2498e-07	-3.2828e-07	3.2503e-09	2.11e-12	-7.5e-13	3.25e-07	-3.2824e-07	3.2364e-09	-1.26e-12	3.2000000000000005e-13	3.2488e-07	-3.281e-07	3.2005e-09	1e-13	-5.800000000000002e-13	3.2486e-07	-3.2804e-07	3.3038e-09	-1.18e-12	-4.7e-13	3.2484e-07	-3.2818e-07
0.485	3.7273e-09	-5.7e-13	-3.3e-13	3.251e-07	-3.2882e-07	3.4225e-09	6.900000000000001e-13	-3.5e-13	3.2506e-07	-3.2836e-07	3.4175e-09	-2.0000000000000003e-14	-5.9e-13	3.2492e-07	-3.2832e-07	3.3254e-09	-1.5200000000000002e-12	-4.1e-13	3.2498e-07	-3.2828e-07	3.29e-09	-5.2e-13	-9.000000000000001e-13	3.2486e-07	-3.2816e-07	3.2605e-09	-7.200000000000002e-13	-4.9e-13	3.2494e-07	-3.2814e-07	3.3785e-09	5.7e-13	-5.6e-13	3.2478e-07	-3.2822e-07
0.49	3.7942e-09	-1.08e-12	-6.000000000000002e-13	3.2504e-07	-3.2884e-07	3.476e-09	-6.700000000000002e-13	-5.1e-13	3.25e-07	-3.2842e-07	3.4816e-09	8.000000000000001e-14	-6.1e-13	3.2494e-07	-3.2842e-07	3.3683e-09	-1.41e-12	1.9000000000000002e-13	3.2496e-07	-3.2828e-07	3.3566999999999998e-09	1.23e-12	-5.9e-13	3.2484e-07	-3.2816e-07	3.336e-09	-1.7e-13	3.7000000000000004e-13	3.2492e-07	-3.2814e-07	3.4369e-09	-1.6000000000000005e-13	-7.900000000000001e-13	3.248e-07	-3.2828e-07
0.495	3.8584e-09	-2.1000000000000001e-13	-1.22e-12	3.251e-07	-3.2888e-07	3.5533e-09	-1.4300000000000002e-12	-5.4e-13	3.2498e-07	-3.2856e-07	3.567e-09	2.0000000000000003e-14	-5.800000000000002e-13	3.249e-07	-3.2852e-07	3.433e-09	4.500000000000001e-13	-2.03e-12	3.2496e-07	-3.2836e-07	3.4323e-09	-1.8900000000000002e-12	-1.8000000000000004e-13	3.2488e-07	-3.2828e-07	3.403e-09	3.2000000000000005e-13	-2.7e-13	3.2486e-07	-3.2834e-07	3.4782e-09	-1.8400000000000002e-12	-5e-13	3.2482e-07	-3.283e-07
0.5	3.94e-09	5.6e-13	-6.500000000000002e-13	3.251e-07	-3.2904e-07	3.6045e-09	8.500000000000002e-13	-1.18e-12	3.2494e-07	-3.2858e-07	3.6330999999999998e-09	1.37e-12	-2.900000000000001e-13	3.2488e-07	-3.2858e-07	3.5113e-09	4.600000000000002e-13	-1.07e-12	3.2502e-07	-3.2848e-07	3.499e-09	-1.0500000000000002e-12	-1.17e-12	3.2484e-07	-3.2836e-07	3.4784e-09	-1.07e-12	-2.7e-13	3.2488e-07	-3.2838e-07	3.5582e-09	-1.13e-12	-9.000000000000001e-13	3.2482e-07	-3.2844e-07
0.505	3.9906e-09	-4.7e-13	-1.12e-12	3.2506e-07	-3.2906e-07	3.6908e-09	5.800000000000002e-13	-3.3e-13	3.2502e-07	-3.2874e-07	3.6907e-09	4.0000000000000006e-14	-4.0000000000000006e-14	3.249e-07	-3.2864e-07	3.5779e-09	-3.000000000000001e-13	-1.0600000000000001e-12	3.2494e-07	-3.2852e-07	3.5655e-09	5.4e-13	-1e-12	3.2484e-07	-3.2836e-07	3.5424e-09	-1.36e-12	-8.600000000000001e-13	3.2486e-07	-3.2838e-07	3.6464e-09	7.5e-13	-8.2e-13	3.2486e-07	-3.2844e-07
0.51	4.0564e-09	-9.3e-13	-1.08e-12	3.2506e-07	-3.2912e-07	3.7582e-09	-1.1000000000000002e-12	-8.100000000000001e-13	3.2494e-07	-3.2872e-07	3.7762e-09	-1.22e-12	-1.5000000000000004e-13	3.2494e-07	-3.2868e-07	3.6585e-09	-1.9700000000000003e-12	-1.1000000000000002e-12	3.2504e-07	-3.2864e-07	3.641e-09	7.100000000000001e-13	2.0000000000000003e-14	3.248e-07	-3.2852e-07	3.6233e-09	3.900000000000001e-13	-4.9e-13	3.2474e-07	-3.2836e-07	3.7156e-09	-6.000000000000002e-13	-6.1e-13	3.248e-07	-3.2854e-07
0.515	4.1213e-09	1.23e-12	-9.4e-13	3.2508e-07	-3.2914e-07	3.8232e-09	-2.4000000000000004e-13	-5.800000000000002e-13	3.2504e-07	-3.2878e-07	3.8591e-09	1.0600000000000001e-12	-1.17e-12	3.2498e-07	-3.288e-07	3.7165e-09	1.36e-12	-6.8e-13	3.25e-07	-3.2866e-07	3.716e-09	-3.7000000000000004e-13	-3.4e-13	3.2482e-07	-3.2842e-07	3.7056e-09	8.000000000000001e-14	-7.3e-13	3.2486e-07	-3.2846e-07	3.7851e-09	-1.3900000000000001e-12	-1.21e-12	3.248e-07	-3.2858e-07
0.52	4.1725e-09	-2.8e-13	-4.800000000000001e-13	3.251e-07	-3.2926e-07	3.8948e-09	1.3000000000000001e-12	-5e-13	3.2492e-07	-3.2884e-07	3.9232e-09	1.4e-13	4.500000000000001e-13	3.25e-07	-3.289e-07	3.8038e-09	1.64e-12	-6.3e-13	3.2494e-07	-3.2872e-07	3.7945e-09	-2.39e-12	-3.7000000000000004e-13	3.249e-07	-3.2864e-07	3.7751e-09	-1.46e-12	-5.2e-13	3.2478e-07	-3.285e-07	3.8893e-09	4.3000000000000004e-13	-7.400000000000001e-13	3.248e-07	-3.287e-07
0.525	4.2644e-09	-2.3300000000000004e-12	-6.000000000000002e-13	3.2504e-07	-3.2934e-07	3.9725e-09	-1.6800000000000001e-12	5.1e-13	3.25e-07	-3.2898e-07	4.0115e-09	-1.31e-12	-2.900000000000001e-13	3.2496e-07	-3.2898e-07	3.8863e-09	-1.1900000000000002e-12	-4e-13	3.2494e-07	-3.2882e-07	3.8483e-09	7.800000000000002e-13	-1.91e-12	3.2482e-07	-3.2874e-07	3.8566e-09	9e-14	-3.7000000000000004e-13	3.2482e-07	-3.2864e-07	3.9407e-09	1.7200000000000001e-12	-1.23e-12	3.2482e-07	-3.2876e-07
0.53	4.3306e-09	-1.6000000000000005e-13	-8.100000000000001e-13	3.2508e-07	-3.2934e-07	4.1188e-09	-1.7600000000000002e-12	-2.300000000000001e-13	3.2496e-07	-3.2916e-07	4.092e-09	1.5000000000000004e-13	-1.6000000000000005e-13	3.2496e-07	-3.2898e-07	3.9692e-09	1.0000000000000002e-14	1.0000000000000002e-14	3.2492e-07	-3.289e-07	3.927e-09	-2.4000000000000004e-13	-9.600000000000002e-13	3.2488e-07	-3.2876e-07	3.9076e-09	-3.000000000000001e-13	1e-13	3.248e-07	-3.2876e-07	4.0174e-09	-1.7e-13	-8.100000000000001e-13	3.248e-07	-3.2882e-07
0.535	4.3985e-09	4.4000000000000004e-13	-3.000000000000001e-13	3.251e-07	-3.2944e-07	4.2213e-09	-7e-13	-2e-13	3.2498e-07	-3.292e-07	4.1628e-09	6.200000000000001e-13	-2.5e-13	3.2494e-07	-3.2908e-07	4.0321e-09	-1.6200000000000004e-12	2.1000000000000001e-13	3.2498e-07	-3.2896e-07	3.9993e-09	-1.0500000000000002e-12	-7.800000000000002e-13	3.2492e-07	-3.2884e-07	3.9771e-09	-5.300000000000002e-13	-7e-13	3.2484e-07	-3.2878e-07	4.1196e-09	-8.9e-13	-6.900000000000001e-13	3.2484e-07	-3.2892e-07
0.54	4.4889e-09	-1.1000000000000001e-13	-7.700000000000001e-13	3.2504e-07	-3.2942e-07	4.267e-09	-2.1000000000000001e-13	-4.0000000000000006e-14	3.2498e-07	-3.2926e-07	4.2298e-09	-4.7e-13	-6.500000000000002e-13	3.2494e-07	-3.2914e-07	4.0997e-09	-7.800000000000002e-13	-2.7e-13	3.2504e-07	-3.2902e-07	4.1031e-09	1.04e-12	-9.8e-13	3.2492e-07	-3.29e-07	4.065e-09	-1.23e-12	-7e-13	3.2482e-07	-3.2884e-07	4.1939e-09	1.31e-12	-1.18e-12	3.2478e-07	-3.29e-07
0.545	4.5716e-09	-6.000000000000002e-13	-1.32e-12	3.2508e-07	-3.2954e-07	4.3617e-09	-9.8e-13	1.0000000000000002e-14	3.2504e-07	-3.2936e-07	4.3103e-09	-1.7600000000000002e-12	-7e-14	3.25e-07	-3.293e-07	4.1806e-09	-1e-12	-9.200000000000001e-13	3.2494e-07	-3.2906e-07	4.1523e-09	0.0	-1e-12	3.2486e-07	-3.2902e-07	4.1420999999999996e-09	5.300000000000002e-13	-7.800000000000002e-13	3.2482e-07	-3.2904e-07	4.2617e-09	-1.3900000000000001e-12	-5.300000000000002e-13	3.248e-07	-3.2892e-07
0.55	4.6343e-09	7.400000000000001e-13	-6.1e-13	3.2502e-07	-3.2966e-07	4.4333e-09	-1.17e-12	-1.12e-12	3.2496e-07	-3.2946e-07	4.3978e-09	8.300000000000001e-13	-3.3e-13	3.2488e-07	-3.293e-07	4.2505e-09	9.600000000000002e-13	-1.0500000000000002e-12	3.2494e-07	-3.292e-07	4.2237e-09	-1.7200000000000001e-12	-9.9e-13	3.2494e-07	-3.2918e-07	4.2258e-09	1.8000000000000004e-13	-4.500000000000001e-13	3.249e-07	-3.2908e-07	4.329e-09	-1.5000000000000004e-13	-8.500000000000002e-13	3.248e-07	-3.291e-07
0.555	4.6986e-09	7e-14	-2e-13	3.2506e-07	-3.2972e-07	4.5201e-09	1.0500000000000002e-12	-9.8e-13	3.2504e-07	-3.295e-07	4.4701e-09	2.8e-13	0.0	3.2492e-07	-3.2942e-07	4.3261e-09	-3.900000000000001e-13	-3.0000000000000005e-14	3.249e-07	-3.2922e-07	4.3259e-09	2.5e-13	-9.200000000000001e-13	3.2486e-07	-3.2918e-07	4.3159e-09	-9.200000000000001e-13	-6.1e-13	3.2492e-07	-3.2914e-07	4.4373e-09	3.000000000000001e-13	-9.3e-13	3.247e-07	-3.291e-07
0.56	4.7798e-09	-1.7600000000000002e-12	-4.800000000000001e-13	3.2504e-07	-3.2984e-07	4.567e-09	-1.1900000000000002e-12	5.6e-13	3.2494e-07	-3.2954e-07	4.5367e-09	-1.5200000000000002e-12	-3.7000000000000004e-13	3.2492e-07	-3.2954e-07	4.4088e-09	-5.500000000000001e-13	-3.2000000000000005e-13	3.2498e-07	-3.2936e-07	4.4021e-09	8.400000000000001e-13	-5.4e-13	3.2492e-07	-3.2932e-07	4.3997e-09	-5.9e-13	-5.6e-13	3.2488e-07	-3.2926e-07	4.3987e-09	9.4e-13	-6.6e-13	3.247e-07	-3.291e-07
0.565	4.8514e-09	-1.2000000000000002e-13	-3.5e-13	3.2506e-07	-3.299e-07	4.6733e-09	-1.4300000000000002e-12	-5.500000000000001e-13	3.25e-07	-3.2964e-07	4.6378e-09	-8.100000000000001e-13	-1.07e-12	3.2492e-07	-3.2954e-07	4.498e-09	4.2000000000000003e-13	2.1000000000000001e-13	3.2498e-07	-3.2946e-07	4.5038e-09	-8.100000000000001e-13	-6.000000000000002e-13	3.2488e-07	-3.2938e-07	4.4641e-09	1.08e-12	-9.100000000000002e-13	3.2484e-07	-3.293e-07	4.491e-09	-1.3400000000000003e-12	-3.900000000000001e-13	3.2468e-07	-3.2922e-07
0.57	4.9422e-09	-1.6000000000000005e-13	-5.4e-13	3.2506e-07	-3.3004e-07	4.7677e-09	3.5e-13	-5.6e-13	3.2498e-07	-3.2972e-07	4.7149e-09	1.03e-12	-1.4e-13	3.2486e-07	-3.2962e-07	4.5864e-09	-7.200000000000002e-13	-4.0000000000000006e-14	3.2494e-07	-3.2956e-07	4.5725e-09	-3.1000000000000004e-13	-1e-13	3.249e-07	-3.2944e-07	4.54e-09	-8.800000000000002e-13	-3.2000000000000005e-13	3.2492e-07	-3.294e-07	4.5839e-09	3.5e-13	-8.300000000000001e-13	3.247e-07	-3.2928e-07
0.575	5.0206e-09	-1.69e-12	-3.000000000000001e-13	3.2508e-07	-3.301e-07	4.8524e-09	-5e-13	-8.9e-13	3.25e-07	-3.2988e-07	4.7899e-09	-1.2900000000000002e-12	-6.6e-13	3.2492e-07	-3.2972e-07	4.6576e-09	-1.64e-12	3.5e-13	3.2498e-07	-3.2964e-07	4.6467e-09	3.4e-13	-1.1500000000000001e-12	3.2494e-07	-3.296e-07	4.6142e-09	-3.800000000000001e-13	-1.26e-12	3.2484e-07	-3.2952e-07	4.6348e-09	1.2900000000000002e-12	-8.7e-13	3.2474e-07	-3.2942e-07
0.58	5.101e-09	-1.8700000000000003e-12	-3.5e-13	3.2504e-07	-3.3012e-07	4.944e-09	-1.9700000000000003e-12	-7.900000000000001e-13	3.2508e-07	-3.3e-07	4.8869e-09	-1.14e-12	-6.8e-13	3.2496e-07	-3.2982e-07	4.7553e-09	-2.5e-13	-4.500000000000001e-13	3.2496e-07	-3.2974e-07	4.7291e-09	-3.0000000000000005e-14	-9.3e-13	3.2494e-07	-3.296e-07	4.7356e-09	-6.400000000000001e-13	-9.9e-13	3.249e-07	-3.2952e-07	4.7305e-09	-1.0100000000000001e-12	-6.8e-13	3.2476e-07	-3.295e-07
0.585	5.1743e-09	1.02e-12	-4.9e-13	3.2502e-07	-3.3018e-07	5.0073e-09	-6.400000000000001e-13	-7.900000000000001e-13	3.25e-07	-3.3002e-07	4.9819e-09	5.800000000000002e-13	-3.3e-13	3.2498e-07	-3.2992e-07	4.8455e-09	1.02e-12	-9.600000000000002e-13	3.2484e-07	-3.2972e-07	4.853e-09	-1.7100000000000002e-12	-4.9e-13	3.249e-07	-3.2972e-07	4.804e-09	4.0000000000000006e-14	-6.400000000000001e-13	3.2494e-07	-3.2964e-07	4.8194e-09	-1e-12	-6.1e-13	3.247e-07	-3.2954e-07
0.59	5.2606e-09	-3.800000000000001e-13	-2.6e-13	3.2504e-07	-3.3026e-07	5.1627999999999996e-09	5.1e-13	-9.5e-13	3.2498e-07	-3.3012e-07	5.0755e-09	-6.6e-13	-3.3e-13	3.2498e-07	-3.3002e-07	4.9068e-09	-2.36e-12	-3.5e-13	3.248e-07	-3.2976e-07	4.9185e-09	1.26e-12	-1.78e-12	3.2494e-07	-3.298e-07	5.0024e-09	-1.0600000000000001e-12	-1.0600000000000001e-12	3.2484e-07	-3.2988e-07	4.9323e-09	6.6e-13	0.0	3.247e-07	-3.2964e-07
0.595	5.3363e-09	-1.2800000000000002e-12	-6.3e-13	3.2502e-07	-3.3032e-07	5.2023e-09	-7.600000000000002e-13	-6.700000000000002e-13	3.2498e-07	-3.3018e-07	5.1394e-09	-1.96e-12	-5.4e-13	3.2494e-07	-3.3008e-07	5.0184e-09	-1.69e-12	-1.2000000000000001e-12	3.2488e-07	-3.2988e-07	5.0041e-09	1.65e-12	-1.7200000000000001e-12	3.2486e-07	-3.299e-07	5.1309e-09	8.800000000000002e-13	-1.69e-12	3.2486e-07	-3.2994e-07	4.98e-09	-1.0000000000000002e-14	-7.100000000000001e-13	3.2478e-07	-3.2984e-07
0.6	5.44e-09	2e-13	-6.700000000000002e-13	3.2506e-07	-3.3044e-07	5.3091e-09	-4.7e-13	-1.3300000000000002e-12	3.2502e-07	-3.3036e-07	5.2803e-09	-9.8e-13	-1.0600000000000001e-12	3.2494e-07	-3.3018e-07	5.0916e-09	7.3e-13	-1.36e-12	3.2492e-07	-3.2992e-07	5.0763e-09	-1.13e-12	-6.400000000000001e-13	3.249e-07	-3.2996e-07	5.1661e-09	1.09e-12	-7.200000000000002e-13	3.2484e-07	-3.2998e-07	5.0696e-09	-2.5000000000000007e-12	-4.800000000000001e-13	3.2474e-07	-3.2984e-07
0.605	5.5194e-09	-2.8e-13	-4e-13	3.2494e-07	-3.3052e-07	5.4197e-09	7.200000000000002e-13	-9.8e-13	3.2498e-07	-3.3042e-07	5.3518e-09	1.2000000000000002e-13	-1.03e-12	3.2492e-07	-3.3028e-07	5.228e-09	7e-13	-1e-12	3.2494e-07	-3.302e-07	5.1505e-09	-8e-13	-1.5400000000000001e-12	3.249e-07	-3.3004e-07	5.2579e-09	-3.3e-13	-5.4e-13	3.2486e-07	-3.3004e-07	5.1803e-09	1.6000000000000005e-13	-4.2000000000000003e-13	3.247e-07	-3.299e-07
0.61	5.6181e-09	-9.200000000000001e-13	-6.500000000000002e-13	3.25e-07	-3.306e-07	5.5069e-09	1.0500000000000002e-12	-1.18e-12	3.25e-07	-3.3048e-07	5.428e-09	-8e-13	-8.300000000000001e-13	3.2494e-07	-3.3044e-07	5.3942e-09	-1.0600000000000001e-12	-4.1e-13	3.2492e-07	-3.3032e-07	5.2835e-09	5.4e-13	-6.000000000000001e-14	3.2482e-07	-3.3016e-07	5.3402e-09	-1.36e-12	-3.000000000000001e-13	3.2484e-07	-3.3022e-07	5.2586e-09	7.200000000000002e-13	-7e-13	3.248e-07	-3.3008e-07
0.615	5.717e-09	-2.57e-12	-3.2000000000000005e-13	3.2504e-07	-3.3066e-07	5.604e-09	-2.41e-12	-5.800000000000002e-13	3.2492e-07	-3.3056e-07	5.5215e-09	-1.3800000000000002e-12	-1.4900000000000001e-12	3.2498e-07	-3.3048e-07	5.4869e-09	-8.500000000000002e-13	-9.200000000000001e-13	3.2484e-07	-3.3038e-07	5.3846e-09	2.1000000000000001e-13	-5.2e-13	3.2488e-07	-3.3028e-07	5.4651e-09	6.700000000000002e-13	-5.6e-13	3.2492e-07	-3.3032e-07	5.3598e-09	-2.1000000000000001e-13	-2.6e-13	3.2474e-07	-3.3008e-07
0.62	5.819e-09	2.0000000000000003e-14	-1.1600000000000001e-12	3.2508e-07	-3.3086e-07	5.7375e-09	-1.8000000000000004e-13	-7.900000000000001e-13	3.2488e-07	-3.3062e-07	5.6578e-09	2.2000000000000003e-12	-1.8400000000000002e-12	3.2494e-07	-3.3056e-07	5.6161e-09	7.3e-13	-5.7e-13	3.249e-07	-3.3044e-07	5.4695e-09	-8.800000000000002e-13	-2.1000000000000001e-13	3.2486e-07	-3.303e-07	5.5684e-09	7.600000000000002e-13	-3.7000000000000004e-13	3.2492e-07	-3.3042e-07	5.4438e-09	-1.2000000000000001e-12	-5.500000000000001e-13	3.248e-07	-3.302e-07
0.625	5.873e-09	-3.800000000000001e-13	-4.600000000000002e-13	3.251e-07	-3.3092e-07	5.8156e-09	7.100000000000001e-13	-7.100000000000001e-13	3.2492e-07	-3.3072e-07	5.722e-09	9.700000000000001e-13	-8.500000000000002e-13	3.2494e-07	-3.3062e-07	5.6807e-09	-1.59e-12	-7.100000000000001e-13	3.2482e-07	-3.3054e-07	5.5574e-09	-4.3000000000000004e-13	-1.46e-12	3.2482e-07	-3.3036e-07	5.6442e-09	-2.2500000000000003e-12	-6.200000000000001e-13	3.2486e-07	-3.3048e-07	5.5942e-09	1.2000000000000002e-13	-1e-13	3.2474e-07	-3.3032e-07
0.63	5.9939e-09	-1.46e-12	-7e-13	3.2496e-07	-3.3102e-07	5.8857e-09	-2.1000000000000001e-13	-1.4900000000000001e-12	3.2498e-07	-3.308e-07	5.8165e-09	-1.2800000000000002e-12	-7.600000000000002e-13	3.2492e-07	-3.3072e-07	5.7947e-09	-1.5e-12	-1.5e-12	3.2486e-07	-3.307e-07	5.6331e-09	8.600000000000001e-13	-3.2000000000000005e-13	3.2476e-07	-3.3052e-07	5.7958e-09	1.3e-13	-1.1900000000000002e-12	3.248e-07	-3.3054e-07	5.6234e-09	1.1000000000000001e-13	-3.900000000000001e-13	3.2482e-07	-3.3038e-07
0.635	6.0634e-09	1.6200000000000004e-12	-7.900000000000001e-13	3.2498e-07	-3.3106e-07	5.9851e-09	-4.7e-13	-3.7000000000000004e-13	3.2504e-07	-3.3096e-07	5.9067e-09	1.0500000000000002e-12	-1.5700000000000002e-12	3.2494e-07	-3.3086e-07	5.8839e-09	5.1e-13	-1.9200000000000003e-12	3.2482e-07	-3.3068e-07	5.733e-09	-1.5700000000000002e-12	-2.0000000000000003e-14	3.2482e-07	-3.305e-07	5.8514e-09	7.700000000000001e-13	-1.0600000000000001e-12	3.2486e-07	-3.3072e-07	5.7157e-09	-2.5600000000000004e-12	3.4e-13	3.248e-07	-3.305e-07
0.64	6.1557e-09	3.5e-13	-5.4e-13	3.25e-07	-3.3112e-07	6.0784e-09	3.800000000000001e-13	-2.2000000000000002e-13	3.2502e-07	-3.3104e-07	6.0179e-09	4.0000000000000006e-14	-5.300000000000002e-13	3.249e-07	-3.3092e-07	6.0457e-09	1.3800000000000002e-12	-9.600000000000002e-13	3.2488e-07	-3.3092e-07	5.8771e-09	-1.1000000000000002e-12	-7.3e-13	3.248e-07	-3.3056e-07	5.9269e-09	-3.5e-13	-7e-13	3.2486e-07	-3.308e-07	5.8159e-09	7e-14	-2.7e-13	3.2478e-07	-3.3062e-07
0.645	6.2576e-09	-4.7e-13	-7.100000000000001e-13	3.25e-07	-3.313e-07	6.1792e-09	7.600000000000002e-13	-7.800000000000002e-13	3.2492e-07	-3.3116e-07	6.1137e-09	1e-12	-4e-13	3.2492e-07	-3.3106e-07	6.0798e-09	-9.5e-13	-1e-12	3.2492e-07	-3.3102e-07	5.9525e-09	5.300000000000002e-13	-4.1e-13	3.2484e-07	-3.3072e-07	6.0783e-09	-1.5800000000000001e-12	-2e-13	3.2482e-07	-3.3096e-07	5.9178e-09	-1e-13	-4.600000000000002e-13	3.2474e-07	-3.3068e-07
0.65	6.3919e-09	-1e-12	-1.17e-12	3.25e-07	-3.3138e-07	6.267e-09	-5.9e-13	-6.200000000000001e-13	3.2498e-07	-3.3132e-07	6.2595e-09	-1.3900000000000001e-12	-1.5000000000000004e-13	3.249e-07	-3.3114e-07	6.2513e-09	5.500000000000001e-13	-4.7e-13	3.249e-07	-3.3102e-07	6.0311e-09	-3.7000000000000004e-13	1.5000000000000004e-13	3.2484e-07	-3.3092e-07	6.1566e-09	4e-13	-1.5000000000000004e-13	3.2478e-07	-3.3098e-07	6.0363e-09	-8.100000000000001e-13	-5.800000000000002e-13	3.2474e-07	-3.308e-07
0.655	6.4753e-09	1.2900000000000002e-12	-1.08e-12	3.2502e-07	-3.3146e-07	6.4039e-09	-1.0000000000000002e-14	-6.8e-13	3.2492e-07	-3.3134e-07	6.3571e-09	2.69e-12	-1.51e-12	3.2492e-07	-3.3114e-07	6.3351e-09	9.5e-13	-1.51e-12	3.249e-07	-3.3116e-07	6.1289e-09	-1.3000000000000001e-12	6.3e-13	3.2486e-07	-3.3104e-07	6.1676e-09	1.7e-13	5e-13	3.2486e-07	-3.3096e-07	6.1135e-09	-7.800000000000002e-13	-9.000000000000001e-13	3.2474e-07	-3.3094e-07
0.66	6.5922e-09	-2e-13	-8.300000000000001e-13	3.2506e-07	-3.3162e-07	6.4742e-09	7.5e-13	-8.100000000000001e-13	3.2494e-07	-3.314e-07	6.4646e-09	1.8000000000000004e-13	-1.7100000000000002e-12	3.2498e-07	-3.3132e-07	6.3787e-09	-5.9e-13	-2.900000000000001e-13	3.2488e-07	-3.3128e-07	6.2514e-09	3.000000000000001e-13	-6.1e-13	3.2482e-07	-3.3106e-07	6.2124e-09	-1.2900000000000002e-12	-8e-13	3.2478e-07	-3.3106e-07	6.2149e-09	2.8e-13	-5.6e-13	3.2476e-07	-3.3102e-07
0.665	6.6803e-09	-1.21e-12	-9.600000000000002e-13	3.2502e-07	-3.3164e-07	6.5918e-09	-1.7000000000000002e-12	9e-14	3.249e-07	-3.3156e-07	6.5539e-09	-2.14e-12	-1.14e-12	3.2488e-07	-3.3144e-07	6.5293e-09	-9.200000000000001e-13	-1.26e-12	3.2482e-07	-3.3128e-07	6.3396e-09	-2.7e-13	-4.1e-13	3.2482e-07	-3.3116e-07	6.3376e-09	-1.2500000000000001e-12	-8.2e-13	3.2478e-07	-3.3108e-07	6.3552e-09	4.600000000000002e-13	8.000000000000001e-14	3.248e-07	-3.3116e-07
0.67	6.7596e-09	-3.000000000000001e-13	-1.3400000000000003e-12	3.2502e-07	-3.318e-07	6.7025e-09	-1.5700000000000002e-12	-2.8e-13	3.2498e-07	-3.3166e-07	6.678e-09	5.1e-13	-1.0600000000000001e-12	3.2494e-07	-3.3158e-07	6.6674e-09	7.400000000000001e-13	-6.1e-13	3.2482e-07	-3.3144e-07	6.4503e-09	-1.8700000000000003e-12	-1.0600000000000001e-12	3.248e-07	-3.3122e-07	6.4449e-09	1.23e-12	-7.400000000000001e-13	3.248e-07	-3.3126e-07	6.4956e-09	-2.3500000000000007e-12	5.300000000000002e-13	3.2474e-07	-3.3126e-07
0.675	6.8657e-09	3.7000000000000004e-13	-1.2400000000000002e-12	3.2504e-07	-3.3188e-07	6.8122e-09	3.2000000000000005e-13	-4.4000000000000004e-13	3.2494e-07	-3.3186e-07	6.7345e-09	7.700000000000001e-13	-4.3000000000000004e-13	3.25e-07	-3.3176e-07	6.7151e-09	4e-13	-4e-13	3.2482e-07	-3.3156e-07	6.5943e-09	-1.07e-12	-6.8e-13	3.2486e-07	-3.3152e-07	6.6149e-09	-1.0100000000000001e-12	-1.0100000000000001e-12	3.2482e-07	-3.3144e-07	6.5602e-09	-2.5e-13	-1.27e-12	3.247e-07	-3.3138e-07
0.68	7.0188e-09	-9.8e-13	-6.700000000000002e-13	3.2504e-07	-3.3204e-07	6.9064e-09	-1.7e-13	-3.000000000000001e-13	3.249e-07	-3.3182e-07	6.8841e-09	-1.3500000000000001e-12	4.2000000000000003e-13	3.2496e-07	-3.3174e-07	6.8251e-09	-1.6700000000000004e-12	-3.0000000000000005e-14	3.2492e-07	-3.3172e-07	6.6602e-09	1e-13	-5.800000000000002e-13	3.2484e-07	-3.3156e-07	6.6686e-09	1.5000000000000004e-13	-9.600000000000002e-13	3.2486e-07	-3.3152e-07	6.723e-09	-5.2e-13	-2.6e-13	3.2476e-07	-3.3152e-07
0.685	7.0884e-09	-2.6e-13	-1.1900000000000002e-12	3.2504e-07	-3.3218e-07	7.025e-09	-1.03e-12	-2.8e-13	3.2498e-07	-3.3198e-07	7.0346e-09	-4.600000000000002e-13	7e-14	3.25e-07	-3.3184e-07	6.9546e-09	5.7e-13	-1.5800000000000001e-12	3.2486e-07	-3.3182e-07	6.7846e-09	1.7e-13	7.900000000000001e-13	3.248e-07	-3.3162e-07	6.7678e-09	4.0000000000000006e-14	-3.3e-13	3.2482e-07	-3.3162e-07	6.7647e-09	-7.900000000000001e-13	-1.21e-12	3.2474e-07	-3.3162e-07
0.69	7.2453e-09	5e-13	-3.600000000000001e-13	3.2506e-07	-3.3216e-07	7.1589e-09	-3.2000000000000005e-13	-5e-13	3.2488e-07	-3.3212e-07	7.12e-09	-5e-13	7e-14	3.2498e-07	-3.3206e-07	7.0617e-09	-3.800000000000001e-13	3.000000000000001e-13	3.2486e-07	-3.32e-07	6.9291e-09	-1.95e-12	8.000000000000001e-14	3.2482e-07	-3.318e-07	6.8697e-09	2.7e-13	2.5e-13	3.2486e-07	-3.317e-07	6.8742e-09	-9.000000000000001e-13	-8.600000000000001e-13	3.2474e-07	-3.3164e-07
0.695	7.3587e-09	-5e-13	-3.5e-13	3.25e-07	-3.324e-07	7.2719e-09	1.14e-12	9e-14	3.2494e-07	-3.3216e-07	7.2551e-09	0.0	5.7e-13	3.2496e-07	-3.3222e-07	7.1947e-09	-8e-13	-6.1e-13	3.2486e-07	-3.321e-07	7.1028e-09	-2.0000000000000003e-14	-3.7000000000000004e-13	3.2486e-07	-3.3182e-07	6.9924999999999996e-09	-1.08e-12	-4.2000000000000003e-13	3.2482e-07	-3.319e-07	6.9877e-09	1.5400000000000001e-12	-2.0500000000000004e-12	3.2474e-07	-3.317e-07
0.7	7.463e-09	-1.6200000000000004e-12	-5e-13	3.2498e-07	-3.3242e-07	7.3772e-09	-1.5600000000000002e-12	6.1e-13	3.2498e-07	-3.324e-07	7.3562e-09	-2.39e-12	-1.12e-12	3.2496e-07	-3.3232e-07	7.3797e-09	4.2000000000000003e-13	-6.400000000000001e-13	3.2482e-07	-3.3218e-07	7.1351e-09	3.7000000000000004e-13	-6.1e-13	3.248e-07	-3.3198e-07	7.16e-09	-1.0100000000000001e-12	-1.13e-12	3.2486e-07	-3.3204e-07	7.1032e-09	4.3000000000000004e-13	-1.6600000000000002e-12	3.2474e-07	-3.3182e-07
0.705	7.589e-09	2.4000000000000004e-13	-3.2000000000000005e-13	3.25e-07	-3.3256e-07	7.5408e-09	-1.88e-12	-3.5e-13	3.2494e-07	-3.3252e-07	7.5612e-09	-7.200000000000002e-13	-1.2900000000000002e-12	3.2492e-07	-3.3256e-07	7.4228e-09	2.5e-13	1.9000000000000002e-13	3.2492e-07	-3.3232e-07	7.2151e-09	-1.7100000000000002e-12	-8.800000000000002e-13	3.2482e-07	-3.3212e-07	7.2917e-09	1.18e-12	-1.1500000000000001e-12	3.2488e-07	-3.3218e-07	7.2289e-09	-6.700000000000002e-13	-1.21e-12	3.2476e-07	-3.3198e-07
0.71	7.6597e-09	-3.4e-13	-1e-13	3.25e-07	-3.327e-07	7.6711e-09	7.900000000000001e-13	-4.4000000000000004e-13	3.2494e-07	-3.325e-07	7.6148e-09	1.2800000000000002e-12	-7.700000000000001e-13	3.2492e-07	-3.3268e-07	7.5137e-09	-4.0000000000000006e-14	-5.500000000000001e-13	3.2482e-07	-3.324e-07	7.4633e-09	-4.800000000000001e-13	-1.08e-12	3.2476e-07	-3.3222e-07	7.3229e-09	-7e-13	-4.3000000000000004e-13	3.2486e-07	-3.3214e-07	7.3466e-09	5.1e-13	-1.2000000000000001e-12	3.2474e-07	-3.321e-07
0.715	7.8221e-09	-1.5600000000000002e-12	-5.500000000000001e-13	3.2504e-07	-3.3282e-07	7.7708e-09	-1.14e-12	-4.2000000000000003e-13	3.25e-07	-3.3272e-07	7.6974e-09	-1.98e-12	-5.1e-13	3.2496e-07	-3.3264e-07	7.6993e-09	-1.6300000000000001e-12	-6.8e-13	3.2482e-07	-3.3246e-07	7.5132e-09	1.1900000000000002e-12	-1.17e-12	3.2478e-07	-3.324e-07	7.511e-09	-8.7e-13	-7.100000000000001e-13	3.2488e-07	-3.3228e-07	7.4925e-09	2.300000000000001e-13	-3.800000000000001e-13	3.2476e-07	-3.322e-07
0.72	7.9087e-09	-1.03e-12	-1.8000000000000004e-13	3.25e-07	-3.33e-07	7.8648e-09	-2.51e-12	-7.3e-13	3.2488e-07	-3.3286e-07	7.8918e-09	-9.000000000000001e-13	-2.7e-13	3.2496e-07	-3.3282e-07	7.8258e-09	2.1000000000000001e-13	-6.3e-13	3.2486e-07	-3.327e-07	7.6919e-09	-1.13e-12	-1.5000000000000004e-13	3.248e-07	-3.3242e-07	7.6369e-09	3.1000000000000004e-13	-1.45e-12	3.2486e-07	-3.3236e-07	7.6203e-09	4.0000000000000006e-14	-1.08e-12	3.2468e-07	-3.3228e-07
0.725	8.0111e-09	1.36e-12	-6.8e-13	3.2506e-07	-3.3306e-07	8.1127e-09	3.2000000000000005e-13	-1.12e-12	3.2498e-07	-3.3288e-07	7.9679e-09	1.4e-12	-6.1e-13	3.2488e-07	-3.3282e-07	7.9358e-09	7.400000000000001e-13	-3.1000000000000004e-13	3.2494e-07	-3.3276e-07	7.7244e-09	-6.6e-13	-8.800000000000002e-13	3.248e-07	-3.3258e-07	7.7099e-09	6.900000000000001e-13	-1.1600000000000001e-12	3.2488e-07	-3.3262e-07	7.7682e-09	-1.5e-12	-1.23e-12	3.2472e-07	-3.323e-07
0.73	8.1646e-09	-6.1e-13	-2.5e-13	3.2504e-07	-3.3318e-07	8.1766e-09	1.0500000000000002e-12	-4.800000000000001e-13	3.2484e-07	-3.3306e-07	8.1521e-09	-6.400000000000001e-13	-6.8e-13	3.249e-07	-3.3298e-07	8.1304e-09	-1.55e-12	-1.9000000000000002e-13	3.2492e-07	-3.329e-07	7.9254e-09	2.6e-13	-1.37e-12	3.2482e-07	-3.3272e-07	7.8742e-09	-7.3e-13	-8.400000000000001e-13	3.248e-07	-3.3258e-07	7.9253e-09	6.500000000000002e-13	-1.1100000000000001e-12	3.2466e-07	-3.3258e-07
0.735	8.2586e-09	-1.26e-12	7e-14	3.251e-07	-3.333e-07	8.2926e-09	-7.3e-13	-8.7e-13	3.249e-07	-3.332e-07	8.2828e-09	-5.500000000000001e-13	-8.7e-13	3.2486e-07	-3.3324e-07	8.2484e-09	-5.1e-13	2.4000000000000004e-13	3.249e-07	-3.3312e-07	7.9685e-09	-2.8e-13	-5.300000000000002e-13	3.2482e-07	-3.3284e-07	8.0746e-09	1.6000000000000005e-13	-3.900000000000001e-13	3.2474e-07	-3.3276e-07	7.9685e-09	9.000000000000001e-13	-1.14e-12	3.2474e-07	-3.3276e-07
0.74	8.435e-09	-1.6000000000000005e-13	-2.2000000000000002e-13	3.25e-07	-3.3338e-07	8.4339e-09	-1.2800000000000002e-12	-3.4e-13	3.2488e-07	-3.333e-07	8.3813e-09	-7.400000000000001e-13	-1.1600000000000001e-12	3.2486e-07	-3.3322e-07	8.3013e-09	-5e-13	1.0000000000000002e-14	3.249e-07	-3.3324e-07	8.1182e-09	-5.4e-13	-9.8e-13	3.248e-07	-3.3298e-07	8.1508e-09	-2.1000000000000001e-13	-6.6e-13	3.2476e-07	-3.3286e-07	8.1258e-09	-1.1500000000000001e-12	-1.17e-12	3.247e-07	-3.3276e-07
0.745	8.5832e-09	-5.4e-13	-4.2000000000000003e-13	3.25e-07	-3.336e-07	8.5382e-09	1.12e-12	-5.7e-13	3.25e-07	-3.3342e-07	8.4743e-09	8.100000000000001e-13	-1.3800000000000002e-12	3.2496e-07	-3.3332e-07	8.4525e-09	-1.0600000000000001e-12	-2.0000000000000003e-14	3.2474e-07	-3.3328e-07	8.3141e-09	-9.9e-13	-1.4700000000000002e-12	3.2478e-07	-3.3304e-07	8.2272e-09	-1.3400000000000003e-12	-2.7e-13	3.2468e-07	-3.3288e-07	8.1925e-09	9.100000000000002e-13	-9.600000000000002e-13	3.248e-07	-3.3314e-07
0.75	8.6841e-09	-2.4800000000000003e-12	-8.2e-13	3.2504e-07	-3.3376e-07	8.7026e-09	-1.2000000000000002e-13	-1.0100000000000001e-12	3.2498e-07	-3.336e-07	8.593e-09	-1.26e-12	-6.1e-13	3.2486e-07	-3.3354e-07	8.5531e-09	-1.88e-12	-2.4000000000000004e-13	3.2482e-07	-3.3342e-07	8.3843e-09	1.5e-12	-1.6700000000000004e-12	3.2482e-07	-3.3322e-07	8.4189e-09	-7.200000000000002e-13	-1.1600000000000001e-12	3.2464e-07	-3.331e-07	8.3543e-09	1.07e-12	-5e-14	3.247e-07	-3.3316e-07
0.755	8.7649e-09	-4.600000000000002e-13	-7.400000000000001e-13	3.2502e-07	-3.3388e-07	8.8342e-09	-1.7200000000000001e-12	-1.1900000000000002e-12	3.2498e-07	-3.3374e-07	8.7794e-09	-1.2800000000000002e-12	-1.18e-12	3.2492e-07	-3.3364e-07	8.742e-09	1.22e-12	-1.1000000000000002e-12	3.248e-07	-3.3364e-07	8.5165e-09	-8.2e-13	-9.5e-13	3.2484e-07	-3.334e-07	8.5408e-09	1.9000000000000002e-13	-1.6300000000000001e-12	3.2474e-07	-3.3318e-07	8.5199e-09	-6.400000000000001e-13	-2e-13	3.247e-07	-3.3318e-07
0.76	8.9324e-09	8.000000000000001e-14	-7.800000000000002e-13	3.2506e-07	-3.3396e-07	8.9691e-09	-2.7e-13	-1.18e-12	3.2498e-07	-3.3386e-07	8.8838e-09	4.3000000000000004e-13	-7.5e-13	3.2488e-07	-3.339e-07	8.8246e-09	-2.4000000000000004e-13	-5e-13	3.248e-07	-3.3366e-07	8.6932e-09	-1e-13	-1.59e-12	3.2482e-07	-3.3354e-07	8.6207e-09	1.23e-12	-1.13e-12	3.2482e-07	-3.3342e-07	8.61e-09	-8.800000000000002e-13	3.000000000000001e-13	3.2474e-07	-3.334e-07
0.765	9.0353e-09	-3.900000000000001e-13	-1.7e-13	3.2502e-07	-3.3406e-07	9.0752e-09	8.800000000000002e-13	-1.21e-12	3.2492e-07	-3.341e-07	9.1339e-09	6.200000000000001e-13	-5.9e-13	3.2492e-07	-3.3408e-07	9.0724e-09	-8.100000000000001e-13	-6.000000000000002e-13	3.2484e-07	-3.3398e-07	8.8666e-09	1.2000000000000002e-13	-7.3e-13	3.2482e-07	-3.3362e-07	8.7672e-09	-1.1500000000000001e-12	-8.600000000000001e-13	3.2486e-07	-3.336e-07	8.8118e-09	3.000000000000001e-13	1.7e-13	3.2462e-07	-3.3352e-07
0.77	9.2179e-09	-2.47e-12	-8.100000000000001e-13	3.2504e-07	-3.3412e-07	9.2377e-09	-1.4700000000000002e-12	-1.6300000000000001e-12	3.2492e-07	-3.3406e-07	9.1962e-09	-1.23e-12	-4e-13	3.2492e-07	-3.3402e-07	9.1708e-09	-1.23e-12	-1.18e-12	3.2482e-07	-3.3406e-07	8.9133e-09	1.13e-12	-5e-13	3.2472e-07	-3.3372e-07	8.9074e-09	6.000000000000002e-13	1.6000000000000005e-13	3.2488e-07	-3.3372e-07	8.9566e-09	-2.8e-13	-7.200000000000002e-13	3.2466e-07	-3.3356e-07
0.775	9.3405e-09	1.12e-12	-7.3e-13	3.2498e-07	-3.3444e-07	9.4848e-09	-5.7e-13	-1e-12	3.2488e-07	-3.3422e-07	9.313e-09	5.500000000000001e-13	-1.14e-12	3.2486e-07	-3.3416e-07	9.3757e-09	1.1900000000000002e-12	-1.2000000000000002e-13	3.2484e-07	-3.3404e-07	9.0756e-09	-1.5700000000000002e-12	3.0000000000000005e-14	3.2482e-07	-3.3382e-07	9.0661e-09	1.12e-12	-4.7e-13	3.2486e-07	-3.3406e-07	9.0422e-09	-1.78e-12	-4.600000000000002e-13	3.2468e-07	-3.3384e-07
0.78	9.5459e-09	6.000000000000002e-13	-2.900000000000001e-13	3.2494e-07	-3.3444e-07	9.4753e-09	8.600000000000001e-13	-1.2900000000000002e-12	3.2492e-07	-3.3452e-07	9.4768e-09	5.800000000000002e-13	-1.4200000000000002e-12	3.249e-07	-3.3446e-07	9.413e-09	-1.1900000000000002e-12	-7.700000000000001e-13	3.2482e-07	-3.343e-07	9.297e-09	6.700000000000002e-13	-2.7e-13	3.2482e-07	-3.3408e-07	9.3468e-09	-1.8700000000000003e-12	-2.7e-13	3.2484e-07	-3.3396e-07	9.1869e-09	-5.6e-13	-7.800000000000002e-13	3.2468e-07	-3.3386e-07
0.785	9.6356e-09	-1.6700000000000004e-12	-5.500000000000001e-13	3.25e-07	-3.3452e-07	9.6502e-09	-2.6e-13	-8.100000000000001e-13	3.2492e-07	-3.3438e-07	9.6429e-09	-1.4800000000000004e-12	-9.5e-13	3.2486e-07	-3.3444e-07	9.603e-09	-1.1100000000000001e-12	-8.400000000000001e-13	3.2486e-07	-3.3442e-07	9.3576e-09	3.900000000000001e-13	-5e-14	3.2482e-07	-3.3414e-07	9.3354e-09	-8.2e-13	-2.1000000000000001e-13	3.2488e-07	-3.3432e-07	9.328e-09	5.6e-13	-2e-13	3.247e-07	-3.3396e-07
0.79	9.8655e-09	-1.12e-12	-1.55e-12	3.249e-07	-3.3478e-07	9.6078e-09	-1e-12	-4.7e-13	3.2492e-07	-3.346e-07	9.7526e-09	3.600000000000001e-13	-1.31e-12	3.2486e-07	-3.348e-07	9.7113e-09	1.5200000000000002e-12	-1.6300000000000001e-12	3.2486e-07	-3.3454e-07	9.5298e-09	-1.0500000000000002e-12	-9.200000000000001e-13	3.2478e-07	-3.342e-07	9.5061e-09	4.500000000000001e-13	-6.1e-13	3.2494e-07	-3.3438e-07	9.4757e-09	-5.4e-13	-2.0000000000000003e-14	3.2472e-07	-3.342e-07
0.795	1.00238e-08	1.23e-12	-1.4300000000000002e-12	3.2492e-07	-3.348e-07	9.8303e-09	-1.4e-13	-7.900000000000001e-13	3.2494e-07	-3.3476e-07	1.00371e-08	5.7e-13	-8.7e-13	3.249e-07	-3.348e-07	9.8814e-09	-2.6e-13	-6.3e-13	3.2476e-07	-3.3474e-07	9.6859e-09	1.4e-13	-1.22e-12	3.248e-07	-3.346e-07	9.6552e-09	-5.500000000000001e-13	-1.9000000000000002e-13	3.2484e-07	-3.3448e-07	9.6069e-09	-3.800000000000001e-13	-6.8e-13	3.247e-07	-3.3432e-07
0.8	1.01153e-08	-1e-12	-1.5300000000000001e-12	3.2498e-07	-3.3504e-07	9.8738e-09	-2.0000000000000003e-14	-1.0100000000000001e-12	3.2494e-07	-3.3486e-07	1.00318e-08	-4.3000000000000004e-13	-4.4000000000000004e-13	3.249e-07	-3.3486e-07	1.00286e-08	-1.13e-12	-1.6300000000000001e-12	3.248e-07	-3.3498e-07	9.9107e-09	6.1e-13	-7.100000000000001e-13	3.248e-07	-3.3462e-07	9.8492e-09	-1.2800000000000002e-12	-5.7e-13	3.2478e-07	-3.3454e-07	9.8845e-09	1.0600000000000001e-12	-4.500000000000001e-13	3.247e-07	-3.3462e-07
0.805	1.02677e-08	1.5000000000000004e-13	-1.8100000000000002e-12	3.2498e-07	-3.351e-07	1.00774e-08	-1.2400000000000002e-12	-9.600000000000002e-13	3.2492e-07	-3.351e-07	1.01869e-08	-1.46e-12	-1.5400000000000001e-12	3.2492e-07	-3.3504e-07	1.02447e-08	2.1000000000000001e-13	-1.2800000000000002e-12	3.2484e-07	-3.3514e-07	9.9545e-09	1e-13	-5.7e-13	3.2476e-07	-3.3488e-07	9.9761e-09	-6.900000000000001e-13	-6.500000000000002e-13	3.2482e-07	-3.3476e-07	9.962e-09	-8.100000000000001e-13	4.0000000000000006e-14	3.2468e-07	-3.347e-07
0.81	1.04094e-08	7e-14	-1.6100000000000002e-12	3.2496e-07	-3.3532e-07	1.01713e-08	-7.5e-13	-7.600000000000002e-13	3.2492e-07	-3.3512e-07	1.04383e-08	-1.9000000000000002e-13	-3.4e-13	3.2484e-07	-3.3522e-07	1.04212e-08	9.700000000000001e-13	-1.2500000000000001e-12	3.248e-07	-3.3502e-07	1.0334e-08	-1.88e-12	7e-14	3.248e-07	-3.352e-07	1.01982e-08	4.2000000000000003e-13	-4.2000000000000003e-13	3.247e-07	-3.3498e-07	1.0143e-08	-1.5300000000000001e-12	-3.3e-13	3.2472e-07	-3.3476e-07
0.815	1.05032e-08	6.000000000000002e-13	-9.700000000000001e-13	3.2498e-07	-3.356e-07	1.03479e-08	1.2000000000000001e-12	-3.4e-13	3.2498e-07	-3.3546e-07	1.04944e-08	1.08e-12	-5.6e-13	3.2482e-07	-3.355e-07	1.06125e-08	2.7e-13	-8e-13	3.2478e-07	-3.353e-07	1.04192e-08	-6.400000000000001e-13	-1e-12	3.2486e-07	-3.3522e-07	1.02397e-08	-7.900000000000001e-13	4.2000000000000003e-13	3.247e-07	-3.3496e-07	1.02672e-08	-6.900000000000001e-13	-4.800000000000001e-13	3.2468e-07	-3.3512e-07
0.82	1.06727e-08	-1.51e-12	-7e-13	3.2494e-07	-3.3568e-07	1.04485e-08	-1.1500000000000001e-12	-3.4e-13	3.2492e-07	-3.355e-07	1.06883e-08	-2.0200000000000007e-12	-8.000000000000001e-14	3.2482e-07	-3.355e-07	1.07259e-08	-1.4700000000000002e-12	-7.800000000000002e-13	3.2482e-07	-3.355e-07	1.06264e-08	6.3e-13	1.4e-13	3.2476e-07	-3.355e-07	1.04716e-08	-5.4e-13	-1e-12	3.2474e-07	-3.3516e-07	1.03996e-08	2.8e-13	-5.9e-13	3.2474e-07	-3.3512e-07
0.825	1.07741e-08	1.1000000000000002e-12	-6.200000000000001e-13	3.2492e-07	-3.3582e-07	1.06993e-08	-1.4700000000000002e-12	-5.300000000000002e-13	3.2498e-07	-3.3564e-07	1.09179e-08	7.400000000000001e-13	-1.3800000000000002e-12	3.2492e-07	-3.3586e-07	1.08802e-08	1.7e-13	-1.79e-12	3.2486e-07	-3.3576e-07	1.07912e-08	-1.6300000000000001e-12	-2.5e-13	3.2482e-07	-3.3564e-07	1.056e-08	3.900000000000001e-13	-6.3e-13	3.2474e-07	-3.3534e-07	1.05531e-08	-1.8400000000000002e-12	-7.5e-13	3.2474e-07	-3.3534e-07
0.83	1.10609e-08	1.6000000000000005e-13	-6.3e-13	3.2494e-07	-3.3592e-07	1.0879e-08	5e-14	-3.2000000000000005e-13	3.2488e-07	-3.3578e-07	1.1042e-08	1e-13	-3.900000000000001e-13	3.249e-07	-3.3586e-07	1.09697e-08	3.000000000000001e-13	-4.2000000000000003e-13	3.248e-07	-3.3568e-07	1.10904e-08	-1.09e-12	-7e-14	3.2478e-07	-3.359e-07	1.07897e-08	-6.500000000000002e-13	-3.4e-13	3.2476e-07	-3.356e-07	1.07093e-08	-9.700000000000001e-13	-1.27e-12	3.2468e-07	-3.353e-07
0.835	1.11596e-08	-7.900000000000001e-13	-9.9e-13	3.2494e-07	-3.3612e-07	1.10027e-08	2.7e-13	-4.500000000000001e-13	3.2494e-07	-3.3594e-07	1.11873e-08	7e-14	-5e-14	3.2488e-07	-3.362e-07	1.11706e-08	-5.2e-13	-4.2000000000000003e-13	3.2476e-07	-3.3608e-07	1.12287e-08	3.2000000000000005e-13	-6.000000000000002e-13	3.248e-07	-3.361e-07	1.09917e-08	-1.9700000000000003e-12	-1.1500000000000001e-12	3.2476e-07	-3.3566e-07	1.08918e-08	4.9e-13	-7.100000000000001e-13	3.2474e-07	-3.3564e-07
0.84	1.13102e-08	-1.08e-12	-3.4e-13	3.2492e-07	-3.3632e-07	1.11563e-08	-9.200000000000001e-13	-2.2000000000000002e-13	3.2486e-07	-3.3616e-07	1.14086e-08	4.4000000000000004e-13	-1.32e-12	3.247e-07	-3.3622e-07	1.13279e-08	-3.000000000000001e-13	-6.3e-13	3.2476e-07	-3.3616e-07	1.14335e-08	1e-13	-4.1e-13	3.248e-07	-3.3608e-07	1.10445e-08	-6.3e-13	-1.8100000000000002e-12	3.2476e-07	-3.3584e-07	1.10898e-08	-1e-13	-9.8e-13	3.2464e-07	-3.3566e-07
0.845	1.1557999999999998e-08	-2.23e-12	-8.100000000000001e-13	3.2494e-07	-3.3652e-07	1.14204e-08	-1.1500000000000001e-12	-5.800000000000002e-13	3.2488e-07	-3.362e-07	1.15798e-08	2.6e-13	-9.100000000000002e-13	3.2482e-07	-3.366e-07	1.14744e-08	4.3000000000000004e-13	-6.900000000000001e-13	3.2482e-07	-3.3626e-07	1.1493599999999998e-08	-1.2000000000000002e-13	-1e-13	3.2482e-07	-3.3634e-07	1.12158e-08	4.4000000000000004e-13	-1.14e-12	3.248e-07	-3.3608e-07	1.13217e-08	-4.600000000000002e-13	-3.5e-13	3.247e-07	-3.3602e-07
0.85	1.1705799999999998e-08	-1.4700000000000002e-12	-1.1100000000000001e-12	3.2494e-07	-3.366e-07	1.16434e-08	-1.3300000000000002e-12	-3.600000000000001e-13	3.2488e-07	-3.3658e-07	1.17746e-08	7.900000000000001e-13	-5.7e-13	3.2484e-07	-3.366e-07	1.1799999999999998e-08	2.7e-13	-1.4800000000000004e-12	3.2486e-07	-3.3672e-07	1.16818e-08	-1.69e-12	-7.100000000000001e-13	3.248e-07	-3.3662e-07	1.1473799999999998e-08	5.800000000000002e-13	-7e-14	3.248e-07	-3.3614e-07	1.15544e-08	-1.1000000000000002e-12	-6.000000000000002e-13	3.2462e-07	-3.3602e-07
0.855	1.2031e-08	-1.3500000000000001e-12	-1.7e-13	3.2494e-07	-3.3686e-07	1.18084e-08	-2.7e-13	-8e-13	3.2492e-07	-3.3678e-07	1.20166e-08	-4.500000000000001e-13	1.9000000000000002e-13	3.2482e-07	-3.3674e-07	1.19476e-08	2.0000000000000003e-14	-1.03e-12	3.249e-07	-3.3674e-07	1.19202e-08	-9.3e-13	-7.600000000000002e-13	3.2482e-07	-3.3662e-07	1.16448e-08	-3.0000000000000005e-14	-6.200000000000001e-13	3.2474e-07	-3.364e-07	1.16904e-08	-8.800000000000002e-13	-1.31e-12	3.2474e-07	-3.364e-07
0.86	1.2129199999999998e-08	-5.300000000000002e-13	-8.400000000000001e-13	3.25e-07	-3.3704e-07	1.1956799999999998e-08	-3.5e-13	-9.3e-13	3.2486e-07	-3.3678e-07	1.2201399999999998e-08	9e-14	-5.1e-13	3.2482e-07	-3.37e-07	1.21774e-08	4.7e-13	1.0000000000000002e-14	3.2482e-07	-3.3696e-07	1.20684e-08	-1.6100000000000002e-12	-6.200000000000001e-13	3.2486e-07	-3.3682e-07	1.1937e-08	-1.3400000000000003e-12	-2.0000000000000003e-14	3.2468e-07	-3.365e-07	1.18564e-08	2e-13	-8.800000000000002e-13	3.2464e-07	-3.3652e-07
0.865	1.2307999999999998e-08	-4.4000000000000004e-13	-8e-13	3.2492e-07	-3.3728e-07	1.21982e-08	1.26e-12	-1.22e-12	3.2488e-07	-3.3718e-07	1.2357799999999998e-08	-1.3900000000000001e-12	-4.7e-13	3.2484e-07	-3.3734e-07	1.2260999999999998e-08	6.3e-13	-8.400000000000001e-13	3.2486e-07	-3.3724e-07	1.2402199999999998e-08	-1.1100000000000001e-12	-4.0000000000000006e-14	3.2478e-07	-3.3706e-07	1.2151199999999998e-08	-1.17e-12	-1.55e-12	3.2474e-07	-3.37e-07	1.2118399999999998e-08	1.0500000000000002e-12	-9.700000000000001e-13	3.2474e-07	-3.3686e-07
0.87	1.2549999999999998e-08	9.600000000000002e-13	-1.2900000000000002e-12	3.2494e-07	-3.3758e-07	1.24206e-08	1.9000000000000002e-13	-9.4e-13	3.2494e-07	-3.3722e-07	1.2659799999999998e-08	-1.4300000000000002e-12	-2.300000000000001e-13	3.2482e-07	-3.3734e-07	1.25652e-08	-1.59e-12	-2.1000000000000001e-13	3.2488e-07	-3.3728e-07	1.24466e-08	-9.000000000000001e-13	-1e-12	3.249e-07	-3.3738e-07	1.2288e-08	-1.41e-12	-1.3e-13	3.247e-07	-3.3698e-07	1.2252799999999998e-08	-1.8000000000000004e-13	-4e-13	3.247e-07	-3.3706e-07
0.875	1.26728e-08	-1.31e-12	-9.000000000000001e-13	3.249e-07	-3.3752e-07	1.26186e-08	5.7e-13	-1.0100000000000001e-12	3.249e-07	-3.3734e-07	1.2828e-08	-9.3e-13	-2.2000000000000002e-13	3.2484e-07	-3.3764e-07	1.2717599999999998e-08	-2.1700000000000002e-12	-9.3e-13	3.2486e-07	-3.375e-07	1.27706e-08	-9e-14	-1.13e-12	3.2482e-07	-3.3758e-07	1.2415199999999998e-08	-1.5e-12	-6.700000000000002e-13	3.2474e-07	-3.3718e-07	1.24386e-08	8.300000000000001e-13	-5.800000000000002e-13	3.2466e-07	-3.3724e-07
0.88	1.28108e-08	-1.1500000000000001e-12	-7.700000000000001e-13	3.2498e-07	-3.379e-07	1.27022e-08	7.5e-13	-6.400000000000001e-13	3.2488e-07	-3.3776e-07	1.2959e-08	-1.7600000000000002e-12	-4.9e-13	3.2488e-07	-3.379e-07	1.29394e-08	-1.8000000000000002e-12	-1.09e-12	3.2486e-07	-3.3758e-07	1.29244e-08	1.1000000000000001e-13	-8.400000000000001e-13	3.2488e-07	-3.3774e-07	1.25966e-08	2.6e-13	-1.04e-12	3.247e-07	-3.373e-07	1.2593599999999998e-08	-3.7000000000000004e-13	-1.0100000000000001e-12	3.2466e-07	-3.3724e-07
0.885	1.30942e-08	-1.88e-12	-1.37e-12	3.2486e-07	-3.3814e-07	1.29292e-08	-5.1e-13	-2.6e-13	3.2496e-07	-3.3776e-07	1.31452e-08	-6.900000000000001e-13	-1.17e-12	3.2494e-07	-3.3792e-07	1.3223599999999998e-08	-1.74e-12	-7.800000000000002e-13	3.248e-07	-3.3802e-07	1.30696e-08	1.2800000000000002e-12	-1.14e-12	3.2486e-07	-3.38e-07	1.28e-08	-4.0000000000000006e-14	-1.0500000000000002e-12	3.2472e-07	-3.3744e-07	1.2919399999999998e-08	-1.6000000000000005e-13	-5.7e-13	3.2468e-07	-3.3748e-07
0.89	1.32622e-08	-1.64e-12	-8.600000000000001e-13	3.25e-07	-3.3814e-07	1.31922e-08	-1.9900000000000002e-12	-4.7e-13	3.2482e-07	-3.381e-07	1.33874e-08	-7e-13	-4.1e-13	3.2488e-07	-3.3844e-07	1.33322e-08	-2.1000000000000001e-13	-1.18e-12	3.248e-07	-3.3826e-07	1.32878e-08	-6.6e-13	1.5000000000000004e-13	3.2486e-07	-3.3808e-07	1.3008399999999998e-08	9.5e-13	-1.09e-12	3.2476e-07	-3.3774e-07	1.306e-08	-1.6300000000000001e-12	-9.100000000000002e-13	3.2468e-07	-3.3782e-07
0.895	1.35678e-08	-1.4200000000000002e-12	-1.88e-12	3.2494e-07	-3.3852e-07	1.3302999999999998e-08	-1.85e-12	-5.500000000000001e-13	3.249e-07	-3.3842e-07	1.35578e-08	2.0000000000000003e-14	-9.8e-13	3.2498e-07	-3.384e-07	1.3577799999999998e-08	-8.2e-13	-9.100000000000002e-13	3.2482e-07	-3.3852e-07	1.35548e-08	-5.1e-13	-1.59e-12	3.2486e-07	-3.383e-07	1.32524e-08	9e-14	-3.7000000000000004e-13	3.247e-07	-3.3814e-07	1.3337999999999998e-08	-1.5800000000000001e-12	-2.6e-13	3.2476e-07	-3.3784e-07
0.9	1.3789599999999998e-08	1.1100000000000001e-12	-4.500000000000001e-13	3.2496e-07	-3.3876e-07	1.35762e-08	-1e-12	-4.800000000000001e-13	3.249e-07	-3.384e-07	1.3785e-08	1.03e-12	-9.600000000000002e-13	3.2502e-07	-3.3876e-07	1.39388e-08	9.000000000000001e-13	-1.7500000000000002e-12	3.2486e-07	-3.3852e-07	1.3701799999999998e-08	-1.5e-12	-4.2000000000000003e-13	3.2482e-07	-3.3852e-07	1.3457799999999998e-08	1.2000000000000002e-13	-6.200000000000001e-13	3.247e-07	-3.3834e-07	1.3572e-08	-1.65e-12	-1.3400000000000003e-12	3.2472e-07	-3.3812e-07
