101 2.56032989622536e-07
104.18 -0
107.361 4.59364643604247e-07
110.541 7.67234979549374e-07
113.721 1.06799088533928e-06
116.902 8.10528748521932e-07
120.082 4.51755919029582e-07
123.262 5.19259114778717e-07
126.443 5.92736680697624e-07
129.623 5.0136131071699e-07
132.803 2.559056257799e-07
135.983 2.07071313528154e-07
139.164 3.55110853863475e-07
142.344 4.1413655435517e-07
145.524 4.037973660004e-07
148.705 5.74107830523006e-07
151.885 7.07379688837022e-07
155.065 6.07980580654918e-07
158.246 4.65627020953025e-07
161.426 4.13897863586181e-07
164.606 4.27542497732867e-07
167.787 3.83735855865932e-07
170.967 2.64397977715173e-07
174.147 2.67916743177732e-07
177.328 2.64057306971626e-07
180.508 2.57397194874701e-07
183.688 2.95384423563488e-07
186.868 4.10413234508847e-07
190.049 4.19420312849953e-07
193.229 3.63787991540513e-07
196.409 3.0657151145384e-07
199.59 3.68839060038168e-07
202.77 4.25628887023503e-07
205.95 3.6711043473162e-07
209.131 3.44204316572603e-07
212.311 3.669985997487e-07
215.491 3.22060143829236e-07
218.672 3.12724100214643e-07
221.852 2.79049011503206e-07
225.032 2.8218175593002e-07
228.213 2.8465572347565e-07
231.393 2.86010003634073e-07
234.573 3.17117258620259e-07
237.753 3.24191907832259e-07
240.934 3.14604581377573e-07
244.114 3.64173798188509e-07
247.294 4.45261815009582e-07
250.475 3.59132214611122e-07
253.655 2.24031175582361e-07
256.835 1.70910203363061e-07
260.016 2.45974501631726e-07
263.196 2.32400897564274e-07
264.196 1.41358434864225e-07
272.598 1.70950237394145e-07
281.001 2.38320815901602e-07
289.403 2.58337186042264e-07
297.806 2.06395683682904e-07
306.208 1.4871335011268e-07
314.611 1.75772555815024e-07
323.013 2.22754769656836e-07
331.415 2.66529443893419e-07
339.818 2.68191767744276e-07
348.22 2.70713801413851e-07
356.623 3.44631638663235e-07
365.025 3.80101403897428e-07
373.428 3.87223705182224e-07
381.83 4.00428406752453e-07
390.232 3.81874415694026e-07
398.635 3.30556164908567e-07
407.037 3.27054420446451e-07
415.44 3.24889467121717e-07
423.842 3.27418298359243e-07
432.245 3.16820204902084e-07
440.647 3.29089103830025e-07
449.049 3.54380141663466e-07
457.452 3.75074741266436e-07
465.854 3.70061647420656e-07
474.257 3.64211010801189e-07
482.659 3.54585696985486e-07
491.062 3.92622657614649e-07
499.464 3.98845338142995e-07
507.867 3.03469900982547e-07
516.269 2.66659319598736e-07
524.671 2.64340660753515e-07
533.074 2.41483548985611e-07
541.476 1.96239297240825e-07
549.879 1.50714428324679e-07
558.281 1.80356307204953e-07
566.684 2.09077079250051e-07
575.086 2.47033381973189e-07
583.488 2.75641387644646e-07
591.891 2.82803197472614e-07
600.293 3.04103257744642e-07
608.696 3.295947735638e-07
617.098 3.16236763771213e-07
625.501 3.12799049708651e-07
633.903 3.01098509996717e-07
642.305 2.68613044569556e-07
650.708 2.57666055795038e-07
659.11 2.46917033123473e-07
667.513 2.77025249349583e-07
675.915 2.96588291722607e-07
684.318 2.73432227260078e-07
692.72 2.72822334412442e-07
693.72 2.61886291260214e-07
715.867 3.16756051490842e-07
738.014 3.95947804668649e-07
760.161 3.49371774930963e-07
782.307 2.65965252496504e-07
804.454 2.32050495113534e-07
826.601 2.9861552896366e-07
848.748 2.44873786388008e-07
870.895 2.78402325967216e-07
893.042 2.31106817786504e-07
915.189 3.05256886709368e-07
937.335 2.99811511904549e-07
959.482 2.19551059442823e-07
981.629 1.65020327744219e-07
1003.776 -0
1025.923 2.38764988413392e-07
1048.07 2.42266309449678e-07
1070.217 2.45915990440639e-07
1092.364 2.99280113426128e-07
1114.51 2.48554475992778e-07
1136.657 2.20124578322709e-07
1158.804 2.22423647705408e-07
1180.951 2.7959704660597e-07
1203.098 2.27342248560399e-07
1225.245 1.7282911386497e-07
1247.392 2.71754126025569e-07
1269.538 2.47617588427752e-07
1291.685 2.96707192800036e-07
1313.832 2.37131808647003e-07
1335.979 2.64026814599609e-07
1358.126 2.1188333002426e-07
1380.273 1.59165687513313e-07
1402.42 1.8628266793677e-07
1424.566 2.02706445776825e-07
1446.713 1.92513134249115e-07
1468.86 1.69757580196629e-07
1491.007 2.56051437601178e-07
1513.154 2.22541025520771e-07
1535.301 1.81537594071786e-07
1557.448 2.2482429990607e-07
1579.595 2.49724214542398e-07
1601.741 2.22866185731011e-07
1623.888 2.2569722395451e-07
1646.035 1.75665435454173e-07
1668.182 2.29688609985679e-07
1690.329 2.32518404639984e-07
1712.476 1.16728537824557e-07
1734.623 1.9648966327591e-07
1756.769 2.13512892457075e-07
1778.916 2.16069655261701e-07
1801.063 1.89856158628826e-07
1823.21 1.63754159954475e-07
1824.21 1.48571241939146e-07
1882.531 1.92046222783647e-07
1940.853 1.91792920691716e-07
1999.174 2.26077839871417e-07
2057.495 2.30816708817009e-07
2115.817 2.15358180644023e-07
2174.138 1.35933508155703e-07
2232.46 1.59025422157586e-07
2290.781 1.31739381154244e-07
2349.102 1.28177334620828e-07
2407.424 1.72855540909976e-07
2465.745 1.71209876294073e-07
2524.066 1.27008611809314e-07
2582.388 1.84987572117742e-07
2640.709 1.67218833844668e-07
2699.031 1.29923594621081e-07
2757.352 1.1029013525641e-07
2815.673 1.28891352254259e-07
2873.995 1.34536247834946e-07
2932.316 1.43770349677089e-07
2990.637 1.94010069061676e-07
3048.959 1.68572167062648e-07
3107.28 1.61549210653045e-07
3165.602 1.37758706694928e-07
3223.923 1.59296255219526e-07
3282.244 1.60189724477762e-07
3340.566 1.25437450157761e-07
3398.887 1.32664114302152e-07
3457.208 1.32030696417702e-07
3515.53 1.29326649192708e-07
3573.851 1.25154395035291e-07
3632.173 1.40839654058589e-07
3690.494 1.33757798108083e-07
3748.815 1.47600074961182e-07
3807.137 1.34763687448839e-07
3865.458 1.44345158817849e-07
3923.779 1.3550427553786e-07
3982.101 1.27226696843177e-07
4040.422 1.19564509251504e-07
4098.744 1.1698307337014e-07
4157.065 1.21304110158937e-07
4215.386 9.55044932751037e-08
4273.708 1.0012088455078e-07
4332.029 1.32739459099934e-07
4390.35 1.62116452201106e-07
4448.672 1.40919525806784e-07
4506.993 1.03015991164e-07
4565.315 8.97226898872055e-08
4623.636 1.10535516914159e-07
4681.957 1.19668721008723e-07
4740.279 9.74619482724753e-08
4798.6 1.1626962455525e-07
4799.6 9.84072337681142e-08
4953.131 1.36451211005368e-07
5106.663 1.23302495097318e-07
5260.194 1.13491287699369e-07
5413.725 1.08082760685285e-07
5567.257 1.16543386676147e-07
5720.788 9.76422388524494e-08
5874.32 9.32486104642872e-08
6027.851 1.14545566279993e-07
6181.382 8.43901474978633e-08
6334.914 9.91267569703094e-08
6488.445 1.01679119404618e-07
6641.976 9.77671206120889e-08
6795.508 8.9992395040826e-08
6949.039 9.20213180494093e-08
7102.571 8.40743209255405e-08
7256.102 1.05560889834416e-07
7409.633 1.00622384151031e-07
7563.165 7.38907416129231e-08
7716.696 8.31858151248104e-08
7870.227 8.96592296322189e-08
8023.759 1.02356086761322e-07
8177.29 6.10521355033658e-08
8330.822 5.45000000079296e-08
8484.353 7.47106324428081e-08
8637.884 8.68268446029931e-08
8791.416 8.57752388082165e-08
8944.947 8.96427759657503e-08
9098.478 7.89801535961395e-08
9252.01 5.43907431927478e-08
9405.541 8.57202474233183e-08
9559.073 8.58677540851921e-08
9712.604 7.064743905136e-08
9866.135 6.87889215358121e-08
10019.667 6.56108103383756e-08
10173.198 6.85622586982932e-08
10326.729 7.0040622965416e-08
10480.261 6.85736742679356e-08
10633.792 8.65440760766966e-08
10787.324 7.05779619613198e-08
10940.855 6.38008591658033e-08
11094.386 5.27469254612665e-08
11247.918 5.32575134150387e-08
11401.449 6.16005683288291e-08
11554.98 5.53926176611112e-08
11708.512 5.83321797653495e-08
11862.043 6.3130964841152e-08
12015.575 6.67559901232796e-08
12169.106 4.90717592989765e-08
12322.637 6.6789002250191e-08
12476.169 5.09433815377096e-08
12629.7 6.62894798757431e-08
12630.7 7.32882908012788e-08
13034.822 5.90536886143906e-08
13438.943 5.24775555069486e-08
13843.065 5.95763229705006e-08
14247.186 7.55327541119576e-08
14651.308 6.56072381425667e-08
15055.429 5.66135455964278e-08
15459.551 5.39160215245943e-08
15863.673 5.53380666437012e-08
16267.794 5.07221152536598e-08
16671.916 5.28935033494045e-08
17076.037 5.82021776686876e-08
17480.159 7.1418265776756e-08
17884.28 6.82049332122376e-08
18288.402 5.73572130529422e-08
18692.524 5.6393338546617e-08
19096.645 5.88168201086411e-08
19500.767 6.17853852838266e-08
19904.888 4.94488248058345e-08
20309.01 4.45298467298934e-08
20713.131 5.30800447882115e-08
21117.253 5.36212135158869e-08
21521.375 5.87118172607967e-08
21925.496 4.06080003368224e-08
22329.618 3.47469620922257e-08
22733.739 3.91147522159058e-08
23137.861 3.79841125313966e-08
23541.982 4.17688952290113e-08
23946.104 3.98998448936209e-08
24350.225 4.00370857933928e-08
24754.347 3.56766476759688e-08
25158.469 3.91217502980114e-08
25562.59 4.48438357474071e-08
25966.712 4.91285790607798e-08
26370.833 4.37853102478163e-08
26774.955 4.57315902237326e-08
27179.076 4.83322402288147e-08
27583.198 4.65425698075537e-08
27987.32 3.42919725983524e-08
28391.441 3.21833531802587e-08
28795.563 3.57211640503265e-08
29199.684 3.77204658455276e-08
29603.806 3.43301887243706e-08
30007.927 3.54428574902504e-08
30412.049 3.58943705233021e-08
30816.171 4.27170379953139e-08
31220.292 4.64026133173497e-08
31624.414 4.9141156486371e-08
32028.535 4.81474357972601e-08
32432.657 4.86731439248891e-08
32836.778 4.29448147645358e-08
33240.9 3.74014369367422e-08
33241.9 3.79040311585009e-08
34305.559 3.42915235503526e-08
35369.218 3.34664885433085e-08
36432.876 4.93622291805935e-08
37496.535 5.09482666365896e-08
38560.194 5.00252867142367e-08
39623.853 3.86798977195309e-08
40687.512 3.46349941435372e-08
41751.171 3.52953487856982e-08
42814.829 4.06498338873068e-08
43878.488 4.18596434681261e-08
44942.147 3.6721037524313e-08
46005.806 3.46050827018546e-08
47069.465 3.64069132503208e-08
48133.124 4.59043375428596e-08
49196.782 4.59741518979066e-08
50260.441 4.40894018985427e-08
51324.1 4.06129811390971e-08
52387.759 3.95657174066265e-08
53451.418 3.83175557346384e-08
54515.076 3.51187544231273e-08
55578.735 2.99859563361018e-08
56642.394 2.41385066656273e-08
57706.053 2.80869380980305e-08
58769.712 2.92645086906873e-08
59833.371 3.12679367640897e-08
60897.029 3.70072404210492e-08
61960.688 4.13979846009865e-08
63024.347 4.35437869834912e-08
64088.006 4.03684900725757e-08
65151.665 3.28013963442317e-08
66215.324 2.84061748251229e-08
67278.982 2.40788190978734e-08
68342.641 2.59957058228073e-08
69406.3 3.21128721002964e-08
70469.959 3.42129427897255e-08
71533.618 2.99483974838463e-08
72597.276 2.69123381022105e-08
73660.935 2.35911865104481e-08
74724.594 2.92926709477117e-08
75788.253 3.12255454744496e-08
76851.912 2.80097623457916e-08
77915.571 2.68542829138685e-08
78979.229 2.62522919706942e-08
80042.888 1.83291000014915e-08
81106.547 2.05875360706753e-08
82170.206 2.37893049730043e-08
83233.865 2.06970229459376e-08
84297.524 1.93073544613645e-08
85361.182 2.45635443777168e-08
86424.841 2.68278464120588e-08
87488.5 2.59108848402724e-08
87489.5 1.80192630322629e-08
90289.039 1.52468002038548e-08
93088.578 1.24238621561295e-08
95888.118 1.2999804772075e-08
98687.657 1.61086239799555e-08
101487.196 1.70974861102038e-08
104286.735 1.92086107840476e-08
107086.275 2.23748923810966e-08
109885.814 2.57419363304561e-08
112685.353 2.06452177666128e-08
115484.892 1.53078838122996e-08
118284.431 1.39400585500877e-08
121083.971 -0
123883.51 -0
126683.049 -0
129482.588 -0
132282.127 4.36087102067395e-08
135081.667 5.46948416741767e-08
137881.206 4.51198009743528e-08
140680.745 2.24643084277473e-08
143480.284 -0
146279.824 -0
149079.363 -0
151878.902 2.46523914122716e-08
154678.441 1.61952260038633e-08
157477.98 -0
160277.52 8.90336832877811e-09
163077.059 -0
165876.598 -0
168676.137 -0
171475.676 5.60315189479493e-09
174275.216 2.15219162206753e-08
177074.755 2.20200288129714e-08
179874.294 1.72507021312804e-08
182673.833 9.57149370166114e-09
185473.373 2.05449134489945e-09
188272.912 -0
191072.451 -0
193871.99 -0
196671.529 3.32076794723651e-09
199471.069 1.09058731501269e-08
202270.608 1.58419878045885e-08
205070.147 1.19164268295568e-08
207869.686 1.08129485352456e-08
210669.225 1.29383359716026e-08
213468.765 1.48261008588253e-08
216268.304 1.42332226019761e-08
219067.843 1.70995593107018e-08
221867.382 1.7069276285475e-08
224666.922 1.50061039621522e-08
227466.461 1.47520792954138e-08
230266 1.49202086314104e-08
230267 1.40941591145658e-08
237635.294 -0
245003.588 -0
252371.882 1.38255509023277e-08
259740.176 7.65956397166243e-09
267108.471 1.00505374399475e-08
274476.765 1.93708244169685e-08
281845.059 1.57250843117337e-08
289213.353 1.58686866461805e-08
296581.647 1.0723773527351e-08
303949.941 1.41757996995463e-08
311318.235 1.7795133954973e-09
318686.529 1.30319326065223e-08
326054.824 1.54144912845606e-08
333423.118 1.72037101122163e-08
340791.412 1.89104266296812e-08
348159.706 1.5965160228994e-08
355528 1.19645124713897e-08
362896.294 1.65244013181049e-08
370264.588 1.61309889181134e-08
377632.882 1.60096255670682e-08
385001.176 1.41114512721103e-08
392369.471 7.5453471324993e-09
399737.765 1.41423955145765e-08
407106.059 1.45765552088362e-08
414474.353 1.1530607819214e-08
421842.647 9.15319091347153e-09
429210.941 9.24993427551298e-09
436579.235 1.44619799900807e-08
443947.529 1.37744322120681e-08
451315.824 1.98728737898913e-08
458684.118 1.98651868994503e-08
466052.412 1.12549272031988e-08
473420.706 8.16198292299681e-09
480789 1.24353811201032e-08
488157.294 1.41483039892928e-08
495525.588 1.65498231065549e-08
502893.882 1.26399987902825e-08
510262.176 1.42007225114582e-08
517630.471 7.83937921996259e-09
524998.765 6.97573999116472e-09
532367.059 1.54690392125387e-08
539735.353 1.88981015760477e-08
547103.647 1.43132839001594e-08
554471.941 1.00986603196997e-08
561840.235 6.47379358525057e-09
569208.529 1.33299229938981e-08
576576.824 1.44886733197136e-08
583945.118 1.38598028714443e-08
591313.412 9.726672234076e-09
598681.706 9.24856111705779e-09
606050 1.17201582614588e-08
606051 1.39881819989965e-08
625444.118 1.61032047844058e-08
644837.235 1.04118127705619e-08
664230.353 1.0507673920378e-08
683623.471 7.08955989230742e-09
703016.588 6.24178395786772e-09
722409.706 1.27364704529865e-08
741802.824 1.26772022599382e-08
761195.941 9.00600491679184e-09
780589.059 6.05961243423579e-09
799982.176 6.55587011671573e-09
819375.294 9.78471794974191e-09
838768.412 8.03437571891952e-09
858161.529 1.34378569262781e-08
877554.647 6.73783343609882e-09
896947.765 5.75141941317396e-09
916340.882 7.13867490928644e-09
935734 8.27060249783089e-09
955127.118 1.03608766906045e-08
974520.235 5.26511879462313e-09
993913.353 8.39295676754201e-09
1013306.471 1.02459932516692e-08
1032699.588 1.61422759295966e-08
1052092.706 6.51886531045055e-09
1071485.824 4.55140777281118e-09
1090878.941 1.3038067872844e-08
1110272.059 -0
1129665.176 1.53667501912713e-08
1149058.294 -0
1168451.412 -0
1187844.529 1.22761402783788e-08
1207237.647 1.40381299498437e-08
1226630.765 -0
1246023.882 1.06735103497346e-08
1265417 8.93507919194177e-09
1284810.118 1.43242379870735e-08
1304203.235 1.10047672579372e-08
1323596.353 5.88989181085751e-09
1342989.471 5.99946584325422e-09
1362382.588 1.43309758940525e-08
1381775.706 -0
1401168.824 7.99680121997286e-09
1420561.941 1.04412369525818e-08
1439955.059 1.30840904254849e-08
1459348.176 -0
1478741.294 -0
1498134.412 5.51782202191393e-09
1517527.529 4.70886148599824e-09
1536920.647 2.97316700758358e-09
1556313.765 7.63930920788712e-09
1575706.882 6.95814143037907e-09
1595100 7.19557119311731e-09
1595100 9.20210707022036e-09
1646141.765 -0
1697183.529 1.72176569119074e-08
1748225.294 1.33010251212622e-08
1799267.059 -0
1850308.824 -0
1901350.588 1.0037105556687e-08
1952392.353 7.48744604173013e-09
2003434.118 1.02483584315084e-08
2054475.882 7.07789880432215e-09
2105517.647 5.06717541254168e-09
2156559.412 8.05982849740859e-09
2207601.176 6.90766856613563e-09
2258642.941 3.14142004325541e-09
2309684.706 8.10584870671305e-09
2360726.471 9.95184153471645e-09
2411768.235 9.39028848754031e-09
2462810 6.00798388070996e-09
2513851.765 5.42283840738816e-09
2564893.529 5.81412431777297e-09
2615935.294 9.52795184513695e-09
2666977.059 4.44989384008816e-09
2718018.824 1.9326449381667e-09
2769060.588 4.47331885589661e-09
2820102.353 4.01719028471169e-09
2871144.118 6.90165698774447e-09
2922185.882 3.24783485862032e-09
2973227.647 7.76017852214508e-09
3024269.412 8.28725449343953e-09
3075311.176 9.19303693021224e-09
3126352.941 -0
3177394.706 8.39053046593078e-09
3228436.471 7.95759963888848e-09
3279478.235 9.72196937722587e-09
3330520 4.19922434208064e-09
3381561.765 8.10288087251195e-09
3432603.529 -0
3483645.294 6.52245069931227e-09
3534687.059 6.03438638414189e-09
3585728.824 2.87102295447385e-09
3636770.588 8.55460906247015e-09
3687812.353 -0
3738854.118 6.00219357501205e-09
3789895.882 9.48388837924405e-09
3840937.647 8.51699075189099e-09
3891979.412 -0
3943021.176 4.82268721333659e-09
3994062.941 7.73802235910622e-09
4045104.706 -0
4096146.471 7.36719736936324e-09
4147188.235 9.19552418904798e-09
4198230 7.0843870780651e-09
4198230 1.03683943292421e-09
4332570.588 7.08773927585342e-09
4466911.176 5.39911738503983e-09
4601251.765 8.24922219021786e-09
4735592.353 3.93100877508882e-09
4869932.941 8.88902869594198e-09
5004273.529 6.81191128766908e-09
5138614.118 7.47891772472605e-09
5272954.706 7.67136716583035e-09
5407295.294 4.36935613824339e-09
5541635.882 1.03026337363786e-08
5675976.471 7.53898241405684e-09
5810317.059 7.96984270449692e-09
5944657.647 2.91173963668245e-09
6078998.235 3.46778102670736e-09
6213338.824 -0
6347679.412 1.05493201563529e-08
6482020 7.73730630421132e-09
6616360.588 5.31560948340876e-09
6750701.176 7.00689954857883e-09
6885041.765 8.24884381279575e-09
7019382.353 6.85576986673333e-09
7153722.941 -0
7288063.529 6.80376440944592e-09
7422404.118 9.39892491294856e-09
7556744.706 6.54096510807906e-09
7691085.294 1.03744163045162e-08
7825425.882 -0
7959766.471 7.67378402844114e-09
8094107.059 4.9770782168354e-09
8228447.647 7.52293319172407e-09
8362788.235 9.26814227817541e-09
8497128.824 3.27382033302408e-09
8631469.412 7.08302187558451e-09
8765810 5.88756940678497e-09
8900150.588 6.89919513147655e-09
9034491.176 4.29618809807181e-09
9168831.765 8.27505888094842e-09
9303172.353 8.60455435740124e-09
9437512.941 6.27625052147246e-09
9571853.529 3.44085836979148e-09
9706194.118 5.09161205571816e-09
9840534.706 5.02569464236735e-09
9974875.294 6.43266694607395e-09
10109215.882 4.26842569258066e-09
10243556.471 4.61080711143072e-09
10377897.059 -0
10512237.647 -0
10646578.235 6.59372855749468e-09
10780918.824 7.82272310767362e-09
10915259.412 -0
11049600 4.70985649944719e-09
11049600 6.02281143819965e-09
11403174.51 6.41222480025405e-09
11756749.02 -0
12110323.529 -0
12463898.039 8.00456224927365e-09
12817472.549 7.13969055951374e-09
13171047.059 -0
13524621.569 -0
13878196.078 3.40245579764033e-09
14231770.588 8.88661097840384e-09
14585345.098 9.47801770601131e-09
14938919.608 7.77748491831824e-09
15292494.118 8.9428721475517e-09
15646068.627 6.47101657702408e-09
15999643.137 5.91953860647388e-09
16353217.647 5.92463791139397e-09
16706792.157 -0
17060366.667 7.17810703580132e-09
17413941.176 8.50863248345661e-09
17767515.686 3.07645095204839e-09
18121090.196 8.06775856237076e-09
18474664.706 1.00627525610444e-08
18828239.216 5.02779389657462e-09
19181813.725 5.38126768638744e-09
19535388.235 1.04582039074701e-08
19888962.745 -0
20242537.255 6.30561985664046e-09
20596111.765 5.08743607340934e-09
20949686.275 -0
21303260.784 5.95627069553762e-09
21656835.294 3.94063618750588e-09
22010409.804 1.80452159907885e-09
22363984.314 6.50065873797556e-09
22717558.824 -0
23071133.333 5.89893602329443e-09
23424707.843 5.50142809420917e-09
23778282.353 9.82151758137779e-09
24131856.863 3.45292219121584e-09
24485431.373 8.31917782075335e-09
24839005.882 5.11356677655509e-09
25192580.392 -0
25546154.902 8.76495428195894e-09
25899729.412 7.71043264002009e-09
26253303.922 4.6756373903116e-09
26606878.431 8.40442196586591e-09
26960452.941 8.04870975791143e-09
27314027.451 8.63104218659261e-09
27667601.961 4.07334947507828e-09
28021176.471 6.72814596407281e-09
28374750.98 7.19667777940136e-09
28728325.49 7.81073698877851e-09
29081900 4.65954589993654e-09
29081900 6.73275513287186e-09
30012498.039 6.82849975396574e-09
30943096.078 1.79842383260283e-09
31873694.118 5.30595824580571e-09
32804292.157 7.57137657881776e-09
33734890.196 3.45690941692766e-09
34665488.235 1.8544005498534e-09
35596086.275 5.02881838269235e-09
36526684.314 4.08870662506276e-09
37457282.353 9.66015641228189e-09
38387880.392 7.97720625338338e-10
39318478.431 2.26396073033392e-09
40249076.471 5.88029694505167e-09
41179674.51 8.15959377890595e-09
42110272.549 4.40553051905015e-09
43040870.588 8.33495258603001e-09
43971468.627 9.97022523441753e-09
44902066.667 7.93182498041277e-09
45832664.706 6.52441498061573e-09
46763262.745 5.37244457205956e-09
47693860.784 4.28451673680677e-09
48624458.824 9.14197935006803e-09
49555056.863 7.80706703609331e-09
50485654.902 -0
51416252.941 2.58045379228944e-09
52346850.98 3.53439654393738e-09
53277449.02 3.88419726842809e-09
54208047.059 -0
55138645.098 4.14625541211359e-09
56069243.137 9.30642515002315e-09
56999841.176 1.09056653700483e-08
57930439.216 -0
58861037.255 -0
59791635.294 -0
60722233.333 1.16212639010629e-08
61652831.373 -0
62583429.412 -0
63514027.451 -0
64444625.49 1.23208100705574e-08
65375223.529 9.33356137797915e-09
66305821.569 2.58468428083197e-09
67236419.608 -0
68167017.647 -0
69097615.686 -0
70028213.725 -0
70958811.765 3.66793869357515e-09
71889409.804 -0
72820007.843 -0
73750605.882 5.71994825059365e-09
74681203.922 -0
75611801.961 1.88725174190375e-09
76542400 -0
76542400 2.3802011600542e-09
78991686.275 6.23443463377317e-09
81440972.549 -0
83890258.824 -0
86339545.098 1.02681370250695e-08
88788831.373 -0
91238117.647 -0
93687403.922 -0
96136690.196 7.33574811887439e-08
98585976.471 -0
101035262.745 -0
103484549.02 -0
105933835.294 -0
108383121.569 2.08118324566857e-08
110832407.843 1.10876445612785e-08
113281694.118 1.78781787119888e-08
115730980.392 9.81167463648965e-09
118180266.667 -0
120629552.941 1.55221062692447e-08
123078839.216 6.30220414227762e-09
125528125.49 2.20245613657866e-08
127977411.765 -0
130426698.039 2.7608415543865e-08
132875984.314 -0
135325270.588 1.56186972118262e-08
137774556.863 2.55429158450608e-08
140223843.137 -0
142673129.412 -0
145122415.686 2.75686931999044e-08
147571701.961 -0
150020988.235 -0
152470274.51 2.61469122517427e-08
154919560.784 -0
157368847.059 -0
159818133.333 3.33261323043568e-08
162267419.608 2.36722809670072e-08
164716705.882 5.52250335359028e-08
167165992.157 -0
169615278.431 -0
172064564.706 1.38399528557468e-08
174513850.98 4.75583358946183e-08
176963137.255 2.27414371170942e-08
179412423.529 5.63449446872215e-08
181861709.804 2.10461110815459e-08
184310996.078 -0
186760282.353 4.02173097741292e-08
189209568.627 -0
191658854.902 -0
194108141.176 6.65827635912947e-08
196557427.451 2.81001353825136e-08
199006713.725 1.69513515461544e-08
201456000 -0
