101 2.55249399340944e-07
104.18 2.23458392957696e-07
107.361 1.53294025730623e-07
110.541 1.59942435246292e-07
113.721 1.37623841714865e-07
116.902 1.61424527666957e-07
120.082 1.83938918181596e-07
123.262 1.65338201190308e-07
126.443 1.87822747636207e-07
129.623 1.96137616715281e-07
132.803 1.86545763279814e-07
135.983 2.20728188999029e-07
139.164 2.14479603436189e-07
142.344 1.69895893041946e-07
145.524 -0
148.705 -0
151.885 -0
155.065 1.50046115711911e-07
158.246 2.22970201535102e-07
161.426 2.23043031585307e-07
164.606 1.88710935347315e-07
167.787 1.72588525762016e-07
170.967 1.72495853018551e-07
174.147 1.62402015110732e-07
177.328 1.50560635901793e-07
180.508 1.56576385991621e-07
183.688 1.79168470773491e-07
186.868 1.91868894489526e-07
190.049 1.97650994824376e-07
193.229 1.7617775828536e-07
196.409 1.93156207484324e-07
199.59 2.48040717499509e-07
202.77 2.73693069800123e-07
205.95 2.54629767844947e-07
209.131 2.12009895522529e-07
212.311 1.79725155138497e-07
215.491 1.92732558145468e-07
218.672 1.87054835086676e-07
221.852 1.54563351636664e-07
225.032 1.57356411885959e-07
228.213 1.65118582775941e-07
231.393 1.8247820840245e-07
234.573 1.80502930102681e-07
237.753 1.40617977510734e-07
240.934 1.46891883050452e-07
244.114 1.51732531700228e-07
247.294 1.52918558720526e-07
250.475 1.47688994499677e-07
253.655 1.55023494760301e-07
256.835 1.59578464636882e-07
260.016 1.46503211086386e-07
263.196 1.2561197813311e-07
264.196 1.73767744020665e-07
272.598 1.64243892667517e-07
281.001 1.63236370195234e-07
289.403 1.76067091389089e-07
297.806 1.86699574568851e-07
306.208 1.94330650844686e-07
314.611 1.72864981077917e-07
323.013 1.53062353264918e-07
331.415 1.2243027291332e-07
339.818 1.19010683015183e-07
348.22 1.27496228241703e-07
356.623 1.53475120786554e-07
365.025 1.72333190682083e-07
373.428 1.83563611871963e-07
381.83 1.85689796294548e-07
390.232 1.9733641282916e-07
398.635 1.96422052595544e-07
407.037 1.78526324818799e-07
415.44 1.57750909728008e-07
423.842 1.37391866636505e-07
432.245 1.48935051660112e-07
440.647 1.73774495462975e-07
449.049 1.6967951519693e-07
457.452 1.56123815511715e-07
465.854 1.62790930371632e-07
474.257 1.6705357769269e-07
482.659 1.62627995404185e-07
491.062 1.39604077766819e-07
499.464 1.17480260395263e-07
507.867 8.50451005826972e-08
516.269 7.84178198285729e-08
524.671 8.80053470946815e-08
533.074 1.12525335293053e-07
541.476 1.27049535302359e-07
549.879 1.37485277780416e-07
558.281 1.36649031499893e-07
566.684 1.37385882867652e-07
575.086 1.26353742768885e-07
583.488 1.28514646752447e-07
591.891 1.37824791676469e-07
600.293 1.46998367855995e-07
608.696 1.44578961512808e-07
617.098 1.26248427475581e-07
625.501 1.20502675723283e-07
633.903 1.21825416664781e-07
642.305 1.36134890614402e-07
650.708 1.38960466213154e-07
659.11 1.37642444609064e-07
667.513 1.46416497852768e-07
675.915 1.45792461907942e-07
684.318 1.34864700253774e-07
692.72 1.37363449413825e-07
693.72 1.11878925752709e-07
715.867 1.24169256464594e-07
738.014 1.14118551505385e-07
760.161 9.0173128540024e-08
782.307 8.29327524811685e-08
804.454 1.0831199528547e-07
826.601 9.11568360214578e-08
848.748 6.64850823561941e-08
870.895 1.11541894953932e-07
893.042 1.11227968738875e-07
915.189 9.56705772122408e-08
937.335 8.41162483315726e-08
959.482 8.92948526208403e-08
981.629 8.57451720827767e-08
1003.776 1.79085773160969e-07
1025.923 1.41554997324413e-07
1048.07 1.33777311731214e-07
1070.217 1.06437152672235e-07
1092.364 7.7361344601326e-08
1114.51 7.02687939243223e-08
1136.657 9.99019847875658e-08
1158.804 7.12782126908072e-08
1180.951 7.5955518409722e-08
1203.098 8.54572334949755e-08
1225.245 8.43581842592389e-08
1247.392 8.63161387992646e-08
1269.538 9.19562355150865e-08
1291.685 8.40823311907394e-08
1313.832 6.79673964017213e-08
1335.979 7.7211551288895e-08
1358.126 7.01515217775055e-08
1380.273 7.84481433463186e-08
1402.42 9.09715839433562e-08
1424.566 8.26637960249071e-08
1446.713 9.7898850027674e-08
1468.86 9.00864364215257e-08
1491.007 8.50650386450431e-08
1513.154 9.82680007619481e-08
1535.301 7.76150305501332e-08
1557.448 7.31947400582686e-08
1579.595 6.95247315871974e-08
1601.741 6.47787363362732e-08
1623.888 9.87805543123956e-08
1646.035 8.02355197996802e-08
1668.182 8.80061519387911e-08
1690.329 1.10693203850993e-07
1712.476 9.38383968150105e-08
1734.623 6.42661456427249e-08
1756.769 8.13605590001949e-08
1778.916 7.46217495498485e-08
1801.063 6.80786232838079e-08
1823.21 6.7239886881764e-08
1824.21 7.05009219418675e-08
1882.531 5.29486574888477e-08
1940.853 6.53041025478043e-08
1999.174 1.31329221065514e-07
2057.495 1.09320360902867e-07
2115.817 5.92693589858542e-08
2174.138 5.97935920869188e-08
2232.46 5.73366321325854e-08
2290.781 6.93905577280348e-08
2349.102 6.65440697995255e-08
2407.424 6.2205229701477e-08
2465.745 4.49541817862891e-08
2524.066 5.46695256785087e-08
2582.388 6.81830647744402e-08
2640.709 7.44391653189147e-08
2699.031 7.19130474892116e-08
2757.352 6.71801658650316e-08
2815.673 6.61047758173938e-08
2873.995 5.11621624330539e-08
2932.316 3.85732891444669e-08
2990.637 6.27326456039912e-08
3048.959 8.19168161853552e-08
3107.28 4.89983931643077e-08
3165.602 5.89366693073961e-08
3223.923 5.20579583135207e-08
3282.244 6.53871362088004e-08
3340.566 4.38458741491612e-08
3398.887 5.96369038987462e-08
3457.208 8.61525230674059e-08
3515.53 7.05133640718155e-08
3573.851 5.83370830868013e-08
3632.173 5.43894077387349e-08
3690.494 5.58778838958096e-08
3748.815 4.63701790949832e-08
3807.137 5.1348166569601e-08
3865.458 5.39140682487726e-08
3923.779 4.47126953510191e-08
3982.101 6.39653666360256e-08
4040.422 8.1999212952255e-08
4098.744 7.06796711569112e-08
4157.065 4.69101905606887e-08
4215.386 4.9556477362651e-08
4273.708 6.60107695069385e-08
4332.029 5.46037612343615e-08
4390.35 5.30156062406542e-08
4448.672 7.18287988150987e-08
4506.993 7.0972703200301e-08
4565.315 5.58954073232539e-08
4623.636 6.12937098456441e-08
4681.957 4.94445320731164e-08
4740.279 4.2303449045475e-08
4798.6 6.66926901552322e-08
4799.6 6.79826058800598e-08
4953.131 5.39408598166588e-08
5106.663 5.08372188980225e-08
5260.194 5.25829262295195e-08
5413.725 4.04060273507236e-08
5567.257 4.09085797325658e-08
5720.788 3.50919657674249e-08
5874.32 4.70117353969626e-08
6027.851 4.52269994920301e-08
6181.382 4.81184508168662e-08
6334.914 3.98086563792916e-08
6488.445 4.0200856705938e-08
6641.976 2.65699812767649e-08
6795.508 4.0179114270361e-08
6949.039 5.95044374378258e-08
7102.571 6.9048031953776e-08
7256.102 5.54172917872405e-08
7409.633 4.60522078737765e-08
7563.165 5.68411535533671e-08
7716.696 5.64357328879327e-08
7870.227 4.08547269619711e-08
8023.759 4.1268546098089e-08
8177.29 5.14083520196813e-08
8330.822 5.06189987003393e-08
8484.353 3.66651429791159e-08
8637.884 4.60773792692746e-08
8791.416 4.52759170110827e-08
8944.947 4.32017697418677e-08
9098.478 4.40187046405789e-08
9252.01 3.47726437848473e-08
9405.541 3.180169639809e-08
9559.073 2.69058911896456e-08
9712.604 4.21489053054412e-08
9866.135 4.66310787108983e-08
10019.667 4.41828731979304e-08
10173.198 4.17543156434798e-08
10326.729 3.56292454796207e-08
10480.261 3.88484260962676e-08
10633.792 3.90454835586605e-08
10787.324 4.08009873137283e-08
10940.855 4.25907317470374e-08
11094.386 4.36192907007656e-08
11247.918 4.14548202813965e-08
11401.449 4.05697286167122e-08
11554.98 4.08668365143588e-08
11708.512 2.94130284759884e-08
11862.043 3.54957125261407e-08
12015.575 4.31228497367309e-08
12169.106 3.78130199658996e-08
12322.637 4.17863645795386e-08
12476.169 3.5285198135501e-08
12629.7 3.68007219942848e-08
12630.7 3.84200382869475e-08
13034.822 3.71491831237556e-08
13438.943 3.75844911571551e-08
13843.065 3.94093308949598e-08
14247.186 3.65331479072545e-08
14651.308 3.44762697177853e-08
15055.429 2.92582870093056e-08
15459.551 2.20710970806137e-08
15863.673 2.28330428292366e-08
16267.794 2.70832910037631e-08
16671.916 2.38413635869482e-08
17076.037 2.64420600034894e-08
17480.159 3.4535366546605e-08
17884.28 3.58083638148507e-08
18288.402 2.95110714919427e-08
18692.524 2.42008173615771e-08
19096.645 2.0948989980984e-08
19500.767 2.68008814540028e-08
19904.888 3.37806404981039e-08
20309.01 3.44010837381827e-08
20713.131 3.12402501506045e-08
21117.253 2.82658038723106e-08
21521.375 2.62221018009916e-08
21925.496 2.8622766350407e-08
22329.618 2.30746786274445e-08
22733.739 2.29392620822796e-08
23137.861 3.26016365263609e-08
23541.982 3.08186414868209e-08
23946.104 2.82035826314916e-08
24350.225 2.40323031089868e-08
24754.347 1.77871112563053e-08
25158.469 1.61025795715551e-08
25562.59 2.62442739099535e-08
25966.712 2.96793326871936e-08
26370.833 2.48555743057826e-08
26774.955 2.32578826265327e-08
27179.076 1.87294451246395e-08
27583.198 1.76224805046871e-08
27987.32 1.95689749759121e-08
28391.441 2.279516100914e-08
28795.563 2.72768770317404e-08
29199.684 2.55194040442372e-08
29603.806 2.40709461321341e-08
30007.927 2.81554784409034e-08
30412.049 2.89562066209499e-08
30816.171 2.46696601925222e-08
31220.292 1.77222519065232e-08
31624.414 1.85629339404915e-08
32028.535 2.2621008945655e-08
32432.657 2.05113230397576e-08
32836.778 2.11347164517202e-08
33240.9 2.67035708340129e-08
33241.9 2.84673792900196e-08
34305.559 2.56111407859324e-08
35369.218 2.34133451513698e-08
36432.876 2.00235222212226e-08
37496.535 2.19989112710269e-08
38560.194 2.17373895636251e-08
39623.853 1.88371064641245e-08
40687.512 1.90921012771893e-08
41751.171 2.1145301580569e-08
42814.829 2.21956176882162e-08
43878.488 2.33244704049227e-08
44942.147 2.34865547840152e-08
46005.806 2.31509265877795e-08
47069.465 2.39980839020606e-08
48133.124 2.09652880271408e-08
49196.782 1.97270163860715e-08
50260.441 1.66146523072173e-08
51324.1 2.00468829443312e-08
52387.759 2.15677564453302e-08
53451.418 2.33858883802382e-08
54515.076 2.26488302222422e-08
55578.735 2.23941462365867e-08
56642.394 2.03548842619819e-08
57706.053 1.90617297567994e-08
58769.712 1.97682150285445e-08
59833.371 1.8526065623153e-08
60897.029 1.83064610062895e-08
61960.688 1.7584213397208e-08
63024.347 1.67082402804536e-08
64088.006 1.52528791063296e-08
65151.665 1.39154475409732e-08
66215.324 1.41026543925105e-08
67278.982 1.43595199220089e-08
68342.641 1.60397037527097e-08
69406.3 1.72736189491653e-08
70469.959 1.56160010826634e-08
71533.618 1.53224172433705e-08
72597.276 1.69180875905033e-08
73660.935 1.59895661703304e-08
74724.594 1.46621406736549e-08
75788.253 1.57278341916982e-08
76851.912 1.89894740838506e-08
77915.571 2.09177517205143e-08
78979.229 2.11526377447619e-08
80042.888 1.75482170504827e-08
81106.547 1.85275168086807e-08
82170.206 2.03104810974837e-08
83233.865 1.78920138680294e-08
84297.524 1.60026089177672e-08
85361.182 1.53157912804587e-08
86424.841 1.61916781802928e-08
87488.5 1.73016677879002e-08
87489.5 2.35734284803767e-08
90289.039 2.45023840587639e-08
93088.578 2.36048260676935e-08
95888.118 2.00935248947652e-08
98687.657 1.54140613433038e-08
101487.196 1.43406997978062e-08
104286.735 1.38406030868347e-08
107086.275 1.35758473644694e-08
109885.814 1.25069554805184e-08
112685.353 1.1421759718162e-08
115484.892 1.20521299928016e-08
118284.431 1.24189711511151e-08
121083.971 1.25350268504811e-08
123883.51 1.51749667541783e-08
126683.049 1.70859993242403e-08
129482.588 1.6754207760509e-08
132282.127 1.53140873012144e-08
135081.667 1.37150900051507e-08
137881.206 1.30269860473144e-08
140680.745 1.45218599788611e-08
143480.284 1.59895583384851e-08
146279.824 1.62174958524135e-08
149079.363 1.38405900755653e-08
151878.902 1.39028747189162e-08
154678.441 1.20445450546261e-08
157477.98 1.15214523181584e-08
160277.52 1.0846103510637e-08
163077.059 9.23133784103916e-09
165876.598 5.55902036889328e-09
168676.137 7.11526032216051e-09
171475.676 9.02679285253265e-09
174275.216 1.23443762616265e-08
177074.755 1.41827777571983e-08
179874.294 1.35105094072343e-08
182673.833 1.21035358799844e-08
185473.373 1.17577813303476e-08
188272.912 1.23618792098187e-08
191072.451 1.38718207460713e-08
193871.99 1.40305600400355e-08
196671.529 1.47439731029002e-08
199471.069 1.50006483086835e-08
202270.608 1.56558405666398e-08
205070.147 1.46674902221388e-08
207869.686 1.34083726633457e-08
210669.225 1.27785457883628e-08
213468.765 1.21571880474763e-08
216268.304 1.23401863187255e-08
219067.843 1.15321911909374e-08
221867.382 1.08758081818528e-08
224666.922 1.02870712152633e-08
227466.461 1.05495378972887e-08
230266 1.07656695838795e-08
230267 1.08502178919659e-08
237635.294 9.77182215742895e-09
245003.588 -0
252371.882 -0
259740.176 1.16900281737264e-08
267108.471 1.0581491920662e-08
274476.765 1.31608532859019e-08
281845.059 1.15364560923766e-08
289213.353 1.08739650324278e-08
296581.647 8.05043059090276e-09
303949.941 8.12876591180919e-09
311318.235 9.47752523616861e-09
318686.529 5.68591639723537e-09
326054.824 9.02013595577423e-09
333423.118 8.85219726344379e-09
340791.412 9.74007988291929e-09
348159.706 1.01315877996395e-08
355528 9.58923092640672e-09
362896.294 1.00294717425016e-08
370264.588 7.82025012092576e-09
377632.882 9.87990579926145e-09
385001.176 9.99879666349514e-09
392369.471 7.11376694028101e-09
399737.765 7.89887897549397e-09
407106.059 6.95182527279924e-09
414474.353 8.88369703829332e-09
421842.647 1.0154498729286e-08
429210.941 9.78788774494121e-09
436579.235 7.69547743077358e-09
443947.529 6.53640090726565e-09
451315.824 7.98255796045161e-09
458684.118 7.87472860855927e-09
466052.412 9.1734203538742e-09
473420.706 7.27399429194156e-09
480789 1.0320046698028e-08
488157.294 7.90582092889092e-09
495525.588 7.2832664601849e-09
502893.882 8.11914766464528e-09
510262.176 9.0132700644249e-09
517630.471 9.02381203131961e-09
524998.765 9.64916641458614e-09
532367.059 8.03672701081977e-09
539735.353 8.5962473702812e-09
547103.647 8.26847869499008e-09
554471.941 7.03000512313435e-09
561840.235 6.29987865100981e-09
569208.529 5.99848331453462e-09
576576.824 8.59566249153716e-09
583945.118 7.98963478263175e-09
591313.412 7.77219945126578e-09
598681.706 9.58531516109186e-09
606050 9.39072170071218e-09
606051 7.04994582519546e-09
625444.118 6.94548761392362e-09
644837.235 6.62162305120333e-09
664230.353 4.9569462071875e-09
683623.471 7.96550738654636e-09
703016.588 6.50467818033789e-09
722409.706 4.83792909933359e-09
741802.824 7.42809883137273e-09
761195.941 4.63395457860896e-09
780589.059 6.9219474524668e-09
799982.176 3.3203929527327e-09
819375.294 6.85540537811787e-09
838768.412 7.51146885512763e-09
858161.529 8.67223220643074e-09
877554.647 5.5758868932669e-09
896947.765 5.15274027338693e-09
916340.882 6.89065990531553e-09
935734 5.22919579839153e-09
955127.118 7.03664708446785e-09
974520.235 4.80497064617625e-09
993913.353 4.62033001744649e-09
1013306.471 5.0976059426504e-09
1032699.588 5.93608780688506e-09
1052092.706 7.84794658496758e-09
1071485.824 5.89017643372173e-09
1090878.941 4.54147856887364e-09
1110272.059 5.22345947592116e-09
1129665.176 5.18852682928557e-09
1149058.294 7.84468336325031e-09
1168451.412 6.37635281574081e-09
1187844.529 4.58036305462007e-09
1207237.647 6.8738541726314e-09
1226630.765 7.36396728920823e-09
1246023.882 4.58095335356943e-09
1265417 4.09347432069255e-09
1284810.118 3.9928183927244e-09
1304203.235 4.1166154144092e-09
1323596.353 5.44281708242839e-09
1342989.471 6.03882758655078e-09
1362382.588 6.82442770941692e-09
1381775.706 5.65823324893637e-09
1401168.824 5.49346663877542e-09
1420561.941 6.27940226059552e-09
1439955.059 3.37154193547203e-09
1459348.176 4.335878908683e-09
1478741.294 4.59744495803246e-09
1498134.412 5.70941463736003e-09
1517527.529 6.26839650361646e-09
1536920.647 4.75764200271703e-09
1556313.765 5.49780251430265e-09
1575706.882 5.57600534703964e-09
1595100 4.42168879708508e-09
1595100 5.00016895965723e-09
1646141.765 4.62851629078185e-09
1697183.529 4.80987541227303e-09
1748225.294 5.99793317998888e-09
1799267.059 4.79652760471879e-09
1850308.824 5.76841453234856e-09
1901350.588 6.26439651744672e-09
1952392.353 5.51031246756354e-09
2003434.118 4.73328865085025e-09
2054475.882 4.13767977055152e-09
2105517.647 5.19801522517805e-09
2156559.412 5.01858684082269e-09
2207601.176 5.56021293764178e-09
2258642.941 3.62498048724079e-09
2309684.706 5.7494373176287e-09
2360726.471 4.8860465956334e-09
2411768.235 4.26823144730139e-09
2462810 4.50066751433381e-09
2513851.765 5.10178198159518e-09
2564893.529 4.72474291787448e-09
2615935.294 4.93080928973483e-09
2666977.059 6.37025710541345e-09
2718018.824 5.2309217177219e-09
2769060.588 3.73858665485282e-09
2820102.353 3.57574424284564e-09
2871144.118 3.46004603239936e-09
2922185.882 5.52356333468568e-09
2973227.647 5.18313061238073e-09
3024269.412 3.88867837684717e-09
3075311.176 5.41885394651402e-09
3126352.941 3.59757705227791e-09
3177394.706 4.43538360304155e-09
3228436.471 3.91133569672761e-09
3279478.235 5.01940624830676e-09
3330520 3.25604805590619e-09
3381561.765 4.0067495750344e-09
3432603.529 4.21666670074017e-09
3483645.294 3.99091362994076e-09
3534687.059 3.09571816015489e-09
3585728.824 3.47336760911015e-09
3636770.588 3.44790331846437e-09
3687812.353 3.98832841106224e-09
3738854.118 2.89795470116654e-09
3789895.882 4.66532957971974e-09
3840937.647 2.92298424319298e-09
3891979.412 3.06826489758699e-09
3943021.176 4.77073304405427e-09
3994062.941 5.0400236514552e-09
4045104.706 3.97718930800448e-09
4096146.471 3.56795969302082e-09
4147188.235 4.06889607564569e-09
4198230 4.21754208072978e-09
4198230 3.81046064707342e-09
4332570.588 4.50167314101075e-09
4466911.176 3.66584536170386e-09
4601251.765 3.6748259120001e-09
4735592.353 4.36620637770879e-09
4869932.941 4.69459769940463e-09
5004273.529 3.91585674310648e-09
5138614.118 3.64309035085821e-09
5272954.706 2.79330096833328e-09
5407295.294 2.25571908124193e-09
5541635.882 3.77834262908555e-09
5675976.471 2.91136742308055e-09
5810317.059 3.92005570808711e-09
5944657.647 4.1977325300381e-09
6078998.235 3.33472919297504e-09
6213338.824 3.70282824917583e-09
6347679.412 3.17237062710909e-09
6482020 2.79559323912409e-09
6616360.588 3.88029512844394e-09
6750701.176 3.39325801035114e-09
6885041.765 2.49381830173841e-09
7019382.353 2.92517506211283e-09
7153722.941 2.31260557325906e-09
7288063.529 4.93589384176649e-09
7422404.118 3.05198279717536e-09
7556744.706 3.46056065036101e-09
7691085.294 2.48010909632228e-09
7825425.882 2.21009003131462e-09
7959766.471 3.24449360755448e-09
8094107.059 3.83548356784947e-09
8228447.647 2.43243536473559e-09
8362788.235 2.29643337671944e-09
8497128.824 2.7802163854523e-09
8631469.412 2.51506618360929e-09
8765810 2.83946702524624e-09
8900150.588 2.75425103102552e-09
9034491.176 2.29302989153225e-09
9168831.765 1.7836414543373e-09
9303172.353 2.66143726555092e-09
9437512.941 2.60535095575716e-09
9571853.529 2.16976200598868e-09
9706194.118 2.95739857661194e-09
9840534.706 2.43375026395198e-09
9974875.294 2.63790229617375e-09
10109215.882 3.04624845955306e-09
10243556.471 3.54087551783213e-09
10377897.059 2.5698752057173e-09
10512237.647 2.04779425568068e-09
10646578.235 3.04491624688868e-09
10780918.824 2.19607376001703e-09
10915259.412 1.97882717182997e-09
11049600 4.12910118536667e-09
11049600 2.861063539424e-09
11403174.51 2.54945616285447e-09
11756749.02 1.77493481121354e-09
12110323.529 3.43360279039126e-09
12463898.039 2.48144182748363e-09
12817472.549 2.38486396795028e-09
13171047.059 1.79902001251525e-09
13524621.569 2.81249632593018e-09
13878196.078 2.77100072057176e-09
14231770.588 2.98868116573102e-09
14585345.098 2.36551774130221e-09
14938919.608 3.04898435676297e-09
15292494.118 3.01365297741799e-09
15646068.627 2.52019548290173e-09
15999643.137 3.3323106962915e-09
16353217.647 1.83132555960743e-09
16706792.157 3.09123416857145e-09
17060366.667 3.06172297437291e-09
17413941.176 3.16258941605046e-09
17767515.686 3.23154722507252e-09
18121090.196 2.55083677746606e-09
18474664.706 3.65122522351044e-09
18828239.216 2.48581789886889e-09
19181813.725 2.2732762331754e-09
19535388.235 3.40160180447598e-09
19888962.745 2.17761207891911e-09
20242537.255 3.94578838609352e-09
20596111.765 2.68684411207794e-09
20949686.275 3.01667867906604e-09
21303260.784 2.39833606861941e-09
21656835.294 2.56325241366033e-09
22010409.804 2.23627232457249e-09
22363984.314 3.31136003653981e-09
22717558.824 3.21582241088811e-09
23071133.333 1.996405704094e-09
23424707.843 2.11629756918387e-09
23778282.353 2.67071443519157e-09
24131856.863 2.32367572628791e-09
24485431.373 2.41507713158447e-09
24839005.882 3.26694577269217e-09
25192580.392 3.51635260778629e-09
25546154.902 2.42631149769054e-09
25899729.412 3.36241845528511e-09
26253303.922 1.88338253346986e-09
26606878.431 2.39040388041686e-09
26960452.941 2.15429819623461e-09
27314027.451 3.00361207504454e-09
27667601.961 2.00489517955576e-09
28021176.471 2.24045211607234e-09
28374750.98 3.21748933113616e-09
28728325.49 2.95576408549826e-09
29081900 2.71874778511496e-09
29081900 2.33289504476292e-09
30012498.039 3.47929593424028e-09
30943096.078 2.20201331312905e-09
31873694.118 3.05616981845826e-09
32804292.157 2.41883637482956e-09
33734890.196 2.56135533005002e-09
34665488.235 2.07732265678082e-09
35596086.275 3.09218125053243e-09
36526684.314 2.61716622044842e-09
37457282.353 2.13320132212207e-09
38387880.392 2.58284435081059e-09
39318478.431 2.04081512748018e-09
40249076.471 2.23590089045042e-09
41179674.51 2.7010650422133e-09
42110272.549 2.45956860186208e-09
43040870.588 2.45515430675728e-09
43971468.627 2.71904247622216e-09
44902066.667 2.18750203501549e-09
45832664.706 2.00670465224033e-09
46763262.745 3.11453623890284e-09
47693860.784 2.19173363314231e-09
48624458.824 2.46931512481839e-09
49555056.863 3.50782702214338e-09
50485654.902 3.27059102184631e-09
51416252.941 2.21047895225921e-09
52346850.98 2.26544471653559e-09
53277449.02 2.09449377407586e-09
54208047.059 3.05428382517819e-09
55138645.098 3.20683503619761e-09
56069243.137 2.8920286291419e-09
56999841.176 2.68224650159081e-09
57930439.216 3.61202488697914e-09
58861037.255 2.73034499174083e-09
59791635.294 2.07796692501216e-09
60722233.333 2.76966349316714e-09
61652831.373 2.21218124774126e-09
62583429.412 -0
63514027.451 1.59663001855168e-09
64444625.49 2.29049672338272e-09
65375223.529 -0
66305821.569 2.77054686295581e-09
67236419.608 3.06585188786109e-09
68167017.647 2.20109872965438e-09
69097615.686 2.88836756003605e-09
70028213.725 3.56200700370964e-09
70958811.765 1.79566151152012e-09
71889409.804 1.36320388962061e-09
72820007.843 2.0731296930367e-09
73750605.882 3.05343461615335e-09
74681203.922 -0
75611801.961 -0
76542400 1.9187241342229e-09
76542400 2.49359864309013e-09
78991686.275 3.1228833989026e-09
81440972.549 2.0763930481101e-09
83890258.824 7.59091381256791e-10
86339545.098 2.83666536447194e-09
88788831.373 4.94082310546538e-10
91238117.647 2.49612022510051e-09
93687403.922 -0
96136690.196 2.31236092019699e-09
98585976.471 3.29883435516191e-09
101035262.745 2.03855488261447e-09
103484549.02 2.19523105689084e-09
105933835.294 -0
108383121.569 2.00775474808508e-09
110832407.843 -0
113281694.118 1.61934244705691e-09
115730980.392 -0
118180266.667 3.86722583359592e-09
120629552.941 2.18118916315621e-09
123078839.216 5.00078910055074e-09
125528125.49 -0
127977411.765 4.73706926271547e-09
130426698.039 -0
132875984.314 -0
135325270.588 5.90477994923079e-09
137774556.863 -0
140223843.137 1.14255465497103e-09
142673129.412 7.78821114538085e-09
145122415.686 1.03730372478471e-09
147571701.961 9.2406180708477e-09
150020988.235 -0
152470274.51 -0
154919560.784 -0
157368847.059 -0
159818133.333 -0
162267419.608 -0
164716705.882 4.45949054736552e-09
167165992.157 3.51048825364243e-09
169615278.431 -0
172064564.706 -0
174513850.98 -0
176963137.255 5.30409701889714e-09
179412423.529 -0
181861709.804 -0
184310996.078 -0
186760282.353 7.27524409488462e-09
189209568.627 8.17593618046813e-09
191658854.902 6.35586409221086e-09
194108141.176 -0
196557427.451 6.37361770763316e-09
199006713.725 6.66082498453358e-09
201456000 6.0250722963146e-09
