101 195.925218969969
104.18 201.504225983903
107.361 187.907577394698
110.541 151.178089824354
113.721 129.25330153504
116.902 140.126845933994
120.082 149.105790198085
123.262 143.883672963105
126.443 143.285482474491
129.623 145.65168378132
132.803 144.703918900595
135.983 121.128907708297
139.164 131.052794159454
142.344 162.362632856461
145.524 159.235639574657
148.705 149.228263393755
151.885 159.796568892986
155.065 155.827986027943
158.246 113.686318648912
161.426 102.589955020406
164.606 115.882623250475
167.787 115.898804034925
170.967 116.494893735568
174.147 137.398692174875
177.328 138.368846383482
180.508 124.527816325238
183.688 121.288154475629
186.868 125.920880331623
190.049 128.320861201999
193.229 122.432562765456
196.409 112.845552736928
199.59 125.99818176662
202.77 115.349281290668
205.95 97.1024484079552
209.131 113.47367648431
212.311 124.719122029008
215.491 121.819121683971
218.672 104.39003173121
221.852 101.398244640556
225.032 113.395754725527
228.213 110.122877604
231.393 97.4592918646918
234.573 73.2461005760998
237.753 74.5558675861217
240.934 67.057449098815
244.114 76.2839819470835
247.294 102.57745072277
250.475 119.218900581083
253.655 107.992456520669
256.835 89.8252929540943
260.016 85.5283019400185
263.196 94.1358729125861
264.196 74.3064636669843
272.598 73.4251840812449
281.001 72.6460549147432
289.403 83.887935854791
297.806 90.172617160371
306.208 90.0491741381609
314.611 86.0119871699676
323.013 82.0187025751636
331.415 79.7005649022847
339.818 82.1917754526114
348.22 82.6129333961724
356.623 87.6052004839354
365.025 94.4870849645907
373.428 96.8079157754558
381.83 88.789099555405
390.232 77.9030226488602
398.635 68.573327602666
407.037 68.1790867679693
415.44 65.8698955901914
423.842 78.6043916607839
432.245 81.4566857748782
440.647 79.2742461657053
449.049 84.7506068725275
457.452 92.8952359091555
465.854 87.901360696439
474.257 78.3844251023108
482.659 64.256995864305
491.062 49.8259525098745
499.464 53.0526676823373
507.867 56.6831830900511
516.269 63.0659581580129
524.671 66.7599237602518
533.074 73.3497412728012
541.476 75.8811527842219
549.879 74.9666614204921
558.281 74.5197918093032
566.684 70.4341124097093
575.086 70.5035969224105
583.488 71.9738329058874
591.891 70.8011634303592
600.293 67.0253434497388
608.696 66.5628967768739
617.098 69.3054067069995
625.501 63.7906913269404
633.903 56.5928486731216
642.305 49.0305164734742
650.708 45.001430838959
659.11 42.1310364693505
667.513 50.9187410227952
675.915 57.2688329463685
684.318 67.2470984228385
692.72 69.229376929156
693.72 50.8336060235611
715.867 47.915476257689
738.014 57.4174842062898
760.161 46.2990608935097
782.307 54.6535843284905
804.454 45.8791600648122
826.601 46.4038173217113
848.748 54.5564481317914
870.895 38.5185746647976
893.042 41.5229061759392
915.189 51.8767956412131
937.335 62.9117690524975
959.482 52.6559995808959
981.629 45.1514465683733
1003.776 41.16971335898
1025.923 47.9763067634142
1048.07 47.3436802646393
1070.217 49.0031097569819
1092.364 48.374203446184
1114.51 35.647374683261
1136.657 54.4771451291487
1158.804 40.8927764659203
1180.951 31.6447165065685
1203.098 39.2594025670078
1225.245 43.7056076239181
1247.392 45.1363000830078
1269.538 45.2808824794347
1291.685 43.033562372588
1313.832 45.9390123815508
1335.979 38.2511117828273
1358.126 43.1499598539065
1380.273 43.5201354954798
1402.42 41.5400125122449
1424.566 50.7867202627936
1446.713 47.2766099811649
1468.86 36.6843686732897
1491.007 56.974415787851
1513.154 46.4441959742672
1535.301 44.8283082035322
1557.448 45.7027990322088
1579.595 39.291121135579
1601.741 50.0278544102189
1623.888 38.5132391259217
1646.035 37.8503859089546
1668.182 41.9581696942909
1690.329 46.4410484623527
1712.476 34.0953617065266
1734.623 44.0823666193745
1756.769 41.1056759872251
1778.916 51.3637470591312
1801.063 37.4242838828353
1823.21 43.8467531750066
1824.21 39.8551698334681
1882.531 47.9487924064198
1940.853 43.198474879816
1999.174 41.127052018171
2057.495 36.2525163407216
2115.817 41.9658140945413
2174.138 35.6991126491359
2232.46 34.4976643980818
2290.781 32.8173667325272
2349.102 33.8463813759029
2407.424 29.1101904637279
2465.745 26.2586185594988
2524.066 22.9912539347315
2582.388 33.5807014329057
2640.709 33.4008022197799
2699.031 39.8477589547467
2757.352 37.566886803391
2815.673 32.6175125286016
2873.995 39.5368163058197
2932.316 42.234458718643
2990.637 32.0897058166651
3048.959 31.19019932005
3107.28 34.0390653902881
3165.602 32.9454373500817
3223.923 27.8189789652175
3282.244 20.6722342731927
3340.566 31.2381315839727
3398.887 32.206980088081
3457.208 24.4914210438884
3515.53 27.4432676850891
3573.851 27.4306366714912
3632.173 29.3891302139995
3690.494 27.495456977166
3748.815 29.0380605318218
3807.137 28.9141344567226
3865.458 23.0193600499624
3923.779 25.0067167316928
3982.101 27.0014222221545
4040.422 36.2511936532043
4098.744 30.5785005654902
4157.065 27.1577314694747
4215.386 28.3912238636123
4273.708 27.928727346623
4332.029 26.6556186319216
4390.35 24.3471028857809
4448.672 23.6876149755772
4506.993 26.9368865945783
4565.315 29.4502156290836
4623.636 22.1371696083914
4681.957 20.6740697523125
4740.279 28.5389751913445
4798.6 26.3356922766153
4799.6 22.333721569788
4953.131 23.9298526248265
5106.663 20.6305989608707
5260.194 21.1224611552311
5413.725 29.0175136234211
5567.257 29.6684090102201
5720.788 22.9776928825891
5874.32 21.0568066076841
6027.851 22.4957554358729
6181.382 20.0391205277838
6334.914 21.4009237451489
6488.445 22.9696659668411
6641.976 24.1869196703231
6795.508 26.4896121852426
6949.039 23.0036142880669
7102.571 23.1464950155842
7256.102 22.7344664030241
7409.633 24.5975556935954
7563.165 25.6065553068874
7716.696 23.7049035092302
7870.227 17.7763480198051
8023.759 21.3840008230138
8177.29 22.0831607231093
8330.822 21.0440282085529
8484.353 21.01151144408
8637.884 23.5165922246817
8791.416 17.8223454853112
8944.947 15.8899557771397
9098.478 13.7657104300099
9252.01 16.8477708363874
9405.541 15.5287880381067
9559.073 15.9976300734416
9712.604 16.8182861377225
9866.135 19.6340901253403
10019.667 20.5484387857454
10173.198 20.3986896823942
10326.729 18.7161843710179
10480.261 14.9146308162994
10633.792 11.2919155836758
10787.324 14.9832607772971
10940.855 16.7365309188079
11094.386 18.9147562135821
11247.918 19.2029120063078
11401.449 16.3165950769527
11554.98 14.2811852471347
11708.512 12.9476165057115
11862.043 13.0143008830816
12015.575 15.3170879949058
12169.106 17.0254179047318
12322.637 15.579017019899
12476.169 12.9781054675463
12629.7 16.9717513460679
12630.7 13.9521168236297
13034.822 11.6777296843101
13438.943 10.974166313334
13843.065 10.528027074675
14247.186 13.4998394413627
14651.308 14.6009282260424
15055.429 14.7717557582174
15459.551 15.2194023291604
15863.673 12.9900850202182
16267.794 12.7822044003402
16671.916 13.1601827427063
17076.037 13.7418952927968
17480.159 12.2229868795208
17884.28 11.3442303991829
18288.402 11.1981466542901
18692.524 10.7526437376858
19096.645 12.1060277298057
19500.767 12.5833417540501
19904.888 11.2650911999674
20309.01 10.3189881585551
20713.131 12.6622692108145
21117.253 14.3004757955122
21521.375 12.5425816056095
21925.496 11.458827748522
22329.618 10.4656063841888
22733.739 11.8288264925538
23137.861 12.476608918726
23541.982 13.1525594720971
23946.104 12.7095965369784
24350.225 12.0430595657911
24754.347 12.470695111978
25158.469 14.1970000229458
25562.59 13.0923208212152
25966.712 9.52830013367921
26370.833 12.7693719971486
26774.955 14.856215794467
27179.076 13.2445101055806
27583.198 11.3039973768023
27987.32 10.4885146136636
28391.441 8.83929281865186
28795.563 10.6214952817732
29199.684 10.3663043909469
29603.806 9.99184483979841
30007.927 10.400302375527
30412.049 11.5460842567308
30816.171 11.2659067149278
31220.292 11.3613066465315
31624.414 11.2461167009724
32028.535 10.523191229974
32432.657 11.2781393302486
32836.778 13.4310172009354
33240.9 13.3068429272191
33241.9 10.3514942252366
34305.559 9.71609990963684
35369.218 9.67101307248879
36432.876 9.97055888163221
37496.535 9.10939229879133
38560.194 8.31110679683561
39623.853 10.7734490398075
40687.512 11.5840699829391
41751.171 11.9835313070899
42814.829 11.740668970139
43878.488 12.4495112490541
44942.147 10.7988080701619
46005.806 9.62884063154241
47069.465 9.50462902967992
48133.124 10.145968508469
49196.782 9.77580039663837
50260.441 8.77715525283092
51324.1 8.23131944570227
52387.759 8.88751352540421
53451.418 8.76244134600761
54515.076 8.36452987594543
55578.735 8.88824232902288
56642.394 7.27703049020827
57706.053 6.60924185393862
58769.712 7.19536757472365
59833.371 8.11139758303268
60897.029 7.96874484647985
61960.688 7.62164680630116
63024.347 6.53717179167918
64088.006 6.71193814526725
65151.665 7.46512861158439
66215.324 7.73583702715548
67278.982 8.50398032550132
68342.641 8.88389060092578
69406.3 8.60087626568631
70469.959 8.27902440836076
71533.618 7.37155208482093
72597.276 6.93448765122611
73660.935 6.53065957009211
74724.594 7.25789691115805
75788.253 8.02989595678839
76851.912 6.97900276494429
77915.571 5.99527746772174
78979.229 5.02095430127875
80042.888 6.21578723699629
81106.547 6.87886551767442
82170.206 7.50392466187117
83233.865 8.00092189129612
84297.524 8.33489432606353
85361.182 7.95678667524148
86424.841 6.79143023485516
87488.5 6.32515362316215
87489.5 6.48344287292762
90289.039 6.56856716174557
93088.578 6.04495629605936
95888.118 5.5332205039344
98687.657 4.80718269777349
101487.196 4.77573465140059
104286.735 5.0485923856766
107086.275 5.04641225009693
109885.814 5.56965856167122
112685.353 6.6338786134843
115484.892 6.90129112841141
118284.431 6.84449273364358
121083.971 6.49726911048895
123883.51 5.85692579057097
126683.049 5.55762020146122
129482.588 5.47345352436912
132282.127 5.44888714222618
135081.667 5.82461416608283
137881.206 6.00797861597154
140680.745 6.55925939724031
143480.284 6.578618104418
146279.824 6.05313676772922
149079.363 5.04398766253456
151878.902 5.10842299470286
154678.441 5.90389330774202
157477.98 5.80440177338127
160277.52 5.10992817599535
163077.059 4.50713360363187
165876.598 4.35565274445321
168676.137 4.66908964491763
171475.676 4.93051493328477
174275.216 5.54238474479461
177074.755 5.29426211944554
179874.294 4.56938511537325
182673.833 4.79087392579758
185473.373 5.12622250183033
188272.912 5.13327057005943
191072.451 3.9146602529039
193871.99 3.56253919692922
196671.529 3.94506063900426
199471.069 4.02885849897925
202270.608 4.59326052880091
205070.147 4.60752610690847
207869.686 4.42303277815001
210669.225 5.61717995223121
213468.765 5.81018981524683
216268.304 5.87184656965142
219067.843 5.06233529656779
221867.382 4.52435401479382
224666.922 3.96545311376037
227466.461 3.47542340505741
230266 3.88869970249444
230267 4.88398168614724
237635.294 3.85983560563645
245003.588 NaN
252371.882 11.7459301627544
259740.176 10.9938780914064
267108.471 2.99045839258335
274476.765 3.0865394197414
281845.059 5.18809857520032
289213.353 4.71807983602509
296581.647 3.73842298900655
303949.941 3.73379305749587
311318.235 4.30747388173323
318686.529 4.26747312681789
326054.824 4.56415137463136
333423.118 3.9018474816513
340791.412 3.25192321442119
348159.706 2.13256194311017
355528 4.15498569433439
362896.294 3.36649785743666
370264.588 3.39338006719162
377632.882 2.6570628921628
385001.176 2.85189804895462
392369.471 3.94749936435982
399737.765 2.91200572520777
407106.059 3.39350550295452
414474.353 3.8519464640385
421842.647 4.4142958503393
429210.941 3.68730873382104
436579.235 3.11733210502194
443947.529 4.23384355857668
451315.824 2.93996824988307
458684.118 2.17928891347747
466052.412 1.99171775653646
473420.706 2.56677960526695
480789 3.56120482158404
488157.294 3.58141617808493
495525.588 2.87002321736482
502893.882 2.51623487915695
510262.176 3.84137159532618
517630.471 3.90053816784276
524998.765 3.47623418160837
532367.059 3.37676685249735
539735.353 3.42515843260761
547103.647 3.64278400572547
554471.941 2.30464198549404
561840.235 3.05513799631496
569208.529 3.22241231180339
576576.824 3.12344862293398
583945.118 3.41948775046092
591313.412 3.06933241744699
598681.706 1.4909964176427
606050 2.54050145350478
606051 2.34341521872276
625444.118 2.83451558118729
644837.235 4.24778355098924
664230.353 3.37359250620185
683623.471 2.93351973769102
703016.588 2.73790047734249
722409.706 2.57460250638722
741802.824 2.32131246969046
761195.941 3.42662402950199
780589.059 2.55267116460901
799982.176 2.60052158921948
819375.294 2.82406545845376
838768.412 2.57760792024527
858161.529 2.7589162483238
877554.647 1.87226909576607
896947.765 2.76595768391653
916340.882 3.30900392911176
935734 3.54533531792169
955127.118 3.11718240871349
974520.235 2.9777994767289
993913.353 2.06459165627115
1013306.471 3.21535292768562
1032699.588 2.54025941460739
1052092.706 2.68794850359513
1071485.824 2.41500533297448
1090878.941 2.85246662363082
1110272.059 2.81331683436075
1129665.176 1.86698396022569
1149058.294 2.69340975048983
1168451.412 1.81064590721363
1187844.529 3.18650743847177
1207237.647 2.68303123742889
1226630.765 1.9152776536581
1246023.882 2.49994199785827
1265417 1.89398302911684
1284810.118 2.42758899038441
1304203.235 1.72226709431341
1323596.353 1.69757762907801
1342989.471 2.83656299020891
1362382.588 2.70665794841215
1381775.706 2.78773290120607
1401168.824 2.65392582553221
1420561.941 2.21069773570619
1439955.059 1.97370946015598
1459348.176 1.84789749450002
1478741.294 2.73494381085302
1498134.412 2.22915323605551
1517527.529 2.66993844477179
1536920.647 2.36593695077942
1556313.765 2.54103562271607
1575706.882 1.88210405485568
1595100 2.13698587403102
1595100 2.3912928584471
1646141.765 2.73310000778635
1697183.529 2.29781784784876
1748225.294 2.50001733405936
1799267.059 2.2622043803553
1850308.824 2.4162775296138
1901350.588 1.99130799086276
1952392.353 2.66049894382973
2003434.118 2.88004426083506
2054475.882 2.30614719157025
2105517.647 1.98656107618626
2156559.412 2.29057647390935
2207601.176 1.93917462607999
2258642.941 2.10374125894801
2309684.706 2.12459087025808
2360726.471 2.38133182954988
2411768.235 1.75260727078708
2462810 2.30182575681473
2513851.765 2.58719720729799
2564893.529 2.57577039637146
2615935.294 1.85191968303161
2666977.059 1.97485394886874
2718018.824 2.67599162728426
2769060.588 1.77780518043545
2820102.353 2.02136639131407
2871144.118 1.95019410737471
2922185.882 2.67956427826571
2973227.647 1.39181863582066
3024269.412 2.70298120064075
3075311.176 2.07517478924633
3126352.941 2.08368202963619
3177394.706 2.35982716066534
3228436.471 2.34412898945446
3279478.235 2.00629599436449
3330520 1.97673351396217
3381561.765 1.7005855341089
3432603.529 1.94145716708377
3483645.294 1.53326320038734
3534687.059 2.06477340001741
3585728.824 1.33643904241724
3636770.588 2.39573078411033
3687812.353 2.3775028713393
3738854.118 2.08399329404636
3789895.882 2.27746671887385
3840937.647 1.71846975365441
3891979.412 1.41921931424095
3943021.176 2.46512584309764
3994062.941 2.24346500118974
4045104.706 2.2167172720151
4096146.471 1.93741750011344
4147188.235 1.63568569443531
4198230 2.20859529764194
4198230 2.1157378862458
4332570.588 2.37673324224378
4466911.176 2.15971892499515
4601251.765 1.41490921450579
4735592.353 2.40156420476359
4869932.941 1.59936224600343
5004273.529 2.06511851206862
5138614.118 2.03619908379645
5272954.706 2.13379597515072
5407295.294 2.36128321264766
5541635.882 2.12546943886415
5675976.471 2.03635809039267
5810317.059 1.42523926869299
5944657.647 2.07664308638861
6078998.235 2.23317401158084
6213338.824 2.19690516255803
6347679.412 1.59520313863588
6482020 1.91554639340668
6616360.588 1.83846995820569
6750701.176 1.38225064793399
6885041.765 1.49657879329898
7019382.353 1.49337817731992
7153722.941 1.91621508864501
7288063.529 2.31364903683117
7422404.118 2.24356134581587
7556744.706 1.47177929706827
7691085.294 2.23538061091297
7825425.882 2.29544570361259
7959766.471 1.48104817647348
8094107.059 2.15203650308724
8228447.647 1.84285496670653
8362788.235 2.00455741028384
8497128.824 2.35565414322231
8631469.412 1.77764359486704
8765810 1.40495671931475
8900150.588 1.95962085362679
9034491.176 1.37169533064572
9168831.765 1.97634637010037
9303172.353 1.31573235278622
9437512.941 1.58792736540129
9571853.529 1.79303731582001
9706194.118 1.82511663827676
9840534.706 1.37376338215855
9974875.294 2.12210373368992
10109215.882 1.78325601122526
10243556.471 1.689090496784
10377897.059 1.63147542822749
10512237.647 2.44786188277101
10646578.235 2.44397351465098
10780918.824 1.61899616185988
10915259.412 1.86106267330267
11049600 1.77674466620749
11049600 2.07059628326988
11403174.51 1.62793847465313
11756749.02 1.29937885484844
12110323.529 1.9658156515876
12463898.039 1.90867262328957
12817472.549 1.89837980369151
13171047.059 1.79775162425621
13524621.569 1.64181782459479
13878196.078 1.39037630818518
14231770.588 1.67958670739079
14585345.098 1.96307654951489
14938919.608 1.90481275277814
15292494.118 1.40243600237512
15646068.627 1.85830822040391
15999643.137 1.45927100014143
16353217.647 1.89551634887116
16706792.157 1.24998011229839
17060366.667 1.94018778210957
17413941.176 1.19873956624211
17767515.686 1.86880788103352
18121090.196 1.68864640129392
18474664.706 1.76668413750916
18828239.216 1.7539685107002
19181813.725 2.10601241556497
19535388.235 1.39071957215279
19888962.745 1.63206784522
20242537.255 1.61459800818398
20596111.765 1.34748684766886
20949686.275 1.7898904278702
21303260.784 1.47213162276611
21656835.294 1.5591543826391
22010409.804 1.69035705499114
22363984.314 1.2045905350174
22717558.824 1.15843730764169
23071133.333 1.59029045307625
23424707.843 1.52175337611637
23778282.353 1.8043936138004
24131856.863 1.22733936588025
24485431.373 1.22648123528788
24839005.882 1.82768584798687
25192580.392 1.79664103502514
25546154.902 1.54217678835586
25899729.412 2.18003369378436
26253303.922 1.18495327919889
26606878.431 1.33984855899124
26960452.941 1.7665542552065
27314027.451 1.2204790696113
27667601.961 2.40243591337914
28021176.471 1.60634055734841
28374750.98 1.46849096884202
28728325.49 1.83701012590952
29081900 1.33463779693358
29081900 1.87440777343953
30012498.039 1.95021242979812
30943096.078 1.38547390390094
31873694.118 1.49717594557597
32804292.157 2.13245214573366
33734890.196 1.71351681386542
34665488.235 1.75783790075574
35596086.275 1.72350632599614
36526684.314 1.6335267282973
37457282.353 1.83214489586629
38387880.392 1.52824015924313
39318478.431 1.96095147075437
40249076.471 1.62671790176102
41179674.51 1.61808480136493
42110272.549 0.752484914505735
43040870.588 1.47773055180365
43971468.627 1.34171408209146
44902066.667 1.49655621891635
45832664.706 1.38993496609316
46763262.745 1.28712933817724
47693860.784 1.103948350996
48624458.824 2.22845782203508
49555056.863 1.34236921472376
50485654.902 1.1410006245616
51416252.941 1.65404010305684
52346850.98 1.22335162045384
53277449.02 1.77574707463377
54208047.059 0.436984317735825
55138645.098 2.09356939248503
56069243.137 0.34602122365466
56999841.176 1.53101325469812
57930439.216 1.55279775760833
58861037.255 1.47617947000061
59791635.294 1.09739941668703
60722233.333 1.77187428723465
61652831.373 1.45247408957754
62583429.412 1.71773965712971
63514027.451 1.70498471107022
64444625.49 1.35375761669833
65375223.529 1.81850606717483
66305821.569 1.32595785411997
67236419.608 1.34742302893095
68167017.647 1.31343059402976
69097615.686 1.09442920954367
70028213.725 1.82327440027596
70958811.765 1.64022571815299
71889409.804 1.44007475347155
72820007.843 1.65561757044397
73750605.882 1.01447117224206
74681203.922 NaN
75611801.961 0.777829298028116
76542400 1.45700248937402
76542400 1.33247919195057
78991686.275 1.61240526122181
81440972.549 1.13526304179575
83890258.824 1.04609057779687
86339545.098 2.04594209111616
88788831.373 1.97093042535476
91238117.647 1.63105073908221
93687403.922 NaN
96136690.196 NaN
98585976.471 1.50500812610738
101035262.745 NaN
103484549.02 NaN
105933835.294 1.29273886651582
108383121.569 1.26278166258108
110832407.843 0.846285441474461
113281694.118 1.20156163621308
115730980.392 1.72777218747966
118180266.667 2.24355405981849
120629552.941 0.81956250793187
123078839.216 1.18344287489841
125528125.49 1.1078895605513
127977411.765 2.17944667529706
130426698.039 0.39749490755617
132875984.314 1.23994991899259
135325270.588 NaN
137774556.863 1.55782045535222
140223843.137 2.213857530779
142673129.412 1.84151829359682
145122415.686 NaN
147571701.961 NaN
150020988.235 1.19818077871145
152470274.51 2.66336201948766
154919560.784 NaN
157368847.059 1.91381419944402
159818133.333 4.09824481558038
162267419.608 3.07493019718009
164716705.882 2.96710191771853
167165992.157 1.10167708411403
169615278.431 NaN
172064564.706 4.61253880736354
174513850.98 1.68295088155881
176963137.255 0.960863906956824
179412423.529 1.19344914883606
181861709.804 NaN
184310996.078 2.84596147653178
186760282.353 2.97192497162489
189209568.627 3.87075968767482
191658854.902 3.42211655636786
194108141.176 NaN
196557427.451 2.22153399200433
199006713.725 1.6358926360892
201456000 3.14876662457249
