101 28.0816343840548
104.18 NaN
107.361 NaN
110.541 NaN
113.721 371.387443529049
116.902 251.49142724218
120.082 207.766376676717
123.262 169.349843549312
126.443 119.277502796472
129.623 74.2178709544767
132.803 137.577237292753
135.983 28.3211123368097
139.164 NaN
142.344 NaN
145.524 NaN
148.705 NaN
151.885 439.93868285506
155.065 557.443007515398
158.246 435.590703789359
161.426 308.694600511812
164.606 219.364798611892
167.787 NaN
170.967 NaN
174.147 NaN
177.328 NaN
180.508 94.7174727734926
183.688 45.6049772618379
186.868 58.1601007133548
190.049 96.4618590833261
193.229 105.118469635106
196.409 142.55850559539
199.59 130.985509845117
202.77 102.143989098731
205.95 NaN
209.131 NaN
212.311 NaN
215.491 147.198163170217
218.672 145.809768590201
221.852 138.514176656096
225.032 55.6129946362149
228.213 NaN
231.393 NaN
234.573 NaN
237.753 128.785798305957
240.934 167.616685415769
244.114 167.131011380752
247.294 NaN
250.475 NaN
253.655 NaN
256.835 NaN
260.016 74.7149447791853
263.196 10.71474152896
264.196 196.440626432717
272.598 155.974648657397
281.001 129.687479071716
289.403 153.040434589103
297.806 162.121176295818
306.208 145.91034050041
314.611 155.626804015508
323.013 185.719295645069
331.415 167.733176978997
339.818 121.802252493278
348.22 NaN
356.623 NaN
365.025 NaN
373.428 60.5102854858239
381.83 89.1631931213201
390.232 92.7537773355621
398.635 110.446557401742
407.037 118.033128506589
415.44 110.288389190337
423.842 46.0046235350756
432.245 34.0707940847497
440.647 73.0478626567913
449.049 99.5179679151475
457.452 115.03926136465
465.854 93.6905158062632
474.257 52.309819447302
482.659 NaN
491.062 63.5563235817533
499.464 98.5991828953096
507.867 119.153596383444
516.269 110.156359882716
524.671 91.7451694171267
533.074 59.6654006017643
541.476 45.7580804045206
549.879 38.1649521640455
558.281 30.774371141326
566.684 NaN
575.086 39.5805387612294
583.488 43.2555979729008
591.891 45.0355168163924
600.293 31.5656590190245
608.696 38.4166977632516
617.098 59.7257064638747
625.501 63.8763932562399
633.903 41.8385696603991
642.305 NaN
650.708 79.877663442007
659.11 112.975861051207
667.513 122.300297123051
675.915 124.459045610156
684.318 116.152933939765
692.72 99.7796926751268
693.72 81.1654295063567
715.867 33.4057445649067
738.014 99.5108271457381
760.161 79.9156839712282
782.307 68.4478249006946
804.454 53.0943950560341
826.601 61.337477185405
848.748 80.9714660072424
870.895 97.5531117322025
893.042 49.6033017918796
915.189 34.5326101729095
937.335 35.8227767768667
959.482 39.9675235766156
981.629 65.114884467516
1003.776 NaN
1025.923 52.4199898006249
1048.07 60.2777313128026
1070.217 NaN
1092.364 64.580636562526
1114.51 55.2523760857486
1136.657 55.2164803182589
1158.804 NaN
1180.951 32.0634878818934
1203.098 53.8109254185923
1225.245 NaN
1247.392 NaN
1269.538 41.0786572236649
1291.685 67.5258035079401
1313.832 68.8335149715234
1335.979 39.9420651810083
1358.126 54.5604902101988
1380.273 46.8304919372991
1402.42 32.2272094153244
1424.566 48.333654112802
1446.713 42.1385145905661
1468.86 70.7802899851068
1491.007 43.1624936954179
1513.154 62.1093996389615
1535.301 34.6504219789315
1557.448 58.6810938361502
1579.595 43.1781961296276
1601.741 51.5280473333723
1623.888 52.208952874533
1646.035 56.025012451226
1668.182 49.4345109087663
1690.329 63.2928113883308
1712.476 55.4731022920538
1734.623 47.0984285966811
1756.769 NaN
1778.916 NaN
1801.063 21.7412432679343
1823.21 40.0718046867491
1824.21 26.1125656283913
1882.531 32.5170817656763
1940.853 32.6445037266225
1999.174 25.0608966460081
2057.495 NaN
2115.817 25.7486438895605
2174.138 13.9492457197633
2232.46 NaN
2290.781 12.7469336676815
2349.102 27.702382512397
2407.424 39.0918612017646
2465.745 34.1175210835663
2524.066 24.4543464604626
2582.388 18.7423138980552
2640.709 25.5531209134381
2699.031 34.481141198733
2757.352 49.9545100081309
2815.673 43.63974993509
2873.995 35.3627730316557
2932.316 34.6902137907291
2990.637 39.4696537658473
3048.959 41.3572472066066
3107.28 28.2012783219262
3165.602 16.8702604919768
3223.923 19.6617397918276
3282.244 25.2180377699354
3340.566 10.4650839674197
3398.887 16.7610874258676
3457.208 35.7797082932796
3515.53 31.0795721301087
3573.851 27.294323049933
3632.173 30.6100046095482
3690.494 27.1432979394053
3748.815 36.8131659562834
3807.137 34.2988866304577
3865.458 27.4954437603359
3923.779 33.9830026008594
3982.101 34.8912331514927
4040.422 29.580099632879
4098.744 25.1079016425291
4157.065 20.7357538953366
4215.386 21.5607403285467
4273.708 22.9889751312091
4332.029 25.8135501322675
4390.35 24.1307918808212
4448.672 18.4249682421773
4506.993 20.6377248090966
4565.315 28.6558967543993
4623.636 29.5476278091326
4681.957 30.2065422483577
4740.279 28.0186854063038
4798.6 23.0028620983425
4799.6 19.7877658332653
4953.131 16.803475884821
5106.663 33.2241419752035
5260.194 32.0275934700959
5413.725 30.1051950987859
5567.257 27.7824982097103
5720.788 23.206918867911
5874.32 29.2172469585255
6027.851 22.39019961591
6181.382 17.9498729413559
6334.914 21.9515372213094
6488.445 19.1243698009664
6641.976 17.7689771635964
6795.508 17.5745266852742
6949.039 22.4730456682608
7102.571 27.5882540861843
7256.102 21.4419417074967
7409.633 15.2181131389595
7563.165 25.865949252326
7716.696 26.8953122689698
7870.227 18.3210143693847
8023.759 23.994633495917
8177.29 21.3579835157733
8330.822 23.7916360674693
8484.353 24.883695249554
8637.884 17.022160985603
8791.416 10.9142166985249
8944.947 15.9478737314722
9098.478 17.2490308235214
9252.01 17.7557937019605
9405.541 12.99696772872
9559.073 8.63674545778514
9712.604 20.0504460591117
9866.135 22.2802464383169
10019.667 21.8621255181813
10173.198 20.3593564103842
10326.729 15.7903810078943
10480.261 17.244705605616
10633.792 20.0748297918737
10787.324 22.9901025864755
10940.855 25.3781594324125
11094.386 17.8898537036674
11247.918 10.3641179230351
11401.449 13.9102793141693
11554.98 8.82953870464696
11708.512 20.2860622732479
11862.043 19.3731340654437
12015.575 15.6830657280395
12169.106 16.9031938592058
12322.637 15.2611623949102
12476.169 18.8212142772298
12629.7 17.5491301785609
12630.7 20.9267088457149
13034.822 14.8519334423642
13438.943 11.8368068516898
13843.065 18.6223107160713
14247.186 21.2191041433227
14651.308 19.1524079394699
15055.429 21.5055212919321
15459.551 22.4176983015104
15863.673 18.2540318049847
16267.794 17.6216306726957
16671.916 17.4623774077907
17076.037 11.8439758094271
17480.159 9.47218168238793
17884.28 16.5015286589651
18288.402 15.6945875503889
18692.524 21.0024604025914
19096.645 18.329691801428
19500.767 16.3494654179442
19904.888 14.3210478739866
20309.01 9.83696334995806
20713.131 14.8446772301451
21117.253 16.1082987925448
21521.375 14.4729413103442
21925.496 15.9131563438056
22329.618 14.6721798006475
22733.739 6.92394534797191
23137.861 9.56383670894222
23541.982 7.56896516200609
23946.104 10.3293173753554
24350.225 12.581541391939
24754.347 6.6585013613493
25158.469 3.53274437135309
25562.59 13.1602183059129
25966.712 14.0243632944508
26370.833 15.4368228120097
26774.955 17.6587808676836
27179.076 15.0734187960415
27583.198 11.5558448360471
27987.32 11.2821518276262
28391.441 13.7575315342615
28795.563 18.6984049931586
29199.684 17.0871735006495
29603.806 10.9754697290159
30007.927 12.0069262472215
30412.049 14.8732067382997
30816.171 14.7713733057167
31220.292 15.2025597703538
31624.414 15.7718575618315
32028.535 16.4958518611524
32432.657 14.0580082708106
32836.778 11.6672560696162
33240.9 12.5170051002553
33241.9 11.6252662621775
34305.559 10.5690839199289
35369.218 10.2729080865664
36432.876 11.9768489964706
37496.535 8.81869013263699
38560.194 7.12864360814373
39623.853 10.0391604050727
40687.512 13.39436589053
41751.171 15.2043176035244
42814.829 11.6741063566988
43878.488 9.5272617045504
44942.147 8.73781146822174
46005.806 9.1317165584263
47069.465 8.30819203358033
48133.124 6.43106166129019
49196.782 5.56790746653261
50260.441 6.87467285976349
51324.1 10.3641077899191
52387.759 10.86531134904
53451.418 9.7544409001389
54515.076 8.75001461642561
55578.735 6.52813498080955
56642.394 5.93181891448175
57706.053 9.43361825893309
58769.712 11.0612320353529
59833.371 12.1927655014709
60897.029 13.7130155379217
61960.688 14.7812639622267
63024.347 17.9495968941003
64088.006 15.6394019106984
65151.665 6.8257713581764
66215.324 4.8608481538752
67278.982 6.65269560847128
68342.641 10.0370291234326
69406.3 8.56554935615262
70469.959 7.56060916088181
71533.618 11.0928278874914
72597.276 14.8138076732986
73660.935 16.6200442370235
74724.594 12.680151755845
75788.253 8.94268587257871
76851.912 7.91872887425384
77915.571 8.71952093844322
78979.229 8.03941694751703
80042.888 7.1109475653097
81106.547 8.31036504649625
82170.206 9.12166264761528
83233.865 8.12366549940436
84297.524 7.4268386058259
85361.182 7.65797310410107
86424.841 7.85436071451988
87488.5 9.01291610335318
87489.5 7.12553854976869
90289.039 8.48434210925428
93088.578 9.16986794607044
95888.118 9.31228116744148
98687.657 10.4550038159148
101487.196 10.4336481273333
104286.735 9.07876098871441
107086.275 9.85490643979442
109885.814 12.4295901855446
112685.353 13.210691164167
115484.892 12.0119750731337
118284.431 10.7092297074545
121083.971 9.34890825878819
123883.51 9.00283167664885
126683.049 9.44240130292952
129482.588 9.51649658574135
132282.127 8.29814478491568
135081.667 6.68751501582226
137881.206 7.27683421411988
140680.745 NaN
143480.284 NaN
146279.824 NaN
149079.363 7.40169676884569
151878.902 9.47387159644287
154678.441 9.78242395085911
157477.98 9.0574210446597
160277.52 6.54838384084914
163077.059 NaN
165876.598 NaN
168676.137 3.61449083778216
171475.676 4.23316874619687
174275.216 6.86480512378913
177074.755 8.25996948392491
179874.294 8.40030426423183
182673.833 5.49013815829597
185473.373 4.50450511072104
188272.912 6.2345874229272
191072.451 8.48707155848941
193871.99 12.0177339836385
196671.529 11.4880579026087
199471.069 9.84019234626003
202270.608 5.79928828517599
205070.147 6.15490000708624
207869.686 8.55668404254814
210669.225 8.41632753933209
213468.765 8.04983354079353
216268.304 7.59534939451319
219067.843 6.66128723741096
221867.382 6.76239968573722
224666.922 5.87948874711265
227466.461 4.4355961039619
230266 3.0783444351503
230267 0.867931915023253
237635.294 8.44744673463829
245003.588 118.902484547576
252371.882 153.258716754244
259740.176 NaN
267108.471 7.17386499426039
274476.765 6.87164610190172
281845.059 4.10004393518083
289213.353 9.00545492156733
296581.647 8.07810691934542
303949.941 NaN
311318.235 4.43634167762637
318686.529 9.81448269993448
326054.824 7.18632021761561
333423.118 7.15565422605788
340791.412 5.12551873182409
348159.706 8.74199770686131
355528 6.87005965074696
362896.294 4.44451213168904
370264.588 6.96180852674798
377632.882 8.27930694214069
385001.176 4.20464650698748
392369.471 NaN
399737.765 5.36778158646315
407106.059 5.80485356004183
414474.353 7.50085095924629
421842.647 NaN
429210.941 2.6090239030329
436579.235 6.65977998032645
443947.529 8.78664554179072
451315.824 8.25788784596255
458684.118 4.75680034152296
466052.412 6.87654364936975
473420.706 3.92190275919578
480789 7.49949744283676
488157.294 7.24504857969434
495525.588 4.65518174382448
502893.882 16.4563486338545
510262.176 15.2581062822706
517630.471 7.94796562562297
524998.765 8.41292138155072
532367.059 5.15424652298196
539735.353 8.14133232121684
547103.647 8.00133841449732
554471.941 4.12720905333773
561840.235 6.99362455682113
569208.529 4.79294711014441
576576.824 3.00756912573523
583945.118 6.35182300838401
591313.412 7.76449247730733
598681.706 6.29565140450215
606050 8.44746898074385
606051 3.96132736288682
625444.118 5.25310810136412
644837.235 6.35798558527065
664230.353 NaN
683623.471 5.7736683868191
703016.588 NaN
722409.706 6.60182864423978
741802.824 8.22253673498773
761195.941 NaN
780589.059 8.8289049187479
799982.176 6.05778990757657
819375.294 5.41563378027459
838768.412 NaN
858161.529 5.33145315294529
877554.647 6.44866971753467
896947.765 4.8563944760348
916340.882 2.92995194887264
935734 8.65818112257417
955127.118 6.98747092521266
974520.235 8.37435089992612
993913.353 8.50619558537663
1013306.471 9.9012516478237
1032699.588 9.12643052198738
1052092.706 13.3476638822468
1071485.824 3.30729849367244
1090878.941 11.7495892654657
1110272.059 NaN
1129665.176 NaN
1149058.294 8.21331049553535
1168451.412 NaN
1187844.529 10.6396466003782
1207237.647 10.3688337099716
1226630.765 8.74198280587549
1246023.882 3.16506075963827
1265417 8.53411668953199
1284810.118 5.99730503610995
1304203.235 6.30500443756063
1323596.353 4.61872951550372
1342989.471 9.24512959906987
1362382.588 6.98624877129314
1381775.706 6.03445984742289
1401168.824 5.34690316212513
1420561.941 5.00023630265009
1439955.059 3.68072793603913
1459348.176 2.15688594889819
1478741.294 7.88852161177864
1498134.412 4.76932164737872
1517527.529 6.97112273638528
1536920.647 2.51726421715875
1556313.765 6.07598025792625
1575706.882 7.85671090000427
1595100 3.78945935749526
1595100 5.83611198405981
1646141.765 6.44297720098449
1697183.529 NaN
1748225.294 3.63453044095541
1799267.059 6.2153449024482
1850308.824 2.2184990117497
1901350.588 NaN
1952392.353 NaN
2003434.118 6.70185982081563
2054475.882 3.88501343731787
2105517.647 6.08509092630304
2156559.412 6.47093892784792
2207601.176 4.93022359278689
2258642.941 8.38806607294645
2309684.706 6.94717030689321
2360726.471 6.15572384896267
2411768.235 NaN
2462810 NaN
2513851.765 6.59026151822619
2564893.529 4.48854676378708
2615935.294 5.27752258475287
2666977.059 4.87948941967603
2718018.824 3.37743611457151
2769060.588 5.15270051979845
2820102.353 3.89167073371808
2871144.118 NaN
2922185.882 1.47507988062463
2973227.647 3.19389305558733
3024269.412 1.3075829524435
3075311.176 3.29308143970911
3126352.941 7.78345172233312
3177394.706 3.72562667405406
3228436.471 4.7199918409944
3279478.235 3.32607056416785
3330520 NaN
3381561.765 6.34217839092094
3432603.529 4.85539365359607
3483645.294 3.35291049798378
3534687.059 2.02784333423915
3585728.824 7.76103254803528
3636770.588 NaN
3687812.353 4.57243124100364
3738854.118 4.86367956405919
3789895.882 4.0916579852916
3840937.647 0.361774714404909
3891979.412 5.56555390949123
3943021.176 3.8844596669691
3994062.941 NaN
4045104.706 6.22949068225175
4096146.471 5.91731752506309
4147188.235 6.25455892442719
4198230 6.70673670333225
4198230 4.72394871856955
4332570.588 6.73393044002184
4466911.176 5.84567841663612
4601251.765 2.56465196571584
4735592.353 5.77784119287155
4869932.941 7.25481238854777
5004273.529 2.70141734476493
5138614.118 5.36914270391902
5272954.706 2.26047606775281
5407295.294 3.14096393884216
5541635.882 4.80387578576296
5675976.471 6.85003210786743
5810317.059 5.23002285625017
5944657.647 6.11992280139551
6078998.235 6.44880791334196
6213338.824 NaN
6347679.412 6.93945437218938
6482020 8.28844944156506
6616360.588 5.94835020858646
6750701.176 7.50835841334862
6885041.765 5.61283457949948
7019382.353 NaN
7153722.941 NaN
7288063.529 5.4402301744368
7422404.118 6.97803133176708
7556744.706 5.07291149787242
7691085.294 5.30932014189181
7825425.882 6.73711855040508
7959766.471 2.61911138028556
8094107.059 NaN
8228447.647 4.8490899162591
8362788.235 2.43051288485978
8497128.824 6.1581145202529
8631469.412 5.48375678820364
8765810 NaN
8900150.588 8.00754999311626
9034491.176 NaN
9168831.765 5.84748484453887
9303172.353 5.41930063060649
9437512.941 1.91270577332242
9571853.529 4.75367757395468
9706194.118 4.14752653899497
9840534.706 7.64374607967542
9974875.294 5.86142419952385
10109215.882 4.96906804148154
10243556.471 5.53391597676481
10377897.059 5.70270181692172
10512237.647 NaN
10646578.235 6.90284292275248
10780918.824 4.43721574718702
10915259.412 7.07669471047549
11049600 3.84819245502457
11049600 NaN
11403174.51 6.13887190948947
11756749.02 4.49073563636866
12110323.529 NaN
12463898.039 5.511877747657
12817472.549 4.73460934100799
13171047.059 4.50102783710109
13524621.569 NaN
13878196.078 2.39899512410058
14231770.588 4.889238070081
14585345.098 7.00445309341639
14938919.608 6.75273356106737
15292494.118 4.51754022122398
15646068.627 4.35385475379518
15999643.137 5.38076417490827
16353217.647 4.3555705695489
16706792.157 6.71670318558645
17060366.667 5.79112168846184
17413941.176 4.26896928925616
17767515.686 4.69078313674988
18121090.196 6.1968565184966
18474664.706 6.35929457970436
18828239.216 5.1196703130279
19181813.725 7.35382003864646
19535388.235 5.48184750678846
19888962.745 6.36914437761773
20242537.255 4.93364540545442
20596111.765 4.99389338574578
20949686.275 4.47800402197648
21303260.784 4.6650307247177
21656835.294 4.53602001349963
22010409.804 5.70685800875741
22363984.314 2.42764078741639
22717558.824 6.74289277166692
23071133.333 6.10022835158274
23424707.843 7.24720268441549
23778282.353 3.29633481205745
24131856.863 6.38383780085945
24485431.373 3.8477730998911
24839005.882 4.89391591638439
25192580.392 5.28318478703115
25546154.902 6.81904641641592
25899729.412 7.50520826081561
26253303.922 6.65182307368588
26606878.431 4.29015585068485
26960452.941 2.05395410276205
27314027.451 6.58135821836453
27667601.961 4.81838096733384
28021176.471 4.51431977811978
28374750.98 7.80982876534268
28728325.49 5.4673668758223
29081900 5.75433470579812
29081900 5.47821167914033
30012498.039 1.57938732730406
30943096.078 3.63370150722684
31873694.118 5.81991249532269
32804292.157 NaN
33734890.196 5.66598569499631
34665488.235 5.12932469444427
35596086.275 4.21827400101104
36526684.314 6.75467245659855
37457282.353 NaN
38387880.392 6.58982397804145
39318478.431 4.55806475657165
40249076.471 7.52217572324129
41179674.51 0.861813963688515
42110272.549 3.92606261029607
43040870.588 NaN
43971468.627 9.53893408477704
44902066.667 7.65755492028623
45832664.706 7.13534230866852
46763262.745 6.49513387810977
47693860.784 5.95218290212255
48624458.824 4.85840255350582
49555056.863 7.43148913758068
50485654.902 6.00236659044906
51416252.941 3.42255172463151
52346850.98 NaN
53277449.02 1.4577265056785
54208047.059 NaN
55138645.098 3.79723782185149
56069243.137 NaN
56999841.176 6.01217137716751
57930439.216 5.41843938875792
58861037.255 NaN
59791635.294 NaN
60722233.333 8.44696865921947
61652831.373 NaN
62583429.412 NaN
63514027.451 NaN
64444625.49 NaN
65375223.529 NaN
66305821.569 NaN
67236419.608 NaN
68167017.647 7.8861151539859
69097615.686 NaN
70028213.725 7.86247291503414
70958811.765 NaN
71889409.804 NaN
72820007.843 NaN
73750605.882 2.60485512244265
74681203.922 7.77482450392194
75611801.961 7.31549659078384
76542400 NaN
76542400 3.37977413498868
78991686.275 4.40432256999281
81440972.549 NaN
83890258.824 NaN
86339545.098 10.735428553725
88788831.373 NaN
91238117.647 NaN
93687403.922 NaN
96136690.196 78.7770878586894
98585976.471 16.6585353484827
101035262.745 NaN
103484549.02 NaN
105933835.294 NaN
108383121.569 NaN
110832407.843 NaN
113281694.118 8.06677371939855
115730980.392 3.18806985726994
118180266.667 NaN
120629552.941 9.73879117855004
123078839.216 NaN
125528125.49 NaN
127977411.765 9.32345389211456
130426698.039 16.2389366636594
132875984.314 NaN
135325270.588 NaN
137774556.863 26.9809346330559
140223843.137 NaN
142673129.412 NaN
145122415.686 16.9928274081197
147571701.961 NaN
150020988.235 17.8181191928096
152470274.51 NaN
154919560.784 11.8144041832393
157368847.059 NaN
159818133.333 NaN
162267419.608 NaN
164716705.882 NaN
167165992.157 21.5981196679016
169615278.431 NaN
172064564.706 NaN
174513850.98 28.5626933637262
176963137.255 NaN
179412423.529 NaN
181861709.804 34.6479963915753
184310996.078 17.8154217710628
186760282.353 NaN
189209568.627 23.154447019316
191658854.902 56.6084896172729
194108141.176 NaN
196557427.451 38.3556326926556
199006713.725 NaN
201456000 17.1672040840924
