101 1.78751967006755e-07
104.18 1.96155263563905e-07
107.361 1.98685807793321e-07
110.541 1.82669872494363e-07
113.721 1.69801742622242e-07
116.902 1.48065875503352e-07
120.082 1.49871099186077e-07
123.262 1.84970333779596e-07
126.443 2.16560595587875e-07
129.623 1.97385602536187e-07
132.803 1.31624112694855e-07
135.983 1.14116816408903e-07
139.164 1.55307351389426e-07
142.344 1.41523956165114e-07
145.524 1.2670630945998e-07
148.705 1.4678666094502e-07
151.885 1.54096468473268e-07
155.065 1.45489277845139e-07
158.246 1.54915004985607e-07
161.426 2.07545030709763e-07
164.606 2.08045361672941e-07
167.787 1.85117762383867e-07
170.967 1.57207365573434e-07
174.147 1.44400721594192e-07
177.328 1.56057713377677e-07
180.508 1.96337550055388e-07
183.688 2.11032173119585e-07
186.868 1.91577905131636e-07
190.049 1.68202697021109e-07
193.229 1.87923037304078e-07
196.409 2.2901596149753e-07
199.59 2.2080637681199e-07
202.77 1.62964294324852e-07
205.95 1.115741647392e-07
209.131 1.10680157932991e-07
212.311 1.29313831528296e-07
215.491 1.51289834382565e-07
218.672 1.6146892188341e-07
221.852 1.56224201768476e-07
225.032 1.27857442871373e-07
228.213 1.00903485893404e-07
231.393 1.0934503478723e-07
234.573 1.26299257472219e-07
237.753 1.39242510319338e-07
240.934 1.1916303431723e-07
244.114 1.02966574269437e-07
247.294 9.50772051579235e-08
250.475 8.04394786842608e-08
253.655 9.51403171234312e-08
256.835 1.04711606804955e-07
260.016 9.75870436254139e-08
263.196 9.94902491810912e-08
264.196 1.00021019599592e-07
272.598 1.06888525321143e-07
281.001 1.12188707064221e-07
289.403 1.19572562155541e-07
297.806 1.16981600006047e-07
306.208 1.14243700077442e-07
314.611 9.33234261800228e-08
323.013 8.21592587686075e-08
331.415 7.98069039393155e-08
339.818 8.26002040639523e-08
348.22 8.60268331241116e-08
356.623 9.07435359778429e-08
365.025 9.24363413003303e-08
373.428 9.28153826511516e-08
381.83 1.28905085382576e-07
390.232 1.60526617566485e-07
398.635 1.84390326652367e-07
407.037 1.85188266897461e-07
415.44 1.78499543051065e-07
423.842 1.19998544828609e-07
432.245 9.82010367426486e-08
440.647 8.92676607118531e-08
449.049 8.16790526091787e-08
457.452 6.75421782474369e-08
465.854 6.17443161955174e-08
474.257 7.25810379102275e-08
482.659 8.01678710424774e-08
491.062 7.87234797758786e-08
499.464 7.87661957489807e-08
507.867 9.07806470956401e-08
516.269 9.78519932739205e-08
524.671 9.99010984023235e-08
533.074 8.82012349749856e-08
541.476 8.30931930139342e-08
549.879 7.6259724821893e-08
558.281 7.68869967553743e-08
566.684 8.1256602503391e-08
575.086 7.20686778878055e-08
583.488 6.8135724013298e-08
591.891 8.56482253981175e-08
600.293 1.22138526162342e-07
608.696 1.2819207591007e-07
617.098 1.23234261667788e-07
625.501 1.02611820510404e-07
633.903 8.01945666213985e-08
642.305 6.82339313309767e-08
650.708 6.65657211293425e-08
659.11 6.38389137815059e-08
667.513 6.41058474238193e-08
675.915 6.45943765094939e-08
684.318 6.72234173021382e-08
692.72 6.81063578381558e-08
693.72 5.95644260807032e-08
715.867 6.38771507250545e-08
738.014 6.49481722396858e-08
760.161 6.12609720570699e-08
782.307 4.68354572005459e-08
804.454 5.24703111930423e-08
826.601 5.88891954059433e-08
848.748 5.59329240714988e-08
870.895 6.405716426472e-08
893.042 5.83087432242901e-08
915.189 3.74048706225166e-08
937.335 4.48532680118005e-08
959.482 6.16621995456859e-08
981.629 4.80939344292726e-08
1003.776 8.6005787211894e-08
1025.923 6.93017520975693e-08
1048.07 4.89943083058635e-08
1070.217 5.22022525399968e-08
1092.364 4.27666780235e-08
1114.51 3.79222437785475e-08
1136.657 4.33016229399311e-08
1158.804 4.45444348033973e-08
1180.951 4.92658317348965e-08
1203.098 5.250587353079e-08
1225.245 4.53256358129165e-08
1247.392 4.45091453302918e-08
1269.538 3.64960617298719e-08
1291.685 5.40653995107408e-08
1313.832 6.25544012955968e-08
1335.979 5.08718969173976e-08
1358.126 4.28533002842514e-08
1380.273 4.24165454627528e-08
1402.42 2.85790796349203e-08
1424.566 4.69704088212989e-08
1446.713 4.77622035555034e-08
1468.86 4.12210083603508e-08
1491.007 4.45977397930536e-08
1513.154 4.08900915789663e-08
1535.301 4.33660806950239e-08
1557.448 3.49128574315813e-08
1579.595 4.10230415958365e-08
1601.741 4.24169535973761e-08
1623.888 4.09154695507854e-08
1646.035 3.3046129034398e-08
1668.182 4.26907933450611e-08
1690.329 4.2659644053032e-08
1712.476 3.71074871473737e-08
1734.623 4.17872998604015e-08
1756.769 4.14587707473284e-08
1778.916 3.51995948288667e-08
1801.063 3.23337029259476e-08
1823.21 3.3665086532138e-08
1824.21 3.62236708666688e-08
1882.531 4.24954932733894e-08
1940.853 3.41063251415652e-08
1999.174 4.42440820112991e-08
2057.495 3.20932723646588e-08
2115.817 2.99311281084927e-08
2174.138 3.88781096218903e-08
2232.46 2.91671496400538e-08
2290.781 3.03090031625494e-08
2349.102 3.52766954118909e-08
2407.424 3.66009028404205e-08
2465.745 3.39467939996536e-08
2524.066 3.58941317548862e-08
2582.388 3.30936108748178e-08
2640.709 3.313086222807e-08
2699.031 3.09159504985553e-08
2757.352 3.55404789451066e-08
2815.673 3.40444432907911e-08
2873.995 3.95141350236418e-08
2932.316 3.80096943078685e-08
2990.637 4.14442595612752e-08
3048.959 2.90064460801894e-08
3107.28 2.57677175563057e-08
3165.602 3.06508231377872e-08
3223.923 2.69617314658066e-08
3282.244 3.01187000944433e-08
3340.566 3.47642352884833e-08
3398.887 2.92365112066514e-08
3457.208 3.58513056248374e-08
3515.53 3.23554465042612e-08
3573.851 2.28893258224967e-08
3632.173 2.7816604629231e-08
3690.494 3.00230075495144e-08
3748.815 2.65787910813333e-08
3807.137 2.26474365496288e-08
3865.458 2.35608515016053e-08
3923.779 1.96840830841105e-08
3982.101 2.02070247306489e-08
4040.422 3.99969730531499e-08
4098.744 3.03834182055606e-08
4157.065 3.73664460533297e-08
4215.386 2.646474055236e-08
4273.708 2.46615548130141e-08
4332.029 3.0322233764851e-08
4390.35 2.64585880195846e-08
4448.672 2.52953274571007e-08
4506.993 3.11324050760317e-08
4565.315 3.21569252492708e-08
4623.636 2.65806729444743e-08
4681.957 2.34151742008685e-08
4740.279 1.9850810839755e-08
4798.6 2.13666100771075e-08
4799.6 2.63419112991737e-08
4953.131 2.64552722644866e-08
5106.663 2.45833202848835e-08
5260.194 2.25207454117289e-08
5413.725 2.12163700055078e-08
5567.257 2.20932135553537e-08
5720.788 2.86653504300132e-08
5874.32 3.03853962242171e-08
6027.851 2.12622849782746e-08
6181.382 2.57488664946295e-08
6334.914 2.51975633971581e-08
6488.445 2.23412366843697e-08
6641.976 2.39064336528316e-08
6795.508 2.01106054502573e-08
6949.039 1.87621260015242e-08
7102.571 1.97461175634339e-08
7256.102 2.0042681468022e-08
7409.633 2.08326933857756e-08
7563.165 2.31018561575994e-08
7716.696 2.28836635861995e-08
7870.227 2.17492484819568e-08
8023.759 2.04116749507922e-08
8177.29 2.01029710663968e-08
8330.822 1.98102726971837e-08
8484.353 1.99753130618585e-08
8637.884 1.60990487080937e-08
8791.416 1.65040609798617e-08
8944.947 1.72566515108557e-08
9098.478 2.00429636575681e-08
9252.01 2.09278795735711e-08
9405.541 1.91403285476265e-08
9559.073 1.78029529424295e-08
9712.604 1.48129576516201e-08
9866.135 1.72709437629165e-08
10019.667 2.00685787628556e-08
10173.198 1.8199080029073e-08
10326.729 1.88598051158513e-08
10480.261 2.11695517748179e-08
10633.792 2.12838530392497e-08
10787.324 1.80668255656957e-08
10940.855 1.51458455073812e-08
11094.386 1.6944358961629e-08
11247.918 1.92084615630319e-08
11401.449 1.98898402352859e-08
11554.98 1.8265914686926e-08
11708.512 1.53316458525484e-08
11862.043 1.57811965592804e-08
12015.575 1.37610971293353e-08
12169.106 1.53724056371153e-08
12322.637 1.81451101644251e-08
12476.169 1.87134809198379e-08
12629.7 1.60966148372882e-08
12630.7 1.95502935013507e-08
13034.822 1.66531801320073e-08
13438.943 1.68635726130067e-08
13843.065 1.7140496243647e-08
14247.186 1.43949393318454e-08
14651.308 1.13129040940583e-08
15055.429 1.22842811317939e-08
15459.551 1.33157910820435e-08
15863.673 1.33526934401367e-08
16267.794 1.54177121155914e-08
16671.916 1.35896342456565e-08
17076.037 1.24451031051685e-08
17480.159 1.23519194543416e-08
17884.28 1.18027241605128e-08
18288.402 1.71229282314682e-08
18692.524 1.66456825571728e-08
19096.645 1.34975927434373e-08
19500.767 1.42443285898729e-08
19904.888 1.46151653760563e-08
20309.01 1.45572494698256e-08
20713.131 1.17606544142336e-08
21117.253 1.05241584881884e-08
21521.375 1.30200969349025e-08
21925.496 1.32500166342493e-08
22329.618 1.15937285794969e-08
22733.739 1.29724875359109e-08
23137.861 1.35572981410831e-08
23541.982 1.20510758760044e-08
23946.104 1.1489375419231e-08
24350.225 1.1542320491332e-08
24754.347 1.21439444909725e-08
25158.469 1.27501315040777e-08
25562.59 1.24261125948486e-08
25966.712 1.13220028809069e-08
26370.833 9.0786699864161e-09
26774.955 9.73124701259227e-09
27179.076 1.19249615458617e-08
27583.198 1.37931472645408e-08
27987.32 1.18578078654346e-08
28391.441 1.09268934515774e-08
28795.563 1.30228332894729e-08
29199.684 1.3342029888977e-08
29603.806 1.28483246909003e-08
30007.927 1.08902581641787e-08
30412.049 7.87331663626306e-09
30816.171 8.98695037174619e-09
31220.292 1.03441766694627e-08
31624.414 9.27313108132345e-09
32028.535 1.16159679112827e-08
32432.657 1.25496703034e-08
32836.778 9.25005084513212e-09
33240.9 8.15163018510557e-09
33241.9 1.23295778666369e-08
34305.559 9.19840919051299e-09
35369.218 6.95384660907774e-09
36432.876 1.12049144134712e-08
37496.535 1.3823633111562e-08
38560.194 1.36635231997327e-08
39623.853 1.1845448809309e-08
40687.512 9.89405859367703e-09
41751.171 8.33889324248906e-09
42814.829 8.73950395119599e-09
43878.488 1.03406021212081e-08
44942.147 1.04386852314711e-08
46005.806 9.23236821672556e-09
47069.465 8.52184362095072e-09
48133.124 1.08540731939636e-08
49196.782 1.11507171243342e-08
50260.441 1.02837519343886e-08
51324.1 8.64890473208417e-09
52387.759 9.89538185599659e-09
53451.418 1.06698717349646e-08
54515.076 1.06377798738099e-08
55578.735 9.88080839878261e-09
56642.394 8.65566453836586e-09
57706.053 8.86945808237344e-09
58769.712 8.58069183279036e-09
59833.371 7.26392296673632e-09
60897.029 7.91920680086207e-09
61960.688 8.67352209914089e-09
63024.347 9.68655041432553e-09
64088.006 9.69137570184055e-09
65151.665 8.25281687574478e-09
66215.324 8.30815788324578e-09
67278.982 8.98017463681162e-09
68342.641 1.0046149269692e-08
69406.3 1.00673426539561e-08
70469.959 9.74988067646769e-09
71533.618 8.94515226359519e-09
72597.276 7.71246534056224e-09
73660.935 6.7516989306123e-09
74724.594 8.40665513818022e-09
75788.253 8.53456635397336e-09
76851.912 7.09930335048048e-09
77915.571 7.36518695231646e-09
78979.229 7.90980398841142e-09
80042.888 7.5416183237997e-09
81106.547 6.34932252853744e-09
82170.206 6.53883474053559e-09
83233.865 8.28481492639884e-09
84297.524 8.34716260190315e-09
85361.182 7.12578295291993e-09
86424.841 7.28478044632002e-09
87488.5 7.40585785121687e-09
87489.5 6.88891804907693e-09
90289.039 6.2726774480537e-09
93088.578 6.49190695304423e-09
95888.118 6.36841943688175e-09
98687.657 6.87758062680293e-09
101487.196 7.035614570045e-09
104286.735 7.37005439519856e-09
107086.275 7.20783987080515e-09
109885.814 6.43422904279943e-09
112685.353 6.42359167571521e-09
115484.892 6.23282950070853e-09
118284.431 6.13634302085745e-09
121083.971 5.98466289457395e-09
123883.51 6.08805367198199e-09
126683.049 5.5770431571742e-09
129482.588 5.26304641200149e-09
132282.127 5.08475100395977e-09
135081.667 4.59217777728527e-09
137881.206 4.9871850096892e-09
140680.745 6.26756050414465e-09
143480.284 6.63491151759609e-09
146279.824 7.27114515204608e-09
149079.363 6.85349083348854e-09
151878.902 5.29805730394931e-09
154678.441 4.67835938634988e-09
157477.98 4.98315001929286e-09
160277.52 5.11593224132235e-09
163077.059 5.00669904787877e-09
165876.598 5.83028938260911e-09
168676.137 6.92077792666008e-09
171475.676 6.85667449749559e-09
174275.216 6.52679120127289e-09
177074.755 6.48305673716621e-09
179874.294 5.8753597655603e-09
182673.833 5.28940815815031e-09
185473.373 5.52123651922092e-09
188272.912 5.97838682686194e-09
191072.451 5.57832062483017e-09
193871.99 4.64404986576529e-09
196671.529 3.57110562071208e-09
199471.069 3.46397520156465e-09
202270.608 3.99607992258279e-09
205070.147 3.09594549085003e-09
207869.686 2.86826743584637e-09
210669.225 3.84626493311795e-09
213468.765 4.06334853654464e-09
216268.304 3.68316047657257e-09
219067.843 4.30313962241118e-09
221867.382 4.36484057862675e-09
224666.922 4.15868332227674e-09
227466.461 4.23728373220376e-09
230266 5.06879416609563e-09
230267 5.48129304040686e-09
237635.294 5.95048721483297e-09
245003.588 9.37230743684162e-09
252371.882 5.21779632826126e-09
259740.176 5.23862744960867e-09
267108.471 4.34961630049001e-09
274476.765 5.99639570375522e-09
281845.059 4.34606057268354e-09
289213.353 4.72821127497925e-09
296581.647 4.73298503446316e-09
303949.941 4.9238904196136e-09
311318.235 3.50823511013904e-09
318686.529 3.97412349858607e-09
326054.824 4.57291021704425e-09
333423.118 4.09679986000899e-09
340791.412 5.41954827601468e-09
348159.706 4.96462437789369e-09
355528 4.21428215354002e-09
362896.294 3.8968850762968e-09
370264.588 4.72882158581654e-09
377632.882 3.8668741363351e-09
385001.176 4.00404143109973e-09
392369.471 3.89614694165401e-09
399737.765 3.22581945470345e-09
407106.059 3.68915568760098e-09
414474.353 2.7136773606065e-09
421842.647 4.3758929061958e-09
429210.941 3.63593854648898e-09
436579.235 3.6205187326873e-09
443947.529 2.89867665754868e-09
451315.824 4.58808021817014e-09
458684.118 4.7399039052873e-09
466052.412 4.24366807934348e-09
473420.706 4.55864752722479e-09
480789 3.71612052543931e-09
488157.294 4.20800042935872e-09
495525.588 2.64884236770532e-09
502893.882 3.64174119704661e-09
510262.176 3.35839050607388e-09
517630.471 3.81325672536779e-09
524998.765 3.06761171456355e-09
532367.059 3.2936441016951e-09
539735.353 3.85179832221035e-09
547103.647 3.92771161120573e-09
554471.941 3.79990424601795e-09
561840.235 3.38268318755222e-09
569208.529 3.87135096426213e-09
576576.824 3.27167744540601e-09
583945.118 3.33409318960604e-09
591313.412 3.61405274557147e-09
598681.706 3.43564069947758e-09
606050 2.97758696167503e-09
606051 2.56739612201732e-09
625444.118 3.082278791724e-09
644837.235 2.62011175336666e-09
664230.353 4.49983737445295e-09
683623.471 3.59173946268989e-09
703016.588 3.09163944879671e-09
722409.706 2.4911078873405e-09
741802.824 2.26037841367444e-09
761195.941 3.79248139688882e-09
780589.059 3.7964360264437e-09
799982.176 3.83134422086074e-09
819375.294 2.71417157159549e-09
838768.412 2.53581071364323e-09
858161.529 2.11508547685165e-09
877554.647 3.55896660610511e-09
896947.765 2.06054441206349e-09
916340.882 2.51472003510252e-09
935734 2.84793397977458e-09
955127.118 3.22180781343875e-09
974520.235 2.4697214443044e-09
993913.353 2.71452664462148e-09
1013306.471 2.10779640181807e-09
1032699.588 2.33109427832447e-09
1052092.706 3.1898827437745e-09
1071485.824 3.09096602180252e-09
1090878.941 3.12954935661074e-09
1110272.059 3.15187773154487e-09
1129665.176 2.9019408193167e-09
1149058.294 2.26888124529745e-09
1168451.412 3.13490538107522e-09
1187844.529 2.36405459481155e-09
1207237.647 2.37317828966093e-09
1226630.765 2.29025886699381e-09
1246023.882 2.84255649252506e-09
1265417 2.43032851756151e-09
1284810.118 1.58181978918788e-09
1304203.235 2.45177304521327e-09
1323596.353 3.1440935998154e-09
1342989.471 2.88375447121193e-09
1362382.588 2.89492362715424e-09
1381775.706 2.59176946665813e-09
1401168.824 2.57269772373128e-09
1420561.941 2.08955200436645e-09
1439955.059 2.53939861300554e-09
1459348.176 2.01155863089009e-09
1478741.294 3.06421901195851e-09
1498134.412 1.91672984436734e-09
1517527.529 2.37116486226505e-09
1536920.647 2.99711556478149e-09
1556313.765 2.06196518187197e-09
1575706.882 2.97881488232496e-09
1595100 2.98906157483943e-09
1595100 2.42272921540952e-09
1646141.765 2.84625517545031e-09
1697183.529 2.02318222279344e-09
1748225.294 2.91627226792602e-09
1799267.059 2.20793769384519e-09
1850308.824 2.57305053744332e-09
1901350.588 2.43763611210537e-09
1952392.353 3.22317350489677e-09
2003434.118 3.74189254491842e-09
2054475.882 1.97356526488908e-09
2105517.647 2.58592048387197e-09
2156559.412 1.98554131712168e-09
2207601.176 1.86480536096761e-09
2258642.941 1.97688734913099e-09
2309684.706 2.42480054634853e-09
2360726.471 2.4176483046687e-09
2411768.235 2.78665434547169e-09
2462810 2.15910505599277e-09
2513851.765 2.22221793070963e-09
2564893.529 1.82699955594402e-09
2615935.294 2.44242926895514e-09
2666977.059 2.33597724904369e-09
2718018.824 2.24410911666417e-09
2769060.588 1.82084088717087e-09
2820102.353 1.95260564393568e-09
2871144.118 1.74804535862667e-09
2922185.882 2.0180896224669e-09
2973227.647 1.9672986002573e-09
3024269.412 1.94571866791024e-09
3075311.176 2.106448744672e-09
3126352.941 2.35818941145846e-09
3177394.706 2.31239552593321e-09
3228436.471 2.50484582622681e-09
3279478.235 2.46159825866965e-09
3330520 1.62227946817576e-09
3381561.765 1.7124451577968e-09
3432603.529 2.38406545181528e-09
3483645.294 1.72514269895767e-09
3534687.059 1.58176262449086e-09
3585728.824 1.8502692042618e-09
3636770.588 2.54918967070781e-09
3687812.353 2.56021066815714e-09
3738854.118 2.24724342502065e-09
3789895.882 2.6487264752164e-09
3840937.647 2.20081064946812e-09
3891979.412 2.39790541358555e-09
3943021.176 1.76211540573427e-09
3994062.941 1.85546175419997e-09
4045104.706 2.41864732120948e-09
4096146.471 2.40020014052812e-09
4147188.235 2.19029255536702e-09
4198230 2.09203764478962e-09
4198230 1.89006805756144e-09
4332570.588 1.70304726442764e-09
4466911.176 1.87691855730725e-09
4601251.765 1.68787612889164e-09
4735592.353 1.6852975188111e-09
4869932.941 2.09800252776786e-09
5004273.529 9.75598404503462e-10
5138614.118 1.73920872367788e-09
5272954.706 1.44685310162507e-09
5407295.294 2.37339580441413e-09
5541635.882 1.53889984619666e-09
5675976.471 1.63914700001611e-09
5810317.059 2.40456793501902e-09
5944657.647 1.95676874633222e-09
6078998.235 1.74804615979549e-09
6213338.824 1.66634790727055e-09
6347679.412 1.50985005354167e-09
6482020 1.36242498087036e-09
6616360.588 1.41245281268004e-09
6750701.176 1.92841126073787e-09
6885041.765 1.33419543646949e-09
7019382.353 1.57425197223697e-09
7153722.941 1.86425603145711e-09
7288063.529 1.34531883231726e-09
7422404.118 1.18045212407799e-09
7556744.706 2.22161544347916e-09
7691085.294 2.06792901635981e-09
7825425.882 1.91199418120414e-09
7959766.471 2.10711479097847e-09
8094107.059 2.25722814792607e-09
8228447.647 2.08497330706714e-09
8362788.235 1.84970931065774e-09
8497128.824 1.46203828510524e-09
8631469.412 1.75487497043291e-09
8765810 1.37578431167707e-09
8900150.588 1.69308057583552e-09
9034491.176 1.49228513861269e-09
9168831.765 1.56156176993642e-09
9303172.353 1.79624785856355e-09
9437512.941 1.45334092866943e-09
9571853.529 1.57485534327613e-09
9706194.118 1.28016063162769e-09
9840534.706 1.8432196164759e-09
9974875.294 1.22937383636757e-09
10109215.882 1.73395584442117e-09
10243556.471 1.72187296438285e-09
10377897.059 1.73717662686275e-09
10512237.647 1.65303856930822e-09
10646578.235 1.69963467219025e-09
10780918.824 1.4618949317456e-09
10915259.412 1.78543595637855e-09
11049600 1.37153468119318e-09
11049600 1.71618301517194e-09
11403174.51 1.5908883768717e-09
11756749.02 1.78880919547119e-09
12110323.529 1.93580977147093e-09
12463898.039 1.97249276641648e-09
12817472.549 1.5752936095335e-09
13171047.059 1.51586071796454e-09
13524621.569 1.58102304197625e-09
13878196.078 1.71489577546159e-09
14231770.588 1.779107782282e-09
14585345.098 1.51513100692662e-09
14938919.608 1.62425450814588e-09
15292494.118 1.78663923763025e-09
15646068.627 1.95700318522185e-09
15999643.137 1.33388688455268e-09
16353217.647 1.78586979893956e-09
16706792.157 1.45737538373587e-09
17060366.667 2.12897970069183e-09
17413941.176 1.7657236442245e-09
17767515.686 1.61228221301524e-09
18121090.196 1.54568493531982e-09
18474664.706 1.94478402767169e-09
18828239.216 1.63914248319775e-09
19181813.725 1.72125601616249e-09
19535388.235 1.84053130434189e-09
19888962.745 1.34094960036e-09
20242537.255 1.75931338922874e-09
20596111.765 2.07461194022278e-09
20949686.275 2.07902917782799e-09
21303260.784 1.60012199216293e-09
21656835.294 1.60588858183852e-09
22010409.804 1.76929787004572e-09
22363984.314 1.47648017498621e-09
22717558.824 1.91704873664975e-09
23071133.333 1.59818375627535e-09
23424707.843 1.41126039988189e-09
23778282.353 1.25955924703771e-09
24131856.863 1.55966908817324e-09
24485431.373 1.82913308980231e-09
24839005.882 1.57666158334084e-09
25192580.392 1.75464226249299e-09
25546154.902 1.8797014120826e-09
25899729.412 1.48455975029582e-09
26253303.922 9.96734539204985e-10
26606878.431 1.2649797303554e-09
26960452.941 1.45959460615891e-09
27314027.451 1.65146933403798e-09
27667601.961 1.74527918934783e-09
28021176.471 1.62640632897054e-09
28374750.98 1.43646728405314e-09
28728325.49 1.71817463348344e-09
29081900 1.58027935233356e-09
29081900 1.44962301992649e-09
30012498.039 1.40148479065242e-09
30943096.078 1.75195720581258e-09
31873694.118 1.65456719124824e-09
32804292.157 1.55439603382463e-09
33734890.196 1.51196561115281e-09
34665488.235 1.46724184580604e-09
35596086.275 1.2486621766825e-09
36526684.314 1.71821569769338e-09
37457282.353 1.71155935114628e-09
38387880.392 1.67623091950971e-09
39318478.431 1.56905396820037e-09
40249076.471 1.69766383409074e-09
41179674.51 1.31984583356364e-09
42110272.549 1.62881684475495e-09
43040870.588 1.6103086446015e-09
43971468.627 1.78588689933142e-09
44902066.667 1.20720298717459e-09
45832664.706 1.9684230786268e-09
46763262.745 1.39360674764171e-09
47693860.784 7.56755438770437e-10
48624458.824 1.08090253548078e-09
49555056.863 1.97858673404986e-09
50485654.902 1.15084814856035e-09
51416252.941 1.59130119687379e-09
52346850.98 1.52583940711904e-09
53277449.02 1.21493220332847e-09
54208047.059 1.73953315654579e-09
55138645.098 1.44314473580827e-09
56069243.137 1.00063233462583e-09
56999841.176 1.31155251784221e-09
57930439.216 1.08718925999288e-09
58861037.255 1.83596808630579e-09
59791635.294 1.43368568925927e-09
60722233.333 1.55644433364486e-09
61652831.373 1.45645597498517e-09
62583429.412 1.60796587179175e-09
63514027.451 1.31496668036081e-09
64444625.49 1.09594785652697e-09
65375223.529 1.08693901303317e-09
66305821.569 8.1908304677895e-10
67236419.608 1.36834466346683e-09
68167017.647 2.27967424013229e-09
69097615.686 1.4479673609748e-09
70028213.725 1.29294328712386e-09
70958811.765 1.23442854426419e-09
71889409.804 1.42339302015349e-09
72820007.843 1.22950627268236e-09
73750605.882 1.24161401224464e-09
74681203.922 1.00311530251038e-09
75611801.961 1.83184681236927e-09
76542400 1.82241482611373e-09
76542400 1.09148778162183e-09
78991686.275 1.6835722216171e-09
81440972.549 1.20367570806883e-09
83890258.824 1.10282934365246e-09
86339545.098 8.64088831763389e-10
88788831.373 5.19264639175736e-10
91238117.647 1.01186800550513e-09
93687403.922 1.47214150968926e-09
96136690.196 1.23350578734834e-09
98585976.471 1.39529957639889e-09
101035262.745 1.7861357245465e-09
103484549.02 -0
105933835.294 1.55161048657836e-09
108383121.569 1.47978496498906e-09
110832407.843 1.37698433643545e-09
113281694.118 1.47062277645966e-09
115730980.392 7.33582449450258e-10
118180266.667 1.42317846053548e-09
120629552.941 1.62664068299592e-09
123078839.216 1.72856013334786e-09
125528125.49 1.08752422976592e-09
127977411.765 1.74413541970589e-09
130426698.039 1.81203137198718e-09
132875984.314 1.27062410106936e-09
135325270.588 1.84011693197411e-09
137774556.863 1.6586586617677e-09
140223843.137 2.08868211781181e-09
142673129.412 2.433047420819e-09
145122415.686 2.01196263453083e-09
147571701.961 1.45717380187817e-09
150020988.235 1.18859953565005e-09
152470274.51 6.27240773171436e-10
154919560.784 1.6995304532586e-09
157368847.059 2.2145676577798e-09
159818133.333 1.66164858806577e-09
162267419.608 1.77031093163183e-09
164716705.882 1.64051098225815e-09
167165992.157 -0
169615278.431 -0
172064564.706 1.63612456773901e-09
174513850.98 1.4975054973914e-09
176963137.255 1.82492662681747e-09
179412423.529 2.57466381691937e-09
181861709.804 1.998551380139e-09
184310996.078 1.49692472936096e-09
186760282.353 7.18389120073305e-10
189209568.627 1.1865609226276e-09
191658854.902 1.63310476610062e-09
194108141.176 1.48817410397493e-09
196557427.451 1.45295601577756e-09
199006713.725 -0
201456000 -0
