101 1.05031588557348e-06
104.18 1.37103129177419e-06
107.361 6.73652893285554e-07
110.541 1.02827928351445e-06
113.721 1.00233871097549e-06
116.902 1.70745133216148e-07
120.082 7.08176196292985e-07
123.262 1.04701838363041e-06
126.443 1.27554298751747e-06
129.623 1.48046605770389e-06
132.803 1.62705337432172e-06
135.983 1.39126010988163e-06
139.164 1.27475547685576e-06
142.344 1.0848294593348e-06
145.524 4.5374326493624e-07
148.705 -0
151.885 -0
155.065 8.29288652031365e-07
158.246 8.24438621147748e-07
161.426 5.89913107775306e-07
164.606 7.97853465886337e-07
167.787 9.15066190583561e-07
170.967 9.35564166526786e-07
174.147 8.37418157254546e-07
177.328 9.72095679472571e-07
180.508 9.42397106963811e-07
183.688 8.42807862411089e-07
186.868 9.64150474600096e-07
190.049 9.82822005797591e-07
193.229 8.24752627165813e-07
196.409 1.0295519127024e-06
199.59 1.28711169678433e-06
202.77 1.45788094168149e-06
205.95 1.35235162761687e-06
209.131 8.86481686685495e-07
212.311 6.85438027393557e-07
215.491 7.47439135624092e-07
218.672 6.52661123343769e-07
221.852 5.25654304927288e-07
225.032 5.05317749577828e-07
228.213 7.20627940794305e-07
231.393 7.00641884500463e-07
234.573 7.4434146049226e-07
237.753 7.25798217799321e-07
240.934 8.09447126864998e-07
244.114 9.27180183696109e-07
247.294 1.16359498033465e-06
250.475 1.1535544255863e-06
253.655 1.09087048300161e-06
256.835 1.19632179407428e-06
260.016 9.64086410827079e-07
263.196 7.8405068022969e-07
264.196 1.05999943166201e-06
272.598 9.76728718547786e-07
281.001 8.8114754673664e-07
289.403 8.3721373703159e-07
297.806 8.77344862198959e-07
306.208 9.36633752376408e-07
314.611 9.25472476674223e-07
323.013 8.83841627113336e-07
331.415 8.00723626098812e-07
339.818 6.97824615978721e-07
348.22 6.27043988795244e-07
356.623 5.06909018516893e-07
365.025 4.37746209164911e-07
373.428 4.23065546866263e-07
381.83 6.2951736785065e-07
390.232 7.30471870093298e-07
398.635 8.29704307133722e-07
407.037 8.52848859392636e-07
415.44 9.02739512162529e-07
423.842 8.39610461113265e-07
432.245 7.43159463114344e-07
440.647 5.05238534075134e-07
449.049 4.10708060625647e-07
457.452 3.52725768229144e-07
465.854 4.58526081812758e-07
474.257 5.22796932769876e-07
482.659 5.70787361145952e-07
491.062 6.38015661652337e-07
499.464 7.1974133411625e-07
507.867 8.47002326312177e-07
516.269 9.10650419443158e-07
524.671 9.27254826450146e-07
533.074 7.9783817039488e-07
541.476 7.4750304637523e-07
549.879 7.01901055699163e-07
558.281 6.96967784398942e-07
566.684 6.8562931831082e-07
575.086 5.25852486528941e-07
583.488 5.07403387040873e-07
591.891 5.34723513086604e-07
600.293 5.32818956231786e-07
608.696 5.75834171661747e-07
617.098 5.77028992353729e-07
625.501 4.78542880356567e-07
633.903 3.85822567929664e-07
642.305 3.10699559139806e-07
650.708 3.21006809556978e-07
659.11 3.46191632440474e-07
667.513 3.55173987745724e-07
675.915 3.71816205193413e-07
684.318 4.18904400053389e-07
692.72 4.73908577560979e-07
693.72 5.8239582868774e-07
715.867 4.27995357061172e-07
738.014 2.77307320193247e-07
760.161 -0
782.307 3.09917386781139e-07
804.454 2.81333836984196e-07
826.601 3.06588156979816e-07
848.748 4.28675473365564e-07
870.895 5.00037672090284e-07
893.042 4.53216384598439e-07
915.189 4.61982261593397e-07
937.335 4.58803589750473e-07
959.482 3.53728201031809e-07
981.629 2.64095857482998e-07
1003.776 4.40668884737997e-07
1025.923 4.75236081342053e-07
1048.07 4.44386565313399e-07
1070.217 2.92661934972333e-07
1092.364 3.32305783810514e-07
1114.51 2.56941774933155e-07
1136.657 2.17822370156235e-07
1158.804 2.2536248671507e-07
1180.951 3.74757689792378e-07
1203.098 3.42793227380472e-07
1225.245 2.40708355151374e-07
1247.392 3.01530305629136e-07
1269.538 2.94061976890842e-07
1291.685 2.23287349073184e-07
1313.832 2.52754726880171e-07
1335.979 2.68387302233712e-07
1358.126 1.84926311814815e-07
1380.273 2.18548651990169e-07
1402.42 2.7710967610863e-07
1424.566 3.40609984616423e-07
1446.713 3.31137056698099e-07
1468.86 3.48291232363033e-07
1491.007 2.95756458254101e-07
1513.154 2.57547604755315e-07
1535.301 2.39624796066789e-07
1557.448 2.35077658961884e-07
1579.595 2.61016707022367e-07
1601.741 3.57680161492009e-07
1623.888 2.96448863978124e-07
1646.035 2.13045796938992e-07
1668.182 3.22261465026754e-07
1690.329 3.13813412192484e-07
1712.476 2.74869956449282e-07
1734.623 2.86837193373523e-07
1756.769 2.87424385503805e-07
1778.916 3.19222964907978e-07
1801.063 2.63588504654793e-07
1823.21 2.46950323233095e-07
1824.21 1.53168588655344e-07
1882.531 1.85462288414222e-07
1940.853 2.39411495554056e-07
1999.174 2.85754736380694e-07
2057.495 2.58320779890217e-07
2115.817 2.12136141671333e-07
2174.138 1.91245147620325e-07
2232.46 1.59176277221481e-07
2290.781 2.16303017058847e-07
2349.102 3.09965997080638e-07
2407.424 2.76604791257358e-07
2465.745 2.29502004103546e-07
2524.066 2.29528231973433e-07
2582.388 2.75075037377384e-07
2640.709 2.27532277222989e-07
2699.031 1.78129680023996e-07
2757.352 2.09256966438175e-07
2815.673 2.56785374146049e-07
2873.995 2.87949482635833e-07
2932.316 2.22480111062868e-07
2990.637 2.31593329015405e-07
3048.959 2.80070515128609e-07
3107.28 2.76107511085594e-07
3165.602 2.25396822841674e-07
3223.923 2.27865301705581e-07
3282.244 2.06855594848236e-07
3340.566 2.21063098409279e-07
3398.887 2.11976774800702e-07
3457.208 1.43625338088177e-07
3515.53 1.70451344428183e-07
3573.851 1.74885155586911e-07
3632.173 2.39111399773042e-07
3690.494 2.07054513806257e-07
3748.815 1.80534309992878e-07
3807.137 1.8420335717157e-07
3865.458 1.58772483451598e-07
3923.779 1.7845474381458e-07
3982.101 2.01520770837468e-07
4040.422 1.8286154788922e-07
4098.744 1.96519434708574e-07
4157.065 2.22106198581574e-07
4215.386 1.81343334085788e-07
4273.708 2.05979961062812e-07
4332.029 1.75618400827704e-07
4390.35 1.74123149630605e-07
4448.672 1.83044271288119e-07
4506.993 2.20955362823597e-07
4565.315 2.13828730006049e-07
4623.636 2.10763700283046e-07
4681.957 2.04771637647283e-07
4740.279 1.40959399117809e-07
4798.6 1.53429373868884e-07
4799.6 1.57318239595561e-07
4953.131 1.5101602777741e-07
5106.663 1.47049574600993e-07
5260.194 1.39381849755064e-07
5413.725 1.45104355695141e-07
5567.257 1.60954510941317e-07
5720.788 1.28975552788205e-07
5874.32 1.63130568192212e-07
6027.851 1.81525659306964e-07
6181.382 1.98283700977402e-07
6334.914 1.59977673143267e-07
6488.445 1.33480687498222e-07
6641.976 1.73159054422856e-07
6795.508 1.74256716163739e-07
6949.039 1.13925754878199e-07
7102.571 1.04463634453994e-07
7256.102 1.41224137745969e-07
7409.633 1.66181403867918e-07
7563.165 1.5793436964248e-07
7716.696 1.17678240068553e-07
7870.227 1.1242169480889e-07
8023.759 1.07192754550714e-07
8177.29 9.80058177056424e-08
8330.822 1.19849538614072e-07
8484.353 1.55111523739508e-07
8637.884 1.40865208421672e-07
8791.416 1.45214841032794e-07
8944.947 1.26839682307461e-07
9098.478 1.47016968595907e-07
9252.01 1.08669072774976e-07
9405.541 1.18990451742793e-07
9559.073 1.45523629479379e-07
9712.604 1.50918362521602e-07
9866.135 1.46796724711717e-07
10019.667 1.15538356511247e-07
10173.198 1.4101224024798e-07
10326.729 1.66292059573249e-07
10480.261 1.50914474495792e-07
10633.792 1.21870327902944e-07
10787.324 1.37445102352589e-07
10940.855 1.16761244731188e-07
11094.386 1.27342228193776e-07
11247.918 1.30272609863864e-07
11401.449 1.37330080352086e-07
11554.98 1.26067134393728e-07
11708.512 1.40971049235491e-07
11862.043 1.28796165832646e-07
12015.575 1.24699206312061e-07
12169.106 1.18206993497811e-07
12322.637 1.19934066838524e-07
12476.169 9.42822310394658e-08
12629.7 6.43583585801619e-08
12630.7 1.02300292493794e-07
13034.822 1.03032037691135e-07
13438.943 1.1007368618423e-07
13843.065 1.12977314874623e-07
14247.186 9.36047967459189e-08
14651.308 7.83001831019143e-08
15055.429 8.85277130233098e-08
15459.551 1.05933283456018e-07
15863.673 1.13060512734192e-07
16267.794 9.40896883402677e-08
16671.916 1.08601896173467e-07
17076.037 1.02949809597213e-07
17480.159 8.64216816769959e-08
17884.28 7.19319107329946e-08
18288.402 9.54494660334331e-08
18692.524 9.61063194110434e-08
19096.645 7.8987635132023e-08
19500.767 6.1666056593725e-08
19904.888 7.85289928356145e-08
20309.01 8.23790226423888e-08
20713.131 8.19261450704963e-08
21117.253 7.05243326231167e-08
21521.375 6.17166503272083e-08
21925.496 7.53485945944369e-08
22329.618 8.86435868842541e-08
22733.739 9.25530799992955e-08
23137.861 1.0032919413275e-07
23541.982 1.07450808791482e-07
23946.104 1.12651908346785e-07
24350.225 1.01720211422037e-07
24754.347 8.83209112111056e-08
25158.469 6.67675944893868e-08
25562.59 6.86149408976609e-08
25966.712 6.87456569937003e-08
26370.833 7.98566474785863e-08
26774.955 8.4882803164872e-08
27179.076 9.6269083707037e-08
27583.198 8.10627721379722e-08
27987.32 7.31974494249321e-08
28391.441 8.8366597791725e-08
28795.563 8.78299766161372e-08
29199.684 8.39007385141555e-08
29603.806 7.99810708462777e-08
30007.927 6.41141066929166e-08
30412.049 5.40739850199114e-08
30816.171 5.40389916654114e-08
31220.292 5.48531140065092e-08
31624.414 6.17562346703715e-08
32028.535 6.7704504851588e-08
32432.657 7.7190399635419e-08
32836.778 7.33040385184152e-08
33240.9 6.3506399512235e-08
33241.9 7.54969278528815e-08
34305.559 7.96608258967072e-08
35369.218 7.80380486670413e-08
36432.876 8.19694992343341e-08
37496.535 7.06058273486481e-08
38560.194 5.41421280447712e-08
39623.853 3.7342672240919e-08
40687.512 5.29855163104985e-08
41751.171 6.87123690135626e-08
42814.829 7.43973502879854e-08
43878.488 6.49604555849164e-08
44942.147 5.15174606954603e-08
46005.806 5.65692017005791e-08
47069.465 6.25606870779022e-08
48133.124 5.88748956974048e-08
49196.782 5.90684465330899e-08
50260.441 5.30557419813539e-08
51324.1 4.21428278243309e-08
52387.759 4.4735500013515e-08
53451.418 4.23519274436654e-08
54515.076 4.84936862471394e-08
55578.735 5.39328423753838e-08
56642.394 5.61961533072407e-08
57706.053 5.31712187949806e-08
58769.712 4.42943361360942e-08
59833.371 4.85327321130637e-08
60897.029 5.15951999901997e-08
61960.688 5.02009682935847e-08
63024.347 4.75356383090414e-08
64088.006 4.86261462057842e-08
65151.665 4.98346302141874e-08
66215.324 5.82517288785277e-08
67278.982 6.20164619778459e-08
68342.641 6.86876129836756e-08
69406.3 6.85179307075717e-08
70469.959 6.53013211549353e-08
71533.618 5.51336393671958e-08
72597.276 5.09809099971234e-08
73660.935 4.25237926021175e-08
74724.594 2.81940669246226e-08
75788.253 3.23579590358925e-08
76851.912 4.85650426563233e-08
77915.571 5.6968761355255e-08
78979.229 5.83184225734544e-08
80042.888 4.93557950123742e-08
81106.547 5.07624983830544e-08
82170.206 5.71896661185559e-08
83233.865 5.44702284545457e-08
84297.524 5.06304080113443e-08
85361.182 5.54540578178009e-08
86424.841 5.48574636103794e-08
87488.5 5.61355210542487e-08
87489.5 3.73137416719565e-08
90289.039 4.10865059386656e-08
93088.578 4.79239706061174e-08
95888.118 4.40005295462623e-08
98687.657 2.60307125322474e-08
101487.196 1.5244256091079e-08
104286.735 2.38203412209061e-08
107086.275 3.70628304626832e-08
109885.814 4.05052526807931e-08
112685.353 3.85776186281307e-08
115484.892 3.21475371060413e-08
118284.431 2.5335921270015e-08
121083.971 3.1523959260867e-08
123883.51 3.87452836310705e-08
126683.049 3.97913173528598e-08
129482.588 3.93457330718593e-08
132282.127 3.90647536812457e-08
135081.667 3.72920292590722e-08
137881.206 3.45663790559483e-08
140680.745 3.28286145310292e-08
143480.284 3.35429628281328e-08
146279.824 3.27594071195069e-08
149079.363 3.90468801418974e-08
151878.902 3.93753494959004e-08
154678.441 4.04437997330135e-08
157477.98 4.00892939603668e-08
160277.52 3.92716789480091e-08
163077.059 3.6223288408205e-08
165876.598 3.62402938387205e-08
168676.137 3.09038425324473e-08
171475.676 2.92853205342199e-08
174275.216 2.20003685647673e-08
177074.755 2.09215246294146e-08
179874.294 2.38268865164713e-08
182673.833 2.20367265362826e-08
185473.373 2.19239048930043e-08
188272.912 2.34637066984375e-08
191072.451 2.25944724135794e-08
193871.99 3.01751358699957e-08
196671.529 3.9674689221694e-08
199471.069 4.1946917202077e-08
202270.608 4.45524115826742e-08
205070.147 3.92834555196676e-08
207869.686 3.08890173063243e-08
210669.225 3.14981632251787e-08
213468.765 3.32143468344268e-08
216268.304 3.38010345445269e-08
219067.843 2.81089032927736e-08
221867.382 2.46969502874565e-08
224666.922 2.72886626717397e-08
227466.461 3.11249917697772e-08
230266 3.84292922471713e-08
230267 7.89325553927472e-08
237635.294 2.98771647194458e-07
245003.588 -0
252371.882 4.26506335574596e-08
259740.176 3.1919143459114e-08
267108.471 2.13616991790073e-08
274476.765 3.38827841021912e-08
281845.059 2.03469645805363e-08
289213.353 3.666149122661e-08
296581.647 2.87424765841759e-08
303949.941 3.13473980173012e-08
311318.235 3.90598727668089e-08
318686.529 3.83953287298169e-08
326054.824 3.41123343560727e-08
333423.118 2.30829841794405e-08
340791.412 3.15373759588016e-08
348159.706 3.43204275023025e-08
355528 3.35975526624321e-08
362896.294 2.05050846026053e-08
370264.588 3.30326520988673e-08
377632.882 2.63310590108089e-08
385001.176 1.82606560240316e-08
392369.471 2.57859766818032e-08
399737.765 4.27071795085838e-08
407106.059 3.68866700555201e-08
414474.353 3.37857355431179e-08
421842.647 1.74036008826938e-08
429210.941 3.37830614020932e-08
436579.235 3.37237649100705e-08
443947.529 2.66018529466784e-08
451315.824 2.5494366304123e-08
458684.118 2.97579772310955e-08
466052.412 1.58565176759338e-08
473420.706 1.81442515325157e-08
480789 9.37444599839372e-09
488157.294 2.67830577335746e-09
495525.588 2.31508074064491e-08
502893.882 2.34647876996171e-08
510262.176 2.09293432601575e-08
517630.471 2.0935464248884e-08
524998.765 3.2411485332334e-08
532367.059 2.05813415003784e-08
539735.353 1.74103216962582e-08
547103.647 2.85707986232814e-08
554471.941 2.65305230486415e-08
561840.235 2.78741643607033e-08
569208.529 2.23359558714755e-08
576576.824 2.55518706624466e-08
583945.118 2.95509525299135e-08
591313.412 2.89987547016781e-08
598681.706 2.74425312471007e-08
606050 2.03348336366812e-08
606051 2.17830073238545e-08
625444.118 1.64926673136882e-08
644837.235 1.81087649917519e-08
664230.353 3.26190059383191e-08
683623.471 2.09007488925708e-08
703016.588 2.33484559998665e-08
722409.706 -0
741802.824 2.56919103204588e-08
761195.941 2.60340858758052e-08
780589.059 2.7585001920531e-08
799982.176 1.13688190921837e-08
819375.294 1.13919936631654e-08
838768.412 3.36216255281567e-08
858161.529 2.32311301964304e-08
877554.647 3.02520957936554e-08
896947.765 2.94743100580913e-08
916340.882 2.18344039936999e-08
935734 1.72427675948178e-08
955127.118 1.93198778575849e-08
974520.235 2.08885117156393e-08
993913.353 4.4822030069178e-08
1013306.471 3.32276484777136e-08
1032699.588 -0
1052092.706 1.57236257502174e-08
1071485.824 5.81181244703406e-09
1090878.941 2.51361888665108e-08
1110272.059 3.23284971037009e-08
1129665.176 3.66963422384466e-08
1149058.294 2.74733869612321e-08
1168451.412 1.92350581271048e-08
1187844.529 1.51012503339293e-08
1207237.647 2.90712818223741e-08
1226630.765 -0
1246023.882 2.78337626359786e-08
1265417 1.59456591843204e-08
1284810.118 2.1635326640393e-08
1304203.235 2.32738327061208e-08
1323596.353 2.97833534559341e-08
1342989.471 -0
1362382.588 2.83127694692413e-08
1381775.706 1.54822496123787e-08
1401168.824 1.72114831733352e-08
1420561.941 3.03359202789746e-08
1439955.059 2.90443011534741e-08
1459348.176 3.16502459032785e-08
1478741.294 1.65370752936394e-08
1498134.412 2.19338837745097e-08
1517527.529 2.91028372006579e-08
1536920.647 2.48951263867549e-08
1556313.765 2.22922148991436e-08
1575706.882 1.89846694533774e-08
1595100 2.5693101113692e-08
1595100 2.63589059751443e-08
1646141.765 2.72315118219775e-08
1697183.529 1.40165324281828e-08
1748225.294 2.56613286397977e-08
1799267.059 2.3318603410153e-08
1850308.824 -0
1901350.588 2.0000313751389e-08
1952392.353 1.79523928889912e-08
2003434.118 2.24824136794229e-08
2054475.882 1.45888254826597e-08
2105517.647 1.87175933759685e-08
2156559.412 1.63341217171662e-08
2207601.176 1.82296690587103e-08
2258642.941 1.3712562027692e-08
2309684.706 2.78469614517468e-08
2360726.471 1.26688703473317e-08
2411768.235 1.55715940878415e-08
2462810 2.43748237714245e-08
2513851.765 2.72247961035671e-08
2564893.529 2.08677287329958e-08
2615935.294 2.36345759920059e-08
2666977.059 1.81648250737077e-08
2718018.824 1.75613000003644e-08
2769060.588 1.20769655072663e-08
2820102.353 2.74170656381751e-08
2871144.118 2.69178678530377e-08
2922185.882 1.97858452281802e-08
2973227.647 1.73455233485531e-08
3024269.412 2.06030857593128e-08
3075311.176 1.588395819856e-08
3126352.941 2.28728142936107e-08
3177394.706 1.5968001473619e-08
3228436.471 2.17086595998187e-08
3279478.235 2.56218547769282e-08
3330520 1.6227454133437e-08
3381561.765 2.1989403038391e-08
3432603.529 1.9524644962772e-08
3483645.294 2.49635030601937e-08
3534687.059 3.00438913139743e-08
3585728.824 2.22629862764612e-08
3636770.588 2.11624917431549e-08
3687812.353 1.15444421035925e-08
3738854.118 1.68357490650223e-08
3789895.882 1.52499287811353e-08
3840937.647 2.13257380403868e-08
3891979.412 2.03198581524183e-08
3943021.176 1.75485297128705e-08
3994062.941 2.77329191038863e-08
4045104.706 1.17819674927408e-09
4096146.471 1.82103848377375e-08
4147188.235 2.85926173017075e-08
4198230 1.88083912463772e-08
4198230 1.5151944405125e-08
4332570.588 2.43172035515497e-08
4466911.176 1.54898961197291e-08
4601251.765 1.65659758291264e-08
4735592.353 1.60423816244066e-08
4869932.941 1.23548829744802e-08
5004273.529 2.95394275851649e-08
5138614.118 2.49199870055524e-08
5272954.706 2.41616713654892e-08
5407295.294 3.44938673316069e-08
5541635.882 2.69887279832359e-08
5675976.471 2.73427046797441e-08
5810317.059 2.72514263718562e-08
5944657.647 2.6752366425195e-08
6078998.235 2.26323480096785e-08
6213338.824 2.22904281901739e-08
6347679.412 2.50599429225048e-08
6482020 2.54011432773743e-08
6616360.588 1.78861472228566e-08
6750701.176 2.60494514284812e-08
6885041.765 1.87743398903077e-08
7019382.353 1.51465480628162e-08
7153722.941 2.67078798160861e-08
7288063.529 1.72019281524834e-08
7422404.118 1.56341831312032e-08
7556744.706 1.74912132925306e-08
7691085.294 1.8861607316133e-08
7825425.882 2.42670755135183e-08
7959766.471 2.22231924896492e-08
8094107.059 1.67295773071527e-08
8228447.647 1.51647526237819e-08
8362788.235 1.68818073490015e-08
8497128.824 1.61929816873607e-08
8631469.412 1.97464216723765e-08
8765810 1.2989637299336e-08
8900150.588 2.43635158590873e-08
9034491.176 1.34951050547967e-08
9168831.765 1.64760519744355e-08
9303172.353 1.51495310256291e-08
9437512.941 3.54898409218821e-08
9571853.529 1.75874529274935e-08
9706194.118 1.76075602748478e-08
9840534.706 2.67693950738077e-08
9974875.294 1.53454019608481e-08
10109215.882 -0
10243556.471 2.21459769789007e-08
10377897.059 2.23797834232952e-08
10512237.647 2.68406185079797e-08
10646578.235 2.3796676548325e-08
10780918.824 1.50181247765092e-08
10915259.412 3.28055160850108e-08
11049600 2.46114558950095e-08
11049600 2.47789366328683e-08
11403174.51 1.7285296825143e-08
11756749.02 1.28705422161423e-08
12110323.529 2.23859421106015e-08
12463898.039 3.41090673165362e-08
12817472.549 1.14906698105245e-08
13171047.059 3.08808443104394e-08
13524621.569 2.6675509798853e-08
13878196.078 2.96537587870948e-08
14231770.588 1.09174831952012e-08
14585345.098 1.41554681693542e-08
14938919.608 2.00360459429774e-08
15292494.118 2.04608864856926e-08
15646068.627 1.68450807041077e-08
15999643.137 1.89558313761887e-08
16353217.647 3.04893733382764e-08
16706792.157 2.22357983214455e-08
17060366.667 2.86908149875531e-08
17413941.176 2.43650439039026e-08
17767515.686 2.73247702383295e-08
18121090.196 1.77810749021312e-08
18474664.706 2.33186600182279e-08
18828239.216 1.79162205999117e-08
19181813.725 1.79165957860834e-08
19535388.235 2.15469707215284e-08
19888962.745 2.31063532135493e-08
20242537.255 3.54848619036921e-08
20596111.765 3.27374929954632e-08
20949686.275 1.55439491236944e-08
21303260.784 3.01024162630178e-08
21656835.294 2.64605105990417e-08
22010409.804 1.94358937072623e-08
22363984.314 1.23278424357103e-08
22717558.824 2.21424883849309e-08
23071133.333 3.35649495982223e-08
23424707.843 2.9178564918707e-08
23778282.353 2.7733870938084e-08
24131856.863 1.9119412740814e-08
24485431.373 2.07788650282805e-08
24839005.882 2.04009498834221e-08
25192580.392 3.51095668791058e-08
25546154.902 -0
25899729.412 2.94211659872327e-08
26253303.922 1.92469476205449e-08
26606878.431 3.48323031998402e-08
26960452.941 2.97164765885325e-08
27314027.451 1.88394031111259e-08
27667601.961 3.50531147279568e-08
28021176.471 3.16748178685671e-08
28374750.98 1.91783357501114e-08
28728325.49 2.55091420762969e-08
29081900 2.87601385956744e-08
29081900 -0
30012498.039 3.12486671698986e-08
30943096.078 3.79730950585846e-08
31873694.118 3.14146608663455e-08
32804292.157 2.95742912305536e-08
33734890.196 2.93428981606657e-08
34665488.235 3.34717253806851e-08
35596086.275 3.29646034926556e-08
36526684.314 3.85773010966747e-08
37457282.353 2.60479040900933e-08
38387880.392 2.53562334804738e-08
39318478.431 2.93408074608573e-08
40249076.471 4.11676240005966e-08
41179674.51 2.79646715904746e-08
42110272.549 4.44961636815074e-08
43040870.588 3.9890146201868e-08
43971468.627 3.18483036879517e-08
44902066.667 3.56647601402617e-08
45832664.706 1.4912665323543e-08
46763262.745 1.41999513199165e-08
47693860.784 3.89030805152548e-08
48624458.824 2.46823737077778e-08
49555056.863 -0
50485654.902 3.05985478073535e-08
51416252.941 2.50507232643471e-08
52346850.98 3.59369825330745e-08
53277449.02 2.77639020365726e-08
54208047.059 2.55515456031372e-08
55138645.098 2.25738093558553e-08
56069243.137 1.762858870149e-08
56999841.176 3.2461163423924e-08
57930439.216 2.68798785316005e-08
58861037.255 1.84200556673426e-08
59791635.294 2.55203205079345e-08
60722233.333 1.12618737109595e-08
61652831.373 2.35048384910533e-08
62583429.412 1.58309792258628e-08
63514027.451 6.58012226011036e-09
64444625.49 1.58152409793212e-08
65375223.529 1.76758434862385e-08
66305821.569 -0
67236419.608 2.07614297970925e-08
68167017.647 1.45605498154671e-08
69097615.686 -0
70028213.725 -0
70958811.765 1.55430428997671e-08
71889409.804 1.49410359984674e-08
72820007.843 -0
73750605.882 1.31111991823288e-08
74681203.922 -0
75611801.961 8.91224838742727e-09
76542400 -0
76542400 -0
78991686.275 9.04698899000657e-09
81440972.549 1.082841034361e-08
83890258.824 7.76738324451678e-09
86339545.098 -0
88788831.373 -0
91238117.647 -0
93687403.922 -0
96136690.196 -0
98585976.471 1.44428179017289e-08
101035262.745 -0
103484549.02 -0
105933835.294 -0
108383121.569 -0
110832407.843 -0
113281694.118 -0
115730980.392 9.89435575186232e-09
118180266.667 -0
120629552.941 -0
123078839.216 7.15762383266961e-09
125528125.49 -0
127977411.765 8.30290698537711e-09
130426698.039 4.95671888305843e-09
132875984.314 -0
135325270.588 -0
137774556.863 8.47348108057131e-09
140223843.137 -0
142673129.412 5.99793656862183e-09
145122415.686 5.35765524675151e-09
147571701.961 -0
150020988.235 -0
152470274.51 2.48165480046843e-09
154919560.784 -0
157368847.059 -0
159818133.333 -0
162267419.608 3.88667154409065e-09
164716705.882 -0
167165992.157 -0
169615278.431 6.20656345609831e-09
172064564.706 6.33542686498708e-09
174513850.98 5.98988618834916e-09
176963137.255 -0
179412423.529 8.83685829214065e-09
181861709.804 -0
184310996.078 -0
186760282.353 5.93139629506038e-09
189209568.627 -0
191658854.902 -0
194108141.176 5.10740451096288e-09
196557427.451 7.31083092063276e-09
199006713.725 -0
201456000 -0
