101 2.65677561918485e-07
104.18 -0
107.361 -0
110.541 1.8159489033024e-07
113.721 3.68320056193487e-07
116.902 2.808208539404e-07
120.082 -0
123.262 -0
126.443 7.76358595843632e-08
129.623 -0
132.803 -0
135.983 -0
139.164 -0
142.344 -0
145.524 2.32801073593635e-07
148.705 2.0039387242399e-07
151.885 -0
155.065 -0
158.246 -0
161.426 8.02248731148852e-08
164.606 8.36421653513644e-08
167.787 1.24346179532332e-07
170.967 -0
174.147 -0
177.328 -0
180.508 -0
183.688 -0
186.868 6.36162915946412e-09
190.049 1.08062346685889e-07
193.229 1.38079549361583e-07
196.409 1.37482904844153e-07
199.59 1.53976231179678e-07
202.77 1.5779914120124e-07
205.95 1.55357083090119e-07
209.131 1.51021529190835e-07
212.311 1.22137731710387e-07
215.491 -0
218.672 -0
221.852 -0
225.032 -0
228.213 -0
231.393 -0
234.573 -0
237.753 3.13069414274562e-08
240.934 6.87363630962815e-08
244.114 9.39477826077602e-08
247.294 1.48215705328848e-07
250.475 7.14786456523448e-08
253.655 9.18242258547999e-08
256.835 8.08195915394719e-08
260.016 6.40704216898214e-08
263.196 -0
264.196 1.27399022337421e-07
272.598 1.22552028829008e-07
281.001 1.16670966772716e-07
289.403 1.1922209523294e-07
297.806 1.19395137142693e-07
306.208 1.20455174579223e-07
314.611 7.35916706451066e-08
323.013 4.28138121175825e-08
331.415 -0
339.818 -0
348.22 -0
356.623 -0
365.025 -0
373.428 -0
381.83 -0
390.232 -0
398.635 -0
407.037 3.91621989454257e-08
415.44 3.54670764441419e-08
423.842 2.34755793156961e-08
432.245 4.66564355145908e-08
440.647 4.69418397127741e-08
449.049 4.04693290962015e-08
457.452 5.01523303572747e-08
465.854 3.94155754108793e-08
474.257 -0
482.659 -0
491.062 5.04567691144842e-08
499.464 8.35455033063284e-08
507.867 8.41928566456609e-08
516.269 4.06595036038027e-08
524.671 -0
533.074 7.14503475667989e-08
541.476 1.27093521314965e-07
549.879 1.7667026635314e-07
558.281 1.72962603337165e-07
566.684 1.62993254661776e-07
575.086 1.01884847055187e-07
583.488 7.0865098352541e-08
591.891 5.52043701928178e-08
600.293 3.32987979839374e-08
608.696 -0
617.098 -0
625.501 -0
633.903 -0
642.305 -0
650.708 -0
659.11 -0
667.513 5.08062808052227e-08
675.915 5.13367661672135e-08
684.318 1.65857641775572e-08
692.72 3.76222106079392e-08
693.72 -0
715.867 -0
738.014 9.72898825176955e-08
760.161 1.19414829748935e-07
782.307 7.40733005409343e-08
804.454 4.14346122485872e-08
826.601 4.11246830935477e-08
848.748 -0
870.895 7.37639679325735e-08
893.042 5.23042916854125e-08
915.189 4.92568140092724e-08
937.335 -0
959.482 -0
981.629 5.38452719723311e-08
1003.776 -0
1025.923 6.66439744265837e-08
1048.07 4.00419580066874e-08
1070.217 5.18081017037476e-08
1092.364 -0
1114.51 -0
1136.657 -0
1158.804 3.47804951843818e-08
1180.951 4.49309116472885e-08
1203.098 4.94599608442217e-08
1225.245 3.32593689719201e-08
1247.392 3.2589798768984e-08
1269.538 3.16500726911204e-08
1291.685 5.04376761371518e-08
1313.832 2.22868153025317e-08
1335.979 3.90627908219756e-08
1358.126 2.38193888425892e-08
1380.273 3.29776163720862e-08
1402.42 -0
1424.566 1.31840352545657e-08
1446.713 -0
1468.86 -0
1491.007 -0
1513.154 3.78604045786661e-08
1535.301 3.12427070710891e-08
1557.448 1.92644551846423e-08
1579.595 6.79810598248524e-09
1601.741 4.32631037889634e-08
1623.888 2.52471519175471e-08
1646.035 2.49661944948932e-08
1668.182 2.64687348102069e-08
1690.329 2.21979769339954e-08
1712.476 -0
1734.623 -0
1756.769 -0
1778.916 1.7993042226436e-08
1801.063 2.22802235360886e-08
1823.21 2.9100260768419e-08
1824.21 -0
1882.531 -0
1940.853 -0
1999.174 3.03771002365109e-08
2057.495 3.57083242681674e-08
2115.817 -0
2174.138 1.17966774827285e-08
2232.46 1.22982058093548e-08
2290.781 1.04728747144388e-08
2349.102 2.06329020111097e-08
2407.424 1.9850400747877e-08
2465.745 3.06503481722285e-08
2524.066 2.74709469312507e-08
2582.388 -0
2640.709 2.04702647585445e-08
2699.031 1.81087291416114e-08
2757.352 2.45490624308628e-08
2815.673 2.57182417116995e-08
2873.995 1.01115153844725e-08
2932.316 6.02162224381495e-09
2990.637 1.9765898642686e-08
3048.959 2.85953543674348e-08
3107.28 2.54740846008935e-08
3165.602 1.95179404983784e-08
3223.923 6.35471022220039e-09
3282.244 -0
3340.566 2.08551002316753e-08
3398.887 9.60188008084799e-09
3457.208 -0
3515.53 7.46907424541304e-09
3573.851 2.31242612368311e-09
3632.173 1.45022577278646e-08
3690.494 1.51215898217173e-08
3748.815 2.04471220030902e-08
3807.137 1.531068790475e-08
3865.458 1.21313933911401e-08
3923.779 1.46076507958389e-08
3982.101 2.20812275672125e-08
4040.422 2.58034615226493e-08
4098.744 2.22090200639058e-08
4157.065 2.29538322191531e-08
4215.386 1.63224370258534e-08
4273.708 1.77414139822308e-08
4332.029 5.73244977603812e-09
4390.35 1.43020664352002e-08
4448.672 1.95036847259125e-08
4506.993 2.06466164870156e-08
4565.315 1.11522155192622e-08
4623.636 -0
4681.957 1.03595640731499e-08
4740.279 9.9851584263399e-09
4798.6 1.64895029505419e-08
4799.6 -0
4953.131 2.60612414828512e-09
5106.663 1.73064820774784e-08
5260.194 1.46421485599478e-08
5413.725 1.49776215097783e-08
5567.257 8.78339177574727e-09
5720.788 1.50337202083223e-08
5874.32 1.21955988898491e-08
6027.851 1.18633276626983e-08
6181.382 1.09719243386034e-08
6334.914 1.59154767022252e-08
6488.445 1.60311339341127e-08
6641.976 1.03159093153334e-08
6795.508 6.63412821883272e-09
6949.039 6.0774865665517e-09
7102.571 3.79488300444195e-09
7256.102 7.35085017584648e-09
7409.633 1.13061241064955e-08
7563.165 1.17950447740231e-08
7716.696 1.0282274828498e-08
7870.227 -0
8023.759 -0
8177.29 4.17389040985984e-09
8330.822 1.55178454988957e-08
8484.353 1.55826585943968e-08
8637.884 1.15004161532566e-08
8791.416 -0
8944.947 1.07869715650232e-08
9098.478 1.55235271569984e-08
9252.01 1.41258640766367e-08
9405.541 8.39323427988014e-09
9559.073 5.00151470460051e-09
9712.604 -0
9866.135 -0
10019.667 -0
10173.198 3.35123782540948e-09
10326.729 3.86515534223096e-09
10480.261 4.62182273629617e-09
10633.792 9.85724040598058e-09
10787.324 1.07358981813076e-08
10940.855 1.00589599190581e-08
11094.386 6.71082183920801e-09
11247.918 6.06928994268662e-09
11401.449 9.4271464985761e-09
11554.98 1.07922471634979e-08
11708.512 1.21711314257956e-08
11862.043 9.1497528064258e-09
12015.575 9.67140963386964e-09
12169.106 1.43816627480316e-08
12322.637 1.33985345724978e-08
12476.169 6.8845941463263e-09
12629.7 9.24200371846621e-09
12630.7 1.31105274992216e-08
13034.822 9.59567373216925e-09
13438.943 6.35749224375195e-09
13843.065 9.37276372402974e-09
14247.186 9.2169861516028e-09
14651.308 6.98877332187948e-09
15055.429 9.24658781940879e-09
15459.551 1.01025813231371e-08
15863.673 8.19049034240668e-09
16267.794 6.71247607468169e-09
16671.916 6.68533907844204e-09
17076.037 9.9098891889638e-09
17480.159 1.30121366886253e-08
17884.28 1.72086179881482e-08
18288.402 1.8845613943439e-08
18692.524 1.29247241751369e-08
19096.645 8.57376667025701e-09
19500.767 1.03941009825486e-08
19904.888 8.24755108509742e-09
20309.01 7.35262387011407e-09
20713.131 9.2854241109498e-09
21117.253 8.90036573449094e-09
21521.375 6.05818286880674e-09
21925.496 -0
22329.618 -0
22733.739 -0
23137.861 -0
23541.982 6.00535793901775e-09
23946.104 9.70227706575947e-09
24350.225 1.14431859935591e-08
24754.347 8.95194923811349e-09
25158.469 7.48494759266436e-09
25562.59 6.85605012669167e-09
25966.712 3.55127027009764e-09
26370.833 3.42103181715418e-09
26774.955 8.09915108988702e-09
27179.076 6.2744925147259e-09
27583.198 -0
27987.32 6.09235589287114e-09
28391.441 1.05110555620048e-08
28795.563 8.83789615185104e-09
29199.684 7.17465801485698e-09
29603.806 4.30475933784647e-09
30007.927 4.40259993264178e-10
30412.049 6.03861212454965e-09
30816.171 6.78170943023979e-09
31220.292 7.04568806247776e-09
31624.414 4.9215949689508e-09
32028.535 3.17922918609368e-09
32432.657 -0
32836.778 -0
33240.9 6.42290885743396e-09
33241.9 7.30998031622713e-09
34305.559 6.57853208695291e-09
35369.218 4.84930278405098e-09
36432.876 6.79587164699181e-09
37496.535 6.65949477851567e-09
38560.194 1.47743331533296e-09
39623.853 2.49033089196682e-09
40687.512 8.38602183456317e-09
41751.171 1.01592098405451e-08
42814.829 5.14033255349975e-09
43878.488 3.0552791998873e-09
44942.147 7.64220581367634e-09
46005.806 7.44944036790405e-09
47069.465 6.12952003634543e-09
48133.124 5.87876563499544e-09
49196.782 7.30068973202283e-09
50260.441 8.4816904075541e-09
51324.1 1.77675435976686e-09
52387.759 -0
53451.418 -0
54515.076 2.1567463948819e-09
55578.735 5.54188263212506e-09
56642.394 4.89546926184159e-09
57706.053 4.78413362032076e-09
58769.712 -0
59833.371 -0
60897.029 -0
61960.688 -0
63024.347 2.83908635780676e-09
64088.006 4.93778755400209e-09
65151.665 2.4899304844643e-09
66215.324 4.70929163200742e-09
67278.982 3.95035008629613e-09
68342.641 -0
69406.3 -0
70469.959 -0
71533.618 3.40391924405564e-09
72597.276 4.4504369864521e-09
73660.935 3.96324562673519e-09
74724.594 -0
75788.253 3.63244852712029e-09
76851.912 8.32286343621445e-09
77915.571 9.05018356568889e-09
78979.229 8.17996032298265e-09
80042.888 7.61387095016567e-09
81106.547 9.0747751734725e-09
82170.206 9.42784567546495e-09
83233.865 4.19027697210956e-10
84297.524 -0
85361.182 -0
86424.841 -0
87488.5 3.94270639536323e-09
87489.5 -0
90289.039 -0
93088.578 -0
95888.118 -0
98687.657 -0
101487.196 -0
104286.735 -0
107086.275 -0
109885.814 -0
112685.353 1.33637970755147e-08
115484.892 1.53740392686237e-08
118284.431 1.57192925358824e-08
121083.971 1.71052548655666e-08
123883.51 -0
126683.049 -0
129482.588 1.355829096091e-08
132282.127 1.9075385425805e-08
135081.667 1.61333531843881e-08
137881.206 7.86215357922313e-09
140680.745 -0
143480.284 -0
146279.824 -0
149079.363 4.31511171549981e-09
151878.902 -0
154678.441 -0
157477.98 6.03954672039749e-09
160277.52 -0
163077.059 -0
165876.598 -0
168676.137 -0
171475.676 6.51986185412531e-09
174275.216 -0
177074.755 -0
179874.294 -0
182673.833 -0
185473.373 7.93223228864018e-09
188272.912 1.20823741786527e-08
191072.451 1.33240100197374e-08
193871.99 1.32847572567876e-08
196671.529 9.93441833634793e-09
199471.069 8.11374584820998e-09
202270.608 7.0500280368494e-09
205070.147 5.13139736646475e-09
207869.686 -0
210669.225 1.00534730747995e-09
213468.765 -0
216268.304 -0
219067.843 4.16570668611637e-09
221867.382 1.70100023534887e-09
224666.922 5.3132455253316e-09
227466.461 5.49719358396701e-09
230266 5.37150302929763e-09
230267 6.48499526843963e-09
237635.294 4.69497602599016e-09
245003.588 1.49610669133663e-09
252371.882 -0
259740.176 -0
267108.471 -0
274476.765 5.47913389780067e-09
281845.059 -0
289213.353 -0
296581.647 -0
303949.941 2.52490365704233e-09
311318.235 2.98965971218949e-09
318686.529 2.98413454395397e-09
326054.824 2.15604168626346e-09
333423.118 2.68580951010148e-09
340791.412 4.27444449760536e-09
348159.706 5.8749671481637e-09
355528 2.14931606106923e-09
362896.294 8.21532708376526e-09
370264.588 3.54720177794289e-09
377632.882 -0
385001.176 1.5444776542839e-09
392369.471 -0
399737.765 3.08323658408099e-09
407106.059 1.42450751409073e-09
414474.353 7.49218943277736e-09
421842.647 1.02534610899741e-08
429210.941 4.9519677998719e-09
436579.235 5.78666461582557e-09
443947.529 -0
451315.824 1.57123712009921e-09
458684.118 7.46519921677239e-09
466052.412 6.56169580521087e-09
473420.706 -0
480789 8.00203252255583e-09
488157.294 -0
495525.588 -0
502893.882 1.67039932457972e-09
510262.176 -0
517630.471 -0
524998.765 6.17152227363239e-09
532367.059 5.34465323465683e-09
539735.353 4.95173693774731e-09
547103.647 -0
554471.941 3.76297749947051e-09
561840.235 -0
569208.529 -0
576576.824 -0
583945.118 -0
591313.412 -0
598681.706 4.25972694154826e-09
606050 3.60541053439104e-09
606051 7.58837725263679e-09
625444.118 6.45035116569898e-09
644837.235 6.21249123475754e-09
664230.353 3.05873892990628e-09
683623.471 5.86563965686323e-09
703016.588 7.1865065722051e-09
722409.706 5.21131147156895e-09
741802.824 6.08571632960417e-09
761195.941 3.74291835120789e-09
780589.059 5.10515913202661e-09
799982.176 -0
819375.294 -0
838768.412 5.46745027354557e-09
858161.529 3.51534894138269e-09
877554.647 3.91959699849522e-09
896947.765 3.28643741538106e-09
916340.882 -0
935734 5.04453508661913e-09
955127.118 2.57360059852737e-09
974520.235 -0
993913.353 6.34751981315127e-09
1013306.471 3.20368945169589e-09
1032699.588 8.55667391827461e-09
1052092.706 -0
1071485.824 6.18869298712377e-09
1090878.941 -0
1110272.059 3.43690964645085e-09
1129665.176 -0
1149058.294 7.11318310023372e-09
1168451.412 9.796952904578e-09
1187844.529 4.82951623597031e-09
1207237.647 -0
1226630.765 -0
1246023.882 -0
1265417 -0
1284810.118 -0
1304203.235 -0
1323596.353 -0
1342989.471 -0
1362382.588 3.34692494684532e-09
1381775.706 -0
1401168.824 9.62466750936057e-09
1420561.941 -0
1439955.059 3.95049914189189e-09
1459348.176 -0
1478741.294 -0
1498134.412 4.93717287174022e-09
1517527.529 6.20614738400301e-09
1536920.647 6.57695723370549e-09
1556313.765 -0
1575706.882 3.42733071574862e-09
1595100 5.62693216171115e-09
1595100 2.45444407664442e-09
1646141.765 3.35578008510591e-09
1697183.529 -0
1748225.294 7.53286545107189e-09
1799267.059 6.74162406180014e-09
1850308.824 -0
1901350.588 1.08516392326384e-08
1952392.353 -0
2003434.118 7.49153367744569e-09
2054475.882 1.05320135400471e-09
2105517.647 3.98943400698958e-09
2156559.412 5.87729102370727e-09
2207601.176 -0
2258642.941 5.54102150607564e-09
2309684.706 4.55109416052406e-09
2360726.471 6.88426202637411e-09
2411768.235 -0
2462810 4.83111517368426e-09
2513851.765 4.07396492806321e-09
2564893.529 6.1430536468089e-09
2615935.294 -0
2666977.059 3.98185774434639e-09
2718018.824 4.01150031837264e-09
2769060.588 6.50312604583869e-09
2820102.353 5.00248557057515e-09
2871144.118 -0
2922185.882 -0
2973227.647 4.93345261171147e-09
3024269.412 6.25133468592524e-09
3075311.176 5.66251903858321e-09
3126352.941 5.50899560185403e-09
3177394.706 6.35106108370267e-09
3228436.471 6.1845989050985e-09
3279478.235 2.09992313227232e-09
3330520 5.00319877960635e-09
3381561.765 6.63755957294686e-09
3432603.529 5.41026187039009e-09
3483645.294 5.04899114710735e-09
3534687.059 3.18400753916648e-09
3585728.824 3.45102360475967e-09
3636770.588 1.5603639712378e-09
3687812.353 4.88769305743506e-09
3738854.118 3.3418313844896e-09
3789895.882 -0
3840937.647 2.77237321237958e-09
3891979.412 4.44314984545552e-09
3943021.176 4.13641637307556e-09
3994062.941 7.57676288215234e-09
4045104.706 5.38618801225254e-09
4096146.471 3.89308703038701e-09
4147188.235 5.74121839758919e-09
4198230 6.03534684558189e-09
4198230 3.62514747014828e-09
4332570.588 6.16527964832016e-09
4466911.176 7.60594837226089e-09
4601251.765 4.68580953318609e-09
4735592.353 4.32152089588124e-09
4869932.941 4.81073330826326e-09
5004273.529 8.360799171071e-09
5138614.118 -0
5272954.706 3.65414953838084e-09
5407295.294 3.33555406403103e-09
5541635.882 5.3914053565367e-09
5675976.471 5.23061076964461e-09
5810317.059 -0
5944657.647 3.96443190968695e-09
6078998.235 -0
6213338.824 2.92616519585834e-09
6347679.412 5.3590914481307e-09
6482020 8.20339396840902e-10
6616360.588 4.94235833373169e-09
6750701.176 4.63573321246833e-09
6885041.765 5.69017207273683e-09
7019382.353 -0
7153722.941 4.23820827367063e-09
7288063.529 1.52624779531749e-09
7422404.118 -0
7556744.706 -0
7691085.294 4.52836674426876e-09
7825425.882 3.27644286500431e-09
7959766.471 1.91723046255368e-09
8094107.059 1.8347771510579e-09
8228447.647 4.93625478275026e-09
8362788.235 -0
8497128.824 4.25029446935095e-09
8631469.412 3.25991302436383e-09
8765810 4.58537914133321e-09
8900150.588 2.03889600903223e-09
9034491.176 1.1277058135205e-09
9168831.765 4.19505682993084e-10
9303172.353 5.54469728933799e-09
9437512.941 6.17128631518168e-09
9571853.529 6.90011523569368e-09
9706194.118 -0
9840534.706 4.01487217463939e-09
9974875.294 4.87809022474743e-09
10109215.882 4.32160299130537e-09
10243556.471 -0
10377897.059 4.67370668942574e-09
10512237.647 5.81703266015455e-09
10646578.235 -0
10780918.824 5.0642469950051e-09
10915259.412 2.71762514219505e-09
11049600 2.39008449107725e-09
11049600 6.53593361615662e-09
11403174.51 4.41566971457456e-09
11756749.02 4.48282730487078e-09
12110323.529 -0
12463898.039 2.90162263156924e-09
12817472.549 2.96280343704119e-09
13171047.059 6.10750617273152e-09
13524621.569 4.92869158629273e-09
13878196.078 4.43417433328383e-09
14231770.588 5.63109590241723e-09
14585345.098 2.52305131615074e-09
14938919.608 -0
15292494.118 6.56832495763947e-09
15646068.627 3.74681372925169e-09
15999643.137 5.79283407602706e-09
16353217.647 5.35967561385246e-09
16706792.157 -0
17060366.667 4.16947366556147e-09
17413941.176 3.71245457209162e-09
17767515.686 5.45891853132756e-09
18121090.196 5.45911694566289e-09
18474664.706 -0
18828239.216 2.90408070899656e-09
19181813.725 5.46327536651684e-09
19535388.235 5.39086403317321e-09
19888962.745 4.50589284636706e-09
20242537.255 3.2547829099318e-09
20596111.765 -0
20949686.275 3.14740506017676e-09
21303260.784 3.35785654219742e-09
21656835.294 1.89496879076963e-09
22010409.804 4.74322576830525e-09
22363984.314 1.90574810756069e-09
22717558.824 5.85790634108062e-09
23071133.333 8.92980472860678e-09
23424707.843 4.18803255652662e-09
23778282.353 -0
24131856.863 6.23037173529443e-09
24485431.373 3.69740378112263e-09
24839005.882 5.41111976406666e-09
25192580.392 5.23853601054413e-09
25546154.902 3.93246930780723e-09
25899729.412 6.83757127148225e-09
26253303.922 4.31206621596355e-09
26606878.431 4.07474319183379e-09
26960452.941 -0
27314027.451 3.71074122056097e-09
27667601.961 4.13556006610703e-09
28021176.471 2.55645880457996e-09
28374750.98 3.24839237656304e-09
28728325.49 5.8043279118675e-09
29081900 6.91203677373245e-09
29081900 4.63821686387694e-09
30012498.039 4.77890766888249e-09
30943096.078 7.53142527030655e-09
31873694.118 6.43745892480549e-09
32804292.157 3.77524088949881e-09
33734890.196 3.48644555765484e-09
34665488.235 -0
35596086.275 7.6944973631017e-09
36526684.314 3.74181499331296e-09
37457282.353 4.01869412316538e-09
38387880.392 6.09934505726626e-09
39318478.431 6.10109900847318e-09
40249076.471 7.37125666430032e-09
41179674.51 6.78924533742479e-09
42110272.549 3.93958196557634e-09
43040870.588 4.4876767714013e-09
43971468.627 4.19885213554256e-09
44902066.667 1.01185681709147e-08
45832664.706 3.98530693295838e-09
46763262.745 1.74208100038615e-09
47693860.784 4.10840312825339e-09
48624458.824 2.55503762876395e-09
49555056.863 -0
50485654.902 -0
51416252.941 6.99144192463651e-09
52346850.98 5.2516289460195e-09
53277449.02 6.02478819097321e-09
54208047.059 4.23033149299444e-09
55138645.098 9.68780434586085e-09
56069243.137 4.18801316780121e-09
56999841.176 -0
57930439.216 3.87810540613016e-09
58861037.255 5.52726849169426e-09
59791635.294 3.75783221129112e-09
60722233.333 -0
61652831.373 -0
62583429.412 -0
63514027.451 8.4577464677392e-09
64444625.49 6.76835923616421e-09
65375223.529 6.94433762932772e-09
66305821.569 5.74284368998402e-09
67236419.608 -0
68167017.647 9.98272088648465e-09
69097615.686 -0
70028213.725 -0
70958811.765 1.40581620815232e-09
71889409.804 -0
72820007.843 -0
73750605.882 -0
74681203.922 -0
75611801.961 6.17706390298213e-10
76542400 -0
76542400 -0
78991686.275 -0
81440972.549 7.00424312968683e-09
83890258.824 -0
86339545.098 -0
88788831.373 -0
91238117.647 -0
93687403.922 -0
96136690.196 -0
98585976.471 -0
101035262.745 -0
103484549.02 -0
105933835.294 -0
108383121.569 9.9520431867428e-09
110832407.843 -0
113281694.118 -0
115730980.392 1.29001921643972e-08
118180266.667 -0
120629552.941 -0
123078839.216 1.30780751409669e-08
125528125.49 -0
127977411.765 -0
130426698.039 1.0341596038487e-08
132875984.314 -0
135325270.588 -0
137774556.863 -0
140223843.137 -0
142673129.412 -0
145122415.686 9.16480668552555e-09
147571701.961 -0
150020988.235 -0
152470274.51 1.41809997352742e-08
154919560.784 -0
157368847.059 2.40306587982574e-08
159818133.333 4.31299689438297e-09
162267419.608 -0
164716705.882 -0
167165992.157 -0
169615278.431 -0
172064564.706 2.80093958338266e-08
174513850.98 -0
176963137.255 3.83262410100404e-08
179412423.529 -0
181861709.804 -0
184310996.078 -0
186760282.353 -0
189209568.627 -0
191658854.902 2.57056268238434e-08
194108141.176 5.08918349775918e-08
196557427.451 2.85832769207881e-08
199006713.725 3.1662962731264e-08
201456000 3.32408993660428e-08
