101 189.987793102469
104.18 184.04576858881
107.361 231.675116046486
110.541 215.219350738738
113.721 226.054461754356
116.902 233.004808340382
120.082 248.117992046729
123.262 221.868417747363
126.443 198.951565279817
129.623 217.144448427969
132.803 230.60709420339
135.983 162.192015719847
139.164 200.87897164558
142.344 223.037238739194
145.524 188.1181097856
148.705 115.379940814811
151.885 145.26278305507
155.065 154.368737614942
158.246 256.101410085887
161.426 286.407208800466
164.606 240.703761878621
167.787 205.943104765464
170.967 150.649342524235
174.147 190.37393635949
177.328 262.213910552645
180.508 306.298363497972
183.688 303.243378519043
186.868 281.545344440595
190.049 222.109976342675
193.229 183.399340318333
196.409 188.994448904279
199.59 175.622927079946
202.77 170.333833024187
205.95 186.892543050886
209.131 178.148723558444
212.311 163.061417291428
215.491 136.516853800739
218.672 149.040474466365
221.852 169.411910623982
225.032 156.48576645161
228.213 172.584531898518
231.393 171.988676268479
234.573 172.883172893955
237.753 165.078064256077
240.934 172.339359989674
244.114 172.179753140376
247.294 158.997186219677
250.475 165.876806503415
253.655 156.158418228359
256.835 132.900807906567
260.016 116.376532802016
263.196 125.687165441365
264.196 184.968097167483
272.598 182.199794193896
281.001 170.226814484176
289.403 144.836462752803
297.806 142.950097484696
306.208 149.117289846326
314.611 168.242761689146
323.013 168.560987177016
331.415 165.849643486969
339.818 164.325853478597
348.22 154.756442948904
356.623 141.207650064946
365.025 139.709337945192
373.428 138.701991584392
381.83 140.710099233728
390.232 133.240054686048
398.635 117.441019781025
407.037 120.487314646991
415.44 123.110897209006
423.842 123.805534505541
432.245 130.795385120605
440.647 113.998258998001
449.049 97.9667600092877
457.452 94.7943457121515
465.854 120.975825916065
474.257 130.557435631206
482.659 136.522560531965
491.062 139.452311967565
499.464 143.563225363436
507.867 159.087076184001
516.269 162.667055616805
524.671 162.245757653832
533.074 146.224178700811
541.476 128.405472559461
549.879 130.706714819031
558.281 148.783267941336
566.684 151.792118696864
575.086 131.076571846641
583.488 123.262655240994
591.891 112.535423514608
600.293 116.124729221735
608.696 117.119526125898
617.098 125.669539030195
625.501 134.656468727872
633.903 144.719733890496
642.305 163.846790376715
650.708 162.493997149725
659.11 156.888230568859
667.513 145.804553125262
675.915 141.235698032514
684.318 119.462699652407
692.72 113.100652534762
693.72 100.529620854685
715.867 103.804587796793
738.014 133.434925364744
760.161 96.9465848960417
782.307 99.7441973566838
804.454 110.203660354533
826.601 85.2050214527481
848.748 100.437408821131
870.895 81.8401174849375
893.042 95.192754386862
915.189 106.487267505595
937.335 114.732686085148
959.482 150.242414022922
981.629 97.5358580123658
1003.776 110.496829304936
1025.923 104.653846613816
1048.07 94.6665184206542
1070.217 86.1518905810608
1092.364 110.608398896217
1114.51 107.432892448133
1136.657 117.787658392452
1158.804 85.5924753960914
1180.951 79.3804801111678
1203.098 100.563349088481
1225.245 84.7495831232133
1247.392 108.52481666293
1269.538 109.344016047932
1291.685 117.609083979977
1313.832 109.187524925341
1335.979 87.415239675915
1358.126 104.740335115041
1380.273 85.1615898498853
1402.42 92.6517101885629
1424.566 93.3210937894517
1446.713 98.2624288949034
1468.86 76.4766953313542
1491.007 97.0752720909038
1513.154 87.1179123104336
1535.301 75.6811708150708
1557.448 74.4544653361595
1579.595 89.4453385461161
1601.741 78.0720416675307
1623.888 69.8130163450028
1646.035 65.0757326064629
1668.182 69.6485020990473
1690.329 67.6745258800952
1712.476 86.2224395867585
1734.623 53.4682900635024
1756.769 60.1433454324086
1778.916 70.3399612638273
1801.063 72.215052703365
1823.21 82.2890848809005
1824.21 68.7317817555359
1882.531 78.9489859035409
1940.853 93.0053214626827
1999.174 74.7601271754522
2057.495 69.5514593418903
2115.817 81.3815237909974
2174.138 73.456433950322
2232.46 81.2261407182348
2290.781 70.894803269964
2349.102 73.2908801700076
2407.424 84.3930826389114
2465.745 79.0701194428484
2524.066 85.0585697603111
2582.388 57.4835727309051
2640.709 62.0179750046874
2699.031 78.42446716206
2757.352 88.8904743441226
2815.673 68.354936891323
2873.995 76.5426912517293
2932.316 82.3100245847832
2990.637 62.5842249672601
3048.959 65.2640565971118
3107.28 75.7951061473977
3165.602 75.2952769343342
3223.923 64.3444016986579
3282.244 52.4686099542245
3340.566 61.6303825675773
3398.887 63.5364582272602
3457.208 53.1400136432087
3515.53 51.5708527707277
3573.851 58.753055022193
3632.173 63.3769402054874
3690.494 61.909773955318
3748.815 50.0619625112964
3807.137 45.9418370610775
3865.458 54.6813439608478
3923.779 54.3342368853299
3982.101 57.7298246052984
4040.422 62.0941278762279
4098.744 53.9702697695625
4157.065 48.287719813371
4215.386 37.8473760232274
4273.708 54.3083429459119
4332.029 50.268653161697
4390.35 46.6928384008205
4448.672 59.1834273611865
4506.993 61.1916607339372
4565.315 70.5723892105728
4623.636 66.699658985116
4681.957 48.1230122428956
4740.279 48.1294352481386
4798.6 53.135988608479
4799.6 53.3252242793021
4953.131 58.5876326722603
5106.663 53.2997163277538
5260.194 50.0647808727113
5413.725 44.9279484385861
5567.257 44.3808849586636
5720.788 50.2790111205961
5874.32 43.2068927803495
6027.851 39.4269290917249
6181.382 51.3967965983988
6334.914 50.6980266412542
6488.445 54.3446477304373
6641.976 51.9338571982012
6795.508 43.0834289648194
6949.039 44.631023803195
7102.571 32.1831572731487
7256.102 33.9584169828555
7409.633 39.2810726795896
7563.165 42.8735218391008
7716.696 33.2390738878123
7870.227 43.7565940356679
8023.759 35.424135302638
8177.29 31.3364821778459
8330.822 37.7302683725924
8484.353 39.9084851896245
8637.884 38.9016482962732
8791.416 33.6799030033605
8944.947 25.4805554556618
9098.478 28.1761054373711
9252.01 31.6057444598079
9405.541 36.6135790183721
9559.073 45.77016407905
9712.604 39.3160412237678
9866.135 33.5888467761519
10019.667 32.1069863644948
10173.198 44.9334185084783
10326.729 43.7753038696035
10480.261 37.249372087806
10633.792 30.3539936872992
10787.324 20.3076444471804
10940.855 30.8396192534391
11094.386 44.8148278565088
11247.918 38.0490886252573
11401.449 40.5108773765968
11554.98 39.8079255995612
11708.512 34.4590401803216
11862.043 26.259450349042
12015.575 33.1867172009219
12169.106 39.773207458805
12322.637 31.470410526524
12476.169 26.89937330486
12629.7 27.2125350020353
12630.7 34.0271081228506
13034.822 25.3547577492187
13438.943 20.9618234258563
13843.065 26.1048121866574
14247.186 26.9079044294726
14651.308 28.0689925390035
15055.429 30.8899802289763
15459.551 33.6939836694973
15863.673 32.9700398722455
16267.794 28.4860324953404
16671.916 33.792195481122
17076.037 31.7292394693259
17480.159 29.8848437082696
17884.28 27.8662721083822
18288.402 25.3379795913237
18692.524 24.3393372043355
19096.645 24.1487463818901
19500.767 25.4520175550463
19904.888 25.9126973449497
20309.01 25.9979700731129
20713.131 30.1014261412558
21117.253 31.896777012211
21521.375 30.4665653841665
21925.496 28.4914532766402
22329.618 26.701508716631
22733.739 24.1796688116235
23137.861 23.1289682919375
23541.982 22.6938389238316
23946.104 23.6695519179504
24350.225 25.7401427809272
24754.347 26.4348567665861
25158.469 28.4850570110613
25562.59 31.7639907213956
25966.712 24.6841427682727
26370.833 21.115576363509
26774.955 26.0426755253107
27179.076 31.0061194473225
27583.198 26.467334281764
27987.32 20.7723465365564
28391.441 18.3955960497429
28795.563 21.2935247042524
29199.684 21.6116137199097
29603.806 21.3895667963688
30007.927 22.6690534956857
30412.049 24.3865571705134
30816.171 19.3422111895313
31220.292 16.5401394698748
31624.414 13.3532130572199
32028.535 16.8444395718337
32432.657 20.438062972096
32836.778 18.8085635749547
33240.9 22.8444715929095
33241.9 21.405033244927
34305.559 20.8246521253035
35369.218 18.7095337338707
36432.876 18.8657824002955
37496.535 19.9605359963983
38560.194 21.004187561135
39623.853 19.6439087501915
40687.512 20.1990586776566
41751.171 22.5628732774343
42814.829 19.5897138596123
43878.488 18.0504629873158
44942.147 15.8689182318631
46005.806 15.6125886410697
47069.465 16.5834570622686
48133.124 21.8581167243986
49196.782 22.6182470923323
50260.441 21.1064450869673
51324.1 17.3145249144176
52387.759 15.5237845897997
53451.418 15.0670516443881
54515.076 14.1440094160284
55578.735 14.9164083482946
56642.394 16.1370516610054
57706.053 17.3264957403764
58769.712 15.7810250922531
59833.371 13.5002461876802
60897.029 15.5087068000933
61960.688 18.2701653901777
63024.347 17.5520278618939
64088.006 15.4904319988065
65151.665 11.4313255349575
66215.324 13.448275617689
67278.982 14.1966017798678
68342.641 14.9211310124614
69406.3 16.993852981359
70469.959 20.0117978736341
71533.618 17.2075760900245
72597.276 14.8240781244707
73660.935 13.6768206944494
74724.594 13.4020046262411
75788.253 13.683222210024
76851.912 13.305607216953
77915.571 14.0283548120469
78979.229 14.1675806124191
80042.888 13.8725644732166
81106.547 15.5294540585384
82170.206 15.3885064147382
83233.865 16.8556278372859
84297.524 16.553129969198
85361.182 11.0361609022383
86424.841 10.9763770593121
87488.5 12.80975533951
87489.5 16.2212408343634
90289.039 15.8588573372401
93088.578 14.5722131009919
95888.118 13.986857572405
98687.657 15.687616200815
101487.196 15.9641431004308
104286.735 17.7259117903515
107086.275 17.9916699945361
109885.814 16.6326148623234
112685.353 15.7939049611882
115484.892 14.4099732257415
118284.431 14.385095921237
121083.971 17.9775319779526
123883.51 17.5175125246643
126683.049 17.4253523442414
129482.588 16.7527343141965
132282.127 14.6855538678539
135081.667 14.2698814860778
137881.206 15.4700857716491
140680.745 14.060763222872
143480.284 13.2542873545304
146279.824 11.8714501360644
149079.363 13.3218130972574
151878.902 15.3400532566093
154678.441 15.749402531766
157477.98 16.0647315419511
160277.52 18.2311968537757
163077.059 18.0766130467382
165876.598 17.7061048979241
168676.137 16.2463261953468
171475.676 15.2618062230827
174275.216 13.1204141846565
177074.755 12.4036406523936
179874.294 10.3486904742318
182673.833 8.6365869380572
185473.373 8.50102252644121
188272.912 8.56910619826414
191072.451 9.56484470603744
193871.99 9.60391966298172
196671.529 9.27258259847839
199471.069 8.75050632751307
202270.608 8.60895745908639
205070.147 9.24766346963578
207869.686 10.0340516546659
210669.225 10.9045866792309
213468.765 11.2608114474699
216268.304 11.0309137555285
219067.843 8.31642931087382
221867.382 8.34307706707042
224666.922 9.83698747622015
227466.461 9.9213135139778
230266 8.57892787923582
230267 8.24643814333111
237635.294 NaN
245003.588 12.6731333070255
252371.882 11.8300119941311
259740.176 11.8000616219191
267108.471 11.0277598309909
274476.765 7.73460747946639
281845.059 12.5320538276459
289213.353 10.105375131448
296581.647 9.35918047224905
303949.941 8.74238625119256
311318.235 11.6424223730274
318686.529 11.2544334378458
326054.824 7.51435208566556
333423.118 9.26393372119951
340791.412 7.24337344307315
348159.706 7.15678843918627
355528 8.17579096403458
362896.294 7.49156219200229
370264.588 7.99988359586377
377632.882 5.93889898876444
385001.176 7.8542412368422
392369.471 8.38347960867138
399737.765 5.29310832177068
407106.059 6.79056600845867
414474.353 4.50326698142449
421842.647 6.57067834085302
429210.941 7.99526048762491
436579.235 7.15710264046419
443947.529 5.82870994701776
451315.824 6.05045853592351
458684.118 9.6498073759919
466052.412 8.34790285281088
473420.706 6.48990885336423
480789 8.04629948612733
488157.294 6.2395797512712
495525.588 6.63126965896113
502893.882 8.70882285793376
510262.176 7.36099050536963
517630.471 5.76635839397238
524998.765 5.60096107206947
532367.059 8.05097119794081
539735.353 7.59104091870056
547103.647 6.54767280113388
554471.941 6.12988412601619
561840.235 5.29244741531782
569208.529 5.45891380805854
576576.824 6.535652587395
583945.118 4.96021084934522
591313.412 6.01171904045504
598681.706 6.33890698224113
606050 6.10156516015755
606051 5.83285202402752
625444.118 6.42850562707299
644837.235 5.81645877655281
664230.353 5.3423960219387
683623.471 5.48704232936828
703016.588 6.39174431391559
722409.706 4.37233350381494
741802.824 5.19620598903112
761195.941 4.72697113740053
780589.059 6.80311675265575
799982.176 5.29865185123827
819375.294 5.85157812869581
838768.412 8.13400380233963
858161.529 4.42667419307707
877554.647 5.01194479662616
896947.765 5.60836894034807
916340.882 5.65051256099493
935734 5.76978098358558
955127.118 4.93321820439778
974520.235 3.72234619918566
993913.353 6.08186365959155
1013306.471 4.40610523588257
1032699.588 4.23842686792004
1052092.706 5.78696411361978
1071485.824 6.71517041066684
1090878.941 5.42158755388811
1110272.059 4.82507718500531
1129665.176 4.43275610949894
1149058.294 6.3050353218768
1168451.412 5.64445702611703
1187844.529 6.30105378276256
1207237.647 6.22337651145147
1226630.765 4.7822070181715
1246023.882 6.49252063458002
1265417 5.37204880700031
1284810.118 6.92143874383197
1304203.235 4.77043139942603
1323596.353 4.30001441894052
1342989.471 4.97114511285198
1362382.588 4.71960839661678
1381775.706 5.41555502649751
1401168.824 5.64526671083842
1420561.941 4.52903515324479
1439955.059 5.48978106925316
1459348.176 7.45571143132712
1478741.294 3.6055936685616
1498134.412 4.88619941067041
1517527.529 5.82292457252803
1536920.647 5.9561229606618
1556313.765 4.15087626057053
1575706.882 5.68273029129977
1595100 5.30537385970878
1595100 4.50154187777078
1646141.765 4.72079827452055
1697183.529 4.35393545334623
1748225.294 3.61046040365638
1799267.059 5.65513916022434
1850308.824 4.2458887562973
1901350.588 4.02976872358274
1952392.353 3.46148176754761
2003434.118 4.89825156258632
2054475.882 3.51274454539144
2105517.647 3.78005216114022
2156559.412 4.54501771143401
2207601.176 3.62655734470838
2258642.941 4.18152755526592
2309684.706 5.55971240577677
2360726.471 5.93944888503999
2411768.235 4.15492261631161
2462810 4.60375145601658
2513851.765 4.37869859380241
2564893.529 5.20900798167062
2615935.294 5.6645977385299
2666977.059 4.66408130558211
2718018.824 3.62063927823096
2769060.588 3.8527989810788
2820102.353 5.53976294337442
2871144.118 2.82840384501319
2922185.882 4.42257189142381
2973227.647 3.38367415557152
3024269.412 3.82898986760771
3075311.176 4.02207327192241
3126352.941 5.15182360623919
3177394.706 3.7818772293514
3228436.471 4.47596018152214
3279478.235 5.27055314160933
3330520 3.79711795731716
3381561.765 4.93494877800912
3432603.529 4.01481891603502
3483645.294 3.82932571902635
3534687.059 4.05810920780909
3585728.824 3.28838716138895
3636770.588 3.91217872433573
3687812.353 5.00396388247246
3738854.118 4.0832290519893
3789895.882 3.99009107713189
3840937.647 3.44818197016078
3891979.412 4.17686424073824
3943021.176 4.44353795302632
3994062.941 3.5631931040778
4045104.706 4.88723907754156
4096146.471 4.84951848837321
4147188.235 3.80444776735174
4198230 4.65926091532996
4198230 4.88972722249436
4332570.588 4.72631051185937
4466911.176 5.37639776766225
4601251.765 4.27314920117668
4735592.353 5.72354545817661
4869932.941 3.48296172921877
5004273.529 3.3089441344049
5138614.118 3.45049426607342
5272954.706 3.1610411341279
5407295.294 4.64156372775782
5541635.882 4.57876235603644
5675976.471 3.98656234800564
5810317.059 3.17283189692528
5944657.647 2.687371784438
6078998.235 3.80463265296201
6213338.824 3.89770927947647
6347679.412 4.77936414355321
6482020 2.90107474964885
6616360.588 3.38972417133076
6750701.176 3.02144011893887
6885041.765 3.93247732328351
7019382.353 3.1378275171569
7153722.941 2.84470256367308
7288063.529 2.75760822756281
7422404.118 3.16432740152144
7556744.706 3.40159922864142
7691085.294 4.24984756522378
7825425.882 1.93591393083932
7959766.471 3.51178233233088
8094107.059 3.59406336532961
8228447.647 3.28215964621252
8362788.235 3.94070412249698
8497128.824 4.28699523723285
8631469.412 3.51906701956041
8765810 2.78170436861694
8900150.588 3.4092286997933
9034491.176 3.36925734886256
9168831.765 3.68380600078187
9303172.353 3.99415952301221
9437512.941 3.35524948699879
9571853.529 3.25672394234811
9706194.118 3.73933835831969
9840534.706 3.38891653357864
9974875.294 3.66375342205345
10109215.882 2.41237472959159
10243556.471 2.60956233928798
10377897.059 3.78674892697268
10512237.647 4.18334490385405
10646578.235 3.34106300429381
10780918.824 5.38664146399752
10915259.412 4.23360988106826
11049600 3.57655007160711
11049600 3.52677440969515
11403174.51 2.65415595465483
11756749.02 3.87031957777322
12110323.529 3.49517226179929
12463898.039 2.52960120153775
12817472.549 4.4321631272189
13171047.059 3.27233439299167
13524621.569 3.89515360132646
13878196.078 4.09410901317274
14231770.588 1.84443999050207
14585345.098 4.27306714427441
14938919.608 3.29245719855187
15292494.118 3.2779084550431
15646068.627 3.32906211903895
15999643.137 2.26863254643509
16353217.647 3.28394020355469
16706792.157 1.54475034308394
17060366.667 2.34751570850421
17413941.176 2.83975303085162
17767515.686 3.02742915570164
18121090.196 4.03916653733123
18474664.706 2.78905468795398
18828239.216 3.24626798294919
19181813.725 3.74738935189258
19535388.235 3.22019314519095
19888962.745 3.00255392970123
20242537.255 2.99776744298147
20596111.765 2.15847246519858
20949686.275 2.85598280688804
21303260.784 4.2417187126048
21656835.294 1.56434430174245
22010409.804 3.55507541091888
22363984.314 3.42179723029144
22717558.824 3.88192088585631
23071133.333 2.41518931518186
23424707.843 3.12804432507529
23778282.353 3.29490652277064
24131856.863 2.57447861165868
24485431.373 2.89701407275535
24839005.882 2.56912025107389
25192580.392 2.02974556311445
25546154.902 2.95138567711364
25899729.412 3.67853798816154
26253303.922 3.87176988045017
26606878.431 3.54720856934916
26960452.941 3.24208610420797
27314027.451 2.09206677129462
27667601.961 3.10920279664865
28021176.471 2.42534359981813
28374750.98 3.56568977020582
28728325.49 2.88966126622644
29081900 2.98015958367742
29081900 2.30286490665452
30012498.039 3.25764144553342
30943096.078 2.69770296088326
31873694.118 2.91064640953144
32804292.157 2.90452670579422
33734890.196 2.09078390848763
34665488.235 2.44540343101727
35596086.275 2.82817940374028
36526684.314 3.48178426676152
37457282.353 3.86502733002604
38387880.392 3.61494179236092
39318478.431 2.72549138664347
40249076.471 3.35526367076453
41179674.51 2.22620371996731
42110272.549 2.47947127512546
43040870.588 1.64851667613499
43971468.627 2.80993597882592
44902066.667 2.23649218634307
45832664.706 3.08103398637965
46763262.745 2.32756413430576
47693860.784 2.44024557456965
48624458.824 3.80841297349298
49555056.863 2.75415951098046
50485654.902 2.31856567981467
51416252.941 2.92439725666636
52346850.98 3.84740761276376
53277449.02 3.41666780434859
54208047.059 3.6838020238129
55138645.098 2.24676264269389
56069243.137 3.95623204762116
56999841.176 2.99221022791685
57930439.216 1.75853669700057
58861037.255 2.29082691479636
59791635.294 2.94858066094696
60722233.333 3.2984601877696
61652831.373 1.67998103047616
62583429.412 2.5646336663925
63514027.451 2.85809755229687
64444625.49 2.44591304871868
65375223.529 4.5186643734963
66305821.569 1.78735805271178
67236419.608 3.07403946142192
68167017.647 2.79196453009761
69097615.686 4.86562194378159
70028213.725 1.51418987028795
70958811.765 NaN
71889409.804 2.9718382927256
72820007.843 2.1986853565262
73750605.882 1.20797824486694
74681203.922 NaN
75611801.961 1.5980352196958
76542400 NaN
76542400 1.13745520546408
78991686.275 3.70702316445695
81440972.549 3.27636802173105
83890258.824 3.19975757619696
86339545.098 1.89358400352706
88788831.373 NaN
91238117.647 NaN
93687403.922 NaN
96136690.196 NaN
98585976.471 3.82968059424523
101035262.745 2.84160559473139
103484549.02 30.1367066526848
105933835.294 3.55500038937297
108383121.569 1.56758630379709
110832407.843 3.3789545125823
113281694.118 5.16718076329641
115730980.392 NaN
118180266.667 2.83839935949652
120629552.941 NaN
123078839.216 NaN
125528125.49 6.75987926102907
127977411.765 2.68296639408697
130426698.039 1.00579212995371
132875984.314 NaN
135325270.588 4.4997782108482
137774556.863 6.26348405712424
140223843.137 NaN
142673129.412 5.39139712827044
145122415.686 5.26988447403735
147571701.961 NaN
150020988.235 2.43089427606276
152470274.51 NaN
154919560.784 NaN
157368847.059 NaN
159818133.333 NaN
162267419.608 8.91224039191713
164716705.882 NaN
167165992.157 NaN
169615278.431 10.2223302312138
172064564.706 10.5977705956588
174513850.98 NaN
176963137.255 7.04976125082144
179412423.529 10.2866863273888
181861709.804 7.85548264119413
184310996.078 3.21332210797386
186760282.353 15.6486049422875
189209568.627 7.43648036155152
191658854.902 NaN
194108141.176 7.50238625215385
196557427.451 8.17076897064454
199006713.725 4.60937359604678
201456000 9.00665797315029
