101 210.965125576024
104.18 164.446017626901
107.361 143.339369739166
110.541 148.052800611199
113.721 197.738948207557
116.902 199.868112212552
120.082 191.279290311277
123.262 187.535589687043
126.443 181.236046032409
129.623 168.570645152432
132.803 134.394684785708
135.983 136.609609329191
139.164 143.808276551519
142.344 160.738794856532
145.524 208.511104760032
148.705 229.10131863692
151.885 239.788769737784
155.065 302.071528444674
158.246 284.590336155006
161.426 234.353132574873
164.606 214.931537385539
167.787 228.04359773013
170.967 236.92447172406
174.147 245.452278430197
177.328 234.478955361865
180.508 208.676308486549
183.688 163.828991723603
186.868 152.30999147567
190.049 151.655963335237
193.229 143.418589968775
196.409 124.105009227479
199.59 143.765073900164
202.77 181.113673339002
205.95 171.440883035396
209.131 136.950403295425
212.311 120.833483475725
215.491 132.459600534854
218.672 176.447280682326
221.852 162.892044700038
225.032 142.068076708038
228.213 111.519667630079
231.393 98.3624467199004
234.573 129.117606131611
237.753 156.249451530115
240.934 167.754066662722
244.114 170.708909009577
247.294 159.085970474132
250.475 141.770156501992
253.655 131.299014214719
256.835 137.790097090426
260.016 137.811561309935
263.196 126.59509138903
264.196 177.744737769367
272.598 179.560244036332
281.001 165.139963158361
289.403 132.604827072799
297.806 124.414310305855
306.208 122.935551097653
314.611 125.565492355827
323.013 123.269972793298
331.415 138.785715745639
339.818 141.47125206122
348.22 141.673270362206
356.623 155.789475078011
365.025 155.960509678818
373.428 149.66388198741
381.83 138.81453380951
390.232 124.00811603749
398.635 103.211117815633
407.037 106.592579502107
415.44 106.900946247849
423.842 96.2618990699859
432.245 93.8965159281904
440.647 105.595972730004
449.049 124.461852527398
457.452 133.627320477803
465.854 126.252130710089
474.257 129.737002835838
482.659 125.951489549266
491.062 98.6698007666697
499.464 85.0057677517939
507.867 84.4561595748583
516.269 92.9653604277852
524.671 99.0310112743037
533.074 89.556701955598
541.476 86.4676394913821
549.879 106.235330591171
558.281 118.28168763712
566.684 125.27737372848
575.086 115.875141708324
583.488 107.214877934192
591.891 101.052206914576
600.293 102.882980341991
608.696 98.4273909724637
617.098 108.006283877351
625.501 114.591307630402
633.903 116.709972677077
642.305 92.6934098807945
650.708 77.7721366467562
659.11 65.1371255330599
667.513 89.1386969035583
675.915 105.022726188667
684.318 113.966186107751
692.72 124.571309471592
693.72 103.906992229904
715.867 89.0155800976479
738.014 81.6010007706135
760.161 98.5605452004424
782.307 67.1119015297814
804.454 47.5478644363174
826.601 71.0892008736191
848.748 76.4598482984447
870.895 80.6374173747788
893.042 100.523339268963
915.189 70.2017909941163
937.335 61.2175482521271
959.482 70.8771527105908
981.629 113.579509742763
1003.776 68.6929898960373
1025.923 76.4493511822763
1048.07 89.0738772289245
1070.217 89.2036778961876
1092.364 67.7772729151945
1114.51 90.9526665165359
1136.657 89.6123705169776
1158.804 73.0610087007722
1180.951 56.5287945005506
1203.098 80.7197957160945
1225.245 77.5432924392023
1247.392 85.0880295094332
1269.538 70.0505871430807
1291.685 61.163468985509
1313.832 65.7403517376241
1335.979 79.4124655066775
1358.126 57.445730807618
1380.273 65.6748693650847
1402.42 63.1682225783621
1424.566 70.1050898809641
1446.713 61.7509192331661
1468.86 58.8477558914939
1491.007 54.3399228754987
1513.154 44.2702504226912
1535.301 67.5444983716011
1557.448 46.7020707959725
1579.595 73.7177371140348
1601.741 82.6830900329551
1623.888 76.452415475027
1646.035 73.4247300326623
1668.182 53.22302891217
1690.329 51.8564899115763
1712.476 46.3784438143317
1734.623 43.3436695831402
1756.769 52.7879792301399
1778.916 56.5985024122465
1801.063 66.5501549651991
1823.21 59.2477169927758
1824.21 53.6320237858883
1882.531 54.7201184230609
1940.853 59.1765534637727
1999.174 41.9765951545113
2057.495 48.265692931204
2115.817 51.9506830884555
2174.138 43.4380030068382
2232.46 63.2327383539493
2290.781 40.152386040508
2349.102 42.1569207977668
2407.424 57.3251619653933
2465.745 57.2490542637404
2524.066 41.7167675590642
2582.388 45.4321116953983
2640.709 57.5759480086233
2699.031 41.9300218541687
2757.352 46.6057687994111
2815.673 37.3348086003694
2873.995 37.4677102999734
2932.316 39.2647864833693
2990.637 50.127966334433
3048.959 52.2670897634128
3107.28 46.412265636554
3165.602 41.2111778877734
3223.923 37.8046303519766
3282.244 39.2665273889229
3340.566 42.3806081289684
3398.887 47.4198072837416
3457.208 41.9511979271122
3515.53 42.7230763980615
3573.851 51.0488012202759
3632.173 50.4282097864462
3690.494 46.9683444859371
3748.815 45.7781590954921
3807.137 50.6443981302056
3865.458 52.421609688477
3923.779 54.1578839822295
3982.101 43.9816521814218
4040.422 32.1444189490886
4098.744 43.3726237644992
4157.065 45.5387681604441
4215.386 34.01671697941
4273.708 41.6953142097917
4332.029 41.7162970945096
4390.35 35.6962003452251
4448.672 39.9887362611258
4506.993 39.1340283075375
4565.315 50.0943030410787
4623.636 47.3339948627106
4681.957 43.2969569020072
4740.279 41.189682775847
4798.6 35.0179794290203
4799.6 37.167943522396
4953.131 31.0665177702309
5106.663 31.8464533946786
5260.194 35.2762912375113
5413.725 42.5522664721807
5567.257 40.3911563081021
5720.788 33.1469245129176
5874.32 26.604083445285
6027.851 27.656915528256
6181.382 33.8281772809977
6334.914 37.9366135296376
6488.445 41.644494303546
6641.976 34.406016931623
6795.508 36.3619864696956
6949.039 28.6396468268081
7102.571 25.5115483132838
7256.102 31.7008575615076
7409.633 30.4107668694186
7563.165 30.6436964089168
7716.696 30.0502774477618
7870.227 31.1571331307855
8023.759 37.4223004794306
8177.29 35.5154284966271
8330.822 26.6948334351745
8484.353 27.7643841706044
8637.884 29.1732983674843
8791.416 33.6324515858034
8944.947 31.3512385911171
9098.478 30.9536532824053
9252.01 32.5987254155138
9405.541 32.9462666989359
9559.073 30.2672218221487
9712.604 34.2036745288199
9866.135 32.4692092901362
10019.667 29.5539774094727
10173.198 32.1036827542329
10326.729 31.8761717737034
10480.261 32.867593661754
10633.792 28.9863362426648
10787.324 22.7784273478564
10940.855 24.0430688303726
11094.386 24.1692878267834
11247.918 19.5446254575548
11401.449 22.9487715585994
11554.98 24.2422268424653
11708.512 26.4856482882517
11862.043 25.2325463968266
12015.575 21.2419337784878
12169.106 23.3987688991192
12322.637 27.4342663740251
12476.169 29.0472596643249
12629.7 27.266924383203
12630.7 29.7774474286883
13034.822 32.1134216863422
13438.943 27.94885745325
13843.065 25.6650172826127
14247.186 27.1893480088128
14651.308 29.8938793173501
15055.429 25.8897240904432
15459.551 19.1622502487813
15863.673 21.7186695210205
16267.794 22.7430974328281
16671.916 23.6053860941751
17076.037 23.9242274748561
17480.159 20.536433603459
17884.28 17.1206781838676
18288.402 20.1841295461452
18692.524 21.293710301632
19096.645 19.3502238465918
19500.767 21.6668237034909
19904.888 25.7366832003854
20309.01 26.5067208185384
20713.131 20.7705504394123
21117.253 19.3312863083359
21521.375 17.5197048280391
21925.496 14.236582682162
22329.618 19.4982419937934
22733.739 22.0858903301329
23137.861 19.3514780032897
23541.982 17.1242454930552
23946.104 14.2405338049915
24350.225 13.7290175746952
24754.347 16.3683924470272
25158.469 17.9506805799242
25562.59 18.2258873752499
25966.712 16.2877770736915
26370.833 13.9904500062815
26774.955 17.0473884918651
27179.076 19.7607520162337
27583.198 16.7971656700767
27987.32 16.1690737277073
28391.441 12.8995350424763
28795.563 14.8111556561812
29199.684 13.2561263875312
29603.806 14.7575765982428
30007.927 15.5049908717896
30412.049 14.8719032853789
30816.171 16.3305514947369
31220.292 16.6235688639098
31624.414 12.2083702259503
32028.535 14.7333487072445
32432.657 19.0251656633615
32836.778 17.5318667696399
33240.9 20.6520311710026
33241.9 16.2779654917807
34305.559 16.2090079800037
35369.218 17.0127376956165
36432.876 17.0608115645802
37496.535 16.2025840364574
38560.194 14.8320956821771
39623.853 15.0585104615764
40687.512 15.1412595110621
41751.171 17.237759182789
42814.829 15.8675396026924
43878.488 13.6177558956357
44942.147 13.7376472767207
46005.806 12.4757087403054
47069.465 10.5842421958913
48133.124 10.371718748074
49196.782 11.9988328285756
50260.441 13.3179768263625
51324.1 11.8427177860332
52387.759 11.8084908717198
53451.418 12.5189734020222
54515.076 11.0680367413643
55578.735 10.9433815139781
56642.394 10.7605172536638
57706.053 10.309349628967
58769.712 11.5810661783689
59833.371 14.8181700398986
60897.029 15.2223548570128
61960.688 14.6050785575096
63024.347 11.6906168795318
64088.006 10.9452685085814
65151.665 10.0568010502671
66215.324 11.2956035613877
67278.982 11.8640336472125
68342.641 14.9853827643871
69406.3 15.7296476642602
70469.959 14.0418675979628
71533.618 14.0464460428429
72597.276 14.3916303832679
73660.935 13.8011167302039
74724.594 13.6591567962354
75788.253 12.8378299938738
76851.912 11.1845527394673
77915.571 10.5065303323669
78979.229 10.4251991490253
80042.888 13.5062229869327
81106.547 14.5555997043659
82170.206 13.995337944517
83233.865 12.9758277037912
84297.524 12.5423711764071
85361.182 13.5312760464065
86424.841 12.7094061694348
87488.5 11.8912396844844
87489.5 10.8696362961894
90289.039 10.8166826644823
93088.578 12.0831813538742
95888.118 11.1704859882401
98687.657 11.1830726222428
101487.196 11.8784823129248
104286.735 12.6498052941115
107086.275 11.1491299738762
109885.814 11.2924219389592
112685.353 12.1362003560884
115484.892 11.7334366598961
118284.431 10.3403498061583
121083.971 8.39464303679622
123883.51 8.29478107994005
126683.049 11.6193803845508
129482.588 12.9314676070746
132282.127 13.9090888753351
135081.667 12.6456007983637
137881.206 10.7715707844739
140680.745 11.6641466990659
143480.284 11.2495788607651
146279.824 10.5463600647339
149079.363 9.55094147531462
151878.902 7.38875629694275
154678.441 7.12328221268456
157477.98 7.32809238895594
160277.52 7.77154140005565
163077.059 8.79420840707255
165876.598 9.09419794642161
168676.137 8.94988433912914
171475.676 9.23079023024024
174275.216 8.17254751449866
177074.755 6.26146640403091
179874.294 5.42199639582848
182673.833 5.77738169201395
185473.373 6.17228248503043
188272.912 7.6991138794494
191072.451 8.65998366025518
193871.99 8.63838447818059
196671.529 8.94618719277777
199471.069 8.97184652354575
202270.608 8.29856111415416
205070.147 6.93215930025698
207869.686 5.46695584931498
210669.225 6.79482791381093
213468.765 7.9005642826909
216268.304 8.32011715537847
219067.843 7.22816754334083
221867.382 6.54283742103993
224666.922 5.44053966863578
227466.461 5.24679910012375
230266 5.07128053145477
230267 7.79442010930247
237635.294 9.37506869557915
245003.588 9.1406084359687
252371.882 NaN
259740.176 NaN
267108.471 9.19621909528863
274476.765 7.0715929514212
281845.059 6.31165748005412
289213.353 6.33767411147429
296581.647 6.99235052764505
303949.941 6.69352206232706
311318.235 4.75190434387686
318686.529 4.45430137239961
326054.824 5.49690536105248
333423.118 6.68904408857015
340791.412 7.91558740891039
348159.706 5.92265922642548
355528 4.06203132830347
362896.294 6.37177380808281
370264.588 5.12624094023049
377632.882 3.69959417216257
385001.176 6.51808485350529
392369.471 4.39895818410802
399737.765 5.38893523656063
407106.059 6.0390289288336
414474.353 5.67698397431555
421842.647 5.73698237286127
429210.941 5.66681816466032
436579.235 6.67747589464806
443947.529 6.93880698139293
451315.824 5.69515942228417
458684.118 4.40776094532167
466052.412 6.00706065929033
473420.706 5.89308484790977
480789 6.06400960180573
488157.294 5.75009105462441
495525.588 4.61522541601946
502893.882 5.46094474302265
510262.176 4.11432923726259
517630.471 4.36098743198008
524998.765 3.63228548285671
532367.059 5.25212803864147
539735.353 6.93085432304945
547103.647 5.29414862007538
554471.941 3.7191330287067
561840.235 2.87907722979093
569208.529 3.18864728658607
576576.824 3.69638682361145
583945.118 4.58848424043021
591313.412 4.41912622703546
598681.706 3.24898707603004
606050 4.74098217522452
606051 4.33244187564496
625444.118 4.4039974722536
644837.235 4.60966615072957
664230.353 3.83488632640045
683623.471 5.1042510137679
703016.588 4.04241336140626
722409.706 3.88608825964639
741802.824 3.5040050965511
761195.941 5.01880079631383
780589.059 4.98912964753307
799982.176 4.50916168264058
819375.294 3.72258572488549
838768.412 3.93233847967044
858161.529 4.8858447480134
877554.647 4.88467673591442
896947.765 4.20143251494084
916340.882 3.77786189687156
935734 4.58242094933233
955127.118 3.34882677482107
974520.235 4.67213573080838
993913.353 2.45322038869434
1013306.471 3.6950625478077
1032699.588 3.33272337081371
1052092.706 4.55749961868859
1071485.824 3.49111571913854
1090878.941 3.85128606976788
1110272.059 4.24679515451692
1129665.176 2.72330147259838
1149058.294 2.83442397745619
1168451.412 3.02489139662649
1187844.529 0.621673746527461
1207237.647 3.6577620571634
1226630.765 1.91893670844049
1246023.882 3.47414824618874
1265417 2.74411967005719
1284810.118 1.73375511384726
1304203.235 2.55917601221974
1323596.353 4.25124516424027
1342989.471 3.31887142885723
1362382.588 5.6116251605671
1381775.706 2.29264302247403
1401168.824 3.08424779654803
1420561.941 3.49326650603229
1439955.059 3.77991135853708
1459348.176 4.04161373019125
1478741.294 3.84244561707926
1498134.412 3.0992272592095
1517527.529 3.59115758780278
1536920.647 NaN
1556313.765 2.93547151556838
1575706.882 3.29601223235407
1595100 2.62273974348492
1595100 2.41880616218638
1646141.765 3.62955690575927
1697183.529 2.89984831355929
1748225.294 2.79877778960346
1799267.059 2.29968257113544
1850308.824 3.49259992934396
1901350.588 2.80390194468323
1952392.353 2.48829755360469
2003434.118 2.00468345877252
2054475.882 2.63922711150636
2105517.647 3.13693210649821
2156559.412 3.2540361258698
2207601.176 2.88909380253508
2258642.941 2.53808878411204
2309684.706 2.39364169893367
2360726.471 3.91123354845458
2411768.235 2.01351772924027
2462810 3.20949284204203
2513851.765 2.9812079664232
2564893.529 3.07950136965469
2615935.294 2.41924863282076
2666977.059 3.20484055792794
2718018.824 1.79014635821854
2769060.588 2.35991264712493
2820102.353 1.13461257150627
2871144.118 2.94714894148383
2922185.882 3.32630548930482
2973227.647 1.63064370753561
3024269.412 3.05721861207398
3075311.176 3.44942512547906
3126352.941 2.65247301745173
3177394.706 1.8739287951887
3228436.471 2.28215937594535
3279478.235 3.72499564927217
3330520 2.0211304130668
3381561.765 1.82470171545127
3432603.529 2.44212571254318
3483645.294 2.62764025410763
3534687.059 2.12991956746433
3585728.824 3.0210494035742
3636770.588 2.01419004836376
3687812.353 2.07454717884354
3738854.118 1.34681644773521
3789895.882 1.59156968042399
3840937.647 2.04810283719604
3891979.412 2.18488862833
3943021.176 2.13981571401126
3994062.941 2.69837867748849
4045104.706 2.0081420018704
4096146.471 2.09604768742951
4147188.235 1.49041968333102
4198230 3.25683103663593
4198230 2.6508248108894
4332570.588 3.35260619862084
4466911.176 1.78335883062835
4601251.765 2.7992982759804
4735592.353 2.54731779919284
4869932.941 1.874804742156
5004273.529 2.86974381295793
5138614.118 2.52639178342633
5272954.706 2.69060806811941
5407295.294 2.30243646906137
5541635.882 1.9068046278823
5675976.471 2.28243080975362
5810317.059 2.14722745629763
5944657.647 2.44180230850997
6078998.235 1.94952942326627
6213338.824 2.08322668469869
6347679.412 2.11513437525754
6482020 2.20390692674575
6616360.588 1.34940016268505
6750701.176 2.53768015031572
6885041.765 2.32433186294654
7019382.353 2.27470008966574
7153722.941 2.70585062000948
7288063.529 1.13787048395253
7422404.118 2.19066190810538
7556744.706 2.25331643127204
7691085.294 2.44176205659917
7825425.882 2.041763026134
7959766.471 1.45868805429109
8094107.059 2.35449153400667
8228447.647 2.2089891336366
8362788.235 1.43529512322846
8497128.824 1.8579081619368
8631469.412 2.63967945390056
8765810 2.06575832975695
8900150.588 2.15067878006369
9034491.176 2.03978344299256
9168831.765 2.9135083437618
9303172.353 2.7275416331551
9437512.941 2.02648844214693
9571853.529 1.82686833071223
9706194.118 1.81704091692909
9840534.706 2.13360309665855
9974875.294 1.62834135969449
10109215.882 2.62838674853873
10243556.471 2.5527716623932
10377897.059 2.17554503929396
10512237.647 1.73880614563967
10646578.235 2.10168770748355
10780918.824 1.86211703546962
10915259.412 1.5387022653452
11049600 2.12476930628668
11049600 2.73904887209339
11403174.51 2.11203004816342
11756749.02 1.44094053373647
12110323.529 2.30852574035199
12463898.039 1.26196850261578
12817472.549 1.64491773108257
13171047.059 1.57166268675312
13524621.569 2.62799235990009
13878196.078 2.12796567063896
14231770.588 1.60233941166187
14585345.098 2.10640648717874
14938919.608 2.41445216730181
15292494.118 1.92175529156201
15646068.627 1.60623353154879
15999643.137 2.21972757935357
16353217.647 1.71456856762567
16706792.157 1.74540699209927
17060366.667 2.37245624113413
17413941.176 1.60715460448353
17767515.686 2.78798373573008
18121090.196 1.31593397510931
18474664.706 1.58488146983042
18828239.216 1.82212030942221
19181813.725 1.62437474882901
19535388.235 2.11819851970383
19888962.745 1.98833432093273
20242537.255 2.58281379828292
20596111.765 1.33958635488548
20949686.275 2.70337113832332
21303260.784 2.2647534965783
21656835.294 1.32960004512973
22010409.804 1.730787132587
22363984.314 2.48344840397004
22717558.824 2.00904105159955
23071133.333 2.37899760839807
23424707.843 1.27004325754801
23778282.353 1.72216734622069
24131856.863 2.08560364815047
24485431.373 2.4722978564676
24839005.882 2.85440233159169
25192580.392 2.19587681554588
25546154.902 1.39071586986993
25899729.412 1.34503595723469
26253303.922 2.09856691677813
26606878.431 1.86830109871581
26960452.941 2.05998876985577
27314027.451 2.26963594220813
27667601.961 2.37237553766605
28021176.471 1.88265268817567
28374750.98 2.63718823022447
28728325.49 1.49416072415085
29081900 2.42757654937818
29081900 2.34767369959829
30012498.039 2.59609754025151
30943096.078 2.08312225474072
31873694.118 1.87894208089376
32804292.157 1.79714779604423
33734890.196 2.01299375452306
34665488.235 1.93911900756216
35596086.275 1.64650768786331
36526684.314 1.84019606238626
37457282.353 2.38938395206008
38387880.392 2.16526996066081
39318478.431 2.35482008868066
40249076.471 1.82226392217925
41179674.51 2.08118625738704
42110272.549 2.08597210672168
43040870.588 1.92845369868508
43971468.627 2.60748005144673
44902066.667 2.8988821518353
45832664.706 1.86568662998931
46763262.745 3.31389565341387
47693860.784 3.09361477364726
48624458.824 1.83299273809174
49555056.863 2.49739521751382
50485654.902 2.26976372070981
51416252.941 1.16048177416837
52346850.98 1.79678183828421
53277449.02 1.40429430085162
54208047.059 1.50894486455148
55138645.098 2.41895767437273
56069243.137 1.84882471185355
56999841.176 NaN
57930439.216 2.04120346133644
58861037.255 1.9171507144386
59791635.294 1.82319123229218
60722233.333 2.25334491658144
61652831.373 1.16123780877657
62583429.412 1.06361908550564
63514027.451 1.41334636361172
64444625.49 1.36055500199697
65375223.529 1.76650150698486
66305821.569 NaN
67236419.608 NaN
68167017.647 2.43382098597648
69097615.686 1.46260024979072
70028213.725 1.88098674445116
70958811.765 1.46391928841382
71889409.804 1.84274061835585
72820007.843 2.08977086366936
73750605.882 1.16646001990086
74681203.922 3.3422466038768
75611801.961 NaN
76542400 2.66248380425946
76542400 1.21410670600174
78991686.275 1.60346143547399
81440972.549 1.76882413889924
83890258.824 NaN
86339545.098 2.84787446274946
88788831.373 6.99922385309039
91238117.647 NaN
93687403.922 1.45838982622545
96136690.196 NaN
98585976.471 NaN
101035262.745 NaN
103484549.02 NaN
105933835.294 NaN
108383121.569 NaN
110832407.843 1.57233077969058
113281694.118 NaN
115730980.392 NaN
118180266.667 NaN
120629552.941 2.98530160623175
123078839.216 1.7886079444939
125528125.49 2.53754536206888
127977411.765 6.04143475958466
130426698.039 1.87167806357837
132875984.314 0.759366231055966
135325270.588 NaN
137774556.863 3.67120701795912
140223843.137 NaN
142673129.412 NaN
145122415.686 2.72132581512755
147571701.961 2.72763449488004
150020988.235 3.68241493612622
152470274.51 4.91014964604811
154919560.784 2.02523786570632
157368847.059 NaN
159818133.333 6.66544292404731
162267419.608 NaN
164716705.882 NaN
167165992.157 NaN
169615278.431 6.38609485093459
172064564.706 6.67138849834616
174513850.98 6.17587595977271
176963137.255 NaN
179412423.529 7.22568668090136
181861709.804 NaN
184310996.078 4.22764452447035
186760282.353 5.94906093566764
189209568.627 NaN
191658854.902 NaN
194108141.176 NaN
196557427.451 3.41684938406391
199006713.725 3.93728707113542
201456000 NaN
