101 244.239367132545
104.18 218.308309560992
107.361 187.316756061589
110.541 184.454934456131
113.721 95.5394736735031
116.902 169.821565775958
120.082 204.08190673963
123.262 239.608657545029
126.443 238.322660890701
129.623 233.835010913625
132.803 172.965868124438
135.983 187.184434386085
139.164 167.884704606477
142.344 65.2527335739735
145.524 135.106109821085
148.705 332.959407442335
151.885 431.213471116471
155.065 401.769594106511
158.246 232.997353855203
161.426 173.709595256755
164.606 172.183365489905
167.787 161.91524045588
170.967 155.940604371133
174.147 124.547794405009
177.328 142.503012059144
180.508 173.985342642462
183.688 134.597154275892
186.868 162.137418262409
190.049 167.640727644505
193.229 148.181054449214
196.409 154.976779982249
199.59 188.942082168656
202.77 182.839888897914
205.95 213.404583597112
209.131 186.521924187628
212.311 154.323756895012
215.491 137.51766565725
218.672 161.716102727225
221.852 166.266140225999
225.032 184.459657369782
228.213 176.396687727448
231.393 197.172392716496
234.573 188.784710494731
237.753 148.388720429874
240.934 115.281047447659
244.114 145.331734342437
247.294 174.988933059846
250.475 180.627443250409
253.655 177.357298075906
256.835 156.363109774924
260.016 163.395123630734
263.196 164.077007079748
264.196 169.987539795194
272.598 159.942429191775
281.001 158.848072305932
289.403 154.200989892725
297.806 136.251744563523
306.208 116.07737203888
314.611 80.5133621202135
323.013 82.688001701824
331.415 133.984395251209
339.818 155.06552885645
348.22 152.592357631582
356.623 148.602332045051
365.025 154.70685706569
373.428 144.722549833996
381.83 115.964312501087
390.232 105.582919130419
398.635 124.743127368072
407.037 120.686657435831
415.44 107.787551165031
423.842 97.863830490091
432.245 95.4538323456438
440.647 93.7786612212838
449.049 94.5055703981048
457.452 94.4489447809468
465.854 118.134349296825
474.257 131.685403577855
482.659 133.914568902837
491.062 126.098796877936
499.464 111.288823275506
507.867 87.1299728147142
516.269 88.2691015426442
524.671 91.104783739766
533.074 95.418935071346
541.476 96.6417372693881
549.879 93.7013956973153
558.281 94.3458033700872
566.684 97.5906427257816
575.086 88.8857319851077
583.488 83.8875352498962
591.891 77.887671984845
600.293 80.9259681535258
608.696 82.0135538114144
617.098 90.8341598074931
625.501 87.6875982224755
633.903 87.7565474922148
642.305 98.6088331743286
650.708 101.038834973057
659.11 109.697892630401
667.513 119.214823819864
675.915 114.267135186978
684.318 93.640479913719
692.72 76.1712463870166
693.72 87.4296887990573
715.867 69.9059119589839
738.014 80.447128972346
760.161 100.784527429313
782.307 105.687532964522
804.454 106.131281903162
826.601 97.8394784097353
848.748 98.2096667952085
870.895 78.8366749031188
893.042 82.6636894511315
915.189 70.5387993004783
937.335 97.9260803917011
959.482 111.068970522912
981.629 50.9515065264152
1003.776 13.0627055773832
1025.923 85.5222494436775
1048.07 93.398778139724
1070.217 73.0376311948231
1092.364 75.827989752669
1114.51 76.302997967344
1136.657 52.9652905806877
1158.804 84.5318869372191
1180.951 71.5825833789243
1203.098 75.0748275689876
1225.245 77.3031087577234
1247.392 74.1654369335203
1269.538 70.5079043926438
1291.685 54.4316169037265
1313.832 69.2137711273204
1335.979 74.4922531495921
1358.126 67.891245533295
1380.273 67.1026545252223
1402.42 83.4651957873662
1424.566 66.4494895198594
1446.713 61.8129513889561
1468.86 66.8423897329821
1491.007 59.0293187831036
1513.154 56.4408022951116
1535.301 40.6522493432397
1557.448 52.6223480475599
1579.595 57.1501654011835
1601.741 57.2652649145848
1623.888 37.329876317083
1646.035 46.168030381866
1668.182 49.058691844442
1690.329 37.4205504939358
1712.476 41.4996253107396
1734.623 52.4249424703974
1756.769 58.5042470579355
1778.916 46.7116571120209
1801.063 40.6673197055605
1823.21 55.1706231962161
1824.21 50.5344061469032
1882.531 42.8152636813084
1940.853 49.3186546882674
1999.174 54.4130597134335
2057.495 53.0717590797615
2115.817 60.8446437918986
2174.138 47.3956055407977
2232.46 52.4077823474344
2290.781 59.9588289554143
2349.102 56.3087323691097
2407.424 45.0349986100162
2465.745 38.976830756705
2524.066 35.7603677970424
2582.388 48.0391755172424
2640.709 39.991858508077
2699.031 50.0482602223588
2757.352 50.1332124822535
2815.673 44.0711029311191
2873.995 42.4666226802135
2932.316 55.8999118156369
2990.637 54.5187778973109
3048.959 37.1451638283524
3107.28 50.3162474980542
3165.602 53.4925745789879
3223.923 41.6390680070189
3282.244 31.6138748057656
3340.566 35.856331143333
3398.887 34.2946525439147
3457.208 38.732280180752
3515.53 27.7759991613658
3573.851 32.0165905047361
3632.173 34.3039653695936
3690.494 36.8557191168434
3748.815 44.8992813579505
3807.137 40.7452166075402
3865.458 25.1577002671666
3923.779 26.1117299323595
3982.101 30.3787310378129
4040.422 36.9626216842262
4098.744 30.0293819492253
4157.065 23.1601602256315
4215.386 34.4689263204281
4273.708 46.5846890571978
4332.029 31.6215895338184
4390.35 23.0954083078758
4448.672 33.3061149940327
4506.993 41.9015833597067
4565.315 38.8295526711909
4623.636 40.0911233648808
4681.957 37.2051041147661
4740.279 38.4598943478847
4798.6 34.7539734295125
4799.6 43.137006285518
4953.131 37.6275067149297
5106.663 32.3173558291564
5260.194 27.1689146192398
5413.725 31.2756061266006
5567.257 33.4390710810833
5720.788 41.4640883004271
5874.32 30.2907849653628
6027.851 34.5541529746334
6181.382 34.5185744064425
6334.914 36.7596117912174
6488.445 29.2730790451565
6641.976 31.3958238462515
6795.508 42.3703236598032
6949.039 30.6018684484673
7102.571 26.4116945658031
7256.102 27.5597274396885
7409.633 32.596141014397
7563.165 37.3019638003456
7716.696 30.5355828105442
7870.227 27.6985637858945
8023.759 24.1067900950232
8177.29 30.2907970997857
8330.822 28.461315836944
8484.353 26.982662168302
8637.884 22.9867856781745
8791.416 31.0549068330312
8944.947 25.1780490749691
9098.478 23.9716443674082
9252.01 25.4835484460213
9405.541 20.8474265540212
9559.073 24.8675324357262
9712.604 23.4438684362239
9866.135 20.5628762515458
10019.667 22.036029381555
10173.198 24.7252238380041
10326.729 29.9200518279019
10480.261 30.3265941200369
10633.792 27.7331537717137
10787.324 21.3459398524141
10940.855 20.7438374151204
11094.386 24.6946272695185
11247.918 22.3644383329358
11401.449 19.4130828841401
11554.98 21.8301017966369
11708.512 26.1990474825604
11862.043 24.9288131785653
12015.575 17.2329195582187
12169.106 18.0351457409105
12322.637 16.1335589551854
12476.169 20.1148627484136
12629.7 22.7093886284509
12630.7 24.7935768585535
13034.822 23.6492778783903
13438.943 23.6828807493644
13843.065 22.0106143588481
14247.186 17.36210915023
14651.308 19.9294121707508
15055.429 23.4143926952768
15459.551 22.1056744455517
15863.673 23.4603070534835
16267.794 22.0862392468057
16671.916 26.0400530854766
17076.037 27.4237793257642
17480.159 25.462716925726
17884.28 25.3181723814872
18288.402 23.7098764102241
18692.524 24.7112419561257
19096.645 22.1157918036688
19500.767 19.3439891325822
19904.888 20.8700440280898
20309.01 19.5062290298508
20713.131 18.455019315892
21117.253 17.3149266216315
21521.375 19.843868130543
21925.496 21.6963258001926
22329.618 20.4905024503338
22733.739 19.7147898259599
23137.861 16.0111996111107
23541.982 14.4503038401458
23946.104 14.7042924830002
24350.225 16.3796836510531
24754.347 15.8897233463141
25158.469 17.7179999830045
25562.59 16.8514376038309
25966.712 18.9131029561194
26370.833 16.5173190718984
26774.955 14.2514496463171
27179.076 14.9852675548354
27583.198 14.955868324488
27987.32 15.2557142113575
28391.441 14.8668087986104
28795.563 15.0905304736968
29199.684 14.6861217427435
29603.806 15.8418774663971
30007.927 16.5079101812149
30412.049 18.3756097260119
30816.171 21.8214889616898
31220.292 21.2449154506348
31624.414 21.0669585324965
32028.535 21.6265425326799
32432.657 18.2550717468552
32836.778 13.9356927811426
33240.9 11.328228994657
33241.9 20.939934626431
34305.559 19.5291115593126
35369.218 18.2204816548837
36432.876 15.3595606967088
37496.535 13.5368290106052
38560.194 13.4674407950165
39623.853 17.1093802246917
40687.512 15.7314564024069
41751.171 14.2726127585884
42814.829 10.5950760796565
43878.488 11.1506714253062
44942.147 11.6029696933892
46005.806 12.6596534029506
47069.465 15.2118735956648
48133.124 18.3561144228713
49196.782 15.6944873899881
50260.441 12.1464211557678
51324.1 13.2633732747864
52387.759 15.6872233961104
53451.418 17.1133167625373
54515.076 13.5888408320437
55578.735 12.2484109647585
56642.394 11.0482036273398
57706.053 12.2446628966157
58769.712 13.0293918622465
59833.371 15.3856309694748
60897.029 17.6964764397129
61960.688 18.4003985019675
63024.347 13.3117390381309
64088.006 10.8521019948793
65151.665 9.73706242473679
66215.324 9.58615724134224
67278.982 8.96270959204628
68342.641 10.2305785614106
69406.3 11.4583683409061
70469.959 11.7846760777733
71533.618 12.6467497476729
72597.276 10.7225689570099
73660.935 10.3651614800457
74724.594 12.5397531981398
75788.253 13.8542280039068
76851.912 16.5204986003846
77915.571 16.7383283119012
78979.229 15.9730638576599
80042.888 13.7756264613464
81106.547 13.3078019711006
82170.206 11.8762070063478
83233.865 10.745640506564
84297.524 10.8873645321554
85361.182 10.6814617029348
86424.841 11.4759987855716
87488.5 12.4069652541636
87489.5 11.2547624189303
90289.039 10.6046061588772
93088.578 9.97563130097655
95888.118 10.2660940966222
98687.657 10.0246677469496
101487.196 9.89428571455967
104286.735 9.53055842511218
107086.275 9.90404254467471
109885.814 12.2882902154979
112685.353 12.9281922753669
115484.892 11.8878998755576
118284.431 10.2062487666875
121083.971 10.4932791890426
123883.51 10.5636198054171
126683.049 10.7049152457741
129482.588 10.6624477980791
132282.127 9.62459551354063
135081.667 9.20022514700741
137881.206 8.55551184117878
140680.745 6.7659016768193
143480.284 5.797266931284
146279.824 5.32319050940663
149079.363 6.58782561782769
151878.902 6.95658297573661
154678.441 7.72480832663167
157477.98 7.86372527390731
160277.52 8.23142679563353
163077.059 9.56525340882606
165876.598 9.50130277742492
168676.137 9.74156448685973
171475.676 9.73908153735571
174275.216 8.97627615373636
177074.755 8.04273878918312
179874.294 7.49510702497643
182673.833 7.30535824816585
185473.373 7.46151821958748
188272.912 7.23169841710083
191072.451 7.04903496226619
193871.99 6.40523795092178
196671.529 7.46232083109331
199471.069 8.36083748881068
202270.608 8.94700843781425
205070.147 9.45513826465321
207869.686 7.42058441729419
210669.225 4.9265047901507
213468.765 4.06094636583304
216268.304 4.85461754172257
219067.843 5.74807580874516
221867.382 6.48061827233528
224666.922 7.88562474090698
227466.461 8.57035130404422
230266 8.15903235422757
230267 7.66969338608616
237635.294 6.34425200422565
245003.588 NaN
252371.882 NaN
259740.176 36.2428991122759
267108.471 5.13794730397704
274476.765 5.40283332431147
281845.059 6.05742345302735
289213.353 7.3212979711168
296581.647 4.67816998790729
303949.941 8.08735411047549
311318.235 7.7826951961404
318686.529 6.57796414737688
326054.824 5.72786123117687
333423.118 5.81237194551333
340791.412 4.89494882128284
348159.706 5.20808408473017
355528 6.93303942557675
362896.294 6.97634690659379
370264.588 6.20321327452886
377632.882 5.80582836698291
385001.176 5.9715605362545
392369.471 3.81537797553601
399737.765 6.20919360072751
407106.059 5.06270512896033
414474.353 4.67215080755915
421842.647 6.77396157010236
429210.941 3.43255260821624
436579.235 3.89741042074648
443947.529 5.18772097110132
451315.824 4.55780453081602
458684.118 4.54911239014085
466052.412 4.76237717436418
473420.706 5.15765265837019
480789 4.10384510381548
488157.294 6.20363785482317
495525.588 3.99364315740104
502893.882 NaN
510262.176 3.13739926905193
517630.471 6.57116585857396
524998.765 5.16634780236114
532367.059 4.70752659913232
539735.353 5.66805360979033
547103.647 4.35844198766162
554471.941 4.5580211368597
561840.235 5.36595057470269
569208.529 4.13924158731335
576576.824 5.52121894455141
583945.118 5.2776400417138
591313.412 3.26081424087128
598681.706 5.49056408404545
606050 4.19838455773401
606051 4.32780165445551
625444.118 3.86978115558163
644837.235 3.78456252667511
664230.353 3.74153901530041
683623.471 5.63146801161707
703016.588 6.37546688667409
722409.706 4.67717673813348
741802.824 4.48250789202755
761195.941 6.05989627122214
780589.059 3.01407757759178
799982.176 4.50217888723883
819375.294 5.05973074642297
838768.412 5.15892232580811
858161.529 5.1266077041453
877554.647 5.82389687490753
896947.765 4.95450349276937
916340.882 4.35441343902421
935734 3.59114201449993
955127.118 5.05048080071491
974520.235 5.41443209988355
993913.353 4.15001561098435
1013306.471 2.93935634338344
1032699.588 3.72353263898417
1052092.706 3.69154787964609
1071485.824 3.76410444529371
1090878.941 3.11207993503509
1110272.059 3.57084482204857
1129665.176 NaN
1149058.294 4.65150702866719
1168451.412 4.8023545310715
1187844.529 NaN
1207237.647 NaN
1226630.765 3.11088888087979
1246023.882 NaN
1265417 2.74487995377524
1284810.118 4.7183788773239
1304203.235 2.04320759560061
1323596.353 4.59471038644722
1342989.471 3.12749150569977
1362382.588 4.61966572503333
1381775.706 2.69284428175623
1401168.824 3.51300988641855
1420561.941 4.20183962442125
1439955.059 3.85162143096105
1459348.176 4.83287794390697
1478741.294 4.40378372839367
1498134.412 2.56303513231894
1517527.529 4.42104664440237
1536920.647 3.3446894694533
1556313.765 4.52313767590787
1575706.882 4.25825780051021
1595100 5.86078257549998
1595100 3.16967710639806
1646141.765 3.68609208624246
1697183.529 NaN
1748225.294 2.62706936026218
1799267.059 1.89405573169987
1850308.824 1.90413874546173
1901350.588 2.9041003929294
1952392.353 NaN
2003434.118 3.57483996231064
2054475.882 1.82553911813731
2105517.647 2.91314345639078
2156559.412 3.71096789523925
2207601.176 3.85729547717249
2258642.941 3.15202070032106
2309684.706 2.93706283199507
2360726.471 1.52842977597648
2411768.235 3.69955104051873
2462810 4.30075928438301
2513851.765 3.19025500998528
2564893.529 NaN
2615935.294 2.25917649462473
2666977.059 4.80519056919654
2718018.824 2.15191321449732
2769060.588 2.99079464202755
2820102.353 4.34071574500123
2871144.118 4.23756265904989
2922185.882 1.61375579037954
2973227.647 4.32005498641859
3024269.412 4.28077733059894
3075311.176 3.24050339749886
3126352.941 2.25536664689661
3177394.706 2.6077598343105
3228436.471 NaN
3279478.235 2.91273795617122
3330520 2.75681588446401
3381561.765 2.75942609051027
3432603.529 3.81417418699724
3483645.294 3.67414519955751
3534687.059 2.55704218992937
3585728.824 2.59549771763457
3636770.588 2.59627774529153
3687812.353 3.01533230872247
3738854.118 2.93656640210889
3789895.882 2.53562103574744
3840937.647 3.53211718272409
3891979.412 3.93754736246491
3943021.176 2.45161342047602
3994062.941 4.1831223059378
4045104.706 3.562905069765
4096146.471 3.79857534107912
4147188.235 3.16957808659937
4198230 3.27754701616217
4198230 2.9857000543703
4332570.588 1.83711835116582
4466911.176 3.40104254029339
4601251.765 3.37390076676089
4735592.353 2.82028434927571
4869932.941 3.18260533175464
5004273.529 3.79234090294987
5138614.118 3.29209159329894
5272954.706 4.06122440602767
5407295.294 2.0759831904371
5541635.882 3.68700314752271
5675976.471 4.03797341520418
5810317.059 2.26380271740377
5944657.647 NaN
6078998.235 2.90413841795922
6213338.824 1.49330418281055
6347679.412 2.77803789639114
6482020 2.98254379873546
6616360.588 2.41862096382385
6750701.176 4.99274330535055
6885041.765 3.05557250462268
7019382.353 4.16217867947579
7153722.941 2.46633585646039
7288063.529 4.23219923320367
7422404.118 3.40279756386919
7556744.706 2.65294620913047
7691085.294 3.31704748279027
7825425.882 3.27557198021482
7959766.471 2.79119461953251
8094107.059 2.61759671435793
8228447.647 2.34980415592507
8362788.235 3.34041890619277
8497128.824 NaN
8631469.412 3.48926726543293
8765810 2.14704235494229
8900150.588 3.40346905074475
9034491.176 2.77083140064869
9168831.765 2.54245023708079
9303172.353 2.55432228235339
9437512.941 3.23875665940984
9571853.529 3.06826830304523
9706194.118 2.50798991143744
9840534.706 2.12343485667702
9974875.294 3.37219884485993
10109215.882 3.26874726030867
10243556.471 2.27925768353126
10377897.059 2.99502120296962
10512237.647 3.08760684747003
10646578.235 2.09119161771979
10780918.824 3.27954461896134
10915259.412 0.998586363429598
11049600 2.77084161522044
11049600 3.20657666349589
11403174.51 3.50060051609632
11756749.02 1.98858319146376
12110323.529 2.14225629736953
12463898.039 3.19850377704426
12817472.549 2.94088363654885
13171047.059 1.62479867431636
13524621.569 2.75479704633069
13878196.078 2.52779580631906
14231770.588 2.96973430998837
14585345.098 2.11517844819017
14938919.608 3.05116608961478
15292494.118 3.22952553073653
15646068.627 1.88276909224045
15999643.137 2.26186317580097
16353217.647 1.42643687904089
16706792.157 2.97342070576976
17060366.667 1.71448135108187
17413941.176 2.0491055895429
17767515.686 1.29368426146693
18121090.196 2.47630096735252
18474664.706 3.3010200717582
18828239.216 2.42580934602765
19181813.725 2.43998976720345
19535388.235 2.56589679679568
19888962.745 2.9880945489691
20242537.255 2.79471550886404
20596111.765 2.85536741002371
20949686.275 2.27460272873539
21303260.784 0.955624604841821
21656835.294 3.42305346079442
22010409.804 2.37933949418318
22363984.314 2.4749274888769
22717558.824 4.0723720427877
23071133.333 3.83061100976793
23424707.843 0.884656251763881
23778282.353 1.97433554795394
24131856.863 2.08225145430922
24485431.373 4.1368938384176
24839005.882 2.73088406122958
25192580.392 2.45882190659831
25546154.902 2.99410557356352
25899729.412 3.76349932261278
26253303.922 3.07856244884317
26606878.431 3.66152614472509
26960452.941 2.45796170582021
27314027.451 3.53172734128532
27667601.961 3.0807672994825
28021176.471 3.1878536841234
28374750.98 3.80486892318665
28728325.49 3.71615477382712
29081900 2.12705290006508
29081900 3.43478090477623
30012498.039 3.12698556546425
30943096.078 0.403395119483632
31873694.118 2.27064303676633
32804292.157 3.83347773005981
33734890.196 1.55400914573992
34665488.235 1.26745266843565
35596086.275 3.30964336033084
36526684.314 1.97824697455228
37457282.353 2.46269023232456
38387880.392 3.28489066923325
39318478.431 3.96967513564416
40249076.471 2.5820388631953
41179674.51 2.39583794357927
42110272.549 3.67003007420863
43040870.588 3.40215158742707
43971468.627 3.35973086408895
44902066.667 3.31812743053562
45832664.706 4.08508430409662
46763262.745 4.94352244480781
47693860.784 1.93078601471429
48624458.824 3.14685755904574
49555056.863 3.73972394830126
50485654.902 3.43199892918169
51416252.941 2.72090530771798
52346850.98 3.12391588509027
53277449.02 2.66949366814519
54208047.059 3.26614397307039
55138645.098 3.24540945147667
56069243.137 2.24081192445832
56999841.176 3.00704334830299
57930439.216 4.33168826031367
58861037.255 4.44007309444208
59791635.294 2.62923185352901
60722233.333 4.80091118433172
61652831.373 NaN
62583429.412 NaN
63514027.451 3.40470570015231
64444625.49 2.98051851679624
65375223.529 1.88019984993853
66305821.569 2.80418455269138
67236419.608 2.27261411524098
68167017.647 1.58036621208725
69097615.686 2.88694987913119
70028213.725 NaN
70958811.765 4.47851450511081
71889409.804 NaN
72820007.843 1.92158620975105
73750605.882 NaN
74681203.922 NaN
75611801.961 NaN
76542400 4.74505750660727
76542400 NaN
78991686.275 NaN
81440972.549 NaN
83890258.824 NaN
86339545.098 2.71854575625655
88788831.373 NaN
91238117.647 NaN
93687403.922 NaN
96136690.196 NaN
98585976.471 NaN
101035262.745 NaN
103484549.02 NaN
105933835.294 NaN
108383121.569 4.65094210623609
110832407.843 NaN
113281694.118 NaN
115730980.392 7.12988174435166
118180266.667 NaN
120629552.941 NaN
123078839.216 7.01897155473436
125528125.49 6.90720708443451
127977411.765 7.0698619919997
130426698.039 7.19344678660022
132875984.314 NaN
135325270.588 NaN
137774556.863 NaN
140223843.137 8.85387397635139
142673129.412 NaN
145122415.686 7.12157462719128
147571701.961 NaN
150020988.235 5.2569034122404
152470274.51 12.7707113042557
154919560.784 6.45937258484248
157368847.059 NaN
159818133.333 NaN
162267419.608 14.5691756577983
164716705.882 NaN
167165992.157 NaN
169615278.431 NaN
172064564.706 21.1866256971526
174513850.98 16.9432538527007
176963137.255 18.0266431438856
179412423.529 NaN
181861709.804 7.76560703097477
184310996.078 NaN
186760282.353 NaN
189209568.627 NaN
191658854.902 9.69439240688785
194108141.176 NaN
196557427.451 NaN
199006713.725 NaN
201456000 NaN
