101 145.35229882288
104.18 159.153123198465
107.361 229.924131151837
110.541 206.717094163993
113.721 139.983641387789
116.902 81.018062736841
120.082 140.366405273047
123.262 157.641691391301
126.443 129.612245969902
129.623 110.662309569411
132.803 104.854229210206
135.983 81.7702962881521
139.164 59.0972743463748
142.344 18.3343144175086
145.524 NaN
148.705 NaN
151.885 NaN
155.065 NaN
158.246 67.6083334131953
161.426 136.26214309783
164.606 130.213094113826
167.787 126.508571365941
170.967 91.6049062484503
174.147 95.8986524176976
177.328 121.864512521083
180.508 119.886715531306
183.688 134.776466994061
186.868 148.930861422139
190.049 148.911105143468
193.229 132.683042274468
196.409 117.680680991995
199.59 105.660062425153
202.77 105.995736275646
205.95 86.8803737268932
209.131 74.6758239120284
212.311 74.9072882274559
215.491 77.8436969213111
218.672 77.0706546249184
221.852 74.9742067100508
225.032 70.7708152051582
228.213 82.0861857842363
231.393 99.3452519094155
234.573 92.9135457951705
237.753 55.6097686560602
240.934 64.3043283157104
244.114 85.8088682938281
247.294 80.0541854661576
250.475 70.6471613826688
253.655 65.4138866453348
256.835 67.8301127803173
260.016 86.7912905002376
263.196 86.4183594395937
264.196 76.1063284126875
272.598 73.8338606498997
281.001 71.5826153922007
289.403 73.9728269948613
297.806 77.2105070275257
306.208 76.2252886026408
314.611 64.9127144997464
323.013 60.1907028777397
331.415 61.2013093887314
339.818 62.8195633169283
348.22 59.3103756485361
356.623 57.8043902367565
365.025 58.8999890260457
373.428 58.9387041361988
381.83 67.3565192680183
390.232 73.9814542941688
398.635 61.0702460394212
407.037 54.4712974703081
415.44 54.9802616370346
423.842 64.8503002927025
432.245 70.4738174427885
440.647 79.5640512386377
449.049 76.9429166683847
457.452 77.3090535349305
465.854 68.8950706752277
474.257 62.3859513881421
482.659 58.7944866943503
491.062 58.4576343689451
499.464 63.9231218547011
507.867 71.7636137954932
516.269 69.833725956931
524.671 62.6812114874011
533.074 62.7066977283061
541.476 67.6712323616901
549.879 69.2291848907627
558.281 65.1613471345735
566.684 55.1112947128358
575.086 51.711155196133
583.488 54.7840050909444
591.891 57.7878884497545
600.293 62.4729083530984
608.696 60.7545829753672
617.098 62.9394539525148
625.501 56.6916260662617
633.903 49.7560603440072
642.305 50.3296693924101
650.708 55.1364960045465
659.11 60.110485217713
667.513 60.6728658967844
675.915 53.9436543208335
684.318 48.8290806259745
692.72 53.9717419103952
693.72 54.6981397064465
715.867 73.6806994609745
738.014 56.2309778598046
760.161 51.9833309287153
782.307 43.0517987240392
804.454 38.7551554047966
826.601 52.0898456342621
848.748 52.0592301514033
870.895 49.182014152292
893.042 58.0528622555446
915.189 54.1655459949954
937.335 47.5055525068197
959.482 53.330344464529
981.629 54.6990323465888
1003.776 60.1088586006009
1025.923 45.9698559642535
1048.07 42.1037141844487
1070.217 53.4026795801907
1092.364 49.5137425537885
1114.51 42.5863521048324
1136.657 40.105451111067
1158.804 37.84653910809
1180.951 41.3193904451146
1203.098 34.0203410569424
1225.245 23.1309274416196
1247.392 41.4255653609689
1269.538 33.3262547473829
1291.685 29.674814934462
1313.832 34.5794631073999
1335.979 35.4324532092668
1358.126 45.5377504765535
1380.273 29.7179479997073
1402.42 35.427165199958
1424.566 31.3827236783619
1446.713 36.1154369109065
1468.86 40.745204685719
1491.007 43.690016555311
1513.154 44.3159499921132
1535.301 51.5425451163263
1557.448 36.7686965318521
1579.595 41.9327230396528
1601.741 32.3453881471812
1623.888 28.423397268099
1646.035 28.0210559984929
1668.182 23.5151332221013
1690.329 28.6178769649319
1712.476 33.0653426518766
1734.623 41.2496649824725
1756.769 43.4001780186221
1778.916 41.422549124665
1801.063 52.2100010693952
1823.21 39.4724255239511
1824.21 28.1121268992947
1882.531 32.5555085894173
1940.853 37.652020600247
1999.174 37.1861278601595
2057.495 29.9605880476833
2115.817 29.9945626022297
2174.138 23.0276777530826
2232.46 20.412564234302
2290.781 22.9401992961401
2349.102 28.6330401806793
2407.424 29.2041773324518
2465.745 39.4666010154897
2524.066 43.0092305853014
2582.388 28.538083861348
2640.709 28.1192559043917
2699.031 26.9223042451186
2757.352 33.3065256324175
2815.673 30.9824143089726
2873.995 17.702167913762
2932.316 20.2912700022783
2990.637 29.8360713666101
3048.959 31.4995294950825
3107.28 24.8901451716698
3165.602 24.6756278027419
3223.923 23.4984330050699
3282.244 29.7097259609829
3340.566 26.6885853524538
3398.887 21.1884325351745
3457.208 29.6840228747359
3515.53 24.7192893498801
3573.851 20.8421674824745
3632.173 18.427830170808
3690.494 24.8889657387576
3748.815 17.5593814945471
3807.137 13.4565276214475
3865.458 19.9735883386637
3923.779 23.1340775079627
3982.101 26.8197065211124
4040.422 25.0392983589601
4098.744 19.936427839099
4157.065 18.1864450201699
4215.386 25.4251681068915
4273.708 22.5813520779613
4332.029 23.5120751640839
4390.35 23.1970239294889
4448.672 24.8242289188443
4506.993 19.7151081360375
4565.315 15.8862898473243
4623.636 20.5437536374728
4681.957 22.1629621508377
4740.279 24.9885072734767
4798.6 24.5659042293135
4799.6 21.9718229597479
4953.131 24.5297348493737
5106.663 25.5432063703628
5260.194 30.6604846780419
5413.725 29.3412557514549
5567.257 25.1050065856133
5720.788 22.5990939728874
5874.32 20.7917297207136
6027.851 21.4496339525969
6181.382 20.8434639353239
6334.914 22.7676532133978
6488.445 21.1745290647494
6641.976 18.2726816705162
6795.508 24.7382150893936
6949.039 23.6353349799291
7102.571 22.9118297710901
7256.102 22.8173811843207
7409.633 20.7602702048275
7563.165 20.372883267453
7716.696 14.6695491637672
7870.227 13.4916279695442
8023.759 14.9597287207923
8177.29 15.9892749150802
8330.822 18.7469257234265
8484.353 17.1058057205914
8637.884 15.1249877976327
8791.416 11.4816573696166
8944.947 19.5945339359636
9098.478 19.4165483079404
9252.01 16.7922915787143
9405.541 13.2370692180453
9559.073 11.9622682843805
9712.604 12.9083538012273
9866.135 16.032873269604
10019.667 17.4818986175636
10173.198 18.3754227169837
10326.729 16.4658344577848
10480.261 13.7794569574421
10633.792 18.2186138091422
10787.324 17.9064090785807
10940.855 17.1773653474612
11094.386 14.3301487834034
11247.918 15.9891508146231
11401.449 15.7952907010288
11554.98 15.4535284967395
11708.512 11.6042421833799
11862.043 15.8120675478837
12015.575 21.4412430550177
12169.106 18.0769992023971
12322.637 16.1248760650793
12476.169 19.8103670190558
12629.7 15.1296727665668
12630.7 12.8574279470307
13034.822 11.9749811840336
13438.943 14.3286669942673
13843.065 14.1726746098475
14247.186 11.8206064991586
14651.308 12.8950405115065
15055.429 12.9865653676628
15459.551 13.069513884532
15863.673 10.930969065834
16267.794 11.4876246098603
16671.916 13.891309227759
17076.037 16.5830937149643
17480.159 16.0774318059842
17884.28 13.1989050974886
18288.402 11.618503457838
18692.524 12.7990121456528
19096.645 15.9713030862672
19500.767 15.3584411169061
19904.888 11.9578193407157
20309.01 8.83425910967071
20713.131 11.5191771949943
21117.253 13.6736919737462
21521.375 13.9556045984214
21925.496 13.1724663357224
22329.618 12.4568299989709
22733.739 11.8875303423563
23137.861 12.4181273725714
23541.982 11.9685292863199
23946.104 11.1457020989658
24350.225 10.5359969108497
24754.347 9.78406805618833
25158.469 8.47191391518391
25562.59 8.39857856399093
25966.712 9.43900702821358
26370.833 8.43497328527227
26774.955 6.97814966946245
27179.076 8.41742495693211
27583.198 8.78794988612947
27987.32 8.17837446569473
28391.441 9.68844900594516
28795.563 11.0791654942755
29199.684 9.22733265050619
29603.806 7.49907888775926
30007.927 6.19832122363807
30412.049 7.05616154147935
30816.171 7.02932967721206
31220.292 7.25742089539504
31624.414 8.68675681182134
32028.535 10.5898688938067
32432.657 12.1330995910809
32836.778 10.8701604031693
33240.9 9.52663166879619
33241.9 8.02357636914787
34305.559 7.44149518906816
35369.218 6.80268641189461
36432.876 7.23909300504375
37496.535 8.42962221554908
38560.194 9.39436549748418
39623.853 8.86706758391268
40687.512 8.55336673441996
41751.171 8.20642299687417
42814.829 8.58990106064109
43878.488 9.36743820928127
44942.147 8.77046596875879
46005.806 7.5293525947844
47069.465 6.60554068499336
48133.124 6.87129082209022
49196.782 6.92333738679538
50260.441 6.91903769752588
51324.1 5.53203594892041
52387.759 5.52499427375913
53451.418 6.23827401269122
54515.076 7.82105111834637
55578.735 8.46324220385342
56642.394 8.26454759300278
57706.053 7.45075870034848
58769.712 7.02284350038026
59833.371 7.4937570369067
60897.029 7.5031498792369
61960.688 7.42026228581868
63024.347 7.49605290022959
64088.006 7.38546793517692
65151.665 6.28248078378047
66215.324 5.88310662189325
67278.982 6.46343001968415
68342.641 7.98324400815624
69406.3 8.17206810536369
70469.959 7.91237165389424
71533.618 6.96002556856432
72597.276 6.44886244000776
73660.935 6.26932335895856
74724.594 5.42629794546754
75788.253 5.64611046020359
76851.912 5.65736222858177
77915.571 5.40836096224032
78979.229 5.03027392981791
80042.888 5.39175094061042
81106.547 6.12993549790575
82170.206 7.05631682434074
83233.865 6.38635626601172
84297.524 5.3781640492088
85361.182 3.57430706558754
86424.841 3.10535437366382
87488.5 3.48563738214252
87489.5 6.81460794653253
90289.039 6.37972503190693
93088.578 6.02517148485095
95888.118 5.0649835894935
98687.657 5.21901523248508
101487.196 5.30792105568535
104286.735 6.56338248229634
107086.275 7.29573427417993
109885.814 6.28438623677554
112685.353 3.24172070224008
115484.892 3.11413678514878
118284.431 2.43678174107805
121083.971 3.13196896761514
123883.51 NaN
126683.049 NaN
129482.588 NaN
132282.127 4.2764914783298
135081.667 7.48821692561225
137881.206 6.6667851204259
140680.745 2.61180609289799
143480.284 2.14985562972998
146279.824 NaN
149079.363 NaN
151878.902 4.02268863766907
154678.441 5.24869738066004
157477.98 5.07523578442355
160277.52 3.17618367573341
163077.059 3.32273111615507
165876.598 4.27487332416596
168676.137 NaN
171475.676 2.67249700174264
174275.216 4.58951463479509
177074.755 4.04916949988265
179874.294 4.94103037339601
182673.833 5.59901639484194
185473.373 5.71314433922407
188272.912 4.1509620563723
191072.451 2.50849162935254
193871.99 3.05417523582785
196671.529 3.56700851230981
199471.069 3.91911303232358
202270.608 4.29874142825277
205070.147 4.26483609432665
207869.686 2.33130061537584
210669.225 1.73619057648946
213468.765 2.50972465675761
216268.304 3.09167914381062
219067.843 3.52521871757283
221867.382 4.32656636836342
224666.922 5.1409035675104
227466.461 5.17606696892078
230266 4.71343779269299
230267 3.48666087309609
237635.294 15.0590670684863
245003.588 NaN
252371.882 3.7731980929648
259740.176 3.488700668733
267108.471 3.4681954582334
274476.765 3.84913838053801
281845.059 3.45998597824944
289213.353 3.3490508498175
296581.647 2.62008711527684
303949.941 3.23609853458437
311318.235 2.79657931594512
318686.529 3.66770468130465
326054.824 4.46049228433156
333423.118 4.25989944499308
340791.412 4.0649241251647
348159.706 2.50172971205059
355528 4.07000651596085
362896.294 2.43364717771407
370264.588 3.79021021793901
377632.882 3.43823569563028
385001.176 3.44277456255793
392369.471 3.50226019885132
399737.765 4.31322482253232
407106.059 3.94083105755553
414474.353 4.06037981777906
421842.647 4.01337901471429
429210.941 3.01242200294307
436579.235 2.96305745700865
443947.529 3.6903049761366
451315.824 2.87499499134875
458684.118 3.91032572153117
466052.412 1.69920022210322
473420.706 2.32319138485762
480789 3.20350635549755
488157.294 2.58781109566221
495525.588 3.14262957457527
502893.882 3.23296286556124
510262.176 3.8052650008488
517630.471 2.45218447238779
524998.765 2.95133909909194
532367.059 2.10382003028481
539735.353 2.64745957868752
547103.647 3.08257418055666
554471.941 2.50484270116572
561840.235 2.85985438697484
569208.529 2.70962086097749
576576.824 2.14452517404069
583945.118 3.2785220468223
591313.412 3.86209073716555
598681.706 2.65881280502477
606050 NaN
606051 2.5829275893455
625444.118 3.10682453940209
644837.235 2.87357999801294
664230.353 3.86445057129302
683623.471 2.23972279220574
703016.588 2.7335735307013
722409.706 3.64217182516125
741802.824 2.5811641830292
761195.941 2.05113580052758
780589.059 3.34259014287835
799982.176 2.10899687436908
819375.294 3.05226961538014
838768.412 2.72241427261951
858161.529 3.26961397546772
877554.647 2.09955520103204
896947.765 1.66049330243645
916340.882 2.42321545312485
935734 3.69474501733157
955127.118 3.55730849202009
974520.235 1.59882222419538
993913.353 NaN
1013306.471 3.04457890091311
1032699.588 2.93868465058695
1052092.706 4.42766297239442
1071485.824 2.40651407354063
1090878.941 2.69952534182688
1110272.059 2.80670169349523
1129665.176 2.75673657731208
1149058.294 2.90179880741852
1168451.412 3.26213302296739
1187844.529 1.2136707447337
1207237.647 1.58044033299095
1226630.765 NaN
1246023.882 NaN
1265417 2.02829517589789
1284810.118 2.75675237644877
1304203.235 2.91094103238247
1323596.353 3.40208897391425
1342989.471 1.6554513580015
1362382.588 1.12528806769017
1381775.706 1.87703147467832
1401168.824 2.49526546602936
1420561.941 1.98147943817705
1439955.059 2.43890295699854
1459348.176 2.62698283545644
1478741.294 2.08750760410672
1498134.412 2.0229015312893
1517527.529 1.94803470841407
1536920.647 1.78458680493604
1556313.765 1.60686906588149
1575706.882 2.56136489256665
1595100 2.6453195264996
1595100 2.7616935617484
1646141.765 2.59603059028487
1697183.529 1.76564229399844
1748225.294 2.3955639044297
1799267.059 2.59793367628437
1850308.824 0.88784663196595
1901350.588 0.922072295404414
1952392.353 NaN
2003434.118 3.3363127482876
2054475.882 1.89367919832132
2105517.647 2.99404110585795
2156559.412 2.35854323735795
2207601.176 2.50045863737418
2258642.941 2.83283219698233
2309684.706 2.77904832130249
2360726.471 2.83154828636076
2411768.235 2.95011185357264
2462810 2.06874612284751
2513851.765 1.94723562012926
2564893.529 1.25227876349955
2615935.294 1.79523348693364
2666977.059 1.80535844414278
2718018.824 2.88941103262491
2769060.588 1.94622105829084
2820102.353 2.12406795449769
2871144.118 2.04717456312732
2922185.882 2.99632818041383
2973227.647 2.00175598172853
3024269.412 2.18134691656234
3075311.176 2.36257660676727
3126352.941 2.64933246856989
3177394.706 2.49878069495142
3228436.471 2.13643088527058
3279478.235 2.14884961560437
3330520 2.27510798031234
3381561.765 2.44730218810665
3432603.529 2.015898994861
3483645.294 2.60320008552706
3534687.059 2.14798490295907
3585728.824 3.40543518615557
3636770.588 2.48740617077928
3687812.353 3.3880531202495
3738854.118 1.52151527529126
3789895.882 0.790397303653684
3840937.647 1.86768564328141
3891979.412 1.92018511471223
3943021.176 1.58705652991181
3994062.941 1.51927837491392
4045104.706 1.97770776942637
4096146.471 2.19714600523796
4147188.235 2.69573463500736
4198230 2.56062989111673
4198230 1.85920777740019
4332570.588 1.96643990895994
4466911.176 2.07214504465476
4601251.765 2.0027157835642
4735592.353 2.45119763379431
4869932.941 2.84656362421774
5004273.529 2.46084231467588
5138614.118 2.00380898580167
5272954.706 2.08960041109129
5407295.294 1.87874319691005
5541635.882 1.37673186170251
5675976.471 2.29539460521636
5810317.059 1.42933593787759
5944657.647 2.41761172521607
6078998.235 1.85511158024917
6213338.824 NaN
6347679.412 1.57924059477328
6482020 1.88133853816405
6616360.588 2.80443288564124
6750701.176 1.84669614024377
6885041.765 1.07047593367773
7019382.353 1.49268847742741
7153722.941 2.09710980948519
7288063.529 1.62110047731789
7422404.118 1.83297560051199
7556744.706 1.68289916735705
7691085.294 1.20608844706936
7825425.882 2.04493730922905
7959766.471 2.38216990931581
8094107.059 1.99870579928064
8228447.647 2.34356060802735
8362788.235 2.16758488618735
8497128.824 0.950968743871336
8631469.412 2.43235339997769
8765810 2.89114355248367
8900150.588 2.20594056711714
9034491.176 1.65705448465127
9168831.765 1.69303998927538
9303172.353 2.83504571308689
9437512.941 2.43066102509916
9571853.529 1.3718219569801
9706194.118 2.38725853271404
9840534.706 1.93932408173557
9974875.294 2.57388283641991
10109215.882 2.76979217182831
10243556.471 1.72331239907844
10377897.059 1.16536152266486
10512237.647 1.82598819036671
10646578.235 2.44079530310689
10780918.824 1.54194557895112
10915259.412 1.48488957601678
11049600 2.54855017091284
11049600 1.98577084200838
11403174.51 1.40471851302738
11756749.02 2.55064196390601
12110323.529 2.3597392055156
12463898.039 2.08662803376927
12817472.549 2.14213572353341
13171047.059 1.01612095372418
13524621.569 2.57163192981912
13878196.078 2.08292058498414
14231770.588 1.85860006640545
14585345.098 1.87977974986706
14938919.608 1.85620024562279
15292494.118 1.82571815090452
15646068.627 1.95608228996014
15999643.137 2.689025718956
16353217.647 1.49198706504246
16706792.157 1.81296898411948
17060366.667 2.22550053588982
17413941.176 1.76356776368984
17767515.686 1.58755549551306
18121090.196 1.87333684459685
18474664.706 2.45816243777746
18828239.216 2.10712714274639
19181813.725 1.80480295688085
19535388.235 1.46767569403911
19888962.745 2.31818114180461
20242537.255 2.08497815410639
20596111.765 1.39925116398293
20949686.275 1.87182819029983
21303260.784 2.82941861989049
21656835.294 2.10207204295113
22010409.804 2.01937594229938
22363984.314 1.57184906832919
22717558.824 1.4520386754351
23071133.333 2.36014651097377
23424707.843 2.49586579079948
23778282.353 2.35006003075971
24131856.863 2.50625903045837
24485431.373 1.77979579393026
24839005.882 2.13493105351056
25192580.392 2.35485994084791
25546154.902 2.14704705144507
25899729.412 2.43961955224651
26253303.922 1.51132087852564
26606878.431 2.98248410732612
26960452.941 2.24666151450112
27314027.451 1.64484219542399
27667601.961 1.83376527468824
28021176.471 2.28971371885422
28374750.98 1.8358213186783
28728325.49 2.34508814830602
29081900 2.789385633572
29081900 1.70366535534421
30012498.039 2.44376901932246
30943096.078 3.10213668598682
31873694.118 2.2279393404263
32804292.157 1.61518797683855
33734890.196 1.84237556491033
34665488.235 2.09864842221955
35596086.275 2.12309974889756
36526684.314 2.42897031804003
37457282.353 1.76703809298804
38387880.392 1.93844624775969
39318478.431 2.40270246670855
40249076.471 2.24726429567449
41179674.51 2.40602066998661
42110272.549 1.88741489716843
43040870.588 2.30057458167272
43971468.627 1.93791265557135
44902066.667 1.84355634479808
45832664.706 1.8703909750723
46763262.745 1.40923689146384
47693860.784 2.39078685819395
48624458.824 3.52601842338321
49555056.863 1.01558713634444
50485654.902 1.79954288096744
51416252.941 1.38748544329006
52346850.98 2.573558414737
53277449.02 2.84857036995388
54208047.059 1.45937299144527
55138645.098 2.45228759130457
56069243.137 NaN
56999841.176 2.30001248798347
57930439.216 2.10865003116204
58861037.255 1.74426522624732
59791635.294 2.14771766749208
60722233.333 2.1834417537576
61652831.373 1.57469611752034
62583429.412 2.71200741053719
63514027.451 2.64844535898039
64444625.49 1.54437688864695
65375223.529 1.70171090997865
66305821.569 1.32121085031633
67236419.608 1.84537888467271
68167017.647 1.62522771246729
69097615.686 1.06078125315206
70028213.725 1.61056494765978
70958811.765 NaN
71889409.804 NaN
72820007.843 2.12293567635036
73750605.882 2.13532017026822
74681203.922 2.63954598518729
75611801.961 NaN
76542400 NaN
76542400 1.91179847233684
78991686.275 2.82554650135754
81440972.549 NaN
83890258.824 1.20308092685936
86339545.098 1.77093453071538
88788831.373 NaN
91238117.647 NaN
93687403.922 1.42684507023898
96136690.196 NaN
98585976.471 4.86631577849891
101035262.745 NaN
103484549.02 11.0176036628419
105933835.294 NaN
108383121.569 4.6557653344333
110832407.843 3.0139433344857
113281694.118 2.42576909228199
115730980.392 1.7637016026778
118180266.667 2.5620757478221
120629552.941 4.46840717531244
123078839.216 NaN
125528125.49 NaN
127977411.765 2.3124373446085
130426698.039 2.87918003847179
132875984.314 NaN
135325270.588 NaN
137774556.863 NaN
140223843.137 NaN
142673129.412 NaN
145122415.686 5.88863363660816
147571701.961 4.48829265875372
150020988.235 4.00907223217845
152470274.51 NaN
154919560.784 2.894489367891
157368847.059 8.264206190183
159818133.333 3.33267148153079
162267419.608 NaN
164716705.882 NaN
167165992.157 6.48857635824538
169615278.431 NaN
172064564.706 8.08182670476889
174513850.98 8.69677654608518
176963137.255 7.7449688237708
179412423.529 NaN
181861709.804 NaN
184310996.078 NaN
186760282.353 3.30214321028145
189209568.627 NaN
191658854.902 7.78698848510765
194108141.176 5.4795411654914
196557427.451 NaN
199006713.725 NaN
201456000 NaN
