101 7.12905221298429e-07
104.18 6.0027367337904e-07
107.361 -0
110.541 4.38403413495171e-07
113.721 4.22632244152486e-07
116.902 2.97561508014399e-07
120.082 2.6579753705093e-07
123.262 7.09624620658588e-07
126.443 7.26682982521487e-07
129.623 6.83071458506372e-07
132.803 1.71955961523803e-07
135.983 6.57613769523117e-07
139.164 6.55927211664361e-07
142.344 4.99200915687215e-07
145.524 -0
148.705 -0
151.885 -0
155.065 -0
158.246 3.34395306957885e-07
161.426 6.54049277646665e-07
164.606 6.94285903944796e-07
167.787 7.05032263784444e-07
170.967 4.40161238784074e-07
174.147 6.82104288046229e-07
177.328 7.0986004008671e-07
180.508 5.70571062323563e-07
183.688 1.77467356652686e-07
186.868 5.69952980308078e-07
190.049 6.02899583343014e-07
193.229 5.53421169696047e-07
196.409 2.03730295095529e-07
199.59 7.0892363067961e-07
202.77 7.32368799020625e-07
205.95 4.83730786646762e-07
209.131 3.1295565228005e-07
212.311 6.38214553830505e-07
215.491 6.6234713892982e-07
218.672 5.76462401775941e-07
221.852 1.89782122348954e-07
225.032 5.45173885238606e-07
228.213 5.46434316254816e-07
231.393 4.96893745752615e-07
234.573 1.04700729543237e-07
237.753 5.61186203839281e-07
240.934 5.40725468304289e-07
244.114 4.00361615821522e-07
247.294 1.33860907839925e-07
250.475 4.49901981765899e-07
253.655 4.49820913205328e-07
256.835 4.09114731564266e-07
260.016 2.20030376409527e-07
263.196 5.29343624753523e-07
264.196 1.83852880123463e-07
272.598 1.68285137268878e-07
281.001 1.4212700288864e-07
289.403 1.36739537872172e-07
297.806 1.239223326787e-07
306.208 1.18614478636614e-07
314.611 1.5688516004529e-07
323.013 2.15181139659134e-07
331.415 2.50755562137956e-07
339.818 2.15935304984918e-07
348.22 1.77233350625168e-07
356.623 1.50183833557591e-07
365.025 1.46456343297794e-07
373.428 1.55483227636778e-07
381.83 1.62812047172838e-07
390.232 1.40742848684717e-07
398.635 9.54832923173472e-08
407.037 8.90199998118568e-08
415.44 8.50560311833307e-08
423.842 8.72336284440335e-08
432.245 9.35700524778265e-08
440.647 4.41706499290108e-08
449.049 -0
457.452 -0
465.854 -0
474.257 -0
482.659 -0
491.062 3.76956892501548e-08
499.464 7.15663839291792e-08
507.867 9.34152229838018e-08
516.269 9.11640379396394e-08
524.671 8.58374494909821e-08
533.074 6.6491714596179e-08
541.476 6.25766414424709e-08
549.879 4.95829915216077e-08
558.281 4.63697388753668e-08
566.684 4.54340290772007e-08
575.086 5.96798762933137e-08
583.488 4.03030000260239e-08
591.891 2.41813123487848e-08
600.293 4.18137042934757e-08
608.696 6.15422194802271e-08
617.098 9.67629841710967e-08
625.501 1.190527928728e-07
633.903 1.38531718460094e-07
642.305 1.35040338342737e-07
650.708 1.19009113609116e-07
659.11 1.04806247427725e-07
667.513 8.65353495387801e-08
675.915 6.86150613222193e-08
684.318 4.18070150770923e-08
692.72 6.05096293966052e-08
693.72 1.09405848233912e-07
715.867 1.36331236109101e-07
738.014 1.51867870977223e-07
760.161 6.62550736739524e-08
782.307 3.44566757777255e-08
804.454 1.09519605812084e-07
826.601 9.83311578057296e-08
848.748 3.87741574573109e-08
870.895 5.99969950749378e-08
893.042 1.20337942036693e-07
915.189 8.47432739791995e-08
937.335 6.34521455202062e-08
959.482 -0
981.629 6.42789881190919e-08
1003.776 -0
1025.923 -0
1048.07 7.27042642671047e-08
1070.217 4.82098158791442e-08
1092.364 8.18466644452305e-08
1114.51 6.24272117101751e-08
1136.657 3.87592849318045e-08
1158.804 5.6241132781752e-08
1180.951 7.01237252578944e-08
1203.098 8.98876520528405e-08
1225.245 9.09398581052447e-08
1247.392 5.94842755019559e-08
1269.538 6.33969214629296e-08
1291.685 6.03181507227771e-08
1313.832 6.79697963688478e-08
1335.979 5.58841784686851e-08
1358.126 6.27228946479042e-08
1380.273 7.2088526736343e-08
1402.42 6.8646046295739e-08
1424.566 3.65464864846871e-08
1446.713 4.13593925272104e-08
1468.86 5.93279032790104e-08
1491.007 6.9744495143663e-08
1513.154 6.06783871728602e-08
1535.301 6.4346056502201e-08
1557.448 3.87315129529168e-08
1579.595 7.14369667167948e-08
1601.741 3.23496243620413e-08
1623.888 3.67347348837682e-08
1646.035 5.43797165336954e-08
1668.182 5.23770022102499e-08
1690.329 7.40617566287394e-08
1712.476 9.06270253883399e-08
1734.623 5.59735498447092e-08
1756.769 7.2857558406505e-08
1778.916 6.52904522624251e-08
1801.063 5.12587915356348e-08
1823.21 3.11563288909051e-08
1824.21 4.65409906900097e-08
1882.531 5.85379581682614e-08
1940.853 5.07712207033906e-08
1999.174 4.2847664812179e-08
2057.495 4.52087349439749e-08
2115.817 4.53851813843047e-08
2174.138 -0
2232.46 2.44450543376477e-08
2290.781 4.79788728317862e-08
2349.102 3.96679077624278e-08
2407.424 4.74556541852612e-08
2465.745 4.85862473157883e-08
2524.066 2.53325705466274e-08
2582.388 3.75884314158113e-08
2640.709 2.33292904286001e-08
2699.031 2.27186872490984e-08
2757.352 2.96150986210498e-08
2815.673 4.89238422382315e-08
2873.995 4.60357920340448e-08
2932.316 2.7590853656448e-08
2990.637 2.97128144758334e-08
3048.959 2.55869335334412e-08
3107.28 3.47340404746808e-08
3165.602 3.444852494993e-08
3223.923 2.89709415594074e-08
3282.244 2.12086240948835e-08
3340.566 3.67891268200361e-08
3398.887 3.74591989938503e-08
3457.208 2.77441123167506e-08
3515.53 1.94736917749364e-08
3573.851 2.80259804937538e-08
3632.173 2.58440639290332e-08
3690.494 3.38799042936358e-08
3748.815 4.27324019802692e-08
3807.137 4.28956000466481e-08
3865.458 3.57434273175581e-08
3923.779 1.83182612131781e-08
3982.101 1.77446613265503e-08
4040.422 2.55229746517587e-08
4098.744 2.3226226933427e-08
4157.065 2.6035648384696e-08
4215.386 2.67675756883401e-08
4273.708 3.0687383272228e-08
4332.029 3.41493436715997e-08
4390.35 3.22121303196708e-08
4448.672 2.24270827967074e-08
4506.993 3.19008766485194e-08
4565.315 3.90760079033753e-08
4623.636 3.52623505708514e-08
4681.957 2.72484477206214e-08
4740.279 2.48214077310313e-08
4798.6 2.29229588360729e-08
4799.6 2.19319733819148e-08
4953.131 2.81907320960529e-08
5106.663 2.85669724606255e-08
5260.194 2.67181494980059e-08
5413.725 1.81129383942307e-08
5567.257 1.82065096245399e-08
5720.788 2.22166070489065e-08
5874.32 1.84099688202823e-08
6027.851 1.65246489352456e-08
6181.382 2.21417402659485e-08
6334.914 3.42610538279932e-08
6488.445 2.9029435195823e-08
6641.976 1.96024627381981e-08
6795.508 1.71155717514187e-08
6949.039 2.04036315813319e-08
7102.571 2.065518337003e-08
7256.102 1.79719766540936e-08
7409.633 2.14951352671365e-08
7563.165 2.92017552264867e-08
7716.696 2.70182193503548e-08
7870.227 2.13109822148199e-08
8023.759 2.83269991391457e-08
8177.29 3.05549918182272e-08
8330.822 1.86421256424699e-08
8484.353 1.96934616961946e-08
8637.884 1.79613840037644e-08
8791.416 2.44196145648439e-08
8944.947 2.33415441369253e-08
9098.478 1.79743990582117e-08
9252.01 1.4338040049717e-08
9405.541 1.28987127872904e-08
9559.073 2.33353270606836e-08
9712.604 2.36371117417146e-08
9866.135 2.39823534843437e-08
10019.667 2.27607181516409e-08
10173.198 2.33633425668185e-08
10326.729 1.87791229051276e-08
10480.261 1.84358214054369e-08
10633.792 2.61250061143247e-08
10787.324 1.91293290966436e-08
10940.855 1.70460998769555e-08
11094.386 2.15742320473329e-08
11247.918 2.27780330681541e-08
11401.449 2.21930119378772e-08
11554.98 1.441491694668e-08
11708.512 2.23666070877937e-08
11862.043 2.56988793069114e-08
12015.575 2.9768185753002e-08
12169.106 2.52339923324879e-08
12322.637 1.97963967489086e-08
12476.169 1.84462764475028e-08
12629.7 2.03240910348885e-08
12630.7 2.26654866794491e-08
13034.822 2.3170293663676e-08
13438.943 1.90773831591814e-08
13843.065 1.71967643770707e-08
14247.186 2.07923634464216e-08
14651.308 2.292988981168e-08
15055.429 2.06814522260808e-08
15459.551 1.99512332051524e-08
15863.673 1.35591084454701e-08
16267.794 6.9008645666632e-09
16671.916 9.49281418217808e-09
17076.037 1.28625539998492e-08
17480.159 1.42278689079494e-08
17884.28 2.60159567083212e-08
18288.402 2.98858354442859e-08
18692.524 2.07824255821869e-08
19096.645 1.35640267329576e-08
19500.767 1.34465553304357e-08
19904.888 1.18785396733622e-08
20309.01 1.7332634061676e-08
20713.131 2.16583319171104e-08
21117.253 1.77065388821459e-08
21521.375 1.44564159858446e-08
21925.496 1.55070621405244e-08
22329.618 1.60555989454042e-08
22733.739 1.53990046268258e-08
23137.861 1.48236955906167e-08
23541.982 1.41282343893611e-08
23946.104 1.53865758136993e-08
24350.225 1.59616482415863e-08
24754.347 1.68960880322071e-08
25158.469 1.75484140582531e-08
25562.59 1.43210059348603e-08
25966.712 9.41855038144665e-09
26370.833 9.13144121293228e-09
26774.955 1.16567680982825e-08
27179.076 1.41775654412833e-08
27583.198 1.56236737262364e-08
27987.32 1.41000528363644e-08
28391.441 1.64460354173941e-08
28795.563 1.82342388721105e-08
29199.684 1.94186825570798e-08
29603.806 2.05015227981728e-08
30007.927 1.96057592133518e-08
30412.049 1.96745065740793e-08
30816.171 1.63393480117218e-08
31220.292 1.54589501659122e-08
31624.414 1.33524111347288e-08
32028.535 1.24179518797982e-08
32432.657 1.00154582988598e-08
32836.778 8.67255603634406e-09
33240.9 1.50407664131698e-08
33241.9 1.23584032193882e-08
34305.559 1.57180864934462e-08
35369.218 1.84082456094858e-08
36432.876 2.06987788898983e-08
37496.535 2.02393941470941e-08
38560.194 1.68093337382237e-08
39623.853 1.30146724635782e-08
40687.512 1.18908030101471e-08
41751.171 1.03625936641493e-08
42814.829 -0
43878.488 -0
44942.147 1.41895174172786e-08
46005.806 1.35664483200153e-08
47069.465 1.16153783091648e-08
48133.124 1.60152497631745e-08
49196.782 1.69207609735018e-08
50260.441 1.57200233175729e-08
51324.1 1.27421125433153e-08
52387.759 1.28395049391521e-08
53451.418 1.15380880210955e-08
54515.076 8.89934383337313e-09
55578.735 6.2756665463906e-09
56642.394 7.67509995101748e-09
57706.053 8.28196344125585e-09
58769.712 9.29300603268622e-09
59833.371 1.34787924032735e-08
60897.029 1.47581690327298e-08
61960.688 1.49878607569084e-08
63024.347 1.15543907084406e-08
64088.006 1.13134047010792e-08
65151.665 6.0459404864187e-09
66215.324 3.63646314937761e-09
67278.982 3.90652901517553e-09
68342.641 1.02259722202486e-08
69406.3 1.03928220265565e-08
70469.959 9.59550500875568e-09
71533.618 1.19134319483346e-08
72597.276 1.41402384416718e-08
73660.935 1.44342512201749e-08
74724.594 1.02775889919929e-08
75788.253 4.67084464348052e-09
76851.912 8.97631791017213e-09
77915.571 1.20944126170467e-08
78979.229 1.3132097082782e-08
80042.888 9.86444229525311e-09
81106.547 9.22866639760278e-09
82170.206 8.85879824062831e-09
83233.865 9.57720567560554e-09
84297.524 8.86862255854375e-09
85361.182 6.94448035379418e-09
86424.841 5.99802226705991e-09
87488.5 6.07819423806681e-09
87489.5 -0
90289.039 2.95212480294043e-09
93088.578 9.78082765223415e-09
95888.118 -0
98687.657 -0
101487.196 -0
104286.735 -0
107086.275 8.19365373473156e-09
109885.814 9.07477625684719e-09
112685.353 -0
115484.892 -0
118284.431 1.15794942477274e-08
121083.971 2.22067627336514e-08
123883.51 2.24601980747023e-08
126683.049 -0
129482.588 -0
132282.127 -0
135081.667 -0
137881.206 -0
140680.745 1.83432654911339e-08
143480.284 2.5135560982918e-08
146279.824 2.82805269055935e-08
149079.363 9.48820423651754e-09
151878.902 -0
154678.441 -0
157477.98 -0
160277.52 -0
163077.059 1.054949848048e-08
165876.598 1.79593090025554e-08
168676.137 1.62787618678921e-08
171475.676 1.64234653541719e-08
174275.216 6.14307361727188e-09
177074.755 1.08700762878099e-08
179874.294 1.68926861228066e-08
182673.833 1.29051131890034e-08
185473.373 8.39759383425486e-09
188272.912 -0
191072.451 -0
193871.99 1.05311121151811e-08
196671.529 -0
199471.069 -0
202270.608 -0
205070.147 -0
207869.686 -0
210669.225 4.69882540939932e-09
213468.765 7.9133134524624e-09
216268.304 1.1826612451753e-08
219067.843 1.14180536375247e-08
221867.382 1.11443982257784e-08
224666.922 6.61881683381257e-09
227466.461 2.79021829855349e-09
230266 -0
230267 7.30265795157416e-09
237635.294 5.75165269268441e-09
245003.588 -0
252371.882 1.14747832108374e-07
259740.176 1.17415038868845e-07
267108.471 8.6939472511346e-09
274476.765 1.15360067269967e-08
281845.059 8.34332043630306e-09
289213.353 6.38319495487349e-09
296581.647 8.36335726119777e-09
303949.941 8.95270914430607e-09
311318.235 8.17280657773702e-09
318686.529 5.0365176951472e-09
326054.824 6.83378065494748e-09
333423.118 9.65848211923916e-09
340791.412 9.39997595003617e-09
348159.706 9.21142197216379e-09
355528 7.97432332759363e-09
362896.294 4.12244358857663e-09
370264.588 8.50439869781365e-09
377632.882 -0
385001.176 6.2434417738853e-09
392369.471 -0
399737.765 2.53409445812357e-09
407106.059 9.10559080957215e-09
414474.353 4.82703159865306e-09
421842.647 6.1485503693581e-09
429210.941 4.01713490276092e-09
436579.235 9.83472326567898e-09
443947.529 -0
451315.824 8.64786588423296e-09
458684.118 9.84526477745094e-09
466052.412 3.79754340545208e-09
473420.706 5.03762152613391e-09
480789 5.87828181360683e-09
488157.294 -0
495525.588 -0
502893.882 1.41100325077654e-08
510262.176 1.59801167401757e-08
517630.471 1.40819247342315e-08
524998.765 7.09706238560087e-09
532367.059 9.87603651134534e-09
539735.353 5.88036533908891e-09
547103.647 4.13367860442143e-09
554471.941 9.26353045782399e-09
561840.235 5.79689634574737e-09
569208.529 -0
576576.824 -0
583945.118 7.18180045102736e-09
591313.412 8.44792707466382e-09
598681.706 7.55433575154708e-09
606050 4.07945092421593e-09
606051 -0
625444.118 8.88289962551749e-09
644837.235 6.93783268369188e-09
664230.353 5.10908950098675e-09
683623.471 1.08845055443435e-08
703016.588 8.28092858558445e-09
722409.706 -0
741802.824 7.38084326237426e-09
761195.941 1.31680652233039e-08
780589.059 5.83967183047949e-09
799982.176 7.20868710651226e-09
819375.294 -0
838768.412 8.77167490038741e-09
858161.529 4.04992730412024e-09
877554.647 4.13214068734718e-09
896947.765 9.64553404736875e-09
916340.882 7.47473923258631e-09
935734 -0
955127.118 6.04459559666147e-09
974520.235 5.91652715415719e-09
993913.353 7.87464574272068e-09
1013306.471 6.82692341565171e-09
1032699.588 9.42619755049647e-09
1052092.706 8.96311065243156e-09
1071485.824 -0
1090878.941 -0
1110272.059 1.92680114383148e-08
1129665.176 1.62770920939901e-08
1149058.294 -0
1168451.412 5.46943422147739e-09
1187844.529 1.29504629980287e-08
1207237.647 -0
1226630.765 1.71289605713652e-08
1246023.882 1.84333892879027e-08
1265417 1.08271452141098e-08
1284810.118 -0
1304203.235 1.49032664989522e-08
1323596.353 3.57767033906453e-09
1342989.471 1.00047602433464e-08
1362382.588 1.00535579693345e-08
1381775.706 1.27253759829788e-08
1401168.824 9.04167795905452e-09
1420561.941 1.19438303251985e-08
1439955.059 9.14573137922752e-09
1459348.176 9.32609095473279e-09
1478741.294 2.38603809134833e-09
1498134.412 -0
1517527.529 3.52329414402622e-09
1536920.647 6.33810721147444e-09
1556313.765 8.06115818499838e-09
1575706.882 9.02579540042051e-09
1595100 2.59743347453193e-09
1595100 9.76413723818054e-09
1646141.765 3.1858747126582e-09
1697183.529 3.06664154859781e-09
1748225.294 2.77097559818722e-09
1799267.059 2.13742890423364e-09
1850308.824 7.46118271107318e-09
1901350.588 1.02773559416532e-08
1952392.353 1.49624551971372e-08
2003434.118 6.66336472264057e-09
2054475.882 -0
2105517.647 4.37607399111337e-09
2156559.412 3.42276606605845e-09
2207601.176 7.13564866012499e-09
2258642.941 5.60755979797976e-09
2309684.706 7.01099869637502e-09
2360726.471 -0
2411768.235 6.99345734121673e-09
2462810 4.3166111563886e-09
2513851.765 4.95612432964089e-09
2564893.529 7.42471530243737e-09
2615935.294 7.48664278128842e-09
2666977.059 1.72473400151925e-09
2718018.824 3.8338373351001e-09
2769060.588 3.57087156599064e-09
2820102.353 2.68492469623804e-09
2871144.118 6.87144074819926e-09
2922185.882 2.79847515455404e-09
2973227.647 6.70343455377309e-09
3024269.412 6.00665772078323e-09
3075311.176 5.10788077564288e-09
3126352.941 4.61202600076613e-09
3177394.706 6.39534663558416e-09
3228436.471 2.83969958438694e-09
3279478.235 4.1364116157194e-09
3330520 5.72749966643196e-09
3381561.765 4.29989216185438e-09
3432603.529 4.91713094300289e-09
3483645.294 4.08581390864716e-09
3534687.059 5.69345824534143e-09
3585728.824 5.95983667522676e-09
3636770.588 -0
3687812.353 8.09636796200113e-09
3738854.118 3.9452499493088e-09
3789895.882 6.10894516394814e-09
3840937.647 4.94269581936817e-09
3891979.412 2.54221474211051e-09
3943021.176 -0
3994062.941 4.02846622817074e-09
4045104.706 5.61983355514441e-09
4096146.471 4.7982807302121e-09
4147188.235 -0
4198230 -0
4198230 -0
4332570.588 5.44689369291673e-09
4466911.176 7.65923523894758e-09
4601251.765 5.74855378628574e-09
4735592.353 6.49361661268409e-09
4869932.941 -0
5004273.529 6.00413196027483e-09
5138614.118 5.89849726997087e-09
5272954.706 6.34579952963609e-09
5407295.294 5.51918584810333e-09
5541635.882 4.52202456417011e-09
5675976.471 6.35033076736144e-09
5810317.059 6.32123078895623e-09
5944657.647 3.1488552324681e-09
6078998.235 4.94771671191439e-09
6213338.824 2.78507780768719e-09
6347679.412 3.72647393147232e-09
6482020 3.96453242181716e-09
6616360.588 5.51910572308697e-09
6750701.176 6.65979346744393e-09
6885041.765 6.41910412231936e-09
7019382.353 6.680939373554e-09
7153722.941 2.75552757973305e-09
7288063.529 5.00283619962455e-09
7422404.118 3.78390814491055e-09
7556744.706 5.81659097279053e-09
7691085.294 4.76072721959505e-09
7825425.882 -0
7959766.471 7.114165875826e-09
8094107.059 7.5154037166575e-09
8228447.647 5.52383367320127e-09
8362788.235 4.27068698552118e-09
8497128.824 5.37554944101807e-09
8631469.412 4.45262059198012e-09
8765810 4.35278275350593e-09
8900150.588 3.31180023535648e-09
9034491.176 3.52217643434451e-09
9168831.765 3.93735587840885e-09
9303172.353 -0
9437512.941 4.13678795909466e-09
9571853.529 5.29762758211212e-09
9706194.118 3.74059426493883e-09
9840534.706 1.45229036197664e-09
9974875.294 2.22984918324561e-09
10109215.882 4.96627333696348e-09
10243556.471 5.10728174629514e-09
10377897.059 1.52183140895404e-09
10512237.647 4.88875944031456e-09
10646578.235 5.89100365219809e-09
10780918.824 -0
10915259.412 6.87884466436395e-09
11049600 -0
11049600 5.35767469645204e-09
11403174.51 4.15948127808524e-09
11756749.02 2.94307780797071e-09
12110323.529 4.67664872418977e-09
12463898.039 6.55093048118847e-09
12817472.549 6.3799600682752e-09
13171047.059 4.91263207973697e-09
13524621.569 6.22693486192191e-09
13878196.078 4.70811638174753e-09
14231770.588 5.25684762769998e-09
14585345.098 1.5901287480371e-09
14938919.608 4.92776881400838e-09
15292494.118 3.06793372755453e-09
15646068.627 -0
15999643.137 2.90086296822898e-09
16353217.647 3.64146427387293e-09
16706792.157 3.32496030972173e-09
17060366.667 4.93207164996869e-09
17413941.176 7.30587262931664e-09
17767515.686 6.35136036026941e-09
18121090.196 5.81381296425527e-09
18474664.706 4.14714751204544e-09
18828239.216 4.82010621514619e-09
19181813.725 1.74070172619865e-09
19535388.235 4.19457360424812e-09
19888962.745 3.99795535745391e-09
20242537.255 4.65719496542665e-09
20596111.765 4.88377834315996e-09
20949686.275 4.45482257901785e-09
21303260.784 5.79961801197226e-09
21656835.294 5.43685369174519e-09
22010409.804 6.6217026670479e-09
22363984.314 6.26447401424466e-09
22717558.824 4.18376133785009e-09
23071133.333 3.26561437458979e-09
23424707.843 5.64145193624556e-09
23778282.353 4.82646081278517e-09
24131856.863 2.59227316789142e-09
24485431.373 -0
24839005.882 3.78482457878753e-09
25192580.392 7.26381686101261e-09
25546154.902 6.04982397144216e-09
25899729.412 4.26929591104596e-09
26253303.922 6.34717187410726e-09
26606878.431 3.66693044706745e-09
26960452.941 3.23599668761847e-09
27314027.451 4.9328279147471e-09
27667601.961 6.22677419185907e-09
28021176.471 8.45875150462482e-09
28374750.98 6.99127228823569e-09
28728325.49 4.74748390591761e-09
29081900 3.57467251003963e-09
29081900 -0
30012498.039 2.77885508165111e-09
30943096.078 5.64182706135945e-09
31873694.118 -0
32804292.157 5.27158320567909e-09
33734890.196 3.58515436204524e-09
34665488.235 3.10961900191365e-09
35596086.275 6.31200829717232e-09
36526684.314 1.02995007472444e-09
37457282.353 5.52051475846205e-09
38387880.392 2.24471839062906e-09
39318478.431 4.22765921030582e-09
40249076.471 6.91782583184387e-09
41179674.51 6.56491328602497e-09
42110272.549 -0
43040870.588 9.73066335731577e-09
43971468.627 3.64773123567463e-09
44902066.667 7.25730820706846e-09
45832664.706 6.44627616911413e-09
46763262.745 -0
47693860.784 7.36086211716572e-09
48624458.824 6.88050484925665e-09
49555056.863 2.1720751057115e-09
50485654.902 1.28675037628438e-09
51416252.941 6.48240596334573e-09
52346850.98 4.43709897082527e-09
53277449.02 5.80392738538007e-09
54208047.059 4.78712523862214e-09
55138645.098 2.43259120060951e-09
56069243.137 5.62784958754955e-09
56999841.176 7.3542818083534e-09
57930439.216 -0
58861037.255 8.36796984852545e-09
59791635.294 1.66930317002889e-09
60722233.333 -0
61652831.373 3.00586266752776e-09
62583429.412 5.858274414285e-09
63514027.451 -0
64444625.49 -0
65375223.529 -0
66305821.569 3.43791167360865e-09
67236419.608 6.53169770512008e-09
68167017.647 5.55218328979722e-09
69097615.686 -0
70028213.725 -0
70958811.765 -0
71889409.804 -0
72820007.843 8.30937752045199e-09
73750605.882 -0
74681203.922 7.72810401789652e-09
75611801.961 -0
76542400 -0
76542400 3.6893609214839e-09
78991686.275 2.80495055803986e-10
81440972.549 1.15169306324709e-08
83890258.824 4.24040926849912e-09
86339545.098 7.49086391265955e-09
88788831.373 1.33804503949106e-08
91238117.647 -0
93687403.922 -0
96136690.196 -0
98585976.471 3.38755614426123e-08
101035262.745 1.32057300123062e-08
103484549.02 -0
105933835.294 1.03959901953237e-08
108383121.569 -0
110832407.843 -0
113281694.118 -0
115730980.392 5.46052712937532e-09
118180266.667 -0
120629552.941 1.70497407740644e-08
123078839.216 7.20675623311934e-09
125528125.49 6.31825636513289e-09
127977411.765 1.12323702228709e-08
130426698.039 -0
132875984.314 1.73143695778856e-08
135325270.588 1.9059880588527e-08
137774556.863 -0
140223843.137 -0
142673129.412 -0
145122415.686 5.86445187362747e-09
147571701.961 -0
150020988.235 -0
152470274.51 -0
154919560.784 2.3931718178222e-08
157368847.059 3.23487086485187e-08
159818133.333 3.06429127608185e-08
162267419.608 1.30664429619549e-08
164716705.882 2.70310371834242e-08
167165992.157 3.18108546687326e-08
169615278.431 -0
172064564.706 -0
174513850.98 1.24141555257704e-08
176963137.255 -0
179412423.529 3.81722379522665e-08
181861709.804 -0
184310996.078 -0
186760282.353 4.67048228767519e-08
189209568.627 -0
191658854.902 -0
194108141.176 -0
196557427.451 3.20723608313959e-08
199006713.725 1.9436211110655e-08
201456000 1.51864444325396e-08
