101 1.92470819515332e-06
104.18 1.63038678533163e-06
107.361 -0
110.541 1.19189233536717e-06
113.721 1.14954645869752e-06
116.902 8.13635990533236e-07
120.082 7.26534517462151e-07
123.262 1.94655699828845e-06
126.443 1.99864029928204e-06
129.623 1.88936771131316e-06
132.803 4.74398368664564e-07
135.983 1.81441675702579e-06
139.164 1.8192902763619e-06
142.344 1.38348426254387e-06
145.524 -0
148.705 -0
151.885 -0
155.065 -0
158.246 9.29751470130056e-07
161.426 1.81932555713738e-06
164.606 1.93768107625543e-06
167.787 1.95789655258022e-06
170.967 1.22417623798094e-06
174.147 1.90420929055647e-06
177.328 1.97167159260733e-06
180.508 1.59724795861412e-06
183.688 4.95031665996803e-07
186.868 1.59512337388216e-06
190.049 1.68647471286979e-06
193.229 1.54436328351622e-06
196.409 5.68992725781973e-07
199.59 1.98516382692295e-06
202.77 2.04758520968715e-06
205.95 1.35465772704836e-06
209.131 8.76298966996533e-07
212.311 1.78898913755803e-06
215.491 1.85955879656982e-06
218.672 1.61704120587107e-06
221.852 5.33112050033621e-07
225.032 1.53148957269047e-06
228.213 1.53455149047099e-06
231.393 1.39538108120354e-06
234.573 2.93976901267293e-07
237.753 1.57271212783117e-06
240.934 1.52476732062861e-06
244.114 1.1284469144036e-06
247.294 3.75237311826849e-07
250.475 1.26319822337272e-06
253.655 1.26807924069239e-06
256.835 1.15133038939307e-06
260.016 6.18329250676636e-07
263.196 1.48755416044888e-06
264.196 5.1779879764001e-07
272.598 4.74492018319813e-07
281.001 4.00900823109793e-07
289.403 3.84993908325093e-07
297.806 3.50580721003409e-07
306.208 3.35097358403674e-07
314.611 4.41527761117203e-07
323.013 6.06823167857202e-07
331.415 7.09971188881577e-07
339.818 6.07136236779324e-07
348.22 5.01268135049855e-07
356.623 4.23005277575966e-07
365.025 4.13056667174287e-07
373.428 4.39800984765337e-07
381.83 4.59933334596167e-07
390.232 3.97346266820062e-07
398.635 2.69812543059529e-07
407.037 2.51916166596906e-07
415.44 2.40679978568804e-07
423.842 2.46998199311007e-07
432.245 2.64852589254627e-07
440.647 1.24604977050879e-07
449.049 -0
457.452 -0
465.854 -0
474.257 -0
482.659 -0
491.062 1.06709267473449e-07
499.464 2.02146778190378e-07
507.867 2.64824984055961e-07
516.269 2.57996107244412e-07
524.671 2.43255772449001e-07
533.074 1.88532328800792e-07
541.476 1.76910536836899e-07
549.879 1.4079246925951e-07
558.281 1.31086902123171e-07
566.684 1.28514920420627e-07
575.086 1.68903233662207e-07
583.488 1.1427907720576e-07
591.891 6.83084635357143e-08
600.293 1.18449803224193e-07
608.696 1.74420250042276e-07
617.098 2.73687903954431e-07
625.501 3.3794761669821e-07
633.903 3.92316317143233e-07
642.305 3.82329639578205e-07
650.708 3.37088642827002e-07
659.11 2.96983465970195e-07
667.513 2.44883487850753e-07
675.915 1.93911584816251e-07
684.318 1.18397344287066e-07
692.72 1.71419823269189e-07
693.72 3.10309975917066e-07
715.867 3.87096703104857e-07
738.014 4.29415686044944e-07
760.161 1.87553140763038e-07
782.307 9.75889682278177e-08
804.454 3.1033343747086e-07
826.601 2.77870954449417e-07
848.748 1.09876488011357e-07
870.895 1.69764996744441e-07
893.042 3.41789746600348e-07
915.189 2.40372781267264e-07
937.335 1.79594904890228e-07
959.482 -0
981.629 1.8231394198799e-07
1003.776 -0
1025.923 -0
1048.07 2.06049390375779e-07
1070.217 1.36909701268866e-07
1092.364 2.32300441391767e-07
1114.51 1.77263099068926e-07
1136.657 1.09690497487248e-07
1158.804 1.59605833108693e-07
1180.951 1.99337326634627e-07
1203.098 2.54983446156334e-07
1225.245 2.58038567493466e-07
1247.392 1.68783106679993e-07
1269.538 1.79850446015432e-07
1291.685 1.71187408770622e-07
1313.832 1.92595115609794e-07
1335.979 1.5869194055657e-07
1358.126 1.77911283469936e-07
1380.273 2.04379390655443e-07
1402.42 1.94928270207094e-07
1424.566 1.03658025246866e-07
1446.713 1.17413274836877e-07
1468.86 1.68405685730856e-07
1491.007 1.97667142870028e-07
1513.154 1.72551078752438e-07
1535.301 1.8222983669619e-07
1557.448 1.09930325013665e-07
1579.595 2.02457050581722e-07
1601.741 9.14833463276787e-08
1623.888 1.0432494390574e-07
1646.035 1.54162480438627e-07
1668.182 1.48798786021392e-07
1690.329 2.09739176558291e-07
1712.476 2.56655204606317e-07
1734.623 1.58910575603514e-07
1756.769 2.06699303456374e-07
1778.916 1.85317156141458e-07
1801.063 1.45813341721476e-07
1823.21 8.83537383359075e-08
1824.21 1.32102708978885e-07
1882.531 1.66253700228025e-07
1940.853 1.43950774336229e-07
1999.174 1.21479825094993e-07
2057.495 1.28228305885206e-07
2115.817 1.29138050370292e-07
2174.138 -0
2232.46 6.94739524341684e-08
2290.781 1.36584774778396e-07
2349.102 1.12519435510359e-07
2407.424 1.35025723995541e-07
2465.745 1.37731921540179e-07
2524.066 7.1865220221937e-08
2582.388 1.06815715211775e-07
2640.709 6.62414117618518e-08
2699.031 6.44009884294364e-08
2757.352 8.38912051240176e-08
2815.673 1.3879443619662e-07
2873.995 1.31251891089172e-07
2932.316 7.83070363408679e-08
2990.637 8.45142012487079e-08
3048.959 7.27686622292694e-08
3107.28 9.85014686900754e-08
3165.602 9.76531890585372e-08
3223.923 8.2181962894881e-08
3282.244 6.00494307339812e-08
3340.566 1.04732839952288e-07
3398.887 1.0637528494604e-07
3457.208 7.87810171911857e-08
3515.53 5.54446175117847e-08
3573.851 7.95004552134269e-08
3632.173 7.3339046056523e-08
3690.494 9.63468621122432e-08
3748.815 1.21407399031747e-07
3807.137 1.21786373194589e-07
3865.458 1.01358130874593e-07
3923.779 5.21124867416236e-08
3982.101 5.04097466599932e-08
4040.422 7.25218691920803e-08
4098.744 6.59016161203343e-08
4157.065 7.36777148760981e-08
4215.386 7.58050937818291e-08
4273.708 8.69330381157135e-08
4332.029 9.69084977351827e-08
4390.35 9.13800723215379e-08
4448.672 6.35830909564139e-08
4506.993 9.04124249913788e-08
4565.315 1.1091680185833e-07
4623.636 1.00005701083118e-07
4681.957 7.72684528783306e-08
4740.279 7.03227116153558e-08
4798.6 6.50048670686865e-08
4799.6 6.22426049300316e-08
4953.131 8.02239708326283e-08
5106.663 8.09377013409697e-08
5260.194 7.58775195986749e-08
5413.725 5.12417448931318e-08
5567.257 5.17616241621387e-08
5720.788 6.30347280659987e-08
5874.32 5.22291012906483e-08
6027.851 4.69237099596355e-08
6181.382 6.25868727591346e-08
6334.914 9.73489265968947e-08
6488.445 8.2382712292759e-08
6641.976 5.56762000960913e-08
6795.508 4.84671811017569e-08
6949.039 5.77695817243331e-08
7102.571 5.86804525966569e-08
7256.102 5.08694680026467e-08
7409.633 6.11933222921717e-08
7563.165 8.29809029617658e-08
7716.696 7.66446372734531e-08
7870.227 6.04672846592031e-08
8023.759 8.04432057451498e-08
8177.29 8.66370032525901e-08
8330.822 5.29466431364964e-08
8484.353 5.57300217666851e-08
8637.884 5.11701155790633e-08
8791.416 6.90904314648621e-08
8944.947 6.65540874436762e-08
9098.478 5.08826040592018e-08
9252.01 4.06211149119667e-08
9405.541 3.65889563938082e-08
9559.073 6.61399469445713e-08
9712.604 6.72040518596788e-08
9866.135 6.80607765455582e-08
10019.667 6.47016358258391e-08
10173.198 6.64770711304319e-08
10326.729 5.33674134352341e-08
10480.261 5.22937507192322e-08
10633.792 7.42889809078682e-08
10787.324 5.40876719319985e-08
10940.855 4.83429032702009e-08
11094.386 6.10979579974814e-08
11247.918 6.4916428623404e-08
11401.449 6.261996878134e-08
11554.98 4.08971076343756e-08
11708.512 6.34738598509654e-08
11862.043 7.29026365057321e-08
12015.575 8.44070392976694e-08
12169.106 7.14498081099544e-08
12322.637 5.60753572525606e-08
12476.169 5.2416879518304e-08
12629.7 5.7777651035345e-08
12630.7 6.45191740060185e-08
13034.822 6.58644452273129e-08
13438.943 5.38210173034206e-08
13843.065 4.89585154935727e-08
14247.186 5.93670963333091e-08
14651.308 6.46036889954064e-08
15055.429 5.91826259627528e-08
15459.551 5.64938008983995e-08
15863.673 3.86777172516877e-08
16267.794 1.95327258325841e-08
16671.916 2.69205655794506e-08
17076.037 3.64034681737771e-08
17480.159 4.0421991373276e-08
17884.28 7.41308451125764e-08
18288.402 8.4517462742764e-08
18692.524 5.91998605969034e-08
19096.645 3.86186721468709e-08
19500.767 3.81805159803728e-08
19904.888 3.3646578102339e-08
20309.01 4.95442910163502e-08
20713.131 6.13980820740192e-08
21117.253 5.01612646707407e-08
21521.375 4.09301547488975e-08
21925.496 4.39485526613471e-08
22329.618 4.56051471458869e-08
22733.739 4.36679193430429e-08
23137.861 4.22152716282058e-08
23541.982 3.98944095076591e-08
23946.104 4.35003630009027e-08
24350.225 4.52507973021857e-08
24754.347 4.79600208936568e-08
25158.469 4.9874220740599e-08
25562.59 4.08326931163743e-08
25966.712 2.67692198959925e-08
26370.833 2.58461361376802e-08
26774.955 3.3087926825445e-08
27179.076 4.0164767802248e-08
27583.198 4.43321721360876e-08
27987.32 4.01210176418059e-08
28391.441 4.68785879028027e-08
28795.563 5.16051434761352e-08
29199.684 5.4962643467438e-08
29603.806 5.82576846668626e-08
30007.927 5.58173693587265e-08
30412.049 5.59344213113428e-08
30816.171 4.63358754608683e-08
31220.292 4.41093387422131e-08
31624.414 3.78900341114125e-08
32028.535 3.54085402228107e-08
32432.657 2.84815373164582e-08
32836.778 2.46566241239469e-08
33240.9 4.26286045879724e-08
33241.9 3.49990826141486e-08
34305.559 4.46360981911759e-08
35369.218 5.22938841238294e-08
36432.876 5.86806445242722e-08
37496.535 5.74257079654444e-08
38560.194 4.77735759028733e-08
39623.853 3.7328569117199e-08
40687.512 3.38446973147863e-08
41751.171 2.94593743394866e-08
42814.829 -0
43878.488 -0
44942.147 4.04885501494435e-08
46005.806 3.85899810016732e-08
47069.465 3.30042493204269e-08
48133.124 4.53462278644431e-08
49196.782 4.81492903416862e-08
50260.441 4.48299687258423e-08
51324.1 3.62500981355016e-08
52387.759 3.64980598232632e-08
53451.418 3.27625538480519e-08
54515.076 2.52159065555058e-08
55578.735 1.78250131765898e-08
56642.394 2.17969756934878e-08
57706.053 2.36204441182527e-08
58769.712 2.65031637018677e-08
59833.371 3.84564582713489e-08
60897.029 4.19275205264549e-08
61960.688 4.26218257936471e-08
63024.347 3.28424123091834e-08
64088.006 3.21920899778331e-08
65151.665 1.71777515822764e-08
66215.324 1.0288152448438e-08
67278.982 1.10996479481108e-08
68342.641 2.91337412401223e-08
69406.3 2.94562895494324e-08
70469.959 2.72233825780706e-08
71533.618 3.38696718062414e-08
72597.276 4.00946644158846e-08
73660.935 4.11885648275574e-08
74724.594 2.91405870083017e-08
75788.253 1.32352750939299e-08
76851.912 2.54977157571517e-08
77915.571 3.43288797246458e-08
78979.229 3.73322516541288e-08
80042.888 2.80578692212916e-08
81106.547 2.62440071362892e-08
82170.206 2.52108512938219e-08
83233.865 2.72269011263493e-08
84297.524 2.51905309899573e-08
85361.182 1.96509320357967e-08
86424.841 1.70577236311385e-08
87488.5 1.72582269000729e-08
87489.5 -0
90289.039 8.40237216199688e-09
93088.578 2.77083430749441e-08
95888.118 -0
98687.657 -0
101487.196 -0
104286.735 -0
107086.275 2.33840217686351e-08
109885.814 2.57294484231746e-08
112685.353 -0
115484.892 -0
118284.431 3.29773111017484e-08
121083.971 6.315761949074e-08
123883.51 6.38082350271499e-08
126683.049 -0
129482.588 -0
132282.127 -0
135081.667 -0
137881.206 -0
140680.745 5.23353402324854e-08
143480.284 7.19935240144216e-08
146279.824 8.09692463064088e-08
149079.363 2.69974455815342e-08
151878.902 -0
154678.441 -0
157477.98 -0
160277.52 -0
163077.059 2.99973619886349e-08
165876.598 5.07843996582179e-08
168676.137 4.61686547294807e-08
171475.676 4.64328347794392e-08
174275.216 1.74195094157183e-08
177074.755 3.08425119759643e-08
179874.294 4.77256896354311e-08
182673.833 3.69481814745137e-08
185473.373 2.36660929185533e-08
188272.912 -0
191072.451 -0
193871.99 2.97038050798025e-08
196671.529 -0
199471.069 -0
202270.608 -0
205070.147 -0
207869.686 -0
210669.225 1.33525252707681e-08
213468.765 2.24983111533288e-08
216268.304 3.34654651314889e-08
219067.843 3.22711564513499e-08
221867.382 3.15333435545741e-08
224666.922 1.89946223248134e-08
227466.461 7.93763788549843e-09
230266 -0
230267 2.06730359204811e-08
237635.294 1.62698857690889e-08
245003.588 -0
252371.882 3.3063261295642e-07
259740.176 3.35582825392361e-07
267108.471 2.46575345804807e-08
274476.765 3.25211504555174e-08
281845.059 2.36156184564199e-08
289213.353 1.80768231323206e-08
296581.647 2.396615143285e-08
303949.941 2.50802565909582e-08
311318.235 2.32720301442912e-08
318686.529 1.42867111471045e-08
326054.824 1.93637797888739e-08
333423.118 2.73602858324251e-08
340791.412 2.66948965663008e-08
348159.706 2.62699549272548e-08
355528 2.25139911286293e-08
362896.294 1.16843261593641e-08
370264.588 2.40372628368539e-08
377632.882 -0
385001.176 1.76207733829818e-08
392369.471 -0
399737.765 7.26491686927662e-09
407106.059 2.60946802684838e-08
414474.353 1.35678158917528e-08
421842.647 1.74855313894317e-08
429210.941 1.13084925532805e-08
436579.235 2.76955117311037e-08
443947.529 -0
451315.824 2.45874503373733e-08
458684.118 2.81773729659243e-08
466052.412 1.08409051953608e-08
473420.706 1.43376404776693e-08
480789 1.68226458770313e-08
488157.294 -0
495525.588 -0
502893.882 4.01845319569346e-08
510262.176 4.54373869495155e-08
517630.471 3.95792006404374e-08
524998.765 1.99554728445933e-08
532367.059 2.78653393807415e-08
539735.353 1.66595573946609e-08
547103.647 1.16482667336218e-08
554471.941 2.60180943220752e-08
561840.235 1.64485165003991e-08
569208.529 -0
576576.824 -0
583945.118 2.03795684787485e-08
591313.412 2.40429640041801e-08
598681.706 2.15132677839769e-08
606050 1.15076663856405e-08
606051 -0
625444.118 2.53549147528285e-08
644837.235 1.97417920048384e-08
664230.353 1.44158053871887e-08
683623.471 3.08143956790378e-08
703016.588 2.34389196000477e-08
722409.706 -0
741802.824 2.10252676414451e-08
761195.941 3.7273190503005e-08
780589.059 1.67434747653676e-08
799982.176 2.04467965344085e-08
819375.294 -0
838768.412 2.49004575438143e-08
858161.529 1.15743317908854e-08
877554.647 1.18088362272114e-08
896947.765 2.73681932862566e-08
916340.882 2.12580535267531e-08
935734 -0
955127.118 1.71680670370895e-08
974520.235 1.70181447024316e-08
993913.353 2.24793177011069e-08
1013306.471 1.94577348495579e-08
1032699.588 2.68944605300645e-08
1052092.706 2.55399744203611e-08
1071485.824 -0
1090878.941 -0
1110272.059 5.48877395402735e-08
1129665.176 4.58920407641412e-08
1149058.294 -0
1168451.412 1.55338069525632e-08
1187844.529 3.67831565361362e-08
1207237.647 -0
1226630.765 4.8542658762094e-08
1246023.882 5.24407078113225e-08
1265417 3.07848443130707e-08
1284810.118 -0
1304203.235 4.24057762534339e-08
1323596.353 1.01397411985711e-08
1342989.471 2.84471842427735e-08
1362382.588 2.86632767189849e-08
1381775.706 3.63176319279713e-08
1401168.824 2.5721973386006e-08
1420561.941 3.38107087871047e-08
1439955.059 2.61371205842247e-08
1459348.176 2.66264395264463e-08
1478741.294 6.78843747971505e-09
1498134.412 -0
1517527.529 1.0067105084904e-08
1536920.647 1.80240478290394e-08
1556313.765 2.29251635922015e-08
1575706.882 2.55626241486276e-08
1595100 7.3704929177905e-09
1595100 2.77282125808625e-08
1646141.765 9.06814577027189e-09
1697183.529 8.75722413771053e-09
1748225.294 7.91648150190475e-09
1799267.059 6.07779752587234e-09
1850308.824 2.13064269407707e-08
1901350.588 2.92783027972593e-08
1952392.353 4.25020436504034e-08
2003434.118 1.90395853191187e-08
2054475.882 -0
2105517.647 1.24887207980201e-08
2156559.412 9.70753617608505e-09
2207601.176 2.03329437134149e-08
2258642.941 1.61055389886213e-08
2309684.706 1.99276614488228e-08
2360726.471 -0
2411768.235 1.99873551827474e-08
2462810 1.23002610561565e-08
2513851.765 1.41394720116417e-08
2564893.529 2.12129420461378e-08
2615935.294 2.14228753892749e-08
2666977.059 4.93071698157581e-09
2718018.824 1.09834690950947e-08
2769060.588 1.01833842223497e-08
2820102.353 7.60269047491084e-09
2871144.118 1.95866045897292e-08
2922185.882 7.99887583741616e-09
2973227.647 1.91638769527593e-08
3024269.412 1.72439988459551e-08
3075311.176 1.45739576010911e-08
3126352.941 1.31425321173661e-08
3177394.706 1.81960821444618e-08
3228436.471 8.13681511182355e-09
3279478.235 1.17919967013521e-08
3330520 1.63792673818306e-08
3381561.765 1.23162434243766e-08
3432603.529 1.40679178536129e-08
3483645.294 1.17093404273341e-08
3534687.059 1.64274929685086e-08
3585728.824 1.70716346716066e-08
3636770.588 -0
3687812.353 2.32859943456297e-08
3738854.118 1.12718350023188e-08
3789895.882 1.73985388308559e-08
3840937.647 1.41253911939422e-08
3891979.412 7.27669183030998e-09
3943021.176 -0
3994062.941 1.15617114727016e-08
4045104.706 1.61263081060266e-08
4096146.471 1.3706434763953e-08
4147188.235 -0
4198230 -0
4198230 -0
4332570.588 1.56489246431824e-08
4466911.176 2.1881042429e-08
4601251.765 1.64860513863448e-08
4735592.353 1.85930738390402e-08
4869932.941 -0
5004273.529 1.7433873029568e-08
5138614.118 1.68956044197211e-08
5272954.706 1.82614516671594e-08
5407295.294 1.57759226541746e-08
5541635.882 1.30256578784336e-08
5675976.471 1.81470253882696e-08
5810317.059 1.82003461043877e-08
5944657.647 9.03046148211707e-09
6078998.235 1.42334744321968e-08
6213338.824 8.00373466466749e-09
6347679.412 1.08433952261872e-08
6482020 1.14881943438775e-08
6616360.588 1.59796518628004e-08
6750701.176 1.93357183376258e-08
6885041.765 1.86461047770412e-08
7019382.353 1.94607167138495e-08
7153722.941 7.96725949025761e-09
7288063.529 1.43848266844617e-08
7422404.118 1.10042952777177e-08
7556744.706 1.69710406983632e-08
7691085.294 1.38981341059007e-08
7825425.882 -0
7959766.471 2.06968993223236e-08
8094107.059 2.17872298545754e-08
8228447.647 1.60097442092652e-08
8362788.235 1.23517599145506e-08
8497128.824 1.56345292954441e-08
8631469.412 1.29134442058383e-08
8765810 1.27299644885601e-08
8900150.588 9.66558696445798e-09
9034491.176 1.03122018921034e-08
9168831.765 1.15256405289207e-08
9303172.353 -0
9437512.941 1.21016520178693e-08
9571853.529 1.55643244195179e-08
9706194.118 1.09943587402631e-08
9840534.706 4.24303882015002e-09
9974875.294 6.53567338210074e-09
10109215.882 1.46229878402466e-08
10243556.471 1.49622572232935e-08
10377897.059 4.50393996755063e-09
10512237.647 1.43301840266202e-08
10646578.235 1.7471099697157e-08
10780918.824 -0
10915259.412 2.03859569368328e-08
11049600 -0
11049600 1.58655448417632e-08
11403174.51 1.23209905327656e-08
11756749.02 8.77689279998907e-09
12110323.529 1.40649259529121e-08
12463898.039 1.96451134277e-08
12817472.549 1.92419113963244e-08
13171047.059 1.47831995714899e-08
13524621.569 1.87445803826199e-08
13878196.078 1.42883930949845e-08
14231770.588 1.60424608813985e-08
14585345.098 4.85865474505033e-09
14938919.608 1.50669960610601e-08
15292494.118 9.4601870586157e-09
15646068.627 -0
15999643.137 8.98138811275852e-09
16353217.647 1.13106770808294e-08
16706792.157 1.02672163955914e-08
17060366.667 1.53518061242936e-08
17413941.176 2.30321084305367e-08
17767515.686 2.0083456234884e-08
18121090.196 1.84988212535502e-08
18474664.706 1.32556486192415e-08
18828239.216 1.54028330581749e-08
19181813.725 5.59049624359054e-09
19535388.235 1.34865019519666e-08
19888962.745 1.29664604685589e-08
20242537.255 1.51835358532293e-08
20596111.765 1.58890687683168e-08
20949686.275 1.46257758133509e-08
21303260.784 1.92711170822322e-08
21656835.294 1.81289080443721e-08
22010409.804 2.19860735164422e-08
22363984.314 2.11935696808843e-08
22717558.824 1.400009240897e-08
23071133.333 1.10461363332343e-08
23424707.843 1.90963951382453e-08
23778282.353 1.66101970421786e-08
24131856.863 8.88088537283868e-09
24485431.373 -0
24839005.882 1.31189553927704e-08
25192580.392 2.50876444448816e-08
25546154.902 2.12132269550486e-08
25899729.412 1.51475452113569e-08
26253303.922 2.25116982439353e-08
26606878.431 1.30924876379052e-08
26960452.941 1.17052196686478e-08
27314027.451 1.78796480223969e-08
27667601.961 2.25599231929544e-08
28021176.471 3.07827040338434e-08
28374750.98 2.57023727024627e-08
28728325.49 1.75168294336646e-08
29081900 1.32991615170281e-08
29081900 -0
30012498.039 1.05184536789064e-08
30943096.078 2.18237445544412e-08
31873694.118 -0
32804292.157 2.09545609505544e-08
33734890.196 1.4395321189904e-08
34665488.235 1.26719129678001e-08
35596086.275 2.61057732256296e-08
36526684.314 4.33197232493469e-09
37457282.353 2.3408176059986e-08
38387880.392 9.59380450891094e-09
39318478.431 1.81653584381344e-08
40249076.471 2.98121037324104e-08
41179674.51 2.84807219553525e-08
42110272.549 -0
43040870.588 4.18882240617957e-08
43971468.627 1.56276016362844e-08
44902066.667 3.08280508955594e-08
45832664.706 2.69096722016731e-08
46763262.745 -0
47693860.784 2.98018814408419e-08
48624458.824 2.73797075666341e-08
49555056.863 8.3502665360095e-09
50485654.902 4.7909132152336e-09
51416252.941 2.35611902132638e-08
52346850.98 1.57253607016278e-08
53277449.02 1.97647793447713e-08
54208047.059 1.56715260687943e-08
55138645.098 7.65450007140898e-09
56069243.137 1.69183529817533e-08
56999841.176 2.14605336687232e-08
57930439.216 -0
58861037.255 2.2575966744607e-08
59791635.294 4.33325621034577e-09
60722233.333 -0
61652831.373 7.2657614432281e-09
62583429.412 1.34885746908708e-08
63514027.451 -0
64444625.49 -0
65375223.529 -0
66305821.569 6.81981846843448e-09
67236419.608 1.24153988741401e-08
68167017.647 1.01445420039349e-08
69097615.686 -0
70028213.725 -0
70958811.765 -0
71889409.804 -0
72820007.843 1.27162846455716e-08
73750605.882 -0
74681203.922 1.12358312750993e-08
75611801.961 -0
76542400 -0
76542400 5.02018120371167e-09
78991686.275 3.49016420817112e-10
81440972.549 1.33354692116588e-08
83890258.824 4.58564663165404e-09
86339545.098 7.60756667383204e-09
88788831.373 1.28423200006541e-08
91238117.647 -0
93687403.922 -0
96136690.196 -0
98585976.471 2.6179307347598e-08
101035262.745 9.75973248961261e-09
103484549.02 -0
105933835.294 7.03006290715098e-09
108383121.569 -0
110832407.843 -0
113281694.118 -0
115730980.392 3.02846123620561e-09
118180266.667 -0
120629552.941 8.55378500566644e-09
123078839.216 3.54375290618576e-09
125528125.49 2.9903604733209e-09
127977411.765 4.88963576864371e-09
130426698.039 -0
132875984.314 6.8700371157076e-09
135325270.588 7.14297821222906e-09
137774556.863 -0
140223843.137 -0
142673129.412 -0
145122415.686 1.82673237842875e-09
147571701.961 -0
150020988.235 -0
152470274.51 -0
154919560.784 5.9972945595991e-09
157368847.059 7.65032611426232e-09
159818133.333 6.89014790699089e-09
162267419.608 3.01888366172663e-09
164716705.882 5.88232763062752e-09
167165992.157 6.59049959293717e-09
169615278.431 -0
172064564.706 -0
174513850.98 2.28104672764939e-09
176963137.255 -0
179412423.529 6.97051108854896e-09
181861709.804 -0
184310996.078 -0
186760282.353 8.4470337499633e-09
189209568.627 -0
191658854.902 -0
194108141.176 -0
196557427.451 5.50929375231018e-09
199006713.725 3.25646644565625e-09
201456000 2.637655700365e-09
