vg	id_vd = 0V	ig_vd = 0V	is_vd = 0V	iavdd_vd = 0V	ignd_vd = 0V	id_vd = 0.15V	ig_vd = 0.15V	is_vd = 0.15V	iavdd_vd = 0.15V	ignd_vd = 0.15V	id_vd = 0.3V	ig_vd = 0.3V	is_vd = 0.3V	iavdd_vd = 0.3V	ignd_vd = 0.3V	id_vd = 0.45V	ig_vd = 0.45V	is_vd = 0.45V	iavdd_vd = 0.45V	ignd_vd = 0.45V	id_vd = 0.6V	ig_vd = 0.6V	is_vd = 0.6V	iavdd_vd = 0.6V	ignd_vd = 0.6V	id_vd = 0.75V	ig_vd = 0.75V	is_vd = 0.75V	iavdd_vd = 0.75V	ignd_vd = 0.75V	id_vd = 0.9V	ig_vd = 0.9V	is_vd = 0.9V	iavdd_vd = 0.9V	ignd_vd = 0.9V
-0.3	1.4058e-10	-1.759e-09	-3.6e-13	3.2146e-07	-3.1974e-07	7.5101e-10	-2.0555e-09	-2.7e-13	3.2116e-07	-3.1972e-07	1.7554e-09	-2.5845e-09	1.1e-13	3.2106e-07	-3.2016e-07	3.6349e-09	-3.4708e-09	-7.8e-13	3.2102e-07	-3.2116e-07	6.8849e-09	-4.8666e-09	-1.18e-12	3.2008e-07	-3.22e-07	1.24554e-08	-6.8958e-09	-1.05e-12	3.2048e-07	-3.2592e-07	2.25266e-08	-9.7546e-09	-6.4e-13	3.205e-07	-3.3326e-07
-0.295	1.3446e-10	-1.5926e-09	-1.12e-12	3.2148e-07	-3.1984e-07	7.1929e-10	-1.8822e-09	2e-13	3.2114e-07	-3.2e-07	1.7286e-09	-2.3904e-09	-1.46e-12	3.2102e-07	-3.2038e-07	3.5714e-09	-3.2723e-09	-1e-12	3.2102e-07	-3.2128e-07	6.8621e-09	-4.6465e-09	3.8e-13	3.2004e-07	-3.2228e-07	1.22964e-08	-6.6588e-09	-3.4e-13	3.2044e-07	-3.2614e-07	2.24914e-08	-9.4936e-09	-5.7e-13	3.2048e-07	-3.3356e-07
-0.29	1.2878e-10	-1.4415e-09	-9.1e-13	3.214e-07	-3.2004e-07	7.1126e-10	-1.7334e-09	7.9e-13	3.2118e-07	-3.2014e-07	1.7135e-09	-2.2274e-09	-1.4e-13	3.2102e-07	-3.2056e-07	3.5355e-09	-3.0893e-09	-1.45e-12	3.21e-07	-3.215e-07	6.7369e-09	-4.4373e-09	-1.05e-12	3.2008e-07	-3.2234e-07	1.2266e-08	-6.4292e-09	-3.8e-13	3.2046e-07	-3.2612e-07	2.20848e-08	-9.2348e-09	5e-14	3.2052e-07	-3.334e-07
-0.285	1.2284e-10	-1.3073e-09	-7.1e-13	3.2134e-07	-3.2012e-07	6.9956e-10	-1.5865e-09	-3.7e-13	3.2108e-07	-3.2022e-07	1.6831e-09	-2.068e-09	-1.61e-12	3.2106e-07	-3.206e-07	3.4999e-09	-2.9205e-09	3.4e-13	3.2104e-07	-3.2152e-07	6.7084e-09	-4.2527e-09	2.6e-13	3.1998e-07	-3.225e-07	1.21354e-08	-6.2115e-09	-1e-14	3.2044e-07	-3.2632e-07	2.1846e-08	-8.9826e-09	-1e-14	3.205e-07	-3.3342e-07
-0.28	1.1591e-10	-1.1842e-09	-1.04e-12	3.2144e-07	-3.2032e-07	6.8419e-10	-1.4585e-09	-6.5e-13	3.2112e-07	-3.2038e-07	1.6759e-09	-1.935e-09	-1.4e-13	3.2104e-07	-3.2076e-07	3.4755e-09	-2.7629e-09	-8.8e-13	3.211e-07	-3.217e-07	6.6216e-09	-4.0748e-09	-4.2e-13	3.2e-07	-3.2242e-07	1.19774e-08	-6.0179e-09	6.5e-13	3.2046e-07	-3.2664e-07	2.1651e-08	-8.7536e-09	1.9e-13	3.1978e-07	-3.3254e-07
-0.275	1.0524e-10	-1.0707e-09	-1.2e-13	3.2136e-07	-3.204e-07	6.785e-10	-1.3418e-09	-1.6e-13	3.2116e-07	-3.2046e-07	1.6424e-09	-1.8029e-09	-1.04e-12	3.2094e-07	-3.2086e-07	3.4329e-09	-2.6183e-09	-6e-13	3.2098e-07	-3.2174e-07	6.5552e-09	-3.9141e-09	-1.29e-12	3.201e-07	-3.227e-07	1.1868e-08	-5.833e-09	-6.9e-13	3.2052e-07	-3.265e-07	2.1447e-08	-8.5286e-09	-2.9e-13	3.205e-07	-3.3326e-07
-0.27	9.617e-11	-9.755e-10	2.3e-13	3.2134e-07	-3.205e-07	6.6509e-10	-1.2403e-09	-9.9e-13	3.2118e-07	-3.2058e-07	1.6269e-09	-1.6908e-09	1.14e-12	3.2098e-07	-3.2088e-07	3.3773e-09	-2.4862e-09	-1.26e-12	3.2092e-07	-3.218e-07	6.5025e-09	-3.7605e-09	-1.31e-12	3.2006e-07	-3.2282e-07	1.17806e-08	-5.6518e-09	-7.9e-13	3.2048e-07	-3.2634e-07	2.12074e-08	-8.3203e-09	-3.5e-13	3.2048e-07	-3.3324e-07
-0.265	9.271e-11	-8.7645e-10	-1.8e-13	3.2136e-07	-3.2064e-07	6.5391e-10	-1.1432e-09	-3.5e-13	3.2112e-07	-3.2058e-07	1.598e-09	-1.5836e-09	-5.3e-13	3.2104e-07	-3.21e-07	3.3448e-09	-2.3696e-09	8.4e-13	3.2098e-07	-3.22e-07	6.4033e-09	-3.6229e-09	-5.9e-13	3.2004e-07	-3.2278e-07	1.1592e-08	-5.4823e-09	-8e-13	3.2042e-07	-3.2664e-07	2.09088e-08	-8.1203e-09	4e-14	3.2044e-07	-3.3328e-07
-0.26	8.268e-11	-7.9493e-10	-7.8e-13	3.2144e-07	-3.2066e-07	6.4146e-10	-1.0517e-09	-7.1e-13	3.2108e-07	-3.2068e-07	1.5724e-09	-1.4898e-09	-3e-13	3.2114e-07	-3.2104e-07	3.3042e-09	-2.2594e-09	7.3e-13	3.2104e-07	-3.22e-07	6.3633e-09	-3.4894e-09	-5.2e-13	3.2004e-07	-3.229e-07	1.1634e-08	-5.3332e-09	-3.2e-13	3.2048e-07	-3.2668e-07	2.06846e-08	-7.9427e-09	-7.5e-13	3.205e-07	-3.3336e-07
-0.255	7.628e-11	-7.241e-10	-7e-13	3.2154e-07	-3.2062e-07	6.3064e-10	-9.7626e-10	3.6e-13	3.2116e-07	-3.2076e-07	1.5541e-09	-1.4014e-09	5.7e-13	3.2104e-07	-3.212e-07	3.2834e-09	-2.1546e-09	7.9e-13	3.2102e-07	-3.2216e-07	6.3142e-09	-3.3693e-09	-1.6e-13	3.2008e-07	-3.2302e-07	1.14678e-08	-5.1887e-09	-5.5e-13	3.2044e-07	-3.2676e-07	2.04442e-08	-7.7609e-09	-2.7e-13	3.1988e-07	-3.3258e-07
-0.25	7.075e-11	-6.6009e-10	-8e-13	3.214e-07	-3.2076e-07	6.1926e-10	-8.9781e-10	-1.02e-12	3.212e-07	-3.2082e-07	1.5404e-09	-1.3181e-09	4.3e-13	3.2104e-07	-3.211e-07	3.2057e-09	-2.0567e-09	0	3.21e-07	-3.221e-07	6.2873e-09	-3.2531e-09	-4.9e-13	3.2e-07	-3.2296e-07	1.13426e-08	-5.0459e-09	-6.9e-13	3.2046e-07	-3.268e-07	2.03026e-08	-7.5906e-09	-1.04e-12	3.2042e-07	-3.3292e-07
-0.245	6.516e-11	-6.0197e-10	2.7e-13	3.2128e-07	-3.208e-07	6.4871e-10	-8.3725e-10	1.25e-12	3.2122e-07	-3.2098e-07	1.5104e-09	-1.2431e-09	7e-13	3.2104e-07	-3.2132e-07	3.2149e-09	-1.9711e-09	1.7e-13	3.21e-07	-3.2224e-07	6.2215e-09	-3.1497e-09	4.9e-13	3.2006e-07	-3.2318e-07	1.13172e-08	-4.917e-09	6.6e-13	3.2048e-07	-3.2604e-07	2.01708e-08	-7.4341e-09	1e-13	3.1996e-07	-3.3324e-07
-0.24	6.19e-11	-5.3826e-10	-1.02e-12	3.2116e-07	-3.208e-07	5.9843e-10	-7.7316e-10	-1.28e-12	3.2108e-07	-3.2092e-07	1.4912e-09	-1.1749e-09	-8.3e-13	3.2106e-07	-3.2132e-07	3.1818e-09	-1.8923e-09	-5.3e-13	3.2106e-07	-3.223e-07	6.1386e-09	-3.0506e-09	-7e-14	3.1996e-07	-3.2302e-07	1.12302e-08	-4.7928e-09	-1.84e-12	3.2046e-07	-3.269e-07	1.97832e-08	-7.2787e-09	-1.38e-12	3.2046e-07	-3.332e-07
-0.235	5.725e-11	-4.8897e-10	4.9e-13	3.2134e-07	-3.2094e-07	5.8961e-10	-7.2307e-10	1.5e-13	3.2116e-07	-3.2118e-07	1.4808e-09	-1.1133e-09	-6.2e-13	3.2102e-07	-3.214e-07	3.1357e-09	-1.8169e-09	-8e-14	3.21e-07	-3.2238e-07	6.1359e-09	-2.9563e-09	1e-14	3.2008e-07	-3.2248e-07	1.10928e-08	-4.6715e-09	-1.3e-13	3.2044e-07	-3.2682e-07	1.97992e-08	-7.1298e-09	2.5e-13	3.1994e-07	-3.3258e-07
-0.23	5.128e-11	-4.4171e-10	-1.74e-12	3.2136e-07	-3.21e-07	5.8214e-10	-6.6782e-10	-4.1e-13	3.2118e-07	-3.2112e-07	1.4564e-09	-1.0519e-09	-1.15e-12	3.2106e-07	-3.2142e-07	3.0713e-09	-1.7432e-09	-3.2e-13	3.2096e-07	-3.2234e-07	6.0336e-09	-2.8649e-09	-2.4e-13	3.2006e-07	-3.2308e-07	1.10424e-08	-4.5588e-09	-1.4e-12	3.2042e-07	-3.2686e-07	1.94976e-08	-6.9887e-09	-1.29e-12	3.2052e-07	-3.3306e-07
-0.225	4.36e-11	-4.0904e-10	3.5e-13	3.2134e-07	-3.2096e-07	5.6901e-10	-6.2673e-10	1.9e-13	3.2118e-07	-3.2106e-07	1.436e-09	-1.0008e-09	-9e-14	3.2102e-07	-3.214e-07	3.0677e-09	-1.6755e-09	-1.9e-13	3.211e-07	-3.224e-07	5.966e-09	-2.7779e-09	-4.6e-13	3.2004e-07	-3.233e-07	1.0964e-08	-4.4543e-09	-4e-14	3.205e-07	-3.2698e-07	1.94666e-08	-6.8564e-09	-7e-14	3.2048e-07	-3.3274e-07
-0.22	3.791e-11	-3.6763e-10	-1.44e-12	3.2124e-07	-3.2094e-07	5.7121e-10	-5.8554e-10	-1.02e-12	3.211e-07	-3.2104e-07	1.4216e-09	-9.4415e-10	-6.5e-13	3.21e-07	-3.2156e-07	3.0222e-09	-1.6135e-09	-7.2e-13	3.2106e-07	-3.2242e-07	5.8922e-09	-2.6987e-09	1e-14	3.2008e-07	-3.2318e-07	1.0831e-08	-4.3505e-09	-1.28e-12	3.2052e-07	-3.2698e-07	1.928e-08	-6.7124e-09	-1.4e-12	3.1998e-07	-3.3282e-07
-0.215	3.383e-11	-3.331e-10	-1.04e-12	3.2124e-07	-3.2102e-07	5.5507e-10	-5.5131e-10	-1.4e-13	3.212e-07	-3.2114e-07	1.3803e-09	-9.0323e-10	1.35e-12	3.2108e-07	-3.2152e-07	3.0345e-09	-1.5567e-09	-1.1e-13	3.21e-07	-3.2242e-07	5.9237e-09	-2.6248e-09	-1.13e-12	3.2008e-07	-3.233e-07	1.07318e-08	-4.2511e-09	5e-13	3.2054e-07	-3.2692e-07	1.90082e-08	-6.5832e-09	-5.7e-13	3.2052e-07	-3.3282e-07
-0.21	2.784e-11	-3.0039e-10	-2.5e-13	3.2146e-07	-3.2118e-07	5.4598e-10	-5.155e-10	4.7e-13	3.2122e-07	-3.211e-07	1.3858e-09	-8.5599e-10	-5.5e-13	3.21e-07	-3.2158e-07	2.9918e-09	-1.4939e-09	-6.2e-13	3.2104e-07	-3.2254e-07	5.8199e-09	-2.5573e-09	4.3e-13	3.1998e-07	-3.232e-07	1.07058e-08	-4.1534e-09	6e-14	3.2048e-07	-3.2696e-07	1.88534e-08	-6.4665e-09	-2e-13	3.205e-07	-3.328e-07
-0.205	2.521e-11	-2.7555e-10	-4.8e-13	3.2144e-07	-3.2122e-07	5.3969e-10	-4.7839e-10	-7.6e-13	3.212e-07	-3.2118e-07	1.3757e-09	-8.2322e-10	4.7e-13	3.2114e-07	-3.2158e-07	2.9348e-09	-1.4446e-09	1.8e-13	3.211e-07	-3.2248e-07	5.7479e-09	-2.4825e-09	-1.41e-12	3.201e-07	-3.2344e-07	1.0622e-08	-4.07e-09	-5.7e-13	3.205e-07	-3.2696e-07	1.87956e-08	-6.3585e-09	-2.6e-13	3.205e-07	-3.3304e-07
-0.2	2.28e-11	-2.4766e-10	-8.2e-13	3.212e-07	-3.2094e-07	5.3641e-10	-4.4764e-10	-1.8e-13	3.2112e-07	-3.2122e-07	1.3604e-09	-7.8062e-10	-8e-13	3.2106e-07	-3.2158e-07	2.9355e-09	-1.3889e-09	-8.8e-13	3.2104e-07	-3.2258e-07	5.7544e-09	-2.4159e-09	-2.5e-13	3.201e-07	-3.2332e-07	1.05878e-08	-3.9704e-09	-1.02e-12	3.2052e-07	-3.271e-07	1.86106e-08	-6.2281e-09	-5.2e-13	3.2056e-07	-3.3224e-07
-0.195	1.705e-11	-2.2257e-10	-6.3e-13	3.212e-07	-3.2102e-07	5.1844e-10	-4.2103e-10	-9.8e-13	3.2114e-07	-3.212e-07	1.3323e-09	-7.4848e-10	-3.5e-13	3.2102e-07	-3.2162e-07	2.8992e-09	-1.3433e-09	-2.8e-13	3.2098e-07	-3.226e-07	5.673e-09	-2.3452e-09	-1.1e-12	3.2006e-07	-3.233e-07	1.05068e-08	-3.8856e-09	-6.1e-13	3.2052e-07	-3.2722e-07	1.85588e-08	-6.1197e-09	-1.3e-13	3.205e-07	-3.3272e-07
-0.19	1.007e-11	-2.0356e-10	-4.7e-13	3.2132e-07	-3.2112e-07	5.1179e-10	-3.9971e-10	-2e-14	3.2114e-07	-3.2124e-07	1.3004e-09	-7.0811e-10	-3.03e-12	3.2106e-07	-3.2168e-07	2.8681e-09	-1.2977e-09	6.1e-13	3.2104e-07	-3.225e-07	5.6164e-09	-2.2903e-09	-3.9e-13	3.201e-07	-3.2348e-07	1.03746e-08	-3.8119e-09	4e-13	3.2048e-07	-3.2698e-07	1.83936e-08	-6.0169e-09	-8.5e-13	3.2046e-07	-3.3212e-07
-0.185	5.91e-12	-1.8113e-10	-1.86e-12	3.213e-07	-3.2106e-07	5.0163e-10	-3.7466e-10	-1.95e-12	3.2116e-07	-3.2124e-07	1.3167e-09	-6.8714e-10	-3.7e-13	3.2102e-07	-3.2158e-07	2.8118e-09	-1.2578e-09	-1e-14	3.2098e-07	-3.2258e-07	5.5573e-09	-2.2278e-09	-1.64e-12	3.2e-07	-3.2352e-07	1.02916e-08	-3.7374e-09	-2.1e-13	3.199e-07	-3.2696e-07	1.8178e-08	-5.9055e-09	-1.19e-12	3.2052e-07	-3.3244e-07
-0.18	3.25e-12	-1.6912e-10	-2.6e-13	3.2128e-07	-3.2106e-07	5.0146e-10	-3.5557e-10	-1.3e-13	3.211e-07	-3.2124e-07	1.3016e-09	-6.5657e-10	-1.06e-12	3.21e-07	-3.217e-07	2.7665e-09	-1.2159e-09	-1.5e-13	3.2104e-07	-3.226e-07	5.5117e-09	-2.174e-09	7.3e-13	3.201e-07	-3.2344e-07	1.02548e-08	-3.6539e-09	-1.8e-13	3.2044e-07	-3.265e-07	1.7872e-08	-5.8001e-09	2.9e-13	3.2058e-07	-3.3262e-07
-0.175	-1.78e-12	-1.5013e-10	-4e-13	3.2148e-07	-3.2112e-07	4.8835e-10	-3.3076e-10	-1.18e-12	3.211e-07	-3.2124e-07	1.2867e-09	-6.3381e-10	5.6e-13	3.2104e-07	-3.2166e-07	2.8062e-09	-1.1777e-09	-4.1e-13	3.21e-07	-3.2248e-07	5.4792e-09	-2.115e-09	-1.44e-12	3.2002e-07	-3.2338e-07	1.01154e-08	-3.5768e-09	-1.04e-12	3.2052e-07	-3.27e-07	1.7884e-08	-5.7002e-09	2.5e-13	3.1994e-07	-3.3276e-07
-0.17	-2.06e-12	-1.3999e-10	7.5e-13	3.2134e-07	-3.2112e-07	4.8375e-10	-3.1157e-10	-1.3e-13	3.2116e-07	-3.2122e-07	1.2667e-09	-6.0229e-10	-1.72e-12	3.2104e-07	-3.2172e-07	2.763e-09	-1.1467e-09	-2.7e-13	3.2092e-07	-3.226e-07	5.4428e-09	-2.0698e-09	8e-13	3.2002e-07	-3.2346e-07	1.01246e-08	-3.5121e-09	4e-14	3.2048e-07	-3.2696e-07	1.77938e-08	-5.607e-09	2e-13	3.1998e-07	-3.3256e-07
-0.165	-5.19e-12	-1.2149e-10	-1.53e-12	3.2152e-07	-3.211e-07	4.7612e-10	-2.9017e-10	-1.34e-12	3.211e-07	-3.2132e-07	1.273e-09	-5.8255e-10	1.13e-12	3.2108e-07	-3.2178e-07	2.7426e-09	-1.1132e-09	-4.8e-13	3.2098e-07	-3.2258e-07	5.3861e-09	-2.0149e-09	-8.6e-13	3.201e-07	-3.235e-07	9.9788e-09	-3.4284e-09	-1.61e-12	3.2044e-07	-3.2712e-07	1.75894e-08	-5.4994e-09	-1.82e-12	3.2054e-07	-3.3242e-07
-0.16	-6.99e-12	-1.1468e-10	8.2e-13	3.2142e-07	-3.2134e-07	4.6273e-10	-2.7434e-10	1.4e-13	3.2118e-07	-3.2122e-07	1.2383e-09	-5.5284e-10	-1.64e-12	3.2106e-07	-3.2174e-07	2.7052e-09	-1.082e-09	4.9e-13	3.2116e-07	-3.2262e-07	5.3637e-09	-1.9731e-09	9.8e-13	3.2012e-07	-3.2342e-07	1.00222e-08	-3.3677e-09	8.5e-13	3.2046e-07	-3.2706e-07	1.73944e-08	-5.4081e-09	8.6e-13	3.2058e-07	-3.3258e-07
-0.155	-1.191e-11	-1.0572e-10	-6.5e-13	3.2124e-07	-3.2112e-07	4.5439e-10	-2.5319e-10	-1.35e-12	3.2112e-07	-3.2124e-07	1.2035e-09	-5.373e-10	2.8e-13	3.2098e-07	-3.2178e-07	2.6845e-09	-1.0471e-09	-9.1e-13	3.2106e-07	-3.2264e-07	5.3267e-09	-1.9239e-09	-6e-13	3.2004e-07	-3.233e-07	9.9414e-09	-3.2987e-09	-1.12e-12	3.2052e-07	-3.27e-07	1.72884e-08	-5.3173e-09	-5.1e-13	3.2044e-07	-3.3228e-07
-0.15	-1.484e-11	-9.639e-11	3.4e-13	3.212e-07	-3.211e-07	4.4841e-10	-2.4276e-10	-4.3e-13	3.2106e-07	-3.2124e-07	1.218e-09	-5.0525e-10	-1.91e-12	3.2102e-07	-3.2176e-07	2.657e-09	-1.0213e-09	-8e-14	3.2106e-07	-3.227e-07	5.2003e-09	-1.8782e-09	-2.7e-13	3.2006e-07	-3.2342e-07	9.8024e-09	-3.2306e-09	-6.9e-13	3.2048e-07	-3.2692e-07	1.70962e-08	-5.2283e-09	5e-14	3.2012e-07	-3.325e-07
-0.145	-2e-11	-8.407e-11	-2.9e-13	3.2136e-07	-3.2114e-07	4.4124e-10	-2.2905e-10	-1.3e-12	3.2112e-07	-3.2128e-07	1.1981e-09	-4.9448e-10	1.09e-12	3.2106e-07	-3.2168e-07	2.6432e-09	-9.7897e-10	-4.7e-13	3.2104e-07	-3.227e-07	5.215e-09	-1.8308e-09	-1.4e-12	3.2014e-07	-3.2338e-07	9.8058e-09	-3.1658e-09	-1.9e-13	3.2052e-07	-3.2698e-07	1.71078e-08	-5.1306e-09	-4e-13	3.2056e-07	-3.3234e-07
-0.14	-2.217e-11	-8.311e-11	7e-13	3.2126e-07	-3.2116e-07	4.3843e-10	-2.2167e-10	4.9e-13	3.2108e-07	-3.2134e-07	1.1841e-09	-4.6893e-10	-1.16e-12	3.2102e-07	-3.2166e-07	2.599e-09	-9.555e-10	-2.3e-13	3.2106e-07	-3.2272e-07	5.1932e-09	-1.7949e-09	1.6e-13	3.201e-07	-3.2348e-07	9.5402e-09	-3.11e-09	4e-14	3.1968e-07	-3.2636e-07	1.70948e-08	-5.0493e-09	7e-13	3.2062e-07	-3.327e-07
-0.135	-2.297e-11	-7.69e-11	-2.4e-13	3.2124e-07	-3.2118e-07	4.3096e-10	-2.0232e-10	-8.8e-13	3.2122e-07	-3.2128e-07	1.1579e-09	-4.6467e-10	5.9e-13	3.2104e-07	-3.2178e-07	2.6034e-09	-9.3274e-10	-4e-14	3.2108e-07	-3.2258e-07	5.1783e-09	-1.7516e-09	-1.11e-12	3.2004e-07	-3.2342e-07	9.56e-09	-3.0489e-09	-2.8e-13	3.2034e-07	-3.2682e-07	1.69666e-08	-4.9657e-09	-4e-13	3.205e-07	-3.3236e-07
-0.13	-2.24e-11	-7.12e-11	1.5e-13	3.2132e-07	-3.2112e-07	4.2195e-10	-1.951e-10	2.4e-13	3.2106e-07	-3.214e-07	1.1717e-09	-4.3979e-10	-1.74e-12	3.21e-07	-3.2174e-07	2.5837e-09	-9.1109e-10	1.9e-13	3.2104e-07	-3.2266e-07	5.1184e-09	-1.7113e-09	-7.4e-13	3.2012e-07	-3.2342e-07	9.4148e-09	-2.9873e-09	-5e-14	3.2036e-07	-3.2638e-07	1.66544e-08	-4.8767e-09	-3.7e-13	3.2052e-07	-3.3244e-07
-0.125	-2.568e-11	-5.933e-11	-1.5e-13	3.213e-07	-3.2116e-07	4.1215e-10	-1.8008e-10	-1.16e-12	3.2108e-07	-3.2134e-07	1.1526e-09	-4.3122e-10	1.1e-12	3.2108e-07	-3.2174e-07	2.4802e-09	-8.8084e-10	-1.12e-12	3.21e-07	-3.2264e-07	5.0636e-09	-1.6627e-09	-1.44e-12	3.2006e-07	-3.2342e-07	9.4719e-09	-2.9294e-09	-1.1e-12	3.1988e-07	-3.2636e-07	1.6505e-08	-4.794e-09	2.1e-13	3.2004e-07	-3.3252e-07
-0.12	-2.726e-11	-5.432e-11	-2e-13	3.2128e-07	-3.2122e-07	4.1205e-10	-1.746e-10	1.13e-12	3.2136e-07	-3.2154e-07	1.156e-09	-4.1264e-10	-8.3e-13	3.2104e-07	-3.2174e-07	2.5223e-09	-8.5772e-10	1.7e-13	3.211e-07	-3.2266e-07	4.9843e-09	-1.6294e-09	1.7e-13	3.2006e-07	-3.2344e-07	9.3661e-09	-2.8745e-09	-4.2e-13	3.2044e-07	-3.2692e-07	1.64176e-08	-4.7187e-09	3.9e-13	3.2052e-07	-3.3242e-07
-0.115	-3.113e-11	-4.502e-11	-1.47e-12	3.2128e-07	-3.2118e-07	3.976e-10	-1.6326e-10	-1.3e-13	3.2108e-07	-3.2134e-07	1.1373e-09	-4.02e-10	-5e-14	3.2102e-07	-3.2182e-07	2.5099e-09	-8.3166e-10	-1.5e-13	3.2102e-07	-3.2266e-07	5.0316e-09	-1.5875e-09	-1.11e-12	3.2006e-07	-3.2352e-07	9.4034e-09	-2.8153e-09	-7.3e-13	3.2046e-07	-3.271e-07	1.64216e-08	-4.637e-09	2.2e-13	3.2048e-07	-3.3222e-07
-0.11	-3.249e-11	-4.94e-11	7.2e-13	3.2126e-07	-3.211e-07	4.1003e-10	-1.5711e-10	1.5e-13	3.211e-07	-3.2134e-07	1.1233e-09	-3.8788e-10	1.4e-13	3.2104e-07	-3.2176e-07	2.4838e-09	-8.1304e-10	-5.4e-13	3.2096e-07	-3.227e-07	4.9765e-09	-1.5542e-09	-4.4e-13	3.2008e-07	-3.236e-07	9.2987e-09	-2.7579e-09	-9.7e-13	3.2044e-07	-3.2688e-07	1.61606e-08	-4.5502e-09	-4.9e-13	3.2052e-07	-3.3246e-07
-0.105	-3.591e-11	-4.532e-11	-2.2e-13	3.2128e-07	-3.2112e-07	3.9233e-10	-1.4481e-10	-3.7e-13	3.211e-07	-3.2122e-07	1.0905e-09	-3.7427e-10	-5.5e-13	3.2104e-07	-3.2182e-07	2.4664e-09	-7.8527e-10	-9.6e-13	3.2108e-07	-3.2272e-07	4.945e-09	-1.5117e-09	-1.09e-12	3.2012e-07	-3.235e-07	9.1431e-09	-2.7023e-09	-8e-14	3.204e-07	-3.2694e-07	1.60882e-08	-4.4787e-09	3.7e-13	3.2052e-07	-3.3196e-07
-0.1	-3.274e-11	-4.758e-11	4.4e-13	3.213e-07	-3.2118e-07	3.8898e-10	-1.3649e-10	-5.3e-13	3.2108e-07	-3.212e-07	1.1119e-09	-3.6313e-10	-5.9e-13	3.2106e-07	-3.2174e-07	2.4334e-09	-7.659e-10	-1.7e-13	3.21e-07	-3.2266e-07	4.8893e-09	-1.481e-09	3.6e-13	3.201e-07	-3.2342e-07	9.0506e-09	-2.6469e-09	-7.1e-13	3.204e-07	-3.2702e-07	1.6053e-08	-4.4021e-09	-9.8e-13	3.2056e-07	-3.3212e-07
-0.095	-3.42e-11	-3.865e-11	-1.58e-12	3.2122e-07	-3.2118e-07	3.7831e-10	-1.2858e-10	-6.2e-13	3.2112e-07	-3.214e-07	1.0798e-09	-3.4724e-10	-1.03e-12	3.211e-07	-3.2176e-07	2.4058e-09	-7.3884e-10	-1.17e-12	3.2104e-07	-3.2266e-07	4.9019e-09	-1.4442e-09	-1.01e-12	3.2012e-07	-3.234e-07	9.0701e-09	-2.5981e-09	-2.7e-13	3.198e-07	-3.2628e-07	1.58738e-08	-4.3315e-09	-3e-14	3.2022e-07	-3.323e-07
-0.09	-3.617e-11	-3.481e-11	3.4e-13	3.2108e-07	-3.2112e-07	3.7304e-10	-1.2503e-10	2e-14	3.2112e-07	-3.2136e-07	1.0923e-09	-3.4099e-10	-2e-13	3.2112e-07	-3.218e-07	2.411e-09	-7.1815e-10	-1.04e-12	3.211e-07	-3.2274e-07	4.7991e-09	-1.4128e-09	3.2e-13	3.2012e-07	-3.2354e-07	8.9835e-09	-2.5391e-09	-7.5e-13	3.204e-07	-3.2644e-07	1.60716e-08	-4.2478e-09	-1.07e-12	3.2046e-07	-3.3198e-07
-0.085	-3.905e-11	-2.783e-11	-8.6e-13	3.2124e-07	-3.2122e-07	3.6411e-10	-1.1637e-10	2.3e-13	3.2114e-07	-3.213e-07	1.0669e-09	-3.2788e-10	-5.8e-13	3.211e-07	-3.2182e-07	2.4144e-09	-6.9618e-10	-8.8e-13	3.2006e-07	-3.2184e-07	4.8081e-09	-1.3768e-09	-4.7e-13	3.2006e-07	-3.2338e-07	8.9112e-09	-2.4921e-09	2.8e-13	3.2046e-07	-3.2686e-07	1.57752e-08	-4.1789e-09	1.8e-13	3.205e-07	-3.318e-07
-0.08	-4.169e-11	-2.664e-11	-6.3e-13	3.2148e-07	-3.211e-07	3.8843e-10	-1.1181e-10	1e-14	3.2116e-07	-3.2136e-07	1.0761e-09	-3.1529e-10	-8e-13	3.211e-07	-3.2178e-07	2.3741e-09	-6.8078e-10	-6.9e-13	3.2008e-07	-3.2174e-07	4.7658e-09	-1.3503e-09	6.8e-13	3.2012e-07	-3.2342e-07	8.9546e-09	-2.4422e-09	-1.08e-12	3.2034e-07	-3.2704e-07	1.56848e-08	-4.1038e-09	-8.3e-13	3.2054e-07	-3.3216e-07
-0.075	-4.238e-11	-2.641e-11	-6.1e-13	3.2124e-07	-3.2114e-07	3.5095e-10	-9.98e-11	-8.2e-13	3.2114e-07	-3.2134e-07	1.0731e-09	-3.0327e-10	-1e-12	3.21e-07	-3.2178e-07	2.3522e-09	-6.6063e-10	-7.5e-13	3.2008e-07	-3.2176e-07	4.7544e-09	-1.3211e-09	-5e-13	3.2006e-07	-3.2342e-07	8.7868e-09	-2.4042e-09	1.09e-12	3.2046e-07	-3.2688e-07	1.5592e-08	-4.0354e-09	4e-14	3.2046e-07	-3.3194e-07
-0.07	-4.418e-11	-2.508e-11	-4.1e-13	3.2128e-07	-3.2116e-07	3.5142e-10	-1.0155e-10	5.1e-13	3.2112e-07	-3.2132e-07	1.0548e-09	-2.9362e-10	-4.5e-13	3.2104e-07	-3.2176e-07	2.3568e-09	-6.4173e-10	-1.1e-12	3.2008e-07	-3.218e-07	4.6853e-09	-1.2921e-09	-1.16e-12	3.2006e-07	-3.235e-07	8.8177e-09	-2.3551e-09	-4.5e-13	3.2044e-07	-3.2682e-07	1.54318e-08	-3.9655e-09	-6.5e-13	3.2048e-07	-3.321e-07
-0.065	-4.412e-11	-1.801e-11	-7.8e-13	3.2124e-07	-3.2118e-07	3.4743e-10	-9.441e-11	-5.4e-13	3.2116e-07	-3.214e-07	1.0518e-09	-2.8167e-10	-1.08e-12	3.2108e-07	-3.2188e-07	2.3243e-09	-6.234e-10	-1.4e-13	3.2004e-07	-3.217e-07	4.6638e-09	-1.2623e-09	2.3e-13	3.2004e-07	-3.2294e-07	8.6694e-09	-2.3069e-09	4.9e-13	3.2044e-07	-3.2698e-07	1.53378e-08	-3.9037e-09	-2.6e-13	3.2046e-07	-3.32e-07
-0.06	-4.419e-11	-1.261e-11	-8.3e-13	3.2122e-07	-3.2124e-07	3.452e-10	-9.377e-11	-6e-14	3.2112e-07	-3.2142e-07	1.0456e-09	-2.7014e-10	-3.1e-13	3.2104e-07	-3.2188e-07	2.3132e-09	-6.0498e-10	6.5e-13	3.2004e-07	-3.2176e-07	4.6416e-09	-1.2326e-09	-1.13e-12	3.2008e-07	-3.2344e-07	8.5835e-09	-2.2534e-09	-2e-13	3.2048e-07	-3.2676e-07	1.52896e-08	-3.8318e-09	-5.9e-13	3.1988e-07	-3.3144e-07
-0.055	-4.587e-11	-1.58e-11	-4.6e-13	3.2126e-07	-3.2138e-07	3.3759e-10	-8.169e-11	-1.07e-12	3.2112e-07	-3.213e-07	1.0345e-09	-2.6019e-10	-7.4e-13	3.2108e-07	-3.2174e-07	2.3132e-09	-5.8675e-10	3.4e-13	3.201e-07	-3.2168e-07	4.6156e-09	-1.2017e-09	-1.53e-12	3.2024e-07	-3.2354e-07	8.7068e-09	-2.2189e-09	3e-14	3.2046e-07	-3.2676e-07	1.53446e-08	-3.7593e-09	-9.9e-13	3.2052e-07	-3.3198e-07
-0.05	-4.537e-11	-1.412e-11	-1.05e-12	3.2144e-07	-3.2142e-07	3.3468e-10	-8.442e-11	9.9e-13	3.2112e-07	-3.2138e-07	1.0399e-09	-2.5388e-10	-4.5e-13	3.2108e-07	-3.2176e-07	2.2735e-09	-5.7317e-10	1.6e-13	3.2004e-07	-3.217e-07	4.5904e-09	-1.1711e-09	-1.34e-12	3.1938e-07	-3.2338e-07	8.6449e-09	-2.1713e-09	-7.2e-13	3.2036e-07	-3.2692e-07	1.50568e-08	-3.6928e-09	2.6e-13	3.2048e-07	-3.317e-07
-0.045	-4.748e-11	-9.02e-12	-1.32e-12	3.213e-07	-3.2118e-07	3.3049e-10	-7.594e-11	-1.65e-12	3.2116e-07	-3.2142e-07	1.0203e-09	-2.4241e-10	-1.67e-12	3.211e-07	-3.2178e-07	2.2854e-09	-5.6137e-10	1e-13	3.2008e-07	-3.2168e-07	4.4842e-09	-1.1453e-09	-1.1e-13	3.2004e-07	-3.2338e-07	8.5831e-09	-2.1271e-09	-2.3e-13	3.2044e-07	-3.2682e-07	1.51258e-08	-3.63e-09	-7.8e-13	3.2046e-07	-3.317e-07
-0.04	-4.965e-11	-7.11e-12	-1.7e-13	3.2122e-07	-3.211e-07	3.2726e-10	-7.696e-11	5.7e-13	3.2122e-07	-3.2138e-07	1.0002e-09	-2.3838e-10	2e-13	3.2098e-07	-3.2178e-07	2.2468e-09	-5.498e-10	5.2e-13	3.2002e-07	-3.2174e-07	4.5558e-09	-1.1159e-09	-2.7e-13	3.2008e-07	-3.234e-07	8.4817e-09	-2.0823e-09	-7.2e-13	3.2046e-07	-3.2682e-07	1.47238e-08	-3.5654e-09	-9.8e-13	3.2048e-07	-3.3192e-07
-0.035	-5.141e-11	-7.67e-12	-2.7e-13	3.2136e-07	-3.2118e-07	3.1906e-10	-6.826e-11	-8.3e-13	3.2116e-07	-3.2134e-07	1.0083e-09	-2.3107e-10	-3.3e-13	3.2104e-07	-3.2172e-07	2.2325e-09	-5.3303e-10	-5.5e-13	3.2e-07	-3.2174e-07	4.5331e-09	-1.0873e-09	-4.2e-13	3.2008e-07	-3.2342e-07	8.4156e-09	-2.0385e-09	-1.51e-12	3.2046e-07	-3.268e-07	1.48868e-08	-3.5044e-09	-2.1e-13	3.2034e-07	-3.314e-07
-0.03	-5.116e-11	-5.99e-12	-7.7e-13	3.212e-07	-3.211e-07	3.3032e-10	-6.642e-11	3.5e-13	3.2116e-07	-3.2142e-07	1.0038e-09	-2.2652e-10	-4e-14	3.21e-07	-3.2184e-07	2.2197e-09	-5.1717e-10	-3.9e-13	3.2e-07	-3.2162e-07	4.4719e-09	-1.0557e-09	4.7e-13	3.2e-07	-3.2326e-07	8.3959e-09	-1.9935e-09	-1.65e-12	3.2038e-07	-3.2672e-07	1.4764e-08	-3.4465e-09	-6.6e-13	3.2054e-07	-3.318e-07
-0.025	-5.235e-11	-1.94e-12	-4e-14	3.2128e-07	-3.2118e-07	3.1621e-10	-5.845e-11	-6.9e-13	3.2104e-07	-3.213e-07	9.953e-10	-2.171e-10	-6.3e-13	3.2106e-07	-3.218e-07	2.1971e-09	-5.0076e-10	-3e-13	3.2004e-07	-3.217e-07	4.421e-09	-1.0325e-09	8e-14	3.201e-07	-3.235e-07	8.2919e-09	-1.9533e-09	-5.7e-13	3.1986e-07	-3.2684e-07	1.46944e-08	-3.3844e-09	-5.8e-13	3.2056e-07	-3.3188e-07
-0.02	-5.452e-11	-2.79e-12	9e-14	3.213e-07	-3.212e-07	3.129e-10	-5.549e-11	-2.5e-13	3.2116e-07	-3.213e-07	9.973e-10	-2.0425e-10	-6.1e-13	3.2104e-07	-3.2178e-07	2.1952e-09	-4.8585e-10	-1.1e-12	3.1938e-07	-3.21e-07	4.3912e-09	-1.0047e-09	-1.05e-12	3.2012e-07	-3.2342e-07	8.2653e-09	-1.9107e-09	-7.6e-13	3.203e-07	-3.2694e-07	1.46126e-08	-3.3149e-09	-1.05e-12	3.204e-07	-3.3172e-07
-0.015	-5.258e-11	-5.8e-13	-1.3e-13	3.2126e-07	-3.2122e-07	2.9959e-10	-5.349e-11	-3.1e-13	3.2134e-07	-3.2164e-07	9.8347e-10	-2.0701e-10	6.2e-13	3.2106e-07	-3.218e-07	2.189e-09	-4.7112e-10	-8e-13	3.1992e-07	-3.2178e-07	4.394e-09	-9.8921e-10	-1.3e-13	3.2008e-07	-3.2348e-07	8.2479e-09	-1.8664e-09	-9.7e-13	3.2052e-07	-3.2698e-07	1.44494e-08	-3.2648e-09	1.29e-12	3.2044e-07	-3.3162e-07
-0.01	-5.186e-11	9.8e-13	-3.8e-13	3.2138e-07	-3.2114e-07	3.1207e-10	-4.94e-11	-1.16e-12	3.2116e-07	-3.2124e-07	9.7976e-10	-1.9555e-10	-1.78e-12	3.2106e-07	-3.2182e-07	2.1651e-09	-4.5688e-10	-5.9e-13	3.2e-07	-3.218e-07	4.4011e-09	-9.593e-10	-1.41e-12	3.1998e-07	-3.2338e-07	8.2907e-09	-1.8309e-09	-8.5e-13	3.2048e-07	-3.2676e-07	1.45154e-08	-3.2032e-09	-6.9e-13	3.204e-07	-3.3154e-07
-0.005	-5.45e-11	1.5e-12	-7e-14	3.2136e-07	-3.2122e-07	3.0157e-10	-4.735e-11	-5.8e-13	3.2112e-07	-3.214e-07	9.6977e-10	-1.898e-10	-1.4e-13	3.21e-07	-3.2178e-07	2.1518e-09	-4.4679e-10	-1.6e-13	3.2004e-07	-3.2174e-07	4.3264e-09	-9.381e-10	1e-14	3.2006e-07	-3.2356e-07	8.1529e-09	-1.7993e-09	7.2e-13	3.1988e-07	-3.2624e-07	1.44804e-08	-3.1441e-09	1.6e-13	3.2048e-07	-3.3174e-07
0	-5.665e-11	5.8e-13	-2.6e-13	3.2132e-07	-3.2124e-07	2.965e-10	-4.409e-11	-3.7e-13	3.2116e-07	-3.2186e-07	9.6832e-10	-1.8094e-10	-1.14e-12	3.2106e-07	-3.2182e-07	2.1559e-09	-4.2965e-10	-8.7e-13	3.2002e-07	-3.2166e-07	4.3365e-09	-9.0958e-10	-1.21e-12	3.2006e-07	-3.2348e-07	8.2277e-09	-1.7618e-09	3.3e-13	3.2038e-07	-3.2692e-07	1.4348e-08	-3.0851e-09	-1.1e-13	3.2046e-07	-3.319e-07
0.005	-5.544e-11	-2.37e-12	-4.3e-13	3.213e-07	-3.2124e-07	2.9819e-10	-4.134e-11	-8.9e-13	3.2116e-07	-3.213e-07	9.5984e-10	-1.7765e-10	7e-14	3.211e-07	-3.2178e-07	2.1289e-09	-4.1544e-10	-6.3e-13	3.2004e-07	-3.217e-07	4.3147e-09	-8.9058e-10	3.2e-13	3.2008e-07	-3.2342e-07	8.1073e-09	-1.724e-09	-4.1e-13	3.2102e-07	-3.2734e-07	1.42984e-08	-3.0333e-09	-1.4e-13	3.204e-07	-3.3176e-07
0.01	-5.617e-11	-9.1e-13	-4.8e-13	3.2124e-07	-3.212e-07	2.9275e-10	-3.885e-11	-3.2e-13	3.2116e-07	-3.2138e-07	9.2915e-10	-1.6944e-10	-1.35e-12	3.2098e-07	-3.2184e-07	2.1155e-09	-4.0187e-10	-6e-13	3.2004e-07	-3.216e-07	4.2859e-09	-8.6645e-10	-1.26e-12	3.2008e-07	-3.2348e-07	8.06e-09	-1.6858e-09	-3.2e-13	3.2102e-07	-3.2734e-07	1.419e-08	-2.9692e-09	-4.9e-13	3.1976e-07	-3.3104e-07
0.015	-5.554e-11	-6.58e-12	1.21e-12	3.2152e-07	-3.2146e-07	2.8979e-10	-3.353e-11	-3e-14	3.2118e-07	-3.2136e-07	9.4652e-10	-1.619e-10	8e-14	3.2096e-07	-3.2182e-07	2.1153e-09	-3.9935e-10	-6.9e-13	3.201e-07	-3.2176e-07	4.2379e-09	-8.5065e-10	3.3e-13	3.2004e-07	-3.2336e-07	8.0599e-09	-1.6533e-09	1.1e-13	3.2116e-07	-3.274e-07	1.41426e-08	-2.9136e-09	-1.6e-13	3.204e-07	-3.315e-07
0.02	-5.548e-11	-2e-13	-9.1e-13	3.2128e-07	-3.2122e-07	2.8933e-10	-3.28e-11	-3.1e-13	3.2138e-07	-3.214e-07	9.6094e-10	-1.5293e-10	-4.4e-13	3.2104e-07	-3.2184e-07	2.0915e-09	-3.8041e-10	-4e-13	3.1994e-07	-3.2166e-07	4.1517e-09	-8.2581e-10	-5.7e-13	3.1994e-07	-3.2336e-07	7.9328e-09	-1.6195e-09	-4.4e-13	3.211e-07	-3.2744e-07	1.40706e-08	-2.866e-09	4.5e-13	3.204e-07	-3.3148e-07
0.025	-5.339e-11	-5e-13	8.7e-13	3.2116e-07	-3.2112e-07	2.8888e-10	-2.337e-11	-1.53e-12	3.2104e-07	-3.2134e-07	9.3648e-10	-1.489e-10	2.3e-13	3.2108e-07	-3.218e-07	2.0836e-09	-3.7016e-10	5.5e-13	3.2e-07	-3.2176e-07	4.218e-09	-8.1167e-10	9.7e-13	3.1994e-07	-3.2356e-07	7.9272e-09	-1.5841e-09	-7e-13	3.2106e-07	-3.2734e-07	1.39158e-08	-2.8121e-09	-7.8e-13	3.2038e-07	-3.3168e-07
0.03	-5.894e-11	5.98e-12	-7.5e-13	3.213e-07	-3.2124e-07	2.8809e-10	-2.422e-11	-4e-14	3.2124e-07	-3.2144e-07	9.3814e-10	-1.3433e-10	-1.57e-12	3.2104e-07	-3.218e-07	2.0487e-09	-3.6125e-10	2.9e-13	3.1998e-07	-3.2172e-07	4.2266e-09	-7.8993e-10	-4e-13	3.1996e-07	-3.2344e-07	7.8797e-09	-1.5451e-09	-4.1e-13	3.2102e-07	-3.2734e-07	1.3896e-08	-2.7584e-09	2.5e-13	3.2054e-07	-3.3144e-07
0.035	-5.817e-11	-3e-12	1.7e-13	3.2132e-07	-3.2116e-07	2.8176e-10	-1.852e-11	-1.11e-12	3.2118e-07	-3.2136e-07	9.3642e-10	-1.3374e-10	4.1e-13	3.2112e-07	-3.2184e-07	2.0619e-09	-3.4722e-10	-5.3e-13	3.2016e-07	-3.217e-07	4.1808e-09	-7.7176e-10	4.6e-13	3.1994e-07	-3.2338e-07	7.8574e-09	-1.5099e-09	-8.5e-13	3.2112e-07	-3.2754e-07	1.37948e-08	-2.705e-09	-6.3e-13	3.2046e-07	-3.3158e-07
0.04	-5.976e-11	2.67e-12	-1.67e-12	3.2128e-07	-3.2112e-07	2.8094e-10	-2.091e-11	-7.4e-13	3.2106e-07	-3.2132e-07	9.4027e-10	-1.1791e-10	-1.77e-12	3.2098e-07	-3.2178e-07	2.0854e-09	-3.3783e-10	4.1e-13	3.2002e-07	-3.2164e-07	4.1374e-09	-7.4607e-10	7e-14	3.2e-07	-3.2342e-07	7.8012e-09	-1.4762e-09	-1.51e-12	3.2132e-07	-3.276e-07	1.37218e-08	-2.6659e-09	1.05e-12	3.205e-07	-3.3132e-07
0.045	-5.788e-11	-1.62e-12	-1.3e-13	3.2128e-07	-3.2116e-07	2.7599e-10	-1.631e-11	-9.9e-13	3.2112e-07	-3.2134e-07	9.2088e-10	-1.2145e-10	3e-14	3.2108e-07	-3.2184e-07	2.0379e-09	-3.2569e-10	-5.7e-13	3.2004e-07	-3.2168e-07	4.0934e-09	-7.3356e-10	4.1e-13	3.1992e-07	-3.2278e-07	7.7713e-09	-1.4462e-09	-9.4e-13	3.211e-07	-3.2764e-07	1.38388e-08	-2.6047e-09	-7.7e-13	3.2044e-07	-3.3164e-07
0.05	-5.884e-11	2.76e-12	-6.2e-13	3.2126e-07	-3.2122e-07	2.7669e-10	-1.833e-11	-1.2e-13	3.2112e-07	-3.2142e-07	9.2786e-10	-1.09e-10	-1.87e-12	3.2108e-07	-3.2182e-07	2.0416e-09	-3.2458e-10	1.17e-12	3.2004e-07	-3.2172e-07	4.1215e-09	-7.0994e-10	-9.5e-13	3.2e-07	-3.2342e-07	7.7833e-09	-1.4132e-09	-3.2e-13	3.2114e-07	-3.2736e-07	1.3649e-08	-2.5528e-09	5e-14	3.1994e-07	-3.315e-07
0.055	-5.939e-11	3.22e-12	-7.4e-13	3.2124e-07	-3.2118e-07	2.7982e-10	-1.581e-11	-8.6e-13	3.2114e-07	-3.2148e-07	9.3295e-10	-1.159e-10	1.06e-12	3.211e-07	-3.2176e-07	2.038e-09	-3.082e-10	-1.9e-12	3.201e-07	-3.217e-07	4.1177e-09	-6.9469e-10	-3.5e-13	3.1932e-07	-3.2258e-07	7.7166e-09	-1.3784e-09	-4.1e-13	3.211e-07	-3.274e-07	1.35996e-08	-2.5031e-09	-4e-13	3.2052e-07	-3.3152e-07
0.06	-5.972e-11	6.91e-12	-9.4e-13	3.2124e-07	-3.2114e-07	2.7581e-10	-1.449e-11	1.4e-13	3.2112e-07	-3.2134e-07	9.0737e-10	-1.0207e-10	-1.03e-12	3.21e-07	-3.2176e-07	2.0315e-09	-3.0487e-10	1.02e-12	3.2e-07	-3.2178e-07	4.1358e-09	-6.6916e-10	-1.03e-12	3.1998e-07	-3.2352e-07	7.6689e-09	-1.3467e-09	-8.2e-13	3.2104e-07	-3.2732e-07	1.35168e-08	-2.4623e-09	-3.5e-13	3.2052e-07	-3.3134e-07
0.065	-6.286e-11	4.21e-12	5e-14	3.2128e-07	-3.211e-07	2.7291e-10	-1.201e-11	2.3e-13	3.2118e-07	-3.2142e-07	9.0929e-10	-1.0167e-10	2.8e-13	3.2104e-07	-3.2184e-07	1.9953e-09	-2.8992e-10	-1.39e-12	3.2004e-07	-3.2162e-07	4.0509e-09	-6.5841e-10	-8.3e-13	3.1996e-07	-3.235e-07	7.5847e-09	-1.3174e-09	-8e-14	3.211e-07	-3.2732e-07	1.34904e-08	-2.4067e-09	-4.2e-13	3.2046e-07	-3.316e-07
0.07	-6.236e-11	2.5e-12	-7.6e-13	3.2128e-07	-3.2118e-07	2.7054e-10	-1.502e-11	1.9e-13	3.2108e-07	-3.2126e-07	8.854e-10	-9.833e-11	-5.7e-13	3.2106e-07	-3.2182e-07	2.0219e-09	-2.8778e-10	3e-13	3.2006e-07	-3.2182e-07	4.0628e-09	-6.334e-10	-1.89e-12	3.1954e-07	-3.228e-07	7.5554e-09	-1.294e-09	6.7e-13	3.2106e-07	-3.2744e-07	1.3394e-08	-2.36e-09	-9e-13	3.2044e-07	-3.3122e-07
0.075	-6.273e-11	6.49e-12	-7.1e-13	3.2132e-07	-3.2114e-07	2.7383e-10	-1.406e-11	-6.7e-13	3.2116e-07	-3.2128e-07	8.8098e-10	-9.162e-11	6.4e-13	3.211e-07	-3.2182e-07	2.0011e-09	-2.7299e-10	-2.3e-12	3.2e-07	-3.2184e-07	4.0471e-09	-6.1764e-10	-1.07e-12	3.2006e-07	-3.2336e-07	7.5719e-09	-1.2647e-09	2.2e-13	3.21e-07	-3.273e-07	1.33802e-08	-2.3236e-09	8e-14	3.2046e-07	-3.3134e-07
0.08	-6.531e-11	1.386e-11	-1.44e-12	3.211e-07	-3.2112e-07	2.663e-10	-1.432e-11	6.9e-13	3.211e-07	-3.2136e-07	8.7952e-10	-8.513e-11	-1.2e-13	3.211e-07	-3.2186e-07	2.0066e-09	-2.688e-10	-2e-13	3.2e-07	-3.2176e-07	3.9989e-09	-5.9935e-10	-8.9e-13	3.2006e-07	-3.2348e-07	7.4356e-09	-1.2291e-09	-1.3e-13	3.2098e-07	-3.273e-07	1.32714e-08	-2.275e-09	-9.4e-13	3.2046e-07	-3.3134e-07
0.085	-6.676e-11	1.626e-11	-1.19e-12	3.2122e-07	-3.2106e-07	2.7076e-10	-1.114e-11	-9e-14	3.2138e-07	-3.2158e-07	8.5509e-10	-7.654e-11	-2.9e-13	3.211e-07	-3.2182e-07	2.01e-09	-2.5415e-10	-1.14e-12	3.1998e-07	-3.2186e-07	3.9727e-09	-5.8553e-10	-6.9e-13	3.201e-07	-3.2342e-07	7.4763e-09	-1.1987e-09	-4.6e-13	3.2108e-07	-3.2724e-07	1.32174e-08	-2.2188e-09	-4.1e-13	3.204e-07	-3.3138e-07
0.09	-6.671e-11	1.682e-11	-3.7e-13	3.2118e-07	-3.2116e-07	2.668e-10	-1.076e-11	-5.4e-13	3.2112e-07	-3.2136e-07	8.7214e-10	-7.317e-11	-5.1e-13	3.2104e-07	-3.2178e-07	2.0199e-09	-2.4901e-10	6.5e-13	3.201e-07	-3.2176e-07	3.9126e-09	-5.6678e-10	-2.1e-13	3.2006e-07	-3.2348e-07	7.4972e-09	-1.1758e-09	-5.3e-13	3.2106e-07	-3.2736e-07	1.31906e-08	-2.1799e-09	4.1e-13	3.2048e-07	-3.3152e-07
0.095	-6.635e-11	1.215e-11	3.7e-13	3.211e-07	-3.21e-07	2.667e-10	-5.5e-12	-5.2e-13	3.2112e-07	-3.214e-07	8.7392e-10	-7.113e-11	-1e-13	3.2104e-07	-3.2174e-07	1.9544e-09	-2.3645e-10	-1.07e-12	3.2004e-07	-3.217e-07	3.9833e-09	-5.5224e-10	3.3e-13	3.2012e-07	-3.2352e-07	7.4321e-09	-1.1485e-09	-1.12e-12	3.2098e-07	-3.273e-07	1.30466e-08	-2.1393e-09	-7.2e-13	3.2046e-07	-3.3152e-07
0.1	-7.056e-11	1.402e-11	1.8e-13	3.2118e-07	-3.2116e-07	2.6687e-10	-9.31e-12	8.4e-13	3.2104e-07	-3.213e-07	8.6086e-10	-6.772e-11	-1.2e-13	3.2102e-07	-3.2184e-07	1.959e-09	-2.3333e-10	2.3e-13	3.2004e-07	-3.2116e-07	3.9578e-09	-5.3635e-10	6.2e-13	3.2016e-07	-3.2346e-07	7.4617e-09	-1.1205e-09	-1.09e-12	3.2104e-07	-3.2726e-07	1.30926e-08	-2.0956e-09	-1.36e-12	3.1994e-07	-3.3098e-07
0.105	-6.951e-11	1.802e-11	-1e-12	3.2118e-07	-3.2114e-07	2.647e-10	-9.04e-12	-8.7e-13	3.211e-07	-3.2138e-07	8.5395e-10	-6.78e-11	-3e-14	3.2112e-07	-3.2188e-07	1.9813e-09	-2.1476e-10	-1.5e-12	3.2004e-07	-3.2186e-07	3.9505e-09	-5.1982e-10	-1.1e-12	3.2014e-07	-3.2344e-07	7.3208e-09	-1.0978e-09	-2.8e-13	3.21e-07	-3.2734e-07	1.30072e-08	-2.0496e-09	-4.6e-13	3.2052e-07	-3.313e-07
0.11	-7.131e-11	2.68e-11	-1.84e-12	3.2116e-07	-3.2106e-07	2.6011e-10	-1.105e-11	-2.1e-13	3.2114e-07	-3.2134e-07	8.6025e-10	-6.187e-11	-1.6e-13	3.2108e-07	-3.2184e-07	1.97e-09	-2.1581e-10	1.11e-12	3.2006e-07	-3.2174e-07	3.9127e-09	-5.0757e-10	-4e-13	3.2012e-07	-3.235e-07	7.3672e-09	-1.0707e-09	-1.34e-12	3.2112e-07	-3.2736e-07	1.30314e-08	-2.0161e-09	-9e-14	3.2058e-07	-3.3134e-07
0.115	-7.251e-11	1.854e-11	2e-14	3.2124e-07	-3.2122e-07	2.6568e-10	-7.35e-12	-1.19e-12	3.211e-07	-3.2134e-07	8.5501e-10	-5.878e-11	3.9e-13	3.211e-07	-3.2188e-07	1.9184e-09	-2.0393e-10	-9.2e-13	3.2e-07	-3.2176e-07	3.9237e-09	-4.9868e-10	3.5e-13	3.201e-07	-3.2344e-07	7.28e-09	-1.0446e-09	-5.2e-13	3.2108e-07	-3.273e-07	1.29166e-08	-1.9727e-09	-7.3e-13	3.1996e-07	-3.3152e-07
0.12	-7.488e-11	2.124e-11	-5e-13	3.2116e-07	-3.211e-07	2.5966e-10	-1.187e-11	3.2e-13	3.2116e-07	-3.2134e-07	8.5217e-10	-5.268e-11	-6e-14	3.2104e-07	-3.2186e-07	1.9619e-09	-2.0468e-10	1.45e-12	3.2e-07	-3.2118e-07	3.8634e-09	-4.8391e-10	-6e-13	3.2016e-07	-3.2356e-07	7.3343e-09	-1.0183e-09	-3.3e-13	3.2106e-07	-3.2752e-07	1.28266e-08	-1.9238e-09	1.6e-13	3.2056e-07	-3.3122e-07
0.125	-7.505e-11	2.274e-11	6.9e-13	3.2118e-07	-3.2112e-07	2.6128e-10	-6.3e-12	-8.2e-13	3.211e-07	-3.2138e-07	8.5352e-10	-5.396e-11	-2.5e-13	3.211e-07	-3.2186e-07	1.9473e-09	-1.866e-10	-1.41e-12	3.1994e-07	-3.2174e-07	3.8777e-09	-4.6987e-10	-1e-13	3.2016e-07	-3.2356e-07	7.3434e-09	-9.957e-10	-2.2e-13	3.21e-07	-3.2736e-07	1.2889e-08	-1.8876e-09	1.3e-13	3.205e-07	-3.3146e-07
0.13	-7.773e-11	3.286e-11	-9.1e-13	3.2118e-07	-3.2116e-07	2.6912e-10	-7.84e-12	-2.7e-13	3.2112e-07	-3.2132e-07	8.3856e-10	-5.235e-11	-9.2e-13	3.2104e-07	-3.2182e-07	1.95e-09	-1.8888e-10	7e-13	3.2006e-07	-3.2176e-07	3.9165e-09	-4.5422e-10	-8.7e-13	3.201e-07	-3.235e-07	7.2147e-09	-9.7216e-10	-1.52e-12	3.2106e-07	-3.2722e-07	1.27878e-08	-1.8562e-09	-1.24e-12	3.2058e-07	-3.3136e-07
0.135	-7.98e-11	2.895e-11	2.1e-13	3.2116e-07	-3.21e-07	2.6128e-10	-3.07e-12	-6.2e-13	3.2108e-07	-3.2134e-07	8.2483e-10	-5.389e-11	3e-14	3.2104e-07	-3.218e-07	1.9325e-09	-1.7699e-10	-1.14e-12	3.2002e-07	-3.2112e-07	4.0389e-09	-4.4687e-10	-5.2e-13	3.2016e-07	-3.2366e-07	7.2394e-09	-9.4692e-10	-9.4e-13	3.2106e-07	-3.2724e-07	1.27134e-08	-1.8121e-09	-7.9e-13	3.2052e-07	-3.312e-07
0.14	-8.16e-11	2.807e-11	2e-13	3.2122e-07	-3.2112e-07	2.6429e-10	-4.9e-12	-6.6e-13	3.2112e-07	-3.2138e-07	8.3998e-10	-4.482e-11	-5.8e-13	3.2096e-07	-3.2182e-07	1.9478e-09	-1.803e-10	6.3e-13	3.2006e-07	-3.2182e-07	3.8577e-09	-4.2954e-10	-9.1e-13	3.2006e-07	-3.2288e-07	7.2095e-09	-9.2438e-10	-5.7e-13	3.211e-07	-3.2742e-07	1.26762e-08	-1.7725e-09	2.7e-13	3.2048e-07	-3.315e-07
0.145	-8.118e-11	2.617e-11	5.9e-13	3.2116e-07	-3.2112e-07	2.5649e-10	2.7e-13	-1.47e-12	3.2118e-07	-3.214e-07	8.2951e-10	-4.011e-11	-6e-14	3.2094e-07	-3.2174e-07	1.9374e-09	-1.6853e-10	-7.9e-13	3.2006e-07	-3.218e-07	3.8275e-09	-4.2286e-10	5.8e-13	3.2016e-07	-3.2356e-07	7.2125e-09	-9.0071e-10	-1.03e-12	3.2104e-07	-3.2724e-07	1.26476e-08	-1.7395e-09	2.7e-13	3.2052e-07	-3.315e-07
0.15	-8.666e-11	3.441e-11	-1.03e-12	3.2122e-07	-3.211e-07	2.574e-10	-7.4e-13	-9.6e-13	3.211e-07	-3.2132e-07	8.2696e-10	-3.601e-11	-1.39e-12	3.2102e-07	-3.2178e-07	1.9436e-09	-1.642e-10	3.6e-13	3.2008e-07	-3.2184e-07	3.8682e-09	-4.028e-10	-8.4e-13	3.2008e-07	-3.2354e-07	7.1147e-09	-8.7946e-10	-6.2e-13	3.211e-07	-3.2722e-07	1.25144e-08	-1.7056e-09	-7e-14	3.206e-07	-3.3128e-07
0.155	-8.854e-11	3.618e-11	-2e-13	3.2116e-07	-3.2104e-07	2.5212e-10	-2.7e-12	-7.1e-13	3.2106e-07	-3.2136e-07	8.2879e-10	-3.772e-11	-1.1e-12	3.2106e-07	-3.2188e-07	1.9669e-09	-1.5597e-10	-1.7e-12	3.2004e-07	-3.2182e-07	3.8261e-09	-3.9677e-10	-8e-14	3.201e-07	-3.2348e-07	7.0721e-09	-8.5529e-10	-1.08e-12	3.2106e-07	-3.2734e-07	1.25428e-08	-1.6572e-09	-9.3e-13	3.1994e-07	-3.308e-07
0.16	-9.14e-11	3.994e-11	-1.14e-12	3.2124e-07	-3.2114e-07	2.5681e-10	2.19e-12	-1.13e-12	3.2106e-07	-3.2138e-07	8.1159e-10	-3.708e-11	9e-14	3.2104e-07	-3.2176e-07	1.9558e-09	-1.5181e-10	-8.8e-13	3.1938e-07	-3.2186e-07	3.8231e-09	-3.7728e-10	-1.46e-12	3.2012e-07	-3.235e-07	7.026e-09	-8.3876e-10	5.1e-13	3.2104e-07	-3.273e-07	1.24614e-08	-1.6279e-09	4.1e-13	3.2052e-07	-3.3146e-07
0.165	-9.308e-11	3.773e-11	5.3e-13	3.213e-07	-3.2112e-07	2.5497e-10	4.17e-12	-4.3e-13	3.2118e-07	-3.2142e-07	8.1711e-10	-3.366e-11	-3.8e-13	3.21e-07	-3.2182e-07	1.9149e-09	-1.471e-10	-1.1e-12	3.2002e-07	-3.2178e-07	3.8e-09	-3.691e-10	-5.2e-13	3.2016e-07	-3.2358e-07	7.1193e-09	-8.0602e-10	-8.6e-13	3.211e-07	-3.2736e-07	1.24324e-08	-1.5986e-09	-6.2e-13	3.1982e-07	-3.3082e-07
0.17	-9.645e-11	3.91e-11	4e-14	3.2124e-07	-3.2116e-07	2.555e-10	5.02e-12	-8.1e-13	3.212e-07	-3.2132e-07	8.2056e-10	-3.139e-11	-5.7e-13	3.2104e-07	-3.2178e-07	1.9428e-09	-1.3984e-10	-5e-13	3.1998e-07	-3.2182e-07	3.7987e-09	-3.5378e-10	-8.7e-13	3.201e-07	-3.235e-07	7.0787e-09	-7.895e-10	7e-14	3.2106e-07	-3.273e-07	1.24126e-08	-1.5643e-09	-1.11e-12	3.2048e-07	-3.313e-07
0.175	-9.863e-11	4.599e-11	2.9e-13	3.211e-07	-3.21e-07	2.5687e-10	3.97e-12	-4e-14	3.2122e-07	-3.214e-07	8.1455e-10	-2.44e-11	-9.3e-13	3.2106e-07	-3.2176e-07	1.8982e-09	-1.3775e-10	-3.4e-13	3.2006e-07	-3.2184e-07	3.7684e-09	-3.4568e-10	-1.31e-12	3.2012e-07	-3.235e-07	6.9908e-09	-7.6537e-10	-2e-14	3.2098e-07	-3.2734e-07	1.2352e-08	-1.5221e-09	-5.5e-13	3.2e-07	-3.3138e-07
0.18	-1.0157e-10	5.431e-11	-9.6e-13	3.212e-07	-3.2112e-07	2.5869e-10	3.47e-12	-4.7e-13	3.211e-07	-3.2134e-07	8.1615e-10	-2.534e-11	-1e-14	3.2102e-07	-3.2184e-07	1.9043e-09	-1.2763e-10	-1.51e-12	3.2e-07	-3.2184e-07	3.7846e-09	-3.3083e-10	-1.43e-12	3.2018e-07	-3.235e-07	6.9645e-09	-7.5317e-10	7.9e-13	3.2112e-07	-3.273e-07	1.23694e-08	-1.4887e-09	-1.6e-13	3.1992e-07	-3.3138e-07
0.185	-1.0515e-10	5.105e-11	-5.6e-13	3.2124e-07	-3.2108e-07	2.5081e-10	3.61e-12	0	3.2116e-07	-3.2136e-07	8.1712e-10	-1.845e-11	-1.99e-12	3.21e-07	-3.2176e-07	1.8952e-09	-1.1916e-10	6e-14	3.2e-07	-3.2166e-07	3.7638e-09	-3.2534e-10	0	3.201e-07	-3.2286e-07	6.9432e-09	-7.2528e-10	-1.93e-12	3.2044e-07	-3.2656e-07	1.2442e-08	-1.4628e-09	1.2e-13	3.2046e-07	-3.3122e-07
0.19	-1.0671e-10	4.794e-11	2.5e-13	3.2122e-07	-3.2118e-07	2.4698e-10	6.26e-12	-5.2e-13	3.2116e-07	-3.2132e-07	8.1277e-10	-2.349e-11	5.4e-13	3.2106e-07	-3.2176e-07	1.89e-09	-1.1095e-10	-5.8e-13	3.2002e-07	-3.2174e-07	3.7569e-09	-3.1325e-10	-4.7e-13	3.2016e-07	-3.235e-07	7.0408e-09	-7.1648e-10	1.29e-12	3.1986e-07	-3.267e-07	1.22362e-08	-1.4233e-09	-1.8e-12	3.1986e-07	-3.3114e-07
0.195	-1.1059e-10	5.587e-11	-1.4e-13	3.2124e-07	-3.211e-07	2.49e-10	9.2e-12	-2.3e-13	3.2112e-07	-3.2136e-07	8.057e-10	-1.553e-11	-1.29e-12	3.21e-07	-3.2174e-07	1.8893e-09	-1.116e-10	3.6e-13	3.1998e-07	-3.2188e-07	3.747e-09	-3.0442e-10	1.1e-13	3.2016e-07	-3.2358e-07	6.923e-09	-6.958e-10	-4.4e-13	3.2034e-07	-3.2674e-07	1.22232e-08	-1.3926e-09	1.3e-13	3.2052e-07	-3.313e-07
0.2	-1.1284e-10	6.051e-11	-3.1e-13	3.2136e-07	-3.2136e-07	2.5272e-10	8.6e-12	-6.7e-13	3.2106e-07	-3.2136e-07	7.9516e-10	-1.935e-11	1e-14	3.21e-07	-3.2184e-07	1.8941e-09	-1.0232e-10	-2.1e-13	3.201e-07	-3.211e-07	3.7008e-09	-2.8959e-10	-1.2e-13	3.201e-07	-3.2364e-07	6.9468e-09	-6.8446e-10	7.7e-13	3.2044e-07	-3.266e-07	1.21946e-08	-1.363e-09	-1.03e-12	3.1992e-07	-3.3122e-07
0.205	-1.1907e-10	6.623e-11	-1.05e-12	3.214e-07	-3.2134e-07	2.5117e-10	1.123e-11	8.1e-13	3.2108e-07	-3.214e-07	8.3408e-10	-1.03e-11	-1.49e-12	3.2094e-07	-3.2182e-07	1.9057e-09	-1.0043e-10	9.7e-13	3.2006e-07	-3.2186e-07	3.6945e-09	-2.8579e-10	4.3e-13	3.2012e-07	-3.2354e-07	6.9485e-09	-6.5851e-10	-8.8e-13	3.2046e-07	-3.2676e-07	1.20842e-08	-1.3394e-09	-5.2e-13	3.1994e-07	-3.3072e-07
0.21	-1.1949e-10	6.381e-11	-1.8e-13	3.2122e-07	-3.2112e-07	2.7807e-10	1.425e-11	-1.2e-12	3.2104e-07	-3.213e-07	8.0935e-10	-1.474e-11	5.5e-13	3.21e-07	-3.218e-07	1.8926e-09	-9.528e-11	-5.2e-13	3.2004e-07	-3.218e-07	3.6976e-09	-2.7898e-10	-3.2e-13	3.2004e-07	-3.2348e-07	6.8905e-09	-6.4524e-10	7.4e-13	3.2032e-07	-3.2656e-07	1.2106e-08	-1.2979e-09	-1.2e-12	3.1998e-07	-3.3048e-07
0.215	-1.2925e-10	7.34e-11	-7.5e-13	3.2122e-07	-3.211e-07	2.4531e-10	1.433e-11	8e-14	3.2116e-07	-3.2134e-07	7.7715e-10	-3.55e-12	-1.47e-12	3.2094e-07	-3.216e-07	1.8987e-09	-9.457e-11	3.5e-13	3.1998e-07	-3.2188e-07	3.6832e-09	-2.7386e-10	-9.1e-13	3.2004e-07	-3.2354e-07	6.8652e-09	-6.2289e-10	-1.3e-12	3.204e-07	-3.2664e-07	1.20274e-08	-1.275e-09	3.2e-13	3.1998e-07	-3.307e-07
0.22	-1.3647e-10	7.566e-11	-8e-14	3.2124e-07	-3.211e-07	2.7293e-10	1.096e-11	3.8e-13	3.2106e-07	-3.2132e-07	8.0331e-10	-1.081e-11	2.9e-13	3.2106e-07	-3.218e-07	1.9014e-09	-8.935e-11	-5.9e-13	3.2004e-07	-3.2182e-07	3.619e-09	-2.6589e-10	-3.9e-13	3.2012e-07	-3.2348e-07	6.8068e-09	-6.1329e-10	1.9e-13	3.1976e-07	-3.258e-07	1.20972e-08	-1.2444e-09	-1.39e-12	3.2044e-07	-3.311e-07
0.225	-1.4168e-10	9.018e-11	-2.24e-12	3.2136e-07	-3.2104e-07	2.476e-10	1.028e-11	3e-14	3.2108e-07	-3.2136e-07	7.9388e-10	-2.19e-12	-1.28e-12	3.2102e-07	-3.2178e-07	1.894e-09	-9.054e-11	4.9e-13	3.2004e-07	-3.2188e-07	3.6957e-09	-2.588e-10	-9.1e-13	3.201e-07	-3.235e-07	6.7947e-09	-5.9221e-10	-8.9e-13	3.2034e-07	-3.2664e-07	1.1981e-08	-1.2187e-09	1.9e-13	3.2048e-07	-3.313e-07
0.23	-1.4546e-10	8.956e-11	-7.1e-13	3.2118e-07	-3.211e-07	2.3987e-10	1.2e-11	5e-14	3.2108e-07	-3.2134e-07	7.8185e-10	-1.332e-11	1.17e-12	3.2112e-07	-3.2182e-07	1.8781e-09	-8.366e-11	2.1e-13	3.201e-07	-3.2188e-07	3.6732e-09	-2.4998e-10	5e-13	3.2016e-07	-3.235e-07	6.8448e-09	-5.7454e-10	3.6e-13	3.1976e-07	-3.2592e-07	1.20646e-08	-1.1843e-09	-8.4e-13	3.2042e-07	-3.3114e-07
0.235	-1.4782e-10	9.515e-11	-7.7e-13	3.2124e-07	-3.2114e-07	2.3636e-10	1.265e-11	6.4e-13	3.2118e-07	-3.214e-07	7.8941e-10	-1.51e-12	-1.06e-12	3.2108e-07	-3.2184e-07	1.8743e-09	-7.904e-11	-1.36e-12	3.2012e-07	-3.213e-07	3.6887e-09	-2.3456e-10	-1.36e-12	3.2018e-07	-3.2344e-07	6.7943e-09	-5.5231e-10	-1.31e-12	3.2042e-07	-3.2664e-07	1.20324e-08	-1.1603e-09	-8e-14	3.2044e-07	-3.3112e-07
0.24	-1.5553e-10	1.0036e-10	-8e-14	3.2122e-07	-3.2112e-07	2.5544e-10	1.02e-11	-6e-14	3.2118e-07	-3.2134e-07	7.9159e-10	-1.153e-11	7.3e-13	3.2104e-07	-3.2178e-07	1.8571e-09	-7.064e-11	-4.7e-13	3.201e-07	-3.2186e-07	3.6618e-09	-2.2723e-10	4.9e-13	3.2012e-07	-3.234e-07	6.7344e-09	-5.4129e-10	-3.8e-13	3.2044e-07	-3.2658e-07	1.19426e-08	-1.1352e-09	-4e-13	3.2048e-07	-3.3126e-07
0.245	-1.6147e-10	1.1592e-10	-1.55e-12	3.212e-07	-3.2108e-07	2.5215e-10	1.187e-11	-2.5e-13	3.2106e-07	-3.213e-07	7.8816e-10	8e-13	-9.8e-13	3.2104e-07	-3.2176e-07	1.863e-09	-6.851e-11	-9e-14	3.2004e-07	-3.2182e-07	3.6678e-09	-2.1783e-10	-7.2e-13	3.2006e-07	-3.235e-07	6.7291e-09	-5.2415e-10	-1.28e-12	3.2046e-07	-3.2654e-07	1.19634e-08	-1.1061e-09	-3.1e-13	3.2006e-07	-3.3102e-07
0.25	-1.733e-10	1.231e-10	-9.9e-13	3.2122e-07	-3.2114e-07	2.4328e-10	1.667e-11	-7.9e-13	3.2112e-07	-3.214e-07	7.9187e-10	-6.52e-12	2.7e-13	3.2102e-07	-3.2182e-07	1.8646e-09	-6.147e-11	-5.3e-13	3.2e-07	-3.2178e-07	3.6731e-09	-2.0778e-10	-2.4e-13	3.1944e-07	-3.227e-07	6.7311e-09	-5.1464e-10	1.9e-13	3.2042e-07	-3.2658e-07	1.18794e-08	-1.0811e-09	2.7e-13	3.1988e-07	-3.308e-07
0.255	-1.8279e-10	1.2462e-10	-3.9e-13	3.2118e-07	-3.211e-07	2.3922e-10	1.287e-11	1.1e-13	3.2104e-07	-3.214e-07	7.8852e-10	6.08e-12	-1.85e-12	3.21e-07	-3.2188e-07	1.8057e-09	-5.958e-11	-1.3e-13	3.2006e-07	-3.219e-07	3.6516e-09	-1.9597e-10	-1.29e-12	3.201e-07	-3.2348e-07	6.7741e-09	-4.9004e-10	-6.8e-13	3.2028e-07	-3.2604e-07	1.18606e-08	-1.0564e-09	-6e-13	3.2056e-07	-3.314e-07
0.26	-1.8938e-10	1.3347e-10	-2.4e-13	3.2116e-07	-3.2106e-07	2.3698e-10	1.676e-11	-1.05e-12	3.2106e-07	-3.2138e-07	7.7327e-10	-5.63e-12	1.02e-12	3.21e-07	-3.2174e-07	1.8458e-09	-5.675e-11	-3.1e-13	3.2002e-07	-3.2184e-07	3.607e-09	-1.935e-10	6e-13	3.202e-07	-3.2348e-07	6.6601e-09	-4.7849e-10	-4.4e-13	3.2034e-07	-3.2664e-07	1.17648e-08	-1.0351e-09	9.6e-13	3.1994e-07	-3.3074e-07
0.265	-1.9744e-10	1.5044e-10	-8.4e-13	3.212e-07	-3.2112e-07	2.3724e-10	1.594e-11	-2e-13	3.214e-07	-3.216e-07	7.9331e-10	-7.2e-13	-1.38e-12	3.2098e-07	-3.218e-07	1.8424e-09	-5.576e-11	-8e-14	3.1998e-07	-3.2184e-07	3.5959e-09	-1.8467e-10	-6.9e-13	3.201e-07	-3.235e-07	6.6072e-09	-4.6023e-10	-3.3e-13	3.204e-07	-3.2598e-07	1.17726e-08	-1.003e-09	-7.2e-13	3.2046e-07	-3.312e-07
0.27	-2.0793e-10	1.6135e-10	-3.3e-13	3.2118e-07	-3.2104e-07	2.4105e-10	2.082e-11	-1.11e-12	3.2108e-07	-3.2144e-07	7.8968e-10	-7.52e-12	4.7e-13	3.2104e-07	-3.217e-07	1.8492e-09	-4.92e-11	-6.3e-13	3.2004e-07	-3.218e-07	3.6739e-09	-1.8393e-10	3.4e-13	3.2012e-07	-3.2348e-07	6.6542e-09	-4.5883e-10	1.1e-12	3.2036e-07	-3.2658e-07	1.16632e-08	-9.7953e-10	-4.3e-13	3.2046e-07	-3.311e-07
0.275	-2.1721e-10	1.7034e-10	-1.38e-12	3.2122e-07	-3.2106e-07	2.3587e-10	1.945e-11	5.4e-13	3.2112e-07	-3.2142e-07	7.9683e-10	2.3e-13	-3.1e-13	3.2104e-07	-3.218e-07	1.833e-09	-4.689e-11	3.7e-13	3.2e-07	-3.2176e-07	3.6337e-09	-1.7881e-10	4.4e-13	3.2004e-07	-3.2356e-07	6.6177e-09	-4.3802e-10	-8.6e-13	3.1988e-07	-3.2592e-07	1.17236e-08	-9.6005e-10	-4.7e-13	3.2052e-07	-3.3128e-07
0.28	-2.2544e-10	1.7605e-10	1e-13	3.2122e-07	-3.2106e-07	2.3448e-10	2.515e-11	-1.14e-12	3.2118e-07	-3.2134e-07	7.8386e-10	-4.99e-12	8.9e-13	3.2102e-07	-3.2184e-07	1.8227e-09	-4.157e-11	-4e-13	3.2002e-07	-3.2182e-07	3.6656e-09	-1.7758e-10	8.7e-13	3.2012e-07	-3.236e-07	6.664e-09	-4.2325e-10	6.1e-13	3.1982e-07	-3.263e-07	1.17586e-08	-9.3214e-10	-1.88e-12	3.2054e-07	-3.3124e-07
0.285	-2.4131e-10	1.9086e-10	-6.5e-13	3.2124e-07	-3.211e-07	2.3781e-10	2.3e-11	4.4e-13	3.2112e-07	-3.214e-07	7.8437e-10	-7.8e-13	-4e-13	3.2102e-07	-3.2182e-07	1.8083e-09	-4.071e-11	3e-13	3.2e-07	-3.2178e-07	3.6078e-09	-1.6571e-10	-2.7e-13	3.2004e-07	-3.2354e-07	6.6438e-09	-4.0951e-10	-1.28e-12	3.2046e-07	-3.2668e-07	1.1676e-08	-9.0911e-10	6.6e-13	3.205e-07	-3.3126e-07
0.29	-2.5593e-10	2.0104e-10	1.3e-13	3.214e-07	-3.2134e-07	2.3253e-10	2.498e-11	-1.05e-12	3.2112e-07	-3.2132e-07	7.6282e-10	-2.24e-12	3.2e-13	3.2106e-07	-3.2188e-07	1.8154e-09	-3.778e-11	2.2e-13	3.201e-07	-3.2176e-07	3.6138e-09	-1.5867e-10	2.5e-13	3.2e-07	-3.2354e-07	6.5052e-09	-4.0869e-10	1.1e-13	3.2044e-07	-3.2672e-07	1.17728e-08	-8.867e-10	-3e-14	3.2046e-07	-3.3114e-07
0.295	-2.7098e-10	2.2414e-10	-1.36e-12	3.2118e-07	-3.2104e-07	2.3469e-10	2.471e-11	-6.3e-13	3.2112e-07	-3.2134e-07	7.7491e-10	1.65e-12	-7.6e-13	3.2104e-07	-3.2182e-07	1.7958e-09	-3.888e-11	1e-14	3.2e-07	-3.2184e-07	3.5755e-09	-1.5231e-10	-7.3e-13	3.201e-07	-3.235e-07	6.5673e-09	-3.9759e-10	-6.4e-13	3.205e-07	-3.2662e-07	1.16642e-08	-8.6796e-10	-2e-13	3.2044e-07	-3.3138e-07
0.3	-2.8217e-10	2.3e-10	4.9e-13	3.2114e-07	-3.2112e-07	2.2797e-10	3.252e-11	-6e-13	3.2128e-07	-3.2136e-07	7.8159e-10	-2.85e-12	8.3e-13	3.2104e-07	-3.2176e-07	1.8266e-09	-3.844e-11	2.4e-13	3.2006e-07	-3.219e-07	3.5687e-09	-1.5142e-10	-2.4e-13	3.201e-07	-3.2338e-07	6.5359e-09	-3.9034e-10	1.04e-12	3.205e-07	-3.2682e-07	1.14832e-08	-8.3579e-10	-9.7e-13	3.1986e-07	-3.3068e-07
0.305	-2.9625e-10	2.4383e-10	-4.1e-13	3.2118e-07	-3.2112e-07	2.2204e-10	3.403e-11	1.2e-13	3.2114e-07	-3.2128e-07	7.8713e-10	-9.1e-13	-9.3e-13	3.2106e-07	-3.2188e-07	1.8057e-09	-3.283e-11	-3.8e-13	3.2008e-07	-3.2194e-07	3.6579e-09	-1.4276e-10	-1.03e-12	3.1998e-07	-3.2354e-07	6.6091e-09	-3.7531e-10	3e-14	3.2042e-07	-3.2662e-07	1.1598e-08	-8.1912e-10	-7e-14	3.2048e-07	-3.3116e-07
0.31	-3.0892e-10	2.5459e-10	1.04e-12	3.212e-07	-3.211e-07	2.2084e-10	3.793e-11	-1.44e-12	3.2106e-07	-3.2132e-07	7.9257e-10	-3.86e-12	1e-13	3.2104e-07	-3.2184e-07	1.8156e-09	-3.01e-11	-7.7e-13	3.201e-07	-3.2106e-07	3.6414e-09	-1.3979e-10	-7e-13	3.2006e-07	-3.236e-07	6.6418e-09	-3.6169e-10	-4.7e-13	3.2042e-07	-3.2656e-07	1.16286e-08	-8.0252e-10	-8e-13	3.1988e-07	-3.3056e-07
0.315	-3.2492e-10	2.7868e-10	-1.3e-13	3.2118e-07	-3.2112e-07	2.2536e-10	4.101e-11	-9.2e-13	3.2116e-07	-3.214e-07	7.7346e-10	-3.75e-12	-6e-13	3.21e-07	-3.2178e-07	1.8008e-09	-2.681e-11	-1.16e-12	3.1982e-07	-3.2116e-07	3.628e-09	-1.2992e-10	-1.18e-12	3.201e-07	-3.2364e-07	6.567e-09	-3.4726e-10	2e-14	3.1982e-07	-3.2596e-07	1.15304e-08	-7.8325e-10	-4.8e-13	3.2046e-07	-3.3122e-07
0.32	-3.4524e-10	2.9423e-10	1.28e-12	3.2116e-07	-3.2106e-07	2.1984e-10	4.265e-11	-6.3e-13	3.21e-07	-3.2128e-07	7.851e-10	-1.53e-12	1.8e-13	3.2106e-07	-3.2178e-07	1.803e-09	-3.426e-11	4.6e-13	3.2e-07	-3.2178e-07	3.6334e-09	-1.2805e-10	-9.1e-13	3.2016e-07	-3.2354e-07	6.5967e-09	-3.3595e-10	-7.2e-13	3.1994e-07	-3.2606e-07	1.15356e-08	-7.5564e-10	-4.2e-13	3.2044e-07	-3.3122e-07
0.325	-3.6885e-10	3.1307e-10	-3.3e-13	3.2106e-07	-3.2104e-07	2.1124e-10	4.624e-11	-1.1e-12	3.2112e-07	-3.213e-07	7.7698e-10	3.89e-12	-3.7e-13	3.21e-07	-3.2182e-07	1.8042e-09	-3.015e-11	-1.34e-12	3.2004e-07	-3.2176e-07	3.6168e-09	-1.1685e-10	-1.62e-12	3.2012e-07	-3.2356e-07	6.5783e-09	-3.2532e-10	-1.04e-12	3.2046e-07	-3.2662e-07	1.1518e-08	-7.3697e-10	1.4e-13	3.2048e-07	-3.3122e-07
0.33	-3.8789e-10	3.3067e-10	-1.7e-13	3.212e-07	-3.2118e-07	2.0596e-10	5.18e-11	-3.3e-13	3.2106e-07	-3.2126e-07	7.7243e-10	3.42e-12	-5.1e-13	3.2106e-07	-3.2178e-07	1.7898e-09	-2.59e-11	-4.1e-13	3.201e-07	-3.2176e-07	3.5984e-09	-1.1803e-10	2e-13	3.201e-07	-3.2352e-07	6.6041e-09	-3.1098e-10	-1.18e-12	3.2048e-07	-3.2672e-07	1.12936e-08	-7.2364e-10	-5.7e-13	3.2046e-07	-3.3126e-07
0.335	-4.1017e-10	3.5551e-10	-1.03e-12	3.2118e-07	-3.2112e-07	2.0553e-10	5.711e-11	-1.43e-12	3.2108e-07	-3.2134e-07	7.7818e-10	4.46e-12	-5.4e-13	3.2106e-07	-3.2186e-07	1.7857e-09	-1.245e-11	-1.58e-12	3.2e-07	-3.2164e-07	3.6409e-09	-1.0971e-10	-8.4e-13	3.2008e-07	-3.2354e-07	6.5674e-09	-2.9835e-10	-1e-12	3.2048e-07	-3.268e-07	1.13174e-08	-6.9747e-10	-1.65e-12	3.204e-07	-3.3098e-07
0.34	-4.321e-10	3.7689e-10	3.1e-13	3.2116e-07	-3.2108e-07	2.0093e-10	5.863e-11	-1.2e-13	3.2112e-07	-3.213e-07	7.8944e-10	4.41e-12	-1.12e-12	3.2106e-07	-3.2172e-07	1.7983e-09	-1.71e-11	4.3e-13	3.2004e-07	-3.2182e-07	3.6326e-09	-1.0938e-10	2.7e-13	3.2006e-07	-3.2358e-07	6.5517e-09	-2.9063e-10	1e-14	3.1984e-07	-3.262e-07	1.13346e-08	-6.7558e-10	-6.1e-13	3.2056e-07	-3.3126e-07
0.345	-4.5335e-10	4.0257e-10	-8.7e-13	3.2126e-07	-3.211e-07	1.9995e-10	6.252e-11	-7.1e-13	3.2104e-07	-3.2126e-07	7.7603e-10	5.43e-12	-1.36e-12	3.2104e-07	-3.2172e-07	1.7999e-09	-1.14e-11	-1.19e-12	3.2002e-07	-3.2174e-07	3.5906e-09	-1.0191e-10	-5.5e-13	3.201e-07	-3.235e-07	6.598e-09	-2.7951e-10	-9e-14	3.2048e-07	-3.2682e-07	1.131e-08	-6.6202e-10	-4.6e-13	3.2038e-07	-3.3104e-07
0.35	-4.7506e-10	4.2416e-10	-3e-13	3.2122e-07	-3.2112e-07	1.9585e-10	6.628e-11	-2.4e-13	3.2112e-07	-3.2134e-07	7.8654e-10	4.92e-12	-1.62e-12	3.2096e-07	-3.2178e-07	1.7917e-09	-1.428e-11	8.2e-13	3.2006e-07	-3.2178e-07	3.6398e-09	-9.835e-11	2.8e-13	3.2012e-07	-3.236e-07	6.5281e-09	-2.7096e-10	-9e-14	3.1994e-07	-3.2622e-07	1.13804e-08	-6.5371e-10	3.4e-13	3.2016e-07	-3.3124e-07
0.355	-5.0427e-10	4.5338e-10	-6.8e-13	3.2118e-07	-3.2116e-07	1.9612e-10	6.876e-11	2.1e-13	3.2106e-07	-3.2124e-07	7.7588e-10	5.72e-12	1e-14	3.2104e-07	-3.2184e-07	1.7872e-09	-5.67e-12	-9.2e-13	3.2004e-07	-3.2174e-07	3.6619e-09	-9.124e-11	2.3e-13	3.2e-07	-3.2352e-07	6.4986e-09	-2.6431e-10	1e-13	3.2052e-07	-3.267e-07	1.1293e-08	-6.272e-10	-6.7e-13	3.2048e-07	-3.3102e-07
0.36	-5.3438e-10	4.7834e-10	1.3e-13	3.2112e-07	-3.2104e-07	1.8678e-10	7.069e-11	3.7e-13	3.2102e-07	-3.2126e-07	7.7651e-10	9.48e-12	-1.04e-12	3.2102e-07	-3.2174e-07	1.7508e-09	-1.21e-11	-4.5e-13	3.2e-07	-3.2178e-07	3.6399e-09	-8.608e-11	-5.2e-13	3.2006e-07	-3.2346e-07	6.5405e-09	-2.5925e-10	2.1e-13	3.2046e-07	-3.2674e-07	1.122e-08	-6.0662e-10	-3.2e-13	3.2048e-07	-3.3052e-07
0.365	-5.664e-10	5.1076e-10	-1.96e-12	3.2122e-07	-3.2106e-07	1.9791e-10	7.377e-11	5.3e-13	3.2106e-07	-3.213e-07	7.8383e-10	1.384e-11	-8.9e-13	3.2106e-07	-3.2174e-07	1.7869e-09	-3.49e-12	-1.34e-12	3.2012e-07	-3.2186e-07	3.6386e-09	-8.332e-11	-3.2e-13	3.2006e-07	-3.235e-07	6.4885e-09	-2.4908e-10	-3.4e-13	3.2006e-07	-3.261e-07	1.12594e-08	-5.9302e-10	1.2e-13	3.2038e-07	-3.3084e-07
0.37	-5.9745e-10	5.3778e-10	-4.6e-13	3.2118e-07	-3.2116e-07	1.7906e-10	8.038e-11	1e-14	3.2106e-07	-3.213e-07	7.7702e-10	1.262e-11	-5.2e-13	3.211e-07	-3.218e-07	1.7931e-09	-1.198e-11	8.4e-13	3.2e-07	-3.2166e-07	3.5913e-09	-8.163e-11	-2.9e-13	3.1938e-07	-3.2282e-07	6.5233e-09	-2.4381e-10	1.4e-13	3.2042e-07	-3.2666e-07	1.12832e-08	-5.7988e-10	-1.23e-12	3.1998e-07	-3.3124e-07
0.375	-6.2998e-10	5.7174e-10	-8.8e-13	3.212e-07	-3.2104e-07	1.693e-10	8.5e-11	5.8e-13	3.2114e-07	-3.213e-07	7.5965e-10	1.477e-11	-8.2e-13	3.211e-07	-3.2178e-07	1.7761e-09	-5.29e-12	-1e-12	3.1988e-07	-3.2176e-07	3.6074e-09	-8.459e-11	5.4e-13	3.2006e-07	-3.235e-07	6.418e-09	-2.354e-10	2.8e-13	3.2046e-07	-3.267e-07	1.1157e-08	-5.5885e-10	-9.8e-13	3.2052e-07	-3.31e-07
0.38	-6.6161e-10	6.0725e-10	-1.6e-13	3.2112e-07	-3.2106e-07	1.6382e-10	9.55e-11	-6e-14	3.2142e-07	-3.2154e-07	7.6088e-10	1.314e-11	-2.4e-13	3.21e-07	-3.2176e-07	1.7662e-09	-7.58e-12	1.06e-12	3.2002e-07	-3.2166e-07	3.6449e-09	-7.566e-11	-1.27e-12	3.1938e-07	-3.2288e-07	6.4635e-09	-2.262e-10	-1e-14	3.1992e-07	-3.26e-07	1.12626e-08	-5.458e-10	2.8e-13	3.2052e-07	-3.3116e-07
0.385	-6.9645e-10	6.5056e-10	-1.25e-12	3.2116e-07	-3.2124e-07	1.6006e-10	1.0028e-10	-5e-14	3.2112e-07	-3.2132e-07	7.6127e-10	1.454e-11	-3.4e-13	3.2106e-07	-3.2186e-07	1.7677e-09	1.1e-13	-1.43e-12	3.2002e-07	-3.2174e-07	3.6359e-09	-7.572e-11	2.8e-13	3.1938e-07	-3.2348e-07	6.5074e-09	-2.1684e-10	-2.1e-13	3.2052e-07	-3.2672e-07	1.11144e-08	-5.3403e-10	-6.1e-13	3.2048e-07	-3.3126e-07
0.39	-7.3672e-10	6.8925e-10	-2.4e-13	3.2118e-07	-3.2108e-07	1.5667e-10	1.0405e-10	1.3e-13	3.2104e-07	-3.213e-07	7.681e-10	1.844e-11	-1.32e-12	3.21e-07	-3.217e-07	1.7746e-09	-8.87e-12	1.08e-12	3.2e-07	-3.2176e-07	3.6337e-09	-6.82e-11	-1.11e-12	3.2004e-07	-3.2356e-07	6.4416e-09	-2.1662e-10	-1e-13	3.2048e-07	-3.262e-07	1.11604e-08	-5.2475e-10	-4.6e-13	3.2054e-07	-3.3112e-07
0.395	-7.8111e-10	7.2852e-10	-6e-13	3.212e-07	-3.2108e-07	1.4696e-10	1.0545e-10	1.6e-13	3.2116e-07	-3.2136e-07	7.6353e-10	2.254e-11	-6.7e-13	3.2106e-07	-3.2182e-07	1.7605e-09	-3.71e-12	-3.1e-13	3.2002e-07	-3.2184e-07	3.6022e-09	-7.024e-11	4.1e-13	3.1998e-07	-3.2296e-07	6.4219e-09	-2.1173e-10	-3.3e-13	3.204e-07	-3.266e-07	1.11402e-08	-4.9847e-10	-1e-12	3.1998e-07	-3.304e-07
0.4	-8.2219e-10	7.7246e-10	-7.6e-13	3.2142e-07	-3.2132e-07	1.4845e-10	1.1382e-10	-5.9e-13	3.2106e-07	-3.2136e-07	7.7218e-10	1.654e-11	8.7e-13	3.21e-07	-3.218e-07	1.7591e-09	-7.87e-12	-1.2e-13	3.2e-07	-3.2176e-07	3.6113e-09	-6.102e-11	-1.19e-12	3.1998e-07	-3.235e-07	6.4228e-09	-2.0142e-10	-1.09e-12	3.2048e-07	-3.2674e-07	1.1104e-08	-4.8951e-10	3.2e-13	3.2056e-07	-3.312e-07
0.405	-8.6516e-10	8.1634e-10	-2.1e-13	3.2122e-07	-3.2112e-07	1.33e-10	1.239e-10	3.5e-13	3.2104e-07	-3.2132e-07	7.595e-10	2.271e-11	-5.5e-13	3.2112e-07	-3.2184e-07	1.8149e-09	-3.04e-12	-1.2e-12	3.2e-07	-3.2116e-07	3.5901e-09	-6.471e-11	5.9e-13	3.1988e-07	-3.2356e-07	6.4792e-09	-1.9307e-10	-8.9e-13	3.2038e-07	-3.2668e-07	1.10376e-08	-4.8085e-10	2.6e-13	3.2046e-07	-3.3114e-07
0.41	-9.1572e-10	8.6592e-10	-1.13e-12	3.2114e-07	-3.2114e-07	1.2077e-10	1.3223e-10	-7e-14	3.2116e-07	-3.213e-07	8.0275e-10	2.214e-11	1.2e-13	3.211e-07	-3.2184e-07	1.7728e-09	-8.17e-12	2.8e-13	3.2002e-07	-3.219e-07	3.6099e-09	-5.631e-11	-1.16e-12	3.1998e-07	-3.235e-07	6.468e-09	-1.8043e-10	-9.9e-13	3.2046e-07	-3.2672e-07	1.12298e-08	-4.6702e-10	5.5e-13	3.2052e-07	-3.3104e-07
0.415	-9.6039e-10	9.1286e-10	-2.7e-13	3.2122e-07	-3.2112e-07	1.1176e-10	1.4026e-10	2.3e-13	3.2106e-07	-3.2134e-07	7.5024e-10	2.826e-11	2.6e-13	3.2106e-07	-3.2182e-07	1.7723e-09	-3.84e-12	-1.07e-12	3.2004e-07	-3.2188e-07	3.5713e-09	-5.354e-11	-1.4e-13	3.2002e-07	-3.2302e-07	6.483e-09	-1.752e-10	-4.1e-13	3.2044e-07	-3.2674e-07	1.10616e-08	-4.454e-10	-1.8e-13	3.2048e-07	-3.3114e-07
0.42	-1.0127e-09	9.6791e-10	-6.7e-13	3.212e-07	-3.2114e-07	1.0119e-10	1.5152e-10	-1.14e-12	3.211e-07	-3.2128e-07	7.5394e-10	1.989e-11	4.1e-13	3.211e-07	-3.219e-07	1.7722e-09	-3.42e-12	3e-14	3.2008e-07	-3.218e-07	3.5669e-09	-4.499e-11	-1.16e-12	3.1924e-07	-3.2288e-07	6.4611e-09	-1.6952e-10	-1.34e-12	3.1996e-07	-3.2618e-07	1.11102e-08	-4.3472e-10	1.04e-12	3.2046e-07	-3.3098e-07
0.425	-1.06392e-09	1.01435e-09	1.9e-13	3.212e-07	-3.2114e-07	9.311e-11	1.5824e-10	4e-14	3.2108e-07	-3.2122e-07	7.5312e-10	2.452e-11	-4.7e-13	3.2112e-07	-3.2182e-07	1.7379e-09	-1.45e-12	-7.2e-13	3.201e-07	-3.2176e-07	3.5805e-09	-4.458e-11	-7.8e-13	3.2002e-07	-3.2362e-07	6.5343e-09	-1.6593e-10	3.1e-13	3.2044e-07	-3.2668e-07	1.10754e-08	-4.2253e-10	-8.2e-13	3.2052e-07	-3.3098e-07
0.43	-1.12069e-09	1.07379e-09	-5.1e-13	3.211e-07	-3.2102e-07	8.794e-11	1.6853e-10	-1.74e-12	3.21e-07	-3.2134e-07	7.5134e-10	2.745e-11	3.3e-13	3.21e-07	-3.2184e-07	1.7811e-09	-4.32e-12	-7.9e-13	3.2004e-07	-3.2172e-07	3.5319e-09	-4.055e-11	-1.07e-12	3.201e-07	-3.2356e-07	6.4883e-09	-1.5423e-10	-3.4e-13	3.2048e-07	-3.2686e-07	1.102e-08	-4.0523e-10	-5.8e-13	3.2046e-07	-3.3108e-07
0.435	-1.1784e-09	1.1294e-09	5.4e-13	3.212e-07	-3.2104e-07	7.482e-11	1.7641e-10	5.4e-13	3.2108e-07	-3.2126e-07	7.4242e-10	3.133e-11	-1.7e-13	3.2104e-07	-3.2176e-07	1.745e-09	-8.7e-13	-7.1e-13	3.2004e-07	-3.2174e-07	3.5632e-09	-3.675e-11	-1.35e-12	3.2004e-07	-3.2348e-07	6.5189e-09	-1.4648e-10	-4.2e-13	3.2046e-07	-3.2678e-07	1.10598e-08	-3.9304e-10	-1.9e-13	3.2002e-07	-3.3102e-07
0.44	-1.242e-09	1.1943e-09	-2.3e-13	3.2118e-07	-3.2112e-07	6.001e-11	1.9144e-10	-7.7e-13	3.2112e-07	-3.2126e-07	7.4987e-10	3.053e-11	-3.4e-13	3.2106e-07	-3.2182e-07	1.7458e-09	-1.25e-12	1.8e-13	3.2004e-07	-3.2174e-07	3.5708e-09	-3.374e-11	1.8e-13	3.2006e-07	-3.236e-07	6.4135e-09	-1.386e-10	-8.9e-13	3.2052e-07	-3.2682e-07	1.1051e-08	-3.8615e-10	2.5e-13	3.2036e-07	-3.31e-07
0.445	-1.3014e-09	1.2531e-09	-3.4e-13	3.2116e-07	-3.2116e-07	4.548e-11	2.0174e-10	1.1e-13	3.2102e-07	-3.2132e-07	7.4238e-10	3.049e-11	-4e-14	3.2104e-07	-3.2174e-07	1.7689e-09	4.48e-12	-5.8e-13	3.2004e-07	-3.2178e-07	3.554e-09	-2.867e-11	-7.5e-13	3.2004e-07	-3.235e-07	6.4612e-09	-1.3677e-10	6.4e-13	3.2056e-07	-3.2692e-07	1.09706e-08	-3.7644e-10	-9.7e-13	3.1998e-07	-3.3094e-07
0.45	-1.3691e-09	1.3154e-09	6.3e-13	3.2116e-07	-3.2112e-07	3.493e-11	2.1946e-10	-1.79e-12	3.2104e-07	-3.2128e-07	7.4025e-10	2.856e-11	4.9e-13	3.2104e-07	-3.2178e-07	1.7512e-09	4.67e-12	-8.2e-13	3.2004e-07	-3.217e-07	3.5597e-09	-2.469e-11	1.8e-13	3.2e-07	-3.2358e-07	6.4855e-09	-1.3053e-10	2e-13	3.2058e-07	-3.2678e-07	1.09128e-08	-3.5992e-10	-7e-13	3.204e-07	-3.3056e-07
0.455	-1.4357e-09	1.3816e-09	9.8e-13	3.2118e-07	-3.2108e-07	1.92e-11	2.3385e-10	-2.7e-13	3.2104e-07	-3.2134e-07	7.4219e-10	3.172e-11	4.6e-13	3.2102e-07	-3.2176e-07	1.7514e-09	7.76e-12	-1.26e-12	3.2e-07	-3.2178e-07	3.6197e-09	-2.693e-11	2.6e-13	3.1918e-07	-3.228e-07	6.4507e-09	-1.3049e-10	-1.9e-13	3.2046e-07	-3.269e-07	1.10426e-08	-3.5133e-10	4e-13	3.2048e-07	-3.312e-07
0.46	-1.5056e-09	1.4532e-09	-6.2e-13	3.2116e-07	-3.211e-07	4.73e-12	2.4917e-10	-5.7e-13	3.2106e-07	-3.2124e-07	7.4647e-10	3.561e-11	-2.1e-13	3.21e-07	-3.218e-07	1.7431e-09	6.71e-12	-1.22e-12	3.2004e-07	-3.2178e-07	3.5824e-09	-2.955e-11	1.02e-12	3.1998e-07	-3.2348e-07	6.5525e-09	-1.2183e-10	-1.17e-12	3.2052e-07	-3.2692e-07	1.10096e-08	-3.3831e-10	-1.18e-12	3.2018e-07	-3.3108e-07
0.465	-1.5784e-09	1.5287e-09	-1.5e-13	3.2122e-07	-3.2112e-07	-5.12e-12	2.6658e-10	-1.22e-12	3.2112e-07	-3.2134e-07	7.397e-10	3.821e-11	-2e-14	3.2106e-07	-3.2176e-07	1.7523e-09	9.83e-12	-8.6e-13	3.201e-07	-3.2174e-07	3.5826e-09	-3.065e-11	4.4e-13	3.1994e-07	-3.2348e-07	6.4656e-09	-1.2063e-10	3.6e-13	3.2056e-07	-3.2694e-07	1.09216e-08	-3.2718e-10	-1.24e-12	3.2046e-07	-3.3116e-07
0.47	-1.6625e-09	1.6128e-09	-1.52e-12	3.2108e-07	-3.2094e-07	-2.252e-11	2.8606e-10	-8e-13	3.211e-07	-3.2118e-07	7.2832e-10	4.044e-11	7e-13	3.211e-07	-3.2182e-07	1.7549e-09	1.366e-11	-1.38e-12	3.201e-07	-3.2174e-07	3.5458e-09	-2.51e-11	-2.2e-13	3.1998e-07	-3.2348e-07	6.44e-09	-1.1399e-10	-7.2e-13	3.1998e-07	-3.2682e-07	1.09366e-08	-3.1471e-10	-4.3e-13	3.2042e-07	-3.3108e-07
0.475	-1.742e-09	1.6885e-09	-7.3e-13	3.2136e-07	-3.2108e-07	-4.095e-11	3.0171e-10	-2.7e-13	3.2108e-07	-3.2128e-07	7.2743e-10	4.419e-11	-1.3e-13	3.2124e-07	-3.218e-07	1.7458e-09	7.94e-12	9e-13	3.2e-07	-3.2182e-07	3.5689e-09	-2.577e-11	3.3e-13	3.2e-07	-3.2338e-07	6.4701e-09	-1.1383e-10	-9e-14	3.2052e-07	-3.2682e-07	1.09242e-08	-3.0863e-10	-5e-14	3.2044e-07	-3.3114e-07
0.48	-1.8268e-09	1.7771e-09	-1.89e-12	3.2122e-07	-3.2106e-07	-6.21e-11	3.1934e-10	8e-14	3.211e-07	-3.214e-07	7.3719e-10	4.722e-11	1.3e-13	3.2106e-07	-3.218e-07	1.7545e-09	9.05e-12	0	3.1998e-07	-3.2176e-07	3.5714e-09	-1.905e-11	-1.25e-12	3.1998e-07	-3.2344e-07	6.4446e-09	-1.0401e-10	-3.5e-13	3.2058e-07	-3.2684e-07	1.09486e-08	-3.0379e-10	2.8e-13	3.2048e-07	-3.3106e-07
0.485	-1.9134e-09	1.8579e-09	-1.4e-13	3.2118e-07	-3.2108e-07	-8.526e-11	3.4579e-10	-9.8e-13	3.2112e-07	-3.2138e-07	7.3531e-10	4.62e-11	-7.5e-13	3.2096e-07	-3.2182e-07	1.7413e-09	4.81e-12	5.2e-13	3.2004e-07	-3.2178e-07	3.5283e-09	-1.882e-11	-2.8e-13	3.2e-07	-3.2346e-07	6.4676e-09	-1.0909e-10	-1.3e-13	3.2e-07	-3.2686e-07	1.10196e-08	-2.8676e-10	-3.4e-13	3.2044e-07	-3.3122e-07
0.49	-2.0058e-09	1.9537e-09	-9.2e-13	3.2118e-07	-3.2116e-07	-1.0754e-10	3.7113e-10	-8e-14	3.21e-07	-3.213e-07	7.1429e-10	4.629e-11	-6.4e-13	3.211e-07	-3.2178e-07	1.7266e-09	1.201e-11	-6.4e-13	3.2018e-07	-3.218e-07	3.5236e-09	-1.678e-11	-1.49e-12	3.2006e-07	-3.2348e-07	6.4669e-09	-9.958e-11	-7.5e-13	3.2052e-07	-3.268e-07	1.099e-08	-2.8132e-10	5e-13	3.1998e-07	-3.307e-07
0.495	-2.0953e-09	2.0443e-09	7e-14	3.2126e-07	-3.2116e-07	-1.3056e-10	3.9261e-10	-8.4e-13	3.2106e-07	-3.2134e-07	7.1255e-10	5.612e-11	-1.08e-12	3.2118e-07	-3.2176e-07	1.7338e-09	6.16e-12	6.6e-13	3.2004e-07	-3.2178e-07	3.5095e-09	-1.959e-11	-3e-13	3.2004e-07	-3.2352e-07	6.4051e-09	-1.0023e-10	3e-14	3.2052e-07	-3.2698e-07	1.09556e-08	-2.7088e-10	-1.09e-12	3.1988e-07	-3.3068e-07
0.5	-2.1956e-09	2.1513e-09	-1.11e-12	3.2114e-07	-3.211e-07	-1.557e-10	4.1096e-10	-5.3e-13	3.2098e-07	-3.2122e-07	7.0953e-10	6.218e-11	-2.1e-13	3.2112e-07	-3.218e-07	1.7374e-09	9.01e-12	-1.25e-12	3.2004e-07	-3.2178e-07	3.5402e-09	-1.587e-11	-1.43e-12	3.2002e-07	-3.2352e-07	6.5216e-09	-8.861e-11	-1.14e-12	3.2062e-07	-3.2682e-07	1.09626e-08	-2.6135e-10	-5.1e-13	3.2046e-07	-3.3112e-07
0.505	-2.2947e-09	2.2505e-09	8e-13	3.2124e-07	-3.2112e-07	-1.7639e-10	4.3508e-10	1.9e-13	3.2104e-07	-3.2118e-07	7.1254e-10	6.429e-11	-7.2e-13	3.2106e-07	-3.2176e-07	1.7413e-09	6.5e-13	8.5e-13	3.2004e-07	-3.2174e-07	3.5012e-09	-1.331e-11	-9.8e-13	3.2e-07	-3.2348e-07	6.4626e-09	-9.093e-11	-5.7e-13	3.2052e-07	-3.2694e-07	1.10296e-08	-2.4645e-10	-1.2e-12	3.2048e-07	-3.3122e-07
0.51	-2.4031e-09	2.3569e-09	-8e-14	3.2142e-07	-3.2136e-07	-2.0263e-10	4.6293e-10	2.8e-13	3.21e-07	-3.213e-07	7.025e-10	6.553e-11	-2.8e-13	3.2114e-07	-3.2188e-07	1.7388e-09	1.169e-11	-5e-13	3.1934e-07	-3.2106e-07	3.5499e-09	-8.97e-12	-9.5e-13	3.2004e-07	-3.235e-07	6.4563e-09	-7.875e-11	-1.8e-12	3.2058e-07	-3.2676e-07	1.09386e-08	-2.4016e-10	1.7e-13	3.2056e-07	-3.3106e-07
0.515	-2.5134e-09	2.466e-09	-5e-14	3.2116e-07	-3.2108e-07	-2.1185e-10	4.9865e-10	-6.5e-13	3.2112e-07	-3.2132e-07	7.0689e-10	7.33e-11	-1.03e-12	3.211e-07	-3.2186e-07	1.7379e-09	8.4e-12	8.2e-13	3.2e-07	-3.218e-07	3.4796e-09	-7.27e-12	-1.14e-12	3.1996e-07	-3.2354e-07	6.4553e-09	-7.939e-11	-2.1e-13	3.2046e-07	-3.2684e-07	1.09604e-08	-2.3722e-10	-7.8e-13	3.205e-07	-3.3114e-07
0.52	-2.6271e-09	2.5769e-09	-1.18e-12	3.2118e-07	-3.211e-07	-2.5633e-10	5.3453e-10	-1.7e-12	3.2106e-07	-3.2122e-07	6.9278e-10	8.003e-11	-5.8e-13	3.213e-07	-3.2184e-07	1.7407e-09	1.479e-11	-1.5e-12	3.201e-07	-3.217e-07	3.4971e-09	-7.72e-12	-3.1e-13	3.2004e-07	-3.2344e-07	6.4476e-09	-6.937e-11	-1.17e-12	3.2054e-07	-3.2702e-07	1.08338e-08	-2.2705e-10	-1.03e-12	3.2044e-07	-3.3114e-07
0.525	-2.7456e-09	2.6935e-09	0	3.2112e-07	-3.2106e-07	-3.0333e-10	5.6148e-10	9.6e-13	3.2128e-07	-3.2132e-07	6.6877e-10	8.423e-11	-1.01e-12	3.2124e-07	-3.2194e-07	1.7514e-09	1.015e-11	1e-13	3.2006e-07	-3.2178e-07	3.5371e-09	-5.97e-12	-1.25e-12	3.2e-07	-3.2354e-07	6.4464e-09	-6.893e-11	-5.4e-13	3.2058e-07	-3.2688e-07	1.0861e-08	-2.1363e-10	-2.9e-13	3.2046e-07	-3.3108e-07
0.53	-2.8649e-09	2.8125e-09	5e-14	3.2116e-07	-3.2106e-07	-3.141e-10	5.9456e-10	-5.5e-13	3.2106e-07	-3.2136e-07	6.9543e-10	8.63e-11	-1.19e-12	3.2104e-07	-3.2176e-07	1.7483e-09	1.674e-11	-1.26e-12	3.2006e-07	-3.2176e-07	3.5337e-09	-3.07e-12	-4.2e-13	3.2002e-07	-3.234e-07	6.5293e-09	-6.045e-11	-8.7e-13	3.205e-07	-3.2692e-07	1.08266e-08	-2.0826e-10	-4.4e-13	3.2054e-07	-3.312e-07
0.535	-2.9923e-09	2.9441e-09	-2.5e-13	3.2108e-07	-3.2108e-07	-3.4449e-10	6.2649e-10	8e-14	3.2106e-07	-3.2132e-07	6.7365e-10	9.164e-11	-5e-14	3.2106e-07	-3.218e-07	1.7506e-09	1.434e-11	1.3e-13	3.2004e-07	-3.218e-07	3.5061e-09	-1.18e-12	-1.33e-12	3.1998e-07	-3.2344e-07	6.4809e-09	-6.176e-11	-4e-14	3.2054e-07	-3.2682e-07	1.08548e-08	-2.0911e-10	-3e-13	3.2052e-07	-3.3068e-07
0.54	-3.1235e-09	3.0702e-09	7.3e-13	3.2122e-07	-3.2112e-07	-3.971e-10	6.6859e-10	-6.3e-13	3.2104e-07	-3.213e-07	6.7492e-10	1.0331e-10	-3.4e-13	3.21e-07	-3.2172e-07	1.7263e-09	2.118e-11	-1.69e-12	3.2012e-07	-3.2182e-07	3.5342e-09	-8.6e-13	-9e-14	3.1998e-07	-3.2354e-07	6.4095e-09	-5.853e-11	-2.5e-13	3.2036e-07	-3.27e-07	1.09484e-08	-1.9174e-10	-1.22e-12	3.2056e-07	-3.311e-07
0.545	-3.2656e-09	3.2143e-09	-1.8e-13	3.2116e-07	-3.2112e-07	-4.4287e-10	6.985e-10	5.4e-13	3.2102e-07	-3.2124e-07	6.7835e-10	1.1715e-10	-1.48e-12	3.2106e-07	-3.2182e-07	1.7352e-09	1.632e-11	3.5e-13	3.2e-07	-3.2192e-07	3.4996e-09	-3.66e-12	-2.9e-13	3.2002e-07	-3.2346e-07	6.4667e-09	-5.371e-11	-1.16e-12	3.205e-07	-3.2698e-07	1.08824e-08	-1.86e-10	5.4e-13	3.205e-07	-3.3126e-07
0.55	-3.4096e-09	3.3533e-09	3e-13	3.2114e-07	-3.213e-07	-4.8589e-10	7.429e-10	-3e-13	3.2104e-07	-3.2124e-07	6.6772e-10	1.2084e-10	-4.7e-13	3.211e-07	-3.2178e-07	1.7205e-09	2.175e-11	-1.08e-12	3.2006e-07	-3.2178e-07	3.4945e-09	1.68e-12	-2.1e-13	3.2e-07	-3.235e-07	6.5022e-09	-5.394e-11	-1.2e-13	3.1992e-07	-3.264e-07	1.09076e-08	-1.8127e-10	-3.3e-13	3.2052e-07	-3.3052e-07
0.555	-3.5582e-09	3.5084e-09	-6e-14	3.2112e-07	-3.2112e-07	-5.2715e-10	7.8726e-10	5.7e-13	3.2106e-07	-3.2128e-07	6.5009e-10	1.2225e-10	2.1e-13	3.2106e-07	-3.2178e-07	1.721e-09	1.915e-11	3.8e-13	3.2012e-07	-3.2182e-07	3.4771e-09	-5.9e-13	-1.8e-13	3.2002e-07	-3.235e-07	6.4854e-09	-5.581e-11	-3.8e-13	3.2054e-07	-3.2686e-07	1.0897e-08	-1.7847e-10	-1.51e-12	3.2046e-07	-3.3104e-07
0.56	-3.7147e-09	3.6591e-09	-1.7e-13	3.211e-07	-3.2102e-07	-5.7671e-10	8.3739e-10	-6.2e-13	3.2106e-07	-3.2126e-07	6.3982e-10	1.2795e-10	-2.6e-13	3.2102e-07	-3.2176e-07	1.725e-09	2.601e-11	-1.03e-12	3.2006e-07	-3.2182e-07	3.4924e-09	3.32e-12	-6.2e-13	3.1992e-07	-3.235e-07	6.4626e-09	-5.275e-11	3.3e-13	3.2048e-07	-3.2684e-07	1.09374e-08	-1.6343e-10	-1.59e-12	3.2048e-07	-3.312e-07
0.565	-3.8723e-09	3.8165e-09	-6.9e-13	3.2114e-07	-3.2106e-07	-6.2871e-10	8.7743e-10	6.9e-13	3.2102e-07	-3.2122e-07	6.0603e-10	1.4264e-10	-7.2e-13	3.2104e-07	-3.2178e-07	1.6852e-09	2.279e-11	6.1e-13	3.2e-07	-3.218e-07	3.4964e-09	-4.49e-12	3.8e-13	3.2004e-07	-3.2342e-07	6.4487e-09	-4.414e-11	-1.18e-12	3.2054e-07	-3.2696e-07	1.0918e-08	-1.5868e-10	-5e-14	3.2052e-07	-3.3104e-07
0.57	-4.0318e-09	3.9818e-09	-1.06e-12	3.2114e-07	-3.2102e-07	-6.7198e-10	9.2831e-10	-8.8e-13	3.2104e-07	-3.213e-07	6.2428e-10	1.521e-10	2.1e-13	3.211e-07	-3.2182e-07	1.7239e-09	2.331e-11	-6.1e-13	3.2e-07	-3.2174e-07	3.4738e-09	-2.96e-12	-8e-13	3.1994e-07	-3.2342e-07	6.5178e-09	-4.049e-11	2.4e-13	3.1992e-07	-3.2646e-07	1.0923e-08	-1.6143e-10	3.3e-13	3.2048e-07	-3.3144e-07
0.575	-4.2098e-09	4.1605e-09	-1.29e-12	3.2108e-07	-3.211e-07	-7.2601e-10	9.8052e-10	2.8e-13	3.2108e-07	-3.2124e-07	6.1352e-10	1.5844e-10	-4.1e-13	3.2098e-07	-3.2176e-07	1.713e-09	2.161e-11	1.6e-13	3.201e-07	-3.2172e-07	3.4862e-09	-5.58e-12	2.3e-13	3.2e-07	-3.2336e-07	6.4596e-09	-3.799e-11	-8.3e-13	3.2048e-07	-3.2704e-07	1.08774e-08	-1.5421e-10	-1.27e-12	3.2042e-07	-3.3116e-07
0.58	-4.3853e-09	4.3444e-09	-3.3e-13	3.2116e-07	-3.2108e-07	-7.8247e-10	1.03253e-09	7e-13	3.2108e-07	-3.213e-07	5.9367e-10	1.6565e-10	2.5e-13	3.21e-07	-3.2192e-07	1.7159e-09	3.14e-11	-3.4e-13	3.2012e-07	-3.2174e-07	3.4785e-09	2.83e-12	-8.6e-13	3.1996e-07	-3.2344e-07	6.4924e-09	-4.149e-11	-5.2e-13	3.2048e-07	-3.2692e-07	1.078e-08	-1.4541e-10	-7.8e-13	3.198e-07	-3.3032e-07
0.585	-4.5775e-09	4.5325e-09	-1.82e-12	3.2112e-07	-3.2102e-07	-8.369e-10	1.09317e-09	-1.33e-12	3.2108e-07	-3.2132e-07	5.8781e-10	1.8202e-10	-1.1e-13	3.21e-07	-3.2176e-07	1.7231e-09	2.699e-11	8.4e-13	3.2e-07	-3.217e-07	3.486e-09	-1.47e-12	2.5e-13	3.1996e-07	-3.2342e-07	6.5275e-09	-4.095e-11	4.4e-13	3.2058e-07	-3.2658e-07	1.09716e-08	-1.3369e-10	-6.6e-13	3.2046e-07	-3.3118e-07
0.59	-4.7708e-09	4.7207e-09	1.4e-13	3.211e-07	-3.2102e-07	-9.0021e-10	1.1547e-09	-4.5e-13	3.2104e-07	-3.2132e-07	5.8116e-10	1.9192e-10	2e-13	3.2112e-07	-3.2176e-07	1.7087e-09	2.998e-11	-4.7e-13	3.2004e-07	-3.2176e-07	3.5169e-09	3e-14	-1.39e-12	3.1992e-07	-3.2278e-07	6.5161e-09	-3.555e-11	6.5e-13	3.205e-07	-3.2706e-07	1.0958e-08	-1.3766e-10	4.1e-13	3.2046e-07	-3.312e-07
0.595	-4.9767e-09	4.9276e-09	3.1e-13	3.2134e-07	-3.2126e-07	-9.5864e-10	1.2207e-09	-6.3e-13	3.2104e-07	-3.2126e-07	5.6531e-10	2.0078e-10	-2e-14	3.2104e-07	-3.2178e-07	1.7052e-09	2.333e-11	7.8e-13	3.1998e-07	-3.2174e-07	3.5065e-09	-5.5e-13	-6e-14	3.2016e-07	-3.2346e-07	6.4933e-09	-3.154e-11	-1.5e-13	3.1982e-07	-3.2632e-07	1.0859e-08	-1.2871e-10	-2.39e-12	3.2048e-07	-3.3132e-07
0.6	-5.1896e-09	5.1393e-09	-4.7e-13	3.212e-07	-3.21e-07	-1.03514e-09	1.2861e-09	-5.1e-13	3.2104e-07	-3.2134e-07	5.585e-10	2.1113e-10	3e-14	3.2104e-07	-3.218e-07	1.7412e-09	3.093e-11	-9.2e-13	3.2e-07	-3.2178e-07	3.4748e-09	4.65e-12	-1.05e-12	3.2004e-07	-3.235e-07	6.53e-09	-2.965e-11	2.6e-13	3.2052e-07	-3.2698e-07	1.087e-08	-1.2487e-10	8.9e-13	3.198e-07	-3.3046e-07
0.605	-5.4083e-09	5.3633e-09	-7e-14	3.211e-07	-3.211e-07	-1.09721e-09	1.3523e-09	-5.3e-13	3.2108e-07	-3.2118e-07	5.0959e-10	2.2776e-10	-1e-13	3.2104e-07	-3.2182e-07	1.6959e-09	2.911e-11	1.26e-12	3.2e-07	-3.2178e-07	3.4769e-09	6.38e-12	-1.61e-12	3.2e-07	-3.2352e-07	6.5137e-09	-3.155e-11	4.5e-13	3.2048e-07	-3.2692e-07	1.087e-08	-1.1843e-10	-4.4e-13	3.1988e-07	-3.311e-07
0.61	-5.633e-09	5.5875e-09	-6.7e-13	3.2116e-07	-3.2118e-07	-1.1691e-09	1.4151e-09	-8e-14	3.211e-07	-3.213e-07	5.2489e-10	2.4861e-10	-7.3e-13	3.2104e-07	-3.2174e-07	1.6899e-09	3.659e-11	-1.81e-12	3.2004e-07	-3.2172e-07	3.4489e-09	5.59e-12	-1.26e-12	3.1998e-07	-3.2344e-07	6.4931e-09	-2.926e-11	-4.6e-13	3.202e-07	-3.269e-07	1.08428e-08	-1.2255e-10	1.6e-13	3.2046e-07	-3.3104e-07
0.615	-5.8735e-09	5.8205e-09	4.1e-13	3.212e-07	-3.2112e-07	-1.2364e-09	1.4888e-09	-2.3e-13	3.2106e-07	-3.2134e-07	5.1808e-10	2.6251e-10	-3.9e-13	3.21e-07	-3.218e-07	1.6969e-09	3.641e-11	6.2e-13	3.2e-07	-3.2172e-07	3.4663e-09	4.86e-12	-1.6e-13	3.201e-07	-3.2352e-07	6.6095e-09	-2.648e-11	-1.2e-12	3.2052e-07	-3.2692e-07	1.08964e-08	-1.0495e-10	-2.23e-12	3.2046e-07	-3.3134e-07
0.62	-6.1162e-09	6.0674e-09	-3.4e-13	3.2122e-07	-3.2106e-07	-1.3158e-09	1.5686e-09	-1.68e-12	3.2108e-07	-3.2126e-07	5.0987e-10	2.7051e-10	9e-14	3.2108e-07	-3.2176e-07	1.6996e-09	4.056e-11	-1.59e-12	3.201e-07	-3.217e-07	3.4848e-09	1.38e-12	6e-14	3.1932e-07	-3.235e-07	6.4952e-09	-2.423e-11	-4.5e-13	3.2052e-07	-3.2686e-07	1.08952e-08	-1.0961e-10	1.04e-12	3.2044e-07	-3.3122e-07
0.625	-6.3717e-09	6.3282e-09	3e-14	3.2128e-07	-3.211e-07	-1.3955e-09	1.645e-09	6e-14	3.2104e-07	-3.2126e-07	4.793e-10	2.8542e-10	4.9e-13	3.2108e-07	-3.2176e-07	1.7291e-09	4.09e-11	-2e-13	3.2004e-07	-3.217e-07	3.4564e-09	1.133e-11	-1.14e-12	3.1994e-07	-3.2344e-07	6.4838e-09	-2.097e-11	-1.14e-12	3.2054e-07	-3.2698e-07	1.08976e-08	-9.768e-11	-1.44e-12	3.2042e-07	-3.3116e-07
0.63	-6.6396e-09	6.5929e-09	-8.5e-13	3.2118e-07	-3.2108e-07	-1.4816e-09	1.729e-09	-1.24e-12	3.2114e-07	-3.2134e-07	4.5608e-10	3.0501e-10	3.8e-13	3.2104e-07	-3.218e-07	1.6986e-09	4.647e-11	-1.97e-12	3.1996e-07	-3.2128e-07	3.391e-09	1.34e-11	-6.2e-13	3.2e-07	-3.2344e-07	6.456e-09	-1.387e-11	-1.71e-12	3.2054e-07	-3.2708e-07	1.08346e-08	-1.0166e-10	9.3e-13	3.205e-07	-3.3098e-07
0.635	-6.9248e-09	6.8669e-09	-1.8e-13	3.2118e-07	-3.211e-07	-1.5612e-09	1.8213e-09	-5.2e-13	3.2102e-07	-3.2126e-07	4.375e-10	3.3256e-10	-6e-14	3.2102e-07	-3.2184e-07	1.7019e-09	4.686e-11	2.7e-13	3.1934e-07	-3.2106e-07	3.4739e-09	1.725e-11	-3.6e-13	3.1998e-07	-3.2348e-07	6.4229e-09	-1.556e-11	-5.3e-13	3.2002e-07	-3.2644e-07	1.09088e-08	-8.663e-11	-5.8e-13	3.2048e-07	-3.312e-07
0.64	-7.2168e-09	7.1588e-09	-5.9e-13	3.2112e-07	-3.21e-07	-1.6526e-09	1.9153e-09	-1.26e-12	3.2108e-07	-3.2122e-07	4.1262e-10	3.5005e-10	-4e-14	3.2106e-07	-3.217e-07	1.6814e-09	5.25e-11	-1.57e-12	3.2e-07	-3.2164e-07	3.4542e-09	4.38e-12	1.64e-12	3.2006e-07	-3.2346e-07	6.4622e-09	-1.531e-11	-2.5e-13	3.2046e-07	-3.269e-07	1.08802e-08	-9.169e-11	6.1e-13	3.1992e-07	-3.3098e-07
0.645	-7.5168e-09	7.463e-09	-2.3e-13	3.2116e-07	-3.2114e-07	-1.741e-09	2.0007e-09	2.6e-13	3.2108e-07	-3.2126e-07	3.9135e-10	3.708e-10	-1e-13	3.2102e-07	-3.2178e-07	1.6621e-09	5.606e-11	-4.4e-13	3.199e-07	-3.2176e-07	3.4548e-09	8.48e-12	-1.03e-12	3.2e-07	-3.2336e-07	6.4285e-09	-9.31e-12	-3e-13	3.205e-07	-3.2688e-07	1.08232e-08	-8.614e-11	-9.7e-13	3.2044e-07	-3.3134e-07
0.65	-7.8365e-09	7.7853e-09	-6.5e-13	3.2116e-07	-3.211e-07	-1.8384e-09	2.0994e-09	-7.8e-13	3.2104e-07	-3.213e-07	3.7587e-10	3.957e-10	-3.2e-13	3.2108e-07	-3.2182e-07	1.6722e-09	6.905e-11	-1.76e-12	3.2002e-07	-3.2178e-07	3.49e-09	6.08e-12	1.02e-12	3.1998e-07	-3.2348e-07	6.4466e-09	-4.12e-12	-9.5e-13	3.1998e-07	-3.2642e-07	1.09182e-08	-8.092e-11	-8.2e-13	3.204e-07	-3.3128e-07
0.655	-8.1647e-09	8.1169e-09	-5.2e-13	3.2118e-07	-3.2106e-07	-1.9453e-09	2.2034e-09	-2.8e-13	3.211e-07	-3.213e-07	3.4265e-10	4.2465e-10	-9.8e-13	3.211e-07	-3.219e-07	1.6671e-09	7.17e-11	6e-14	3.2004e-07	-3.2168e-07	3.4767e-09	1.387e-11	-6.3e-13	3.2004e-07	-3.234e-07	6.4216e-09	-2.29e-12	-7.9e-13	3.2002e-07	-3.2634e-07	1.09366e-08	-7.456e-11	1.7e-13	3.2044e-07	-3.3114e-07
0.66	-8.5021e-09	8.4635e-09	-8.7e-13	3.2114e-07	-3.2112e-07	-2.048e-09	2.3074e-09	-2.2e-13	3.2108e-07	-3.212e-07	3.2007e-10	4.5071e-10	-1.14e-12	3.2108e-07	-3.2178e-07	1.6727e-09	7.274e-11	-5.2e-13	3.2006e-07	-3.217e-07	3.4685e-09	9.55e-12	-8e-14	3.2004e-07	-3.234e-07	6.4223e-09	-6.62e-12	-3.9e-13	3.2046e-07	-3.2708e-07	1.0921e-08	-7.955e-11	8e-14	3.2042e-07	-3.3126e-07
0.665	-8.8688e-09	8.8211e-09	-1.9e-13	3.211e-07	-3.2108e-07	-2.1611e-09	2.414e-09	3.5e-13	3.2104e-07	-3.2122e-07	2.8248e-10	4.7219e-10	-1.03e-12	3.2106e-07	-3.218e-07	1.6626e-09	7.355e-11	-6.8e-13	3.2004e-07	-3.217e-07	3.4757e-09	1.321e-11	-1.21e-12	3.2006e-07	-3.2348e-07	6.384e-09	-6.21e-12	-4.2e-13	3.2048e-07	-3.2682e-07	1.08906e-08	-7.602e-11	-4.2e-13	3.2046e-07	-3.311e-07
0.67	-9.2435e-09	9.1915e-09	4.4e-13	3.2116e-07	-3.211e-07	-2.2813e-09	2.5292e-09	-2.8e-13	3.2104e-07	-3.213e-07	2.5673e-10	4.9869e-10	-3.5e-13	3.2108e-07	-3.2182e-07	1.6643e-09	7.882e-11	3.2e-13	3.2004e-07	-3.217e-07	3.4462e-09	8.02e-12	5e-14	3.1922e-07	-3.228e-07	6.4395e-09	-1.068e-11	1.09e-12	3.2042e-07	-3.268e-07	1.09694e-08	-6.789e-11	3.7e-13	3.204e-07	-3.3128e-07
0.675	-9.624e-09	9.5821e-09	5.9e-13	3.2106e-07	-3.2108e-07	-2.3997e-09	2.6448e-09	4.4e-13	3.21e-07	-3.2128e-07	2.3672e-10	5.3101e-10	3.3e-13	3.2102e-07	-3.2178e-07	1.6593e-09	8.539e-11	4.2e-13	3.1994e-07	-3.2176e-07	3.4395e-09	1.382e-11	-8.3e-13	3.1994e-07	-3.2356e-07	6.3583e-09	-3.66e-12	-8.4e-13	3.2048e-07	-3.268e-07	1.09044e-08	-6.178e-11	6.2e-13	3.1982e-07	-3.3072e-07
0.68	-1.00319e-08	9.9867e-09	-3.7e-13	3.211e-07	-3.2108e-07	-2.509e-09	2.7637e-09	-1.4e-13	3.2098e-07	-3.213e-07	1.8184e-10	5.7047e-10	-1.56e-12	3.2104e-07	-3.2176e-07	1.6447e-09	9.125e-11	-6e-14	3.1996e-07	-3.2168e-07	3.4882e-09	1.271e-11	-8.9e-13	3.2002e-07	-3.2354e-07	6.3795e-09	-5.76e-12	5e-13	3.2012e-07	-3.2626e-07	1.10108e-08	-6.336e-11	-7.2e-13	3.2046e-07	-3.3138e-07
0.685	-1.04542e-08	1.03952e-08	1.2e-13	3.2118e-07	-3.2102e-07	-2.6366e-09	2.8864e-09	-4.2e-13	3.2106e-07	-3.2128e-07	1.6377e-10	6.0858e-10	5e-14	3.21e-07	-3.2178e-07	1.6349e-09	9.409e-11	-7.8e-13	3.2006e-07	-3.2168e-07	3.4463e-09	1.612e-11	-6.7e-13	3.2004e-07	-3.2348e-07	6.4192e-09	1.38e-12	-8.2e-13	3.2052e-07	-3.268e-07	1.11364e-08	-5.895e-11	-3.9e-13	3.2046e-07	-3.3122e-07
0.69	-1.08942e-08	1.08413e-08	9e-14	3.2128e-07	-3.211e-07	-2.7546e-09	3.0189e-09	-1e-13	3.21e-07	-3.2128e-07	1.2917e-10	6.4164e-10	-9.6e-13	3.211e-07	-3.2182e-07	1.6265e-09	9.34e-11	-6e-14	3.1932e-07	-3.2104e-07	3.4345e-09	1.476e-11	-3e-13	3.1996e-07	-3.2346e-07	6.4015e-09	-7.61e-12	6e-13	3.205e-07	-3.2682e-07	1.10154e-08	-5.076e-11	-6.9e-13	3.2044e-07	-3.3122e-07
0.695	-1.13441e-08	1.12944e-08	-7e-13	3.2114e-07	-3.2114e-07	-2.9003e-09	3.158e-09	-3.8e-13	3.2102e-07	-3.2128e-07	6.297e-11	6.7613e-10	-8.8e-13	3.2106e-07	-3.2178e-07	1.6272e-09	1.024e-10	-1e-14	3.2016e-07	-3.2178e-07	3.4502e-09	1.719e-11	2.4e-13	3.2004e-07	-3.2348e-07	6.3805e-09	-2.34e-12	-1.12e-12	3.204e-07	-3.2686e-07	1.1124e-08	-5.353e-11	-2.3e-13	3.2044e-07	-3.3132e-07
0.7	-1.1802e-08	1.18098e-08	-3.2e-13	3.211e-07	-3.211e-07	-3.0384e-09	3.2979e-09	1.8e-13	3.2104e-07	-3.2124e-07	1.218e-11	7.1882e-10	-1.37e-12	3.2096e-07	-3.2174e-07	1.6176e-09	1.1077e-10	-8.3e-13	3.2006e-07	-3.217e-07	3.4416e-09	2.292e-11	-5.8e-13	3.2e-07	-3.2346e-07	6.3859e-09	-6.83e-12	5.3e-13	3.2046e-07	-3.2676e-07	1.11146e-08	-5.663e-11	1.3e-13	3.2054e-07	-3.3144e-07
0.705	-1.23028e-08	1.2307e-08	-1.04e-12	3.2112e-07	-3.2106e-07	-3.1934e-09	3.4511e-09	-1.94e-12	3.211e-07	-3.2134e-07	6.55e-12	7.6624e-10	-1.04e-12	3.2096e-07	-3.2174e-07	1.6226e-09	1.2098e-10	-8.9e-13	3.1996e-07	-3.2172e-07	3.4481e-09	2.35e-11	-6e-14	3.2004e-07	-3.2354e-07	6.3963e-09	-2.1e-13	-1.72e-12	3.2056e-07	-3.2668e-07	1.10218e-08	-5.167e-11	-5.8e-13	3.1986e-07	-3.3096e-07
0.71	-1.28318e-08	1.28206e-08	-1.36e-12	3.211e-07	-3.211e-07	-3.3312e-09	3.602e-09	-6.8e-13	3.2106e-07	-3.2132e-07	-4.589e-11	8.0958e-10	-9.9e-13	3.2104e-07	-3.2176e-07	1.6269e-09	1.2389e-10	6.8e-13	3.201e-07	-3.2168e-07	3.4469e-09	2.949e-11	-9e-13	3.2012e-07	-3.2356e-07	6.3743e-09	-7.12e-12	6.9e-13	3.2056e-07	-3.2688e-07	1.1004e-08	-4.36e-11	9.7e-13	3.2044e-07	-3.3152e-07
0.715	-1.33686e-08	1.33672e-08	6e-14	3.211e-07	-3.211e-07	-3.5123e-09	3.7617e-09	-1.05e-12	3.21e-07	-3.2126e-07	-6.936e-11	8.5291e-10	-1.6e-13	3.2106e-07	-3.218e-07	1.602e-09	1.3325e-10	-6.2e-13	3.2006e-07	-3.2184e-07	3.4259e-09	2.559e-11	-1.7e-13	3.2002e-07	-3.235e-07	6.3851e-09	-6.6e-13	-1.5e-12	3.2052e-07	-3.2694e-07	1.10786e-08	-4.135e-11	-3e-14	3.2038e-07	-3.3124e-07
0.72	-1.39394e-08	1.39388e-08	-9e-14	3.2116e-07	-3.2104e-07	-3.6745e-09	3.928e-09	-7e-14	3.2104e-07	-3.2128e-07	-1.3895e-10	9.0575e-10	-4.9e-13	3.2104e-07	-3.2174e-07	1.582e-09	1.3868e-10	-1.02e-12	3.1938e-07	-3.2174e-07	3.4291e-09	2.931e-11	-1.78e-12	3.2018e-07	-3.2354e-07	6.4068e-09	-6.17e-12	5e-13	3.2052e-07	-3.2676e-07	1.0951e-08	-4.441e-11	-1.02e-12	3.2044e-07	-3.3126e-07
0.725	-1.45294e-08	1.45272e-08	1.4e-13	3.2112e-07	-3.2104e-07	-3.8399e-09	4.1067e-09	-1.14e-12	3.2106e-07	-3.212e-07	-1.9338e-10	9.5626e-10	2.4e-13	3.2098e-07	-3.217e-07	1.5951e-09	1.5184e-10	2.5e-13	3.2012e-07	-3.2186e-07	3.4404e-09	2.581e-11	4.6e-13	3.2018e-07	-3.235e-07	6.3222e-09	5.3e-12	-1.31e-12	3.2052e-07	-3.2678e-07	1.09678e-08	-3.719e-11	-5.5e-13	3.2044e-07	-3.3144e-07
0.73	-1.51504e-08	1.51534e-08	-1e-14	3.2112e-07	-3.21e-07	-4.0211e-09	4.2815e-09	3.3e-13	3.2094e-07	-3.2126e-07	-2.4248e-10	1.01008e-09	-9.7e-13	3.21e-07	-3.2176e-07	1.5967e-09	1.5626e-10	-1.8e-13	3.2008e-07	-3.219e-07	3.4211e-09	3.092e-11	-1.45e-12	3.2006e-07	-3.2362e-07	6.352e-09	3.73e-12	7.2e-13	3.205e-07	-3.2692e-07	1.10614e-08	-3.021e-11	-1.9e-13	3.1994e-07	-3.3084e-07
0.735	-1.57934e-08	1.57968e-08	-1.07e-12	3.2112e-07	-3.2106e-07	-4.21e-09	4.4708e-09	-6.1e-13	3.21e-07	-3.2128e-07	-2.9807e-10	1.06695e-09	-2e-13	3.2112e-07	-3.2174e-07	1.5544e-09	1.7589e-10	-1.92e-12	3.2012e-07	-3.2184e-07	3.4152e-09	2.388e-11	7.7e-13	3.2012e-07	-3.2348e-07	6.397e-09	1.089e-11	-1.95e-12	3.2046e-07	-3.269e-07	1.09808e-08	-3.621e-11	7.6e-13	3.2048e-07	-3.3088e-07
0.74	-1.64808e-08	1.6484e-08	-1.9e-13	3.2112e-07	-3.2106e-07	-4.397e-09	4.6539e-09	1.07e-12	3.2106e-07	-3.2122e-07	-3.613e-10	1.12487e-09	-1.2e-13	3.2098e-07	-3.2172e-07	1.5368e-09	1.8347e-10	-5.9e-13	3.201e-07	-3.2158e-07	3.313e-09	2.916e-11	-7e-13	3.2004e-07	-3.2314e-07	6.3997e-09	6.62e-12	-2.5e-13	3.2e-07	-3.2638e-07	1.09882e-08	-3.276e-11	-1.35e-12	3.2046e-07	-3.315e-07
0.745	-1.71902e-08	1.71826e-08	8.4e-13	3.2118e-07	-3.2104e-07	-4.6116e-09	4.8662e-09	-6.1e-13	3.21e-07	-3.213e-07	-4.0756e-10	1.1848e-09	2.4e-13	3.21e-07	-3.2172e-07	1.5312e-09	2.025e-10	-1.28e-12	3.2002e-07	-3.2178e-07	3.4276e-09	2.487e-11	5.6e-13	3.201e-07	-3.2362e-07	6.3784e-09	9.32e-12	-9.2e-13	3.2056e-07	-3.2702e-07	1.09152e-08	-3.153e-11	1.8e-13	3.2044e-07	-3.3136e-07
0.75	-1.79402e-08	1.79376e-08	1.18e-12	3.2116e-07	-3.2102e-07	-4.8143e-09	5.064e-09	7.1e-13	3.211e-07	-3.2128e-07	-4.9555e-10	1.2459e-09	-4e-14	3.2108e-07	-3.2176e-07	1.5088e-09	2.0838e-10	8.2e-13	3.201e-07	-3.2182e-07	3.3967e-09	3.321e-11	-7.1e-13	3.2006e-07	-3.2356e-07	6.441e-09	6.64e-12	-2.5e-13	3.2e-07	-3.2644e-07	1.10474e-08	-2.146e-11	-5.9e-13	3.2048e-07	-3.3146e-07
0.755	-1.87088e-08	1.87056e-08	-1.1e-13	3.2114e-07	-3.2102e-07	-5.038e-09	5.2899e-09	-1.13e-12	3.2104e-07	-3.2128e-07	-5.5156e-10	1.31e-09	-2.5e-13	3.2106e-07	-3.2182e-07	1.4953e-09	2.299e-10	-8.2e-13	3.201e-07	-3.217e-07	3.3774e-09	3.003e-11	9e-13	3.2006e-07	-3.2356e-07	6.4171e-09	8.82e-12	-3.1e-13	3.2056e-07	-3.2692e-07	1.09298e-08	-3.329e-11	1.52e-12	3.1994e-07	-3.3074e-07
0.76	-1.95206e-08	1.95152e-08	-1.8e-13	3.2112e-07	-3.2102e-07	-5.2604e-09	5.5109e-09	1.3e-13	3.2102e-07	-3.2128e-07	-6.0862e-10	1.3796e-09	1e-13	3.21e-07	-3.2172e-07	1.5186e-09	2.3927e-10	1.5e-13	3.2002e-07	-3.2178e-07	3.3983e-09	3.758e-11	-1.45e-12	3.1998e-07	-3.234e-07	6.403e-09	7.14e-12	2e-13	3.2044e-07	-3.2688e-07	1.11002e-08	-2.519e-11	-1.34e-12	3.2056e-07	-3.3144e-07
0.765	-2.03662e-08	2.0372e-08	-6.1e-13	3.2114e-07	-3.2112e-07	-5.4929e-09	5.7546e-09	-1.86e-12	3.2116e-07	-3.2124e-07	-6.8528e-10	1.4517e-09	-7e-14	3.21e-07	-3.2176e-07	1.4817e-09	2.5871e-10	-1.4e-12	3.2004e-07	-3.218e-07	3.3924e-09	3.496e-11	1e-13	3.2012e-07	-3.2336e-07	6.3625e-09	4.32e-12	2.3e-13	3.2052e-07	-3.2692e-07	1.1023e-08	-2.424e-11	8.3e-13	3.2058e-07	-3.313e-07
0.77	-2.1261e-08	2.12514e-08	-1.47e-12	3.211e-07	-3.2104e-07	-5.7353e-09	5.9934e-09	6e-14	3.2098e-07	-3.2124e-07	-7.6054e-10	1.5294e-09	-1.39e-12	3.2106e-07	-3.2178e-07	1.4518e-09	2.6828e-10	5.7e-13	3.194e-07	-3.2102e-07	3.4029e-09	4.44e-11	-1.42e-12	3.2e-07	-3.233e-07	6.3571e-09	2e-12	4.5e-13	3.2056e-07	-3.2676e-07	1.10166e-08	-1.935e-11	-7.4e-13	3.2058e-07	-3.3128e-07
0.775	-2.2181e-08	2.21776e-08	-2.6e-13	3.211e-07	-3.2112e-07	-5.9842e-09	6.2578e-09	-2.17e-12	3.2104e-07	-3.2124e-07	-8.403e-10	1.6117e-09	-1.32e-12	3.2106e-07	-3.2182e-07	1.467e-09	2.8702e-10	-9.8e-13	3.1998e-07	-3.2176e-07	3.3844e-09	4.847e-11	-7e-13	3.2002e-07	-3.234e-07	6.3477e-09	7.24e-12	-5.6e-13	3.2052e-07	-3.2682e-07	1.08702e-08	-2.449e-11	-7.1e-13	3.2044e-07	-3.314e-07
0.78	-2.31478e-08	2.31492e-08	7.8e-13	3.2106e-07	-3.21e-07	-6.2595e-09	6.5143e-09	3.5e-13	3.2104e-07	-3.2122e-07	-9.3116e-10	1.6868e-09	5e-13	3.2098e-07	-3.217e-07	1.4136e-09	2.9708e-10	6.1e-13	3.1932e-07	-3.2094e-07	3.3997e-09	5.509e-11	-1.14e-12	3.201e-07	-3.2338e-07	6.3398e-09	6.39e-12	2.3e-13	3.1998e-07	-3.264e-07	1.08534e-08	-1.575e-11	-1.11e-12	3.1986e-07	-3.3068e-07
0.785	-2.4152e-08	2.41628e-08	-4.4e-13	3.2106e-07	-3.211e-07	-6.5363e-09	6.7995e-09	-1.53e-12	3.2102e-07	-3.2126e-07	-1.01005e-09	1.7785e-09	-1.64e-12	3.2106e-07	-3.2178e-07	1.4105e-09	3.1531e-10	2.7e-13	3.1934e-07	-3.2108e-07	3.4025e-09	5.006e-11	-5.1e-13	3.2e-07	-3.2332e-07	6.3066e-09	7.41e-12	-2.4e-13	3.2048e-07	-3.2686e-07	1.0922e-08	-1.47e-11	2e-13	3.2048e-07	-3.3148e-07
0.79	-2.52294e-08	2.5234e-08	-1.36e-12	3.212e-07	-3.211e-07	-6.8335e-09	7.0839e-09	7.5e-13	3.2108e-07	-3.2134e-07	-1.10533e-09	1.8667e-09	-1.1e-13	3.2098e-07	-3.2174e-07	1.3776e-09	3.3379e-10	1.27e-12	3.2e-07	-3.217e-07	3.347e-09	5.929e-11	-1.24e-12	3.2004e-07	-3.2354e-07	6.3158e-09	6.86e-12	-5e-13	3.2008e-07	-3.269e-07	1.0995e-08	-1.207e-11	4.1e-13	3.2042e-07	-3.3158e-07
0.795	-2.63292e-08	2.63366e-08	-1.01e-12	3.2106e-07	-3.21e-07	-7.1269e-09	7.3867e-09	-1.73e-12	3.2106e-07	-3.2134e-07	-1.1964e-09	1.9591e-09	4.9e-13	3.2108e-07	-3.2178e-07	1.351e-09	3.6077e-10	0	3.2004e-07	-3.2184e-07	3.398e-09	5.918e-11	-3e-14	3.2004e-07	-3.2344e-07	6.3303e-09	1.21e-11	-6.2e-13	3.205e-07	-3.2682e-07	1.09004e-08	-1.41e-11	-6.8e-13	3.2004e-07	-3.3134e-07
0.8	-2.75154e-08	2.75098e-08	-6.1e-13	3.2114e-07	-3.2104e-07	-7.4364e-09	7.7054e-09	1.5e-13	3.2112e-07	-3.2128e-07	-1.2864e-09	2.0596e-09	-1.4e-12	3.2104e-07	-3.2186e-07	1.3304e-09	3.8368e-10	-4.2e-13	3.2002e-07	-3.218e-07	3.3877e-09	6.682e-11	-3.9e-13	3.2004e-07	-3.2344e-07	6.2518e-09	1.129e-11	-3.9e-13	3.2056e-07	-3.2688e-07	1.09242e-08	-1.132e-11	-3.9e-13	3.1992e-07	-3.3086e-07
0.805	-2.87254e-08	2.87172e-08	-8.5e-13	3.2122e-07	-3.211e-07	-7.7704e-09	8.0327e-09	-1e-13	3.2106e-07	-3.2124e-07	-1.3947e-09	2.1575e-09	6.8e-13	3.2104e-07	-3.2176e-07	1.3124e-09	4.105e-10	-3.6e-13	3.201e-07	-3.217e-07	3.3768e-09	6.382e-11	3.6e-13	3.2002e-07	-3.2348e-07	6.3299e-09	8.01e-12	-3.6e-13	3.2058e-07	-3.2682e-07	1.08688e-08	-7.95e-12	-2e-13	3.2048e-07	-3.3136e-07
0.81	-2.99938e-08	2.99988e-08	-4.4e-13	3.2112e-07	-3.2102e-07	-8.1147e-09	8.3668e-09	5.7e-13	3.2098e-07	-3.2122e-07	-1.5108e-09	2.2652e-09	-9.3e-13	3.2098e-07	-3.2184e-07	1.285e-09	4.3701e-10	-1.16e-12	3.2004e-07	-3.217e-07	3.3607e-09	7.369e-11	-1.27e-12	3.1998e-07	-3.2348e-07	6.357e-09	1.128e-11	-1.38e-12	3.2054e-07	-3.2688e-07	1.09704e-08	-1.277e-11	1.14e-12	3.1994e-07	-3.3094e-07
0.815	-3.13406e-08	3.13412e-08	2.6e-13	3.2116e-07	-3.2102e-07	-8.4719e-09	8.7293e-09	-1.4e-13	3.2096e-07	-3.2128e-07	-1.6075e-09	2.3722e-09	-1.3e-13	3.2108e-07	-3.2176e-07	1.2461e-09	4.6609e-10	-1.05e-12	3.201e-07	-3.217e-07	3.3868e-09	7.096e-11	3.8e-13	3.2006e-07	-3.2338e-07	6.3395e-09	7.79e-12	4.7e-13	3.2e-07	-3.2622e-07	1.08428e-08	-7.17e-12	-1.77e-12	3.2052e-07	-3.3132e-07
0.82	-3.27496e-08	3.27434e-08	6.7e-13	3.2134e-07	-3.2124e-07	-8.8296e-09	9.0918e-09	-1.7e-13	3.2108e-07	-3.213e-07	-1.7206e-09	2.4815e-09	-5e-14	3.2106e-07	-3.2188e-07	1.2138e-09	4.9e-10	-7.8e-13	3.2004e-07	-3.217e-07	3.3966e-09	7.699e-11	-4.6e-13	3.1998e-07	-3.234e-07	6.3099e-09	1.389e-11	-1.58e-12	3.2052e-07	-3.267e-07	1.0883e-08	-7.38e-12	1.3e-13	3.205e-07	-3.3146e-07
0.825	-3.421e-08	3.42234e-08	-1.11e-12	3.2112e-07	-3.2106e-07	-9.2205e-09	9.4812e-09	0	3.2106e-07	-3.2134e-07	-1.8413e-09	2.6006e-09	-4.2e-13	3.2106e-07	-3.2176e-07	1.212e-09	5.1763e-10	-1.57e-12	3.2012e-07	-3.217e-07	3.3808e-09	7.905e-11	-3.3e-13	3.2006e-07	-3.2348e-07	6.3147e-09	1.136e-11	9.7e-13	3.2046e-07	-3.2682e-07	1.09224e-08	5.4e-13	-5e-13	3.2048e-07	-3.3134e-07
0.83	-3.5749e-08	3.57438e-08	-9.7e-13	3.211e-07	-3.2114e-07	-9.6099e-09	9.8804e-09	-3.6e-13	3.2106e-07	-3.212e-07	-1.9612e-09	2.7143e-09	-5.6e-13	3.2104e-07	-3.217e-07	1.1547e-09	5.5229e-10	-4.7e-13	3.2002e-07	-3.2174e-07	3.3688e-09	8.735e-11	-7.2e-13	3.2008e-07	-3.2354e-07	6.3483e-09	2.6e-11	-2.33e-12	3.2052e-07	-3.268e-07	1.09572e-08	-7.46e-12	4.7e-13	3.2048e-07	-3.3146e-07
0.835	-3.73864e-08	3.73766e-08	-2.2e-13	3.2118e-07	-3.2106e-07	-1.00527e-08	1.02999e-08	-6e-13	3.2108e-07	-3.2122e-07	-2.1004e-09	2.8407e-09	-9.6e-13	3.2106e-07	-3.2182e-07	1.1205e-09	5.9022e-10	-3.4e-13	3.1994e-07	-3.2166e-07	3.3613e-09	8.934e-11	4e-14	3.2008e-07	-3.2348e-07	6.2839e-09	1.814e-11	1.56e-12	3.2048e-07	-3.2678e-07	1.09096e-08	3e-14	-1.09e-12	3.1994e-07	-3.3138e-07
0.84	-3.90556e-08	3.90536e-08	-1.09e-12	3.2104e-07	-3.2104e-07	-1.04849e-08	1.07407e-08	-1.05e-12	3.2112e-07	-3.2124e-07	-2.2111e-09	2.9673e-09	1.7e-13	3.21e-07	-3.2178e-07	1.0865e-09	6.2663e-10	-2.4e-13	3.1994e-07	-3.2112e-07	3.2908e-09	1.0019e-10	-1.12e-12	3.2e-07	-3.2346e-07	6.3141e-09	2.601e-11	-5.9e-13	3.2044e-07	-3.2672e-07	1.10316e-08	3.8e-13	-1.1e-13	3.2e-07	-3.3096e-07
0.845	-4.08688e-08	4.08504e-08	-4.9e-13	3.2112e-07	-3.2104e-07	-1.095e-08	1.1198e-08	-3.9e-13	3.2104e-07	-3.2128e-07	-2.3436e-09	3.1054e-09	-2.6e-13	3.211e-07	-3.2192e-07	1.0444e-09	6.6507e-10	-1.07e-12	3.201e-07	-3.2174e-07	3.3533e-09	1.059e-10	-1.19e-12	3.2012e-07	-3.2354e-07	6.2431e-09	1.643e-11	-1.9e-13	3.2052e-07	-3.262e-07	1.10172e-08	-1.2e-12	-4.6e-13	3.205e-07	-3.3146e-07
0.85	-4.27108e-08	4.27022e-08	9.8e-13	3.214e-07	-3.2106e-07	-1.13956e-08	1.17042e-08	3e-14	3.2106e-07	-3.2132e-07	-2.486e-09	3.2455e-09	1e-13	3.2104e-07	-3.2184e-07	1.0136e-09	7.021e-10	3.9e-13	3.2004e-07	-3.2176e-07	3.3374e-09	1.1265e-10	-5.7e-13	3.2004e-07	-3.2348e-07	6.3142e-09	2.697e-11	-1e-12	3.2048e-07	-3.2672e-07	1.0989e-08	-7.01e-12	-9e-14	3.2054e-07	-3.3138e-07
0.855	-4.46766e-08	4.46624e-08	3.6e-13	3.2112e-07	-3.2112e-07	-1.18996e-08	1.22026e-08	2.4e-13	3.213e-07	-3.2146e-07	-2.6328e-09	3.4009e-09	-3.8e-13	3.2102e-07	-3.2186e-07	9.875e-10	7.3678e-10	-5e-14	3.2e-07	-3.217e-07	3.3822e-09	1.1567e-10	-6.5e-13	3.2004e-07	-3.2356e-07	6.2805e-09	1.977e-11	6.5e-13	3.2052e-07	-3.2688e-07	1.10602e-08	3.46e-12	-8.6e-13	3.2044e-07	-3.3122e-07
0.86	-4.67012e-08	4.6714e-08	-1.78e-12	3.2136e-07	-3.213e-07	-1.24142e-08	1.27238e-08	-9.8e-13	3.2106e-07	-3.2134e-07	-2.7829e-09	3.5439e-09	5.3e-13	3.2106e-07	-3.2186e-07	9.7656e-10	7.9154e-10	-6.6e-13	3.2e-07	-3.2172e-07	3.3372e-09	1.2496e-10	-2e-13	3.2008e-07	-3.2346e-07	6.2528e-09	2.66e-11	-1.31e-12	3.2056e-07	-3.2686e-07	1.07292e-08	5.07e-12	-1.8e-13	3.2056e-07	-3.3104e-07
0.865	-4.8873e-08	4.88614e-08	3.9e-13	3.2118e-07	-3.2098e-07	-1.29628e-08	1.32618e-08	-1.28e-12	3.2108e-07	-3.2134e-07	-2.9404e-09	3.713e-09	-7.5e-13	3.2098e-07	-3.2176e-07	8.8434e-10	8.3115e-10	2.8e-13	3.2004e-07	-3.2174e-07	3.2941e-09	1.337e-10	-4.2e-13	3.2006e-07	-3.2354e-07	6.2349e-09	1.777e-11	8e-13	3.2052e-07	-3.2634e-07	1.06618e-08	-2.89e-12	1.8e-13	3.2e-07	-3.3116e-07
0.87	-5.1113e-08	5.11104e-08	4.3e-13	3.2118e-07	-3.2108e-07	-1.35316e-08	1.383e-08	2.5e-13	3.2104e-07	-3.2128e-07	-3.1028e-09	3.8741e-09	-5.5e-13	3.211e-07	-3.217e-07	7.9754e-10	8.813e-10	-1.4e-13	3.201e-07	-3.2178e-07	3.3171e-09	1.4138e-10	-2.6e-13	3.2002e-07	-3.235e-07	6.3116e-09	2.236e-11	-5.6e-13	3.2054e-07	-3.267e-07	1.07994e-08	-1.61e-12	-1.16e-12	3.2046e-07	-3.311e-07
0.875	-5.34944e-08	5.34814e-08	-4.8e-13	3.2114e-07	-3.2106e-07	-1.41182e-08	1.44318e-08	-1.15e-12	3.2098e-07	-3.2128e-07	-3.2805e-09	4.0497e-09	2.8e-13	3.21e-07	-3.2178e-07	7.8761e-10	9.3256e-10	2e-14	3.2e-07	-3.218e-07	3.3134e-09	1.5051e-10	-4.5e-13	3.2034e-07	-3.239e-07	6.2343e-09	1.88e-11	1.71e-12	3.2052e-07	-3.267e-07	1.0724e-08	7.82e-12	-6.7e-13	3.2048e-07	-3.3134e-07
0.88	-5.59654e-08	5.59718e-08	-2.2e-13	3.2124e-07	-3.2112e-07	-1.47388e-08	1.50464e-08	-1.44e-12	3.21e-07	-3.2128e-07	-3.4584e-09	4.2261e-09	-4.6e-13	3.2102e-07	-3.2174e-07	7.4434e-10	9.866e-10	9e-13	3.194e-07	-3.2182e-07	3.2868e-09	1.6315e-10	1.4e-13	3.2044e-07	-3.2384e-07	6.2491e-09	2.597e-11	-7.6e-13	3.2048e-07	-3.2654e-07	1.08836e-08	8.04e-12	-6.6e-13	3.2046e-07	-3.313e-07
0.885	-5.86008e-08	5.861e-08	1.18e-12	3.2112e-07	-3.2112e-07	-1.53816e-08	1.56914e-08	7e-14	3.2108e-07	-3.213e-07	-3.6396e-09	4.4097e-09	-8e-14	3.2104e-07	-3.2176e-07	6.9509e-10	1.03641e-09	3.8e-13	3.2012e-07	-3.218e-07	3.3436e-09	1.7603e-10	-1.3e-13	3.2022e-07	-3.2394e-07	6.2746e-09	2.298e-11	3.7e-13	3.204e-07	-3.2678e-07	1.08494e-08	5.7e-13	-4e-13	3.2048e-07	-3.3132e-07
0.89	-6.1306e-08	6.12952e-08	-3.6e-13	3.2124e-07	-3.2098e-07	-1.6049e-08	1.6363e-08	-4.6e-13	3.21e-07	-3.213e-07	-3.8106e-09	4.5992e-09	-1e-12	3.2106e-07	-3.218e-07	6.1653e-10	1.09669e-09	4e-13	3.2006e-07	-3.2174e-07	3.3657e-09	1.8509e-10	-1.7e-13	3.2052e-07	-3.238e-07	6.29e-09	2.988e-11	-7.2e-13	3.2052e-07	-3.2668e-07	1.08014e-08	6.32e-12	-1.28e-12	3.2052e-07	-3.3126e-07
0.895	-6.4219e-08	6.4213e-08	-1.31e-12	3.2116e-07	-3.2108e-07	-1.67618e-08	1.70662e-08	-8.2e-13	3.211e-07	-3.2136e-07	-4.0324e-09	4.8e-09	5.6e-13	3.2112e-07	-3.2176e-07	5.4815e-10	1.1499e-09	-3.7e-13	3.2e-07	-3.2174e-07	3.2715e-09	1.9447e-10	-5.9e-13	3.2046e-07	-3.2392e-07	6.2584e-09	3.056e-11	-3.1e-13	3.2052e-07	-3.2632e-07	1.08776e-08	1.33e-11	-9.5e-13	3.2044e-07	-3.3104e-07
0.9	-6.72098e-08	6.72068e-08	3e-14	3.2112e-07	-3.2104e-07	-1.74944e-08	1.7798e-08	-5.6e-13	3.2104e-07	-3.2128e-07	-4.2468e-09	5.0087e-09	-5.6e-13	3.2106e-07	-3.218e-07	5.1373e-10	1.2178e-09	-7.9e-13	3.194e-07	-3.2164e-07	3.2452e-09	2.0144e-10	2.5e-13	3.2046e-07	-3.2378e-07	6.2298e-09	3.848e-11	-1.29e-12	3.2042e-07	-3.2668e-07	1.08244e-08	7.6e-12	4.8e-13	3.2044e-07	-3.3134e-07
